0	1	0	0	0	2	0	1.617442
1	12	0	0	0	2	0	1.590477
2	25	0	0	0	1	0	1.878379
3	34	0	0	0	1	0	2.794884
4	51	0	0	0	1	0	2.092713
5	57	0	0	0	1	0	2.797384
6	71	0	0	0	2	0	1.971017
7	84	0	0	0	0	0	2.225827
8	92	0	0	0	0	0	1.384675
9	99	0	0	0	1	0	2.549639
10	108	0	0	0	1	0	2.989715
11	124	0	0	0	2	0	2.475237
12	138	0	0	0	1	0	2.328867
13	147	0	0	0	2	0	2.186881
14	155	0	0	0	2	0	2.178105
15	163	0	0	0	1	0	1.878408
16	178	0	0	0	0	0	2.624789
17	183	0	0	0	2	0	2.366724
18	195	0	0	0	1	0	1.180910
19	213	0	0	0	1	0	1.061682
20	221	0	0	0	0	0	1.026076
21	234	0	0	0	2	0	1.316374
22	241	0	0	0	2	0	2.933554
23	251	0	0	0	1	0	1.785562
24	257	0	0	0	1	0	1.891324
25	271	0	0	0	1	0	1.953175
26	278	0	0	0	2	0	2.849929
27	289	0	0	0	1	0	2.444715
28	300	0	0	0	2	0	2.403056
29	307	0	0	0	0	0	1.357846
30	312	0	0	0	1	0	2.488008
31	323	0	0	0	1	0	2.410986
32	335	0	0	0	2	0	1.717256
33	346	0	0	0	0	0	1.285198
34	354	0	0	0	1	0	2.909695
35	365	0	0	0	0	0	1.683461
36	376	0	0	0	0	0	1.403880
37	386	0	0	0	0	0	1.041968
38	397	0	0	0	1	0	1.823554
39	404	0	0	0	0	0	2.133313
40	414	0	0	0	0	0	1.520883
41	432	0	0	0	2	0	1.975981
42	437	0	0	0	1	0	2.973842
43	450	0	0	0	1	0	1.843335
44	462	0	0	0	0	0	1.771340
45	473	0	0	0	0	0	1.935961
46	482	0	0	0	1	0	1.215607
47	490	0	0	0	2	0	1.235066
48	502	0	0	0	2	0	1.361063
49	507	0	0	0	0	0	1.774508
50	517	0	0	0	1	0	2.537082
51	528	0	0	0	1	0	1.674862
52	536	0	0	0	2	0	1.504222
53	551	0	0	0	0	0	1.958716
54	562	0	0	0	1	0	1.823906
55	571	0	0	0	2	0	1.991115
56	584	0	0	0	1	0	1.413519
57	592	0	0	0	2	0	1.941047
58	601	0	0	0	2	0	1.018413
59	613	0	0	0	0	0	2.048674
60	621	0	0	0	1	0	1.389676
61	629	0	0	0	0	0	2.529427
62	639	0	0	0	2	0	2.878913
63	647	0	0	0	2	0	1.155390
64	657	0	0	0	0	0	1.644056
65	667	0	0	0	2	0	2.254606
66	672	0	0	0	2	0	1.670501
67	675	0	0	0	2	0	2.295620
68	688	0	0	0	1	0	2.171932
69	702	0	0	0	0	0	2.122991
70	716	0	0	0	2	0	1.282110
71	725	0	0	0	2	0	2.170173
72	728	0	0	0	0	0	1.763160
73	735	0	0	0	2	0	2.034914
74	739	0	0	0	2	0	1.828770
75	756	0	0	0	2	0	1.916068
76	767	0	0	0	2	0	1.232769
77	779	0	0	0	2	0	1.994481
78	789	0	0	0	2	0	2.436269
79	794	0	0	0	2	0	2.919197
80	802	0	0	0	1	0	2.217772
81	806	0	0	0	2	0	1.869077
82	815	0	0	0	0	0	2.547974
83	832	0	0	0	2	0	2.758684
84	845	0	0	0	0	0	1.459925
85	858	0	0	0	2	0	1.475601
86	861	0	0	0	1	0	1.796828
87	872	0	0	0	2	0	2.837124
88	879	0	0	0	2	0	1.537537
89	884	0	0	0	2	0	1.916480
90	903	0	0	0	1	0	1.022626
91	912	0	0	0	2	0	1.245651
92	925	0	0	0	1	0	2.114983
93	931	0	0	0	1	0	1.509534
94	936	0	0	0	0	0	1.584696
95	943	0	0	0	0	0	2.984525
96	953	0	0	0	0	0	2.963627
97	963	0	0	0	1	0	2.192503
98	971	0	0	0	0	0	1.966773
99	985	0	0	0	2	0	1.458369
100	990	0	0	0	0	0	1.790282
101	994	0	0	0	0	0	1.244623
102	1004	0	0	0	1	0	2.991565
103	1012	0	0	0	1	0	1.794268
104	1017	0	0	0	0	0	2.687646
105	1025	0	0	0	0	0	2.500470
106	1034	0	0	0	0	0	2.148808
107	1043	0	0	0	1	0	1.865428
108	1054	0	0	0	0	0	2.644812
109	1060	0	0	0	2	0	1.923229
110	1071	0	0	0	0	0	1.619877
111	1083	0	0	0	0	0	2.952527
112	1089	0	0	0	0	0	2.790258
113	1098	0	0	0	0	0	2.681041
114	1106	0	0	0	0	0	2.383563
115	1118	0	0	0	0	0	2.357746
116	1132	0	0	0	2	0	1.079192
117	1137	0	0	0	2	0	1.344729
118	1145	0	0	0	1	0	2.991480
119	1154	0	0	0	0	0	2.556984
120	1170	0	0	0	0	0	2.957719
121	1180	0	0	0	2	0	2.216312
122	1190	0	0	0	2	0	2.578414
123	1208	0	0	0	1	0	1.159006
124	1213	0	0	0	2	0	2.467624
125	1220	0	0	0	1	0	1.088962
126	1229	0	0	0	2	0	1.007548
127	1239	0	0	0	1	0	2.187007
128	1255	0	0	0	0	0	1.819843
129	1261	0	0	0	2	0	2.872828
130	1275	0	0	0	1	0	1.804330
131	1283	0	0	0	0	0	1.404633
132	1297	0	0	0	0	0	1.918358
133	1303	0	0	0	2	0	1.337071
134	1310	0	0	0	1	0	2.455037
135	1314	0	0	0	1	0	2.959906
136	1325	0	0	0	0	0	2.352145
137	1333	0	0	0	0	0	1.780564
138	1343	0	0	0	2	0	2.110590
139	1347	0	0	0	0	0	2.987035
140	1352	0	0	0	2	0	1.333127
141	1362	0	0	0	2	0	1.768745
142	1372	0	0	0	1	0	2.246414
143	1380	0	0	0	2	0	2.556392
144	1390	0	0	0	0	0	2.379722
145	1395	0	0	0	2	0	1.099965
146	1403	0	0	0	0	0	2.074867
147	1419	0	0	0	1	0	1.383621
148	1435	0	0	0	0	0	1.370956
149	1442	0	0	0	1	0	2.028351
150	1453	0	0	0	0	0	2.912790
151	1468	0	0	0	1	0	1.981992
152	1473	0	0	0	0	0	2.452269
153	1481	0	0	0	2	0	1.902036
154	1492	0	0	0	1	0	2.490297
155	1501	0	0	0	2	0	1.684677
156	1517	0	0	0	0	0	1.574138
157	1524	0	0	0	1	0	2.166228
158	1530	0	0	0	1	0	2.647954
159	1543	0	0	0	1	0	1.839158
160	1554	0	0	0	1	0	1.612669
161	1566	0	0	0	1	0	2.772816
162	1581	0	0	0	2	0	1.724233
163	1592	0	0	0	2	0	1.385279
164	1602	0	0	0	1	0	2.093023
165	1609	0	0	0	0	0	1.302503
166	1616	0	0	0	2	0	2.973625
167	1627	0	0	0	0	0	2.458534
168	1640	0	0	0	0	0	2.537794
169	1658	0	0	0	0	0	2.321994
170	1667	0	0	0	2	0	1.798170
171	1674	0	0	0	2	0	1.299448
172	1680	0	0	0	0	0	1.594574
173	1689	0	0	0	1	0	1.929960
174	1700	0	0	0	0	0	1.862001
175	1709	0	0	0	1	0	2.770416
176	1723	0	0	0	1	0	2.755171
177	1730	0	0	0	0	0	2.891133
178	1737	0	0	0	2	0	1.561923
179	1745	0	0	0	0	0	1.138496
180	1754	0	0	0	2	0	2.649204
181	1763	0	0	0	1	0	2.006835
182	1771	0	0	0	2	0	2.193382
183	1781	0	0	0	2	0	2.661115
184	1787	0	0	0	2	0	2.312069
185	1800	0	0	0	1	0	2.636542
186	1811	0	0	0	1	0	2.319211
187	1816	0	0	0	2	0	1.934214
188	1822	0	0	0	2	0	2.647781
189	1831	0	0	0	0	0	2.107864
190	1839	0	0	0	2	0	1.153623
191	1850	0	0	0	0	0	2.397726
192	1857	0	0	0	2	0	1.612991
193	1866	0	0	0	1	0	1.523649
194	1879	0	0	0	0	0	2.514979
195	1886	0	0	0	0	0	1.680005
196	1895	0	0	0	2	0	1.321230
197	1909	0	0	0	0	0	1.412277
198	1919	0	0	0	2	0	1.411681
199	1931	0	0	0	1	0	2.857236
200	1939	0	0	0	1	0	1.070936
201	1947	0	0	0	0	0	2.850951
202	1957	0	0	0	0	0	2.496727
203	1967	0	0	0	1	0	2.602840
204	1974	0	0	0	1	0	2.099250
205	1981	0	0	0	2	0	1.847956
206	1991	0	0	0	0	0	1.619376
207	2000	0	0	0	2	0	1.168681
208	2012	0	0	0	1	0	2.387004
209	2022	0	0	0	1	0	1.836269
210	2031	0	0	0	1	0	1.654972
211	2041	0	0	0	2	0	1.492316
212	2051	0	0	0	0	0	2.355136
213	2057	0	0	0	0	0	1.436815
214	2066	0	0	0	1	0	2.398467
215	2079	0	0	0	0	0	2.552162
216	2087	0	0	0	1	0	1.534442
217	2097	0	0	0	2	0	2.664517
218	2109	0	0	0	0	0	2.876603
219	2117	0	0	0	1	0	1.818479
220	2125	0	0	0	2	0	2.598011
221	2134	0	0	0	1	0	1.368821
222	2145	0	0	0	1	0	1.528637
223	2156	0	0	0	0	0	1.690447
224	2165	0	0	0	1	0	2.377902
225	2169	0	0	0	0	0	1.105980
226	2183	0	0	0	2	0	2.554687
227	2194	0	0	0	1	0	1.045253
228	2200	0	0	0	0	0	2.989955
229	2208	0	0	0	2	0	2.800473
230	2217	0	0	0	1	0	2.334044
231	2234	0	0	0	1	0	1.661605
232	2242	0	0	0	1	0	2.634106
233	2250	0	0	0	2	0	2.748275
234	2263	0	0	0	1	0	1.606951
235	2274	0	0	0	0	0	2.309384
236	2280	0	0	0	1	0	1.703532
237	2288	0	0	0	0	0	2.408769
238	2298	0	0	0	2	0	2.593778
239	2308	0	0	0	1	0	1.645562
240	2324	0	0	0	1	0	2.400391
241	2337	0	0	0	0	0	1.513237
242	2345	0	0	0	0	0	1.476415
243	2356	0	0	0	1	0	1.645060
244	2363	0	0	0	1	0	2.455989
245	2372	0	0	0	0	0	1.307667
246	2381	0	0	0	1	0	1.752256
247	2389	0	0	0	1	0	2.324198
248	2400	0	0	0	1	0	2.688009
249	2411	0	0	0	0	0	2.720293
250	2420	0	0	0	2	0	1.239528
251	2438	0	0	0	1	0	1.843726
252	2443	0	0	0	1	0	2.901707
253	2450	0	0	0	0	0	2.942109
254	2458	0	0	0	1	0	2.655379
255	2467	0	0	0	1	0	1.419418
256	2472	0	0	0	2	0	1.340207
257	2484	0	0	0	0	0	1.972434
258	2497	0	0	0	1	0	1.361350
259	2509	0	0	0	0	0	1.496913
260	2516	0	0	0	1	0	2.179593
261	2530	0	0	0	0	0	2.743436
262	2541	0	0	0	0	0	1.850047
263	2551	0	0	0	0	0	1.133533
264	2562	0	0	0	1	0	2.342166
265	2572	0	0	0	1	0	2.082899
266	2585	0	0	0	1	0	1.665116
267	2595	0	0	0	1	0	1.792348
268	2601	0	0	0	1	0	1.873364
269	2611	0	0	0	2	0	1.501943
270	2618	0	0	0	2	0	1.323645
271	2634	0	0	0	1	0	2.738863
272	2651	0	0	0	2	0	2.260833
273	2661	0	0	0	0	0	2.365969
274	2672	0	0	0	2	0	1.699333
275	2684	0	0	0	1	0	1.716912
276	2691	0	0	0	0	0	2.726374
277	2702	0	0	0	0	0	1.479975
278	2708	0	0	0	0	0	1.301913
279	2716	0	0	0	0	0	1.880196
280	2724	0	0	0	1	0	2.935118
281	2733	0	0	0	1	0	2.706207
282	2744	0	0	0	0	0	2.037188
283	2757	0	0	0	0	0	2.829768
284	2766	0	0	0	1	0	1.026056
285	2773	0	0	0	0	0	2.281431
286	2784	0	0	0	2	0	1.015310
287	2792	0	0	0	1	0	1.567902
288	2796	0	0	0	2	0	2.911639
289	2809	0	0	0	2	0	1.407872
290	2819	0	0	0	0	0	1.553513
291	2837	0	0	0	0	0	2.528156
292	2848	0	0	0	0	0	2.075237
293	2857	0	0	0	1	0	1.044804
294	2866	0	0	0	2	0	1.570390
295	2874	0	0	0	0	0	2.994160
296	2888	0	0	0	1	0	2.399014
297	2897	0	0	0	0	0	2.450068
298	2911	0	0	0	2	0	1.939670
299	2926	0	0	0	1	0	1.741183
300	2937	0	0	0	2	0	2.356551
301	2946	0	0	0	1	0	2.109418
302	2956	0	0	0	1	0	2.738647
303	2967	0	0	0	0	0	1.505072
304	2977	0	0	0	2	0	1.774662
305	2985	0	0	0	2	0	2.246749
306	2993	0	0	0	0	0	1.638246
307	3001	0	0	0	0	0	1.675527
308	3011	0	0	0	2	0	2.838568
309	3015	0	0	0	1	0	1.429281
310	3029	0	0	0	1	0	2.327863
311	3035	0	0	0	0	0	1.469431
312	3042	0	0	0	1	0	2.560193
313	3054	0	0	0	0	0	2.637336
314	3060	0	0	0	2	0	1.530628
315	3069	0	0	0	2	0	1.266124
316	3081	0	0	0	2	0	1.125255
317	3090	0	0	0	0	0	1.123332
318	3098	0	0	0	2	0	1.828256
319	3109	0	0	0	1	0	1.151667
320	3118	0	0	0	1	0	1.501435
321	3127	0	0	0	1	0	1.431074
322	3138	0	0	0	0	0	2.468739
323	3150	0	0	0	0	0	1.689668
324	3157	0	0	0	0	0	1.138666
325	3165	0	0	0	0	0	1.386122
326	3173	0	0	0	2	0	2.426197
327	3179	0	0	0	2	0	1.657904
328	3188	0	0	0	0	0	2.531313
329	3192	0	0	0	1	0	1.986094
330	3195	0	0	0	2	0	2.763429
331	3204	0	0	0	1	0	2.219869
332	3215	0	0	0	1	0	1.464833
333	3229	0	0	0	0	0	2.236968
334	3241	0	0	0	0	0	1.041346
335	3256	0	0	0	0	0	2.652629
336	3266	0	0	0	0	0	2.317567
337	3275	0	0	0	1	0	2.674406
338	3279	0	0	0	2	0	2.398674
339	3289	0	0	0	2	0	1.328939
340	3298	0	0	0	1	0	1.894481
341	3305	0	0	0	1	0	1.423162
342	3319	0	0	0	0	0	2.384415
343	3332	0	0	0	0	0	2.338433
344	3342	0	0	0	0	0	2.922551
345	3352	0	0	0	2	0	2.667398
346	3357	0	0	0	0	0	1.839097
347	3370	0	0	0	2	0	2.562906
348	3381	0	0	0	0	0	2.962154
349	3394	0	0	0	1	0	1.865100
350	3403	0	0	0	1	0	1.423408
351	3420	0	0	0	1	0	2.138514
352	3432	0	0	0	0	0	2.441492
353	3443	0	0	0	2	0	1.801080
354	3455	0	0	0	0	0	2.906947
355	3466	0	0	0	1	0	1.897758
356	3470	0	0	0	1	0	1.159635
357	3478	0	0	0	0	0	2.118776
358	3488	0	0	0	0	0	1.433084
359	3496	0	0	0	0	0	2.633873
360	3501	0	0	0	2	0	2.707237
361	3511	0	0	0	1	0	1.416603
362	3518	0	0	0	0	0	1.981841
363	3532	0	0	0	1	0	2.867784
364	3543	0	0	0	0	0	1.311400
365	3556	0	0	0	1	0	1.354035
366	3570	0	0	0	0	0	2.648316
367	3584	0	0	0	1	0	2.511812
368	3599	0	0	0	2	0	2.618928
369	3603	0	0	0	0	0	2.368339
370	3611	0	0	0	1	0	2.088983
371	3619	0	0	0	1	0	2.675343
372	3630	0	0	0	2	0	2.550579
373	3641	0	0	0	2	0	1.099108
374	3649	0	0	0	1	0	1.659362
375	3657	0	0	0	1	0	2.153892
376	3669	0	0	0	1	0	2.250095
377	3682	0	0	0	1	0	2.787069
378	3691	0	0	0	2	0	1.327719
379	3701	0	0	0	0	0	1.834200
380	3708	0	0	0	0	0	1.171611
381	3719	0	0	0	1	0	1.763362
382	3727	0	0	0	0	0	2.747965
383	3740	0	0	0	1	0	1.566913
384	3747	0	0	0	1	0	1.021286
385	3758	0	0	0	2	0	1.018030
386	3766	0	0	0	2	0	2.454904
387	3778	0	0	0	0	0	1.491542
388	3786	0	0	0	0	0	1.246720
389	3800	0	0	0	2	0	2.153523
390	3811	0	0	0	1	0	1.845824
391	3818	0	0	0	2	0	2.030860
392	3822	0	0	0	1	0	1.125232
393	3836	0	0	0	0	0	2.110782
394	3842	0	0	0	0	0	2.855295
395	3855	0	0	0	1	0	1.670171
396	3864	0	0	0	1	0	2.909445
397	3877	0	0	0	2	0	2.221433
398	3887	0	0	0	0	0	1.117946
399	3896	0	0	0	2	0	1.217912
400	3910	0	0	0	2	0	1.889669
401	3921	0	0	0	1	0	2.222202
402	3932	0	0	0	0	0	1.890852
403	3938	0	0	0	0	0	2.446199
404	3949	0	0	0	0	0	1.987351
405	3958	0	0	0	2	0	1.173670
406	3966	0	0	0	0	0	1.159049
407	3977	0	0	0	0	0	1.193582
408	3988	0	0	0	0	0	1.064339
409	3998	0	0	0	1	0	1.099037
410	4007	0	0	0	0	0	2.131878
411	4014	0	0	0	2	0	2.334473
412	4020	0	0	0	2	0	2.470183
413	4030	0	0	0	0	0	2.286972
414	4041	0	0	0	2	0	2.351755
415	4050	0	0	0	1	0	2.685817
416	4058	0	0	0	1	0	1.307187
417	4075	0	0	0	0	0	1.670771
418	4085	0	0	0	0	0	2.268109
419	4091	0	0	0	2	0	1.345922
420	4100	0	0	0	0	0	2.057734
421	4104	0	0	0	0	0	1.249368
422	4115	0	0	0	2	0	1.951685
423	4128	0	0	0	0	0	2.289916
424	4137	0	0	0	1	0	1.374843
425	4148	0	0	0	2	0	1.061762
426	4160	0	0	0	1	0	2.020845
427	4170	0	0	0	0	0	2.161536
428	4184	0	0	0	0	0	2.705268
429	4196	0	0	0	0	0	1.769988
430	4202	0	0	0	0	0	1.573606
431	4209	0	0	0	0	0	1.005792
432	4218	0	0	0	1	0	1.288747
433	4230	0	0	0	0	0	1.313323
434	4245	0	0	0	0	0	2.525719
435	4255	0	0	0	1	0	1.913286
436	4263	0	0	0	0	0	1.649692
437	4269	0	0	0	2	0	1.893988
438	4279	0	0	0	1	0	2.839755
439	4295	0	0	0	2	0	2.551333
440	4301	0	0	0	1	0	1.127758
441	4309	0	0	0	0	0	1.700908
442	4321	0	0	0	1	0	1.605258
443	4328	0	0	0	1	0	2.310989
444	4335	0	0	0	2	0	1.105073
445	4346	0	0	0	2	0	1.339266
446	4359	0	0	0	1	0	2.699385
447	4369	0	0	0	2	0	1.492617
448	4377	0	0	0	0	0	2.389733
449	4388	0	0	0	0	0	2.658841
450	4399	0	0	0	2	0	2.645865
451	4411	0	0	0	1	0	1.408537
452	4421	0	0	0	0	0	1.196226
453	4435	0	0	0	1	0	2.960617
454	4444	0	0	0	0	0	1.991626
455	4452	0	0	0	2	0	2.664096
456	4461	0	0	0	0	0	1.039790
457	4471	0	0	0	1	0	2.139551
458	4485	0	0	0	1	0	1.124916
459	4497	0	0	0	2	0	1.701154
460	4507	0	0	0	0	0	2.638252
461	4513	0	0	0	2	0	2.509817
462	4526	0	0	0	2	0	1.321639
463	4539	0	0	0	1	0	1.362466
464	4545	0	0	0	2	0	2.945623
465	4552	0	0	0	1	0	1.596827
466	4560	0	0	0	1	0	2.229365
467	4571	0	0	0	1	0	1.492929
468	4585	0	0	0	1	0	2.281506
469	4598	0	0	0	1	0	2.434853
470	4607	0	0	0	1	0	1.504302
471	4619	0	0	0	1	0	1.617610
472	4623	0	0	0	0	0	1.475686
473	4637	0	0	0	1	0	1.683787
474	4643	0	0	0	1	0	1.552904
475	4657	0	0	0	1	0	1.188108
476	4673	0	0	0	1	0	2.928666
477	4683	0	0	0	1	0	2.473964
478	4695	0	0	0	2	0	2.316617
479	4703	0	0	0	0	0	1.846359
480	4715	0	0	0	1	0	2.722031
481	4722	0	0	0	0	0	2.589498
482	4731	0	0	0	0	0	1.857296
483	4740	0	0	0	0	0	2.721652
484	4749	0	0	0	2	0	1.143183
485	4757	0	0	0	2	0	2.113516
486	4765	0	0	0	0	0	1.296746
487	4774	0	0	0	0	0	2.732664
488	4788	0	0	0	0	0	1.560820
489	4798	0	0	0	1	0	1.906131
490	4812	0	0	0	2	0	2.469752
491	4820	0	0	0	0	0	2.889935
492	4835	0	0	0	0	0	2.676496
493	4846	0	0	0	0	0	2.151074
494	4850	0	0	0	1	0	1.676136
495	4856	0	0	0	2	0	1.197305
496	4864	0	0	0	1	0	1.311407
497	4878	0	0	0	1	0	1.247807
498	4886	0	0	0	0	0	1.499434
499	4902	0	0	0	2	0	1.347795
500	4912	0	0	0	0	0	2.227741
501	4923	0	0	0	1	0	2.643576
502	4933	0	0	0	0	0	1.212908
503	4942	0	0	0	1	0	2.411424
504	4954	0	0	0	1	0	2.922911
505	4964	0	0	0	0	0	1.300273
506	4981	0	0	0	2	0	1.731618
507	4995	0	0	0	1	0	2.145612
508	5006	0	0	0	0	0	2.016219
509	5010	0	0	0	2	0	2.660055
510	5020	0	0	0	2	0	2.923481
511	5031	0	0	0	2	0	2.528526
512	5043	0	0	0	0	0	1.064690
513	5050	0	0	0	0	0	1.389269
514	5058	0	0	0	1	0	1.223915
515	5067	0	0	0	0	0	2.711812
516	5073	0	0	0	0	0	2.966474
517	5079	0	0	0	0	0	2.284648
518	5089	0	0	0	2	0	2.398998
519	5102	0	0	0	0	0	1.870343
520	5112	0	0	0	2	0	1.604815
521	5120	0	0	0	0	0	1.072165
522	5133	0	0	0	0	0	2.162330
523	5141	0	0	0	0	0	2.551805
524	5150	0	0	0	0	0	1.391663
525	5161	0	0	0	2	0	1.358042
526	5168	0	0	0	2	0	2.648246
527	5178	0	0	0	1	0	1.573682
528	5189	0	0	0	2	0	2.382158
529	5194	0	0	0	1	0	1.573109
530	5207	0	0	0	0	0	1.494328
531	5216	0	0	0	2	0	1.373557
532	5233	0	0	0	0	0	2.854372
533	5239	0	0	0	1	0	2.149680
534	5245	0	0	0	0	0	2.670906
535	5256	0	0	0	1	0	2.340961
536	5261	0	0	0	1	0	1.460118
537	5268	0	0	0	0	0	2.759996
538	5280	0	0	0	1	0	1.386205
539	5288	0	0	0	1	0	2.354966
540	5297	0	0	0	2	0	1.326334
541	5309	0	0	0	1	0	2.223790
542	5318	0	0	0	2	0	2.575859
543	5326	0	0	0	2	0	2.447233
544	5334	0	0	0	2	0	2.227179
545	5347	0	0	0	0	0	2.139613
546	5354	0	0	0	2	0	1.896347
547	5365	0	0	0	2	0	1.463855
548	5374	0	0	0	0	0	2.126785
549	5383	0	0	0	1	0	1.284134
550	5393	0	0	0	2	0	1.806247
551	5402	0	0	0	2	0	2.297937
552	5416	0	0	0	2	0	2.831369
553	5420	0	0	0	1	0	2.568874
554	5433	0	0	0	2	0	1.062256
555	5443	0	0	0	1	0	2.703179
556	5450	0	0	0	0	0	1.849683
557	5457	0	0	0	1	0	2.150014
558	5460	0	0	0	2	0	2.177856
559	5471	0	0	0	0	0	1.315365
560	5484	0	0	0	0	0	2.135651
561	5490	0	0	0	2	0	1.133041
562	5497	0	0	0	1	0	2.681094
563	5507	0	0	0	0	0	2.634182
564	5518	0	0	0	1	0	2.141983
565	5528	0	0	0	1	0	2.875406
566	5537	0	0	0	0	0	2.175409
567	5550	0	0	0	0	0	2.502113
568	5563	0	0	0	2	0	1.615511
569	5571	0	0	0	2	0	1.901810
570	5576	0	0	0	0	0	2.715977
571	5588	0	0	0	1	0	2.384344
572	5596	0	0	0	2	0	2.130703
573	5608	0	0	0	1	0	1.530912
574	5612	0	0	0	0	0	2.032204
575	5625	0	0	0	0	0	2.861758
576	5635	0	0	0	0	0	1.159187
577	5643	0	0	0	0	0	1.820839
578	5655	0	0	0	0	0	1.310569
579	5662	0	0	0	0	0	2.755161
580	5675	0	0	0	2	0	2.438751
581	5687	0	0	0	1	0	1.167584
582	5698	0	0	0	1	0	2.239597
583	5714	0	0	0	0	0	1.486159
584	5727	0	0	0	0	0	2.476145
585	5736	0	0	0	2	0	1.271810
586	5742	0	0	0	1	0	1.576333
587	5755	0	0	0	0	0	2.239396
588	5763	0	0	0	0	0	2.411015
589	5769	0	0	0	0	0	1.269045
590	5779	0	0	0	2	0	1.128850
591	5793	0	0	0	1	0	1.126081
592	5801	0	0	0	2	0	1.393780
593	5810	0	0	0	0	0	1.613042
594	5822	0	0	0	1	0	1.418047
595	5829	0	0	0	0	0	1.950779
596	5840	0	0	0	1	0	1.086644
597	5849	0	0	0	1	0	2.001051
598	5859	0	0	0	2	0	2.196114
599	5871	0	0	0	1	0	2.287343
600	5880	0	0	0	1	0	1.176548
601	5884	0	0	0	1	0	2.579707
602	5902	0	0	0	1	0	1.881164
603	5910	0	0	0	0	0	2.211621
604	5922	0	0	0	1	0	2.101990
605	5930	0	0	0	2	0	2.584477
606	5940	0	0	0	0	0	1.520838
607	5953	0	0	0	1	0	1.070263
608	5971	0	0	0	2	0	2.053589
609	5980	0	0	0	1	0	2.781387
610	5990	0	0	0	2	0	1.008817
611	6003	0	0	0	1	0	2.174631
612	6012	0	0	0	1	0	2.446412
613	6016	0	0	0	1	0	1.063758
614	6027	0	0	0	1	0	2.512827
615	6036	0	0	0	1	0	2.269766
616	6044	0	0	0	1	0	2.606383
617	6055	0	0	0	0	0	2.099011
618	6061	0	0	0	1	0	1.987047
619	6067	0	0	0	0	0	1.681507
620	6075	0	0	0	1	0	1.451434
621	6081	0	0	0	2	0	1.425679
622	6089	0	0	0	2	0	1.730324
623	6101	0	0	0	0	0	2.759149
624	6107	0	0	0	1	0	1.125196
625	6122	0	0	0	0	0	1.246510
626	6133	0	0	0	0	0	2.073872
627	6142	0	0	0	2	0	1.693924
628	6149	0	0	0	0	0	1.107718
629	6156	0	0	0	1	0	1.511368
630	6170	0	0	0	1	0	2.192217
631	6177	0	0	0	0	0	1.326813
632	6182	0	0	0	1	0	2.494862
633	6192	0	0	0	1	0	2.577529
634	6207	0	0	0	0	0	2.786434
635	6223	0	0	0	0	0	2.223568
636	6235	0	0	0	2	0	2.473407
637	6241	0	0	0	0	0	2.056789
638	6256	0	0	0	0	0	1.043978
639	6268	0	0	0	0	0	2.488563
640	6285	0	0	0	2	0	2.171929
641	6298	0	0	0	2	0	2.102895
642	6304	0	0	0	0	0	1.456091
643	6318	0	0	0	2	0	1.677930
644	6329	0	0	0	1	0	2.832170
645	6341	0	0	0	2	0	2.431637
646	6353	0	0	0	2	0	1.746098
647	6360	0	0	0	0	0	2.381936
648	6369	0	0	0	1	0	1.438160
649	6379	0	0	0	1	0	1.901818
650	6389	0	0	0	0	0	2.454417
651	6410	0	0	0	1	0	1.547391
652	6420	0	0	0	2	0	1.606420
653	6428	0	0	0	0	0	1.361827
654	6440	0	0	0	1	0	2.572762
655	6451	0	0	0	0	0	1.364421
656	6457	0	0	0	1	0	1.983314
657	6469	0	0	0	2	0	1.503313
658	6476	0	0	0	0	0	2.618342
659	6486	0	0	0	2	0	1.436119
660	6492	0	0	0	2	0	2.468011
661	6503	0	0	0	1	0	2.906236
662	6511	0	0	0	1	0	1.077607
663	6519	0	0	0	0	0	2.476985
664	6525	0	0	0	0	0	2.681899
665	6540	0	0	0	0	0	1.478785
666	6551	0	0	0	1	0	2.091209
667	6565	0	0	0	1	0	1.992579
668	6574	0	0	0	0	0	2.239685
669	6588	0	0	0	1	0	2.876504
670	6595	0	0	0	0	0	1.391600
671	6605	0	0	0	2	0	2.956900
672	6615	0	0	0	0	0	2.675301
673	6628	0	0	0	0	0	1.002893
674	6637	0	0	0	1	0	2.617606
675	6645	0	0	0	2	0	1.351609
676	6652	0	0	0	2	0	2.636541
677	6660	0	0	0	1	0	1.218498
678	6669	0	0	0	1	0	2.479417
679	6674	0	0	0	1	0	2.857458
680	6681	0	0	0	0	0	1.254438
681	6688	0	0	0	0	0	1.124775
682	6701	0	0	0	1	0	1.015861
683	6708	0	0	0	2	0	1.534116
684	6715	0	0	0	0	0	1.041365
685	6727	0	0	0	1	0	1.110371
686	6737	0	0	0	0	0	2.105556
687	6746	0	0	0	0	0	1.010232
688	6755	0	0	0	0	0	2.327713
689	6766	0	0	0	2	0	1.676343
690	6774	0	0	0	2	0	1.492239
691	6787	0	0	0	0	0	1.243413
692	6793	0	0	0	1	0	2.836101
693	6806	0	0	0	0	0	2.347909
694	6821	0	0	0	0	0	1.255822
695	6831	0	0	0	1	0	1.241740
696	6842	0	0	0	0	0	2.784446
697	6857	0	0	0	1	0	2.975150
698	6868	0	0	0	2	0	2.806431
699	6879	0	0	0	2	0	1.517974
700	6888	0	0	0	1	0	2.986282
701	6900	0	0	0	1	0	1.602955
702	6905	0	0	0	1	0	1.324894
703	6918	0	0	0	1	0	1.827399
704	6931	0	0	0	0	0	1.113364
705	6943	0	0	0	0	0	2.800393
706	6951	0	0	0	0	0	1.240097
707	6960	0	0	0	0	0	2.069016
708	6972	0	0	0	1	0	1.505647
709	6985	0	0	0	0	0	1.029410
710	6996	0	0	0	0	0	2.497760
711	7009	0	0	0	1	0	2.165136
712	7022	0	0	0	2	0	2.156315
713	7035	0	0	0	2	0	2.487156
714	7047	0	0	0	1	0	1.691775
715	7058	0	0	0	1	0	1.811539
716	7064	0	0	0	0	0	2.956817
717	7073	0	0	0	0	0	2.233166
718	7082	0	0	0	2	0	1.650817
719	7090	0	0	0	2	0	2.537484
720	7099	0	0	0	1	0	1.569509
721	7105	0	0	0	0	0	1.239132
722	7124	0	0	0	1	0	1.789765
723	7135	0	0	0	1	0	1.057510
724	7142	0	0	0	0	0	2.390274
725	7155	0	0	0	0	0	2.043882
726	7169	0	0	0	0	0	2.260070
727	7181	0	0	0	2	0	2.823287
728	7194	0	0	0	0	0	1.708682
729	7203	0	0	0	0	0	2.722687
730	7207	0	0	0	0	0	2.383274
731	7224	0	0	0	2	0	2.676725
732	7229	0	0	0	0	0	2.205997
733	7242	0	0	0	0	0	1.295981
734	7252	0	0	0	1	0	2.774078
735	7261	0	0	0	2	0	2.753652
736	7270	0	0	0	2	0	1.035095
737	7287	0	0	0	0	0	1.858504
738	7291	0	0	0	0	0	2.292895
739	7299	0	0	0	0	0	2.843916
740	7312	0	0	0	1	0	1.540976
741	7323	0	0	0	2	0	1.881835
742	7337	0	0	0	0	0	1.031630
743	7342	0	0	0	1	0	2.146674
744	7352	0	0	0	2	0	2.714124
745	7365	0	0	0	1	0	1.425756
746	7372	0	0	0	0	0	1.093107
747	7382	0	0	0	0	0	1.672995
748	7390	0	0	0	0	0	2.398587
749	7402	0	0	0	1	0	1.920698
750	7408	0	0	0	1	0	1.776814
751	7414	0	0	0	0	0	2.536441
752	7427	0	0	0	2	0	2.438713
753	7434	0	0	0	1	0	2.273394
754	7448	0	0	0	0	0	2.097993
755	7460	0	0	0	2	0	1.302785
756	7469	0	0	0	1	0	2.931652
757	7479	0	0	0	1	0	2.244664
758	7486	0	0	0	1	0	1.065109
759	7499	0	0	0	1	0	2.101668
760	7506	0	0	0	0	0	1.077029
761	7516	0	0	0	2	0	1.374464
762	7527	0	0	0	1	0	2.670700
763	7544	0	0	0	2	0	2.171733
764	7550	0	0	0	0	0	2.173543
765	7559	0	0	0	0	0	2.450211
766	7571	0	0	0	2	0	2.755386
767	7583	0	0	0	1	0	1.124165
768	7591	0	0	0	1	0	2.415051
769	7599	0	0	0	0	0	1.920938
770	7609	0	0	0	0	0	1.485744
771	7623	0	0	0	1	0	1.650445
772	7634	0	0	0	0	0	1.296875
773	7645	0	0	0	1	0	2.456666
774	7658	0	0	0	0	0	2.276491
775	7674	0	0	0	2	0	2.470474
776	7683	0	0	0	0	0	1.464372
777	7691	0	0	0	2	0	1.351292
778	7698	0	0	0	1	0	2.804228
779	7707	0	0	0	0	0	1.221769
780	7724	0	0	0	0	0	1.524611
781	7735	0	0	0	2	0	2.489570
782	7750	0	0	0	1	0	1.653086
783	7760	0	0	0	0	0	2.453873
784	7767	0	0	0	1	0	2.165323
785	7774	0	0	0	2	0	1.885432
786	7784	0	0	0	2	0	1.916982
787	7796	0	0	0	1	0	2.191628
788	7808	0	0	0	1	0	1.954033
789	7817	0	0	0	1	0	1.269306
790	7826	0	0	0	2	0	1.239116
791	7832	0	0	0	1	0	1.940491
792	7844	0	0	0	0	0	1.747896
793	7853	0	0	0	0	0	2.332031
794	7861	0	0	0	0	0	2.864628
795	7872	0	0	0	0	0	2.519231
796	7883	0	0	0	1	0	2.746051
797	7893	0	0	0	2	0	1.300475
798	7902	0	0	0	1	0	2.306666
799	7917	0	0	0	1	0	1.179677
800	7926	0	0	0	0	0	2.840445
801	7933	0	0	0	1	0	1.774715
802	7946	0	0	0	2	0	2.632931
803	7953	0	0	0	2	0	1.711969
804	7964	0	0	0	0	0	2.468495
805	7971	0	0	0	1	0	2.179000
806	7978	0	0	0	1	0	2.313959
807	7993	0	0	0	2	0	1.337742
808	8002	0	0	0	0	0	1.601644
809	8013	0	0	0	0	0	2.909892
810	8024	0	0	0	2	0	1.484254
811	8034	0	0	0	0	0	1.849343
812	8043	0	0	0	1	0	1.494727
813	8060	0	0	0	2	0	1.073493
814	8070	0	0	0	1	0	2.039514
815	8080	0	0	0	0	0	1.558113
816	8089	0	0	0	0	0	2.514722
817	8101	0	0	0	2	0	1.826322
818	8114	0	0	0	1	0	2.684542
819	8125	0	0	0	0	0	2.043414
820	8139	0	0	0	1	0	2.172244
821	8146	0	0	0	2	0	1.310149
822	8159	0	0	0	0	0	2.397618
823	8170	0	0	0	1	0	2.182549
824	8180	0	0	0	1	0	1.996972
825	8186	0	0	0	0	0	1.705514
826	8201	0	0	0	0	0	2.827408
827	8209	0	0	0	0	0	1.108705
828	8219	0	0	0	0	0	2.849879
829	8228	0	0	0	0	0	1.357597
830	8237	0	0	0	1	0	2.811537
831	8244	0	0	0	0	0	1.052142
832	8251	0	0	0	1	0	2.854128
833	8259	0	0	0	0	0	1.850426
834	8268	0	0	0	1	0	2.753003
835	8281	0	0	0	2	0	1.030357
836	8291	0	0	0	0	0	1.861487
837	8302	0	0	0	0	0	2.560351
838	8311	0	0	0	1	0	1.464691
839	8321	0	0	0	0	0	1.176153
840	8322	0	0	0	0	0	1.604628
841	8332	0	0	0	2	0	1.234369
842	8341	0	0	0	2	0	2.914719
843	8349	0	0	0	0	0	1.140406
844	8359	0	0	0	1	0	1.984922
845	8369	0	0	0	1	0	2.487782
846	8378	0	0	0	1	0	1.207098
847	8384	0	0	0	1	0	1.657593
848	8399	0	0	0	0	0	2.665587
849	8410	0	0	0	1	0	1.915624
850	8423	0	0	0	0	0	2.451118
851	8437	0	0	0	1	0	1.444311
852	8453	0	0	0	0	0	1.205355
853	8466	0	0	0	0	0	1.131866
854	8479	0	0	0	0	0	2.406394
855	8494	0	0	0	0	0	2.025911
856	8499	0	0	0	0	0	2.695930
857	8504	0	0	0	0	0	2.243860
858	8514	0	0	0	2	0	2.778405
859	8531	0	0	0	1	0	2.149445
860	8542	0	0	0	0	0	2.714577
861	8549	0	0	0	2	0	2.285337
862	8557	0	0	0	1	0	2.913868
863	8562	0	0	0	0	0	2.454296
864	8573	0	0	0	0	0	1.757049
865	8583	0	0	0	0	0	2.575129
866	8590	0	0	0	2	0	2.938894
867	8599	0	0	0	0	0	1.709829
868	8608	0	0	0	0	0	2.448287
869	8614	0	0	0	2	0	1.618957
870	8623	0	0	0	0	0	1.397994
871	8633	0	0	0	0	0	2.390025
872	8647	0	0	0	2	0	2.829420
873	8665	0	0	0	0	0	2.630897
874	8673	0	0	0	2	0	1.934863
875	8688	0	0	0	0	0	1.726238
876	8694	0	0	0	0	0	1.492806
877	8704	0	0	0	2	0	1.441664
878	8710	0	0	0	0	0	2.230405
879	8728	0	0	0	2	0	1.524615
880	8737	0	0	0	0	0	2.239920
881	8747	0	0	0	1	0	1.827436
882	8757	0	0	0	0	0	2.731476
883	8765	0	0	0	2	0	1.157394
884	8780	0	0	0	2	0	1.237056
885	8786	0	0	0	0	0	2.376856
886	8801	0	0	0	0	0	1.602704
887	8811	0	0	0	1	0	2.610531
888	8821	0	0	0	0	0	2.644196
889	8831	0	0	0	2	0	1.482105
890	8845	0	0	0	2	0	2.273703
891	8853	0	0	0	1	0	2.733567
892	8860	0	0	0	1	0	2.147034
893	8873	0	0	0	0	0	2.427971
894	8883	0	0	0	0	0	1.030675
895	8892	0	0	0	0	0	2.712195
896	8903	0	0	0	2	0	1.047660
897	8912	0	0	0	1	0	1.975964
898	8918	0	0	0	1	0	2.206935
899	8930	0	0	0	2	0	1.188862
900	8936	0	0	0	1	0	1.540700
901	8945	0	0	0	2	0	1.660445
902	8959	0	0	0	0	0	2.938121
903	8971	0	0	0	2	0	1.203149
904	8979	0	0	0	2	0	2.086425
905	8988	0	0	0	0	0	2.522812
906	8997	0	0	0	0	0	1.238549
907	9007	0	0	0	1	0	2.726443
908	9015	0	0	0	0	0	1.428156
909	9029	0	0	0	0	0	2.574095
910	9032	0	0	0	0	0	2.688873
911	9043	0	0	0	1	0	1.012410
912	9055	0	0	0	1	0	2.372143
913	9069	0	0	0	0	0	2.499548
914	9084	0	0	0	0	0	1.552019
915	9091	0	0	0	1	0	1.766613
916	9097	0	0	0	0	0	2.520186
917	9109	0	0	0	2	0	2.415442
918	9117	0	0	0	2	0	1.062912
919	9127	0	0	0	0	0	2.106792
920	9135	0	0	0	2	0	2.029187
921	9140	0	0	0	0	0	2.103800
922	9152	0	0	0	2	0	2.064198
923	9161	0	0	0	2	0	1.057414
924	9166	0	0	0	0	0	2.511419
925	9178	0	0	0	1	0	2.456888
926	9190	0	0	0	1	0	2.606017
927	9198	0	0	0	1	0	1.006464
928	9205	0	0	0	0	0	2.634195
929	9217	0	0	0	0	0	2.696143
930	9231	0	0	0	1	0	1.381172
931	9237	0	0	0	2	0	1.229981
932	9249	0	0	0	0	0	2.903016
933	9256	0	0	0	0	0	2.338396
934	9267	0	0	0	1	0	1.739271
935	9275	0	0	0	0	0	2.192065
936	9285	0	0	0	0	0	1.219590
937	9295	0	0	0	0	0	1.060397
938	9304	0	0	0	2	0	1.440928
939	9321	0	0	0	1	0	2.789338
940	9332	0	0	0	2	0	2.679724
941	9343	0	0	0	0	0	2.800956
942	9356	0	0	0	0	0	1.165446
943	9365	0	0	0	1	0	1.145335
944	9377	0	0	0	0	0	2.240171
945	9384	0	0	0	1	0	1.001974
946	9397	0	0	0	1	0	2.197356
947	9408	0	0	0	1	0	1.346503
948	9420	0	0	0	0	0	1.864857
949	9427	0	0	0	2	0	1.815329
950	9443	0	0	0	0	0	2.304713
951	9451	0	0	0	0	0	2.362194
952	9460	0	0	0	0	0	1.091572
953	9467	0	0	0	1	0	1.557045
954	9475	0	0	0	1	0	1.816028
955	9484	0	0	0	1	0	1.379938
956	9490	0	0	0	1	0	1.705665
957	9501	0	0	0	0	0	2.399224
958	9512	0	0	0	0	0	1.467080
959	9520	0	0	0	0	0	2.543429
960	9529	0	0	0	1	0	1.324412
961	9539	0	0	0	1	0	2.191204
962	9552	0	0	0	0	0	1.373784
963	9560	0	0	0	0	0	2.775168
964	9576	0	0	0	2	0	1.733754
965	9592	0	0	0	1	0	2.988811
966	9602	0	0	0	1	0	1.732403
967	9612	0	0	0	2	0	2.184121
968	9624	0	0	0	0	0	2.404363
969	9631	0	0	0	0	0	2.834055
970	9644	0	0	0	0	0	1.262537
971	9651	0	0	0	2	0	1.369532
972	9659	0	0	0	2	0	2.955995
973	9673	0	0	0	0	0	2.187374
974	9678	0	0	0	2	0	1.209003
975	9698	0	0	0	0	0	1.261052
976	9709	0	0	0	1	0	2.345496
977	9718	0	0	0	2	0	1.659690
978	9728	0	0	0	1	0	1.550137
979	9739	0	0	0	2	0	2.881694
980	9749	0	0	0	1	0	2.469689
981	9759	0	0	0	1	0	1.618835
982	9773	0	0	0	2	0	1.691327
983	9779	0	0	0	0	0	2.778735
984	9785	0	0	0	0	0	1.438106
985	9792	0	0	0	1	0	2.485466
986	9796	0	0	0	2	0	2.300756
987	9804	0	0	0	2	0	1.589638
988	9818	0	0	0	0	0	1.751338
989	9829	0	0	0	0	0	1.252936
990	9845	0	0	0	1	0	1.637860
991	9860	0	0	0	0	0	1.230524
992	9872	0	0	0	1	0	1.222130
993	9880	0	0	0	0	0	1.986462
994	9889	0	0	0	0	0	1.298688
995	9905	0	0	0	2	0	1.892564
996	9915	0	0	0	0	0	1.756898
997	9928	0	0	0	2	0	1.624094
998	9939	0	0	0	0	0	2.678273
999	9945	0	0	0	0	0	2.323799
