0	1	0	0	0	0	0	1.382422
1	15	0	0	0	0	0	1.720323
2	22	0	0	0	0	0	1.388731
3	31	0	0	0	2	0	1.229333
4	39	0	0	0	0	0	2.854292
5	48	0	0	0	0	0	1.020438
6	62	0	0	0	0	0	1.467106
7	68	0	0	0	0	0	2.835604
8	79	0	0	0	1	0	1.519026
9	88	0	0	0	2	0	2.320905
10	98	0	0	0	0	0	2.588869
11	109	0	0	0	1	0	1.017431
12	125	0	0	0	2	0	2.325588
13	133	0	0	0	0	0	1.339333
14	139	0	0	0	2	0	2.679690
15	147	0	0	0	0	0	2.044658
16	162	0	0	0	1	0	2.234782
17	174	0	0	0	2	0	1.732781
18	185	0	0	0	0	0	2.418941
19	192	0	0	0	2	0	2.982468
20	203	0	0	0	0	0	1.378911
21	211	0	0	0	1	0	2.295516
22	223	0	0	0	2	0	2.051726
23	229	0	0	0	0	0	2.427389
24	237	0	0	0	0	0	1.944442
25	249	0	0	0	0	0	2.056180
26	263	0	0	0	0	0	1.615692
27	276	0	0	0	2	0	1.492368
28	283	0	0	0	1	0	2.066707
29	298	0	0	0	0	0	2.039049
30	311	0	0	0	1	0	1.741341
31	322	0	0	0	2	0	1.556004
32	329	0	0	0	2	0	2.203362
33	333	0	0	0	2	0	2.072145
34	345	0	0	0	0	0	1.391687
35	357	0	0	0	0	0	2.016279
36	367	0	0	0	2	0	1.966360
37	375	0	0	0	0	0	1.709036
38	385	0	0	0	0	0	1.079911
39	393	0	0	0	0	0	2.598010
40	403	0	0	0	2	0	1.584239
41	417	0	0	0	2	0	1.627466
42	428	0	0	0	0	0	2.745124
43	434	0	0	0	1	0	2.262799
44	443	0	0	0	1	0	2.519824
45	451	0	0	0	1	0	1.195890
46	458	0	0	0	1	0	1.335655
47	469	0	0	0	0	0	2.173901
48	480	0	0	0	2	0	2.443408
49	490	0	0	0	1	0	1.563119
50	495	0	0	0	0	0	1.515501
51	510	0	0	0	0	0	2.679466
52	518	0	0	0	1	0	2.350528
53	534	0	0	0	0	0	1.580415
54	540	0	0	0	1	0	1.796515
55	552	0	0	0	0	0	1.943269
56	561	0	0	0	0	0	1.076858
57	571	0	0	0	0	0	1.812974
58	579	0	0	0	2	0	2.643984
59	587	0	0	0	2	0	2.636596
60	595	0	0	0	2	0	2.829859
61	613	0	0	0	1	0	1.965114
62	623	0	0	0	1	0	2.598365
63	632	0	0	0	1	0	1.932974
64	643	0	0	0	1	0	1.041086
65	651	0	0	0	2	0	2.314388
66	665	0	0	0	1	0	2.769159
67	679	0	0	0	0	0	1.371761
68	696	0	0	0	1	0	2.831228
69	703	0	0	0	2	0	1.227472
70	714	0	0	0	0	0	2.158503
71	733	0	0	0	1	0	2.208559
72	738	0	0	0	1	0	2.005108
73	746	0	0	0	2	0	1.293271
74	755	0	0	0	2	0	1.335849
75	765	0	0	0	1	0	1.652665
76	777	0	0	0	1	0	2.439610
77	784	0	0	0	0	0	2.032336
78	791	0	0	0	2	0	1.604746
79	805	0	0	0	0	0	2.600248
80	810	0	0	0	1	0	1.581961
81	822	0	0	0	2	0	1.065386
82	836	0	0	0	1	0	2.729989
83	846	0	0	0	2	0	1.926299
84	857	0	0	0	1	0	1.234730
85	870	0	0	0	0	0	1.451798
86	883	0	0	0	1	0	1.520770
87	894	0	0	0	1	0	1.518506
88	907	0	0	0	2	0	2.257979
89	922	0	0	0	2	0	1.383172
90	938	0	0	0	2	0	2.530682
91	947	0	0	0	1	0	1.530368
92	956	0	0	0	1	0	1.347344
93	962	0	0	0	1	0	1.579976
94	978	0	0	0	0	0	1.161237
95	986	0	0	0	1	0	2.132212
96	988	0	0	0	2	0	1.807290
97	999	0	0	0	0	0	1.955630
98	1014	0	0	0	1	0	2.948993
99	1021	0	0	0	0	0	2.618606
100	1028	0	0	0	1	0	1.191941
101	1044	0	0	0	2	0	1.827503
102	1051	0	0	0	0	0	1.733850
103	1065	0	0	0	0	0	1.916090
104	1068	0	0	0	0	0	2.667494
105	1079	0	0	0	2	0	2.323911
106	1088	0	0	0	1	0	1.538007
107	1101	0	0	0	1	0	1.749392
108	1108	0	0	0	1	0	1.990402
109	1115	0	0	0	1	0	2.865783
110	1122	0	0	0	2	0	1.975783
111	1129	0	0	0	1	0	1.902363
112	1133	0	0	0	2	0	2.710909
113	1140	0	0	0	1	0	2.131410
114	1154	0	0	0	1	0	1.090165
115	1161	0	0	0	0	0	1.821906
116	1165	0	0	0	1	0	2.778429
117	1172	0	0	0	0	0	2.480504
118	1180	0	0	0	1	0	1.446639
119	1189	0	0	0	0	0	2.934810
120	1203	0	0	0	0	0	1.328191
121	1209	0	0	0	0	0	2.157464
122	1222	0	0	0	1	0	1.952997
123	1232	0	0	0	2	0	1.062134
124	1243	0	0	0	1	0	2.064853
125	1257	0	0	0	0	0	1.122388
126	1268	0	0	0	2	0	1.366953
127	1273	0	0	0	0	0	1.605837
128	1279	0	0	0	0	0	2.794672
129	1291	0	0	0	0	0	2.882448
130	1303	0	0	0	0	0	1.487774
131	1314	0	0	0	0	0	2.802589
132	1324	0	0	0	1	0	1.654396
133	1333	0	0	0	1	0	2.777046
134	1342	0	0	0	0	0	1.086629
135	1354	0	0	0	1	0	2.250637
136	1361	0	0	0	1	0	1.592982
137	1371	0	0	0	1	0	1.651671
138	1382	0	0	0	1	0	1.176096
139	1395	0	0	0	1	0	1.156660
140	1406	0	0	0	0	0	1.459145
141	1417	0	0	0	1	0	1.059335
142	1423	0	0	0	1	0	2.859594
143	1433	0	0	0	2	0	2.570829
144	1443	0	0	0	1	0	1.324452
145	1456	0	0	0	0	0	1.210627
146	1462	0	0	0	0	0	1.051261
147	1471	0	0	0	1	0	2.624782
148	1483	0	0	0	1	0	1.411695
149	1490	0	0	0	0	0	1.858638
150	1504	0	0	0	1	0	1.900422
151	1514	0	0	0	0	0	1.865238
152	1522	0	0	0	2	0	2.910549
153	1541	0	0	0	0	0	1.989352
154	1551	0	0	0	2	0	1.163781
155	1563	0	0	0	1	0	1.498690
156	1572	0	0	0	1	0	1.116467
157	1581	0	0	0	0	0	2.384063
158	1591	0	0	0	1	0	1.907318
159	1606	0	0	0	2	0	1.480903
160	1614	0	0	0	1	0	2.987265
161	1628	0	0	0	0	0	2.914179
162	1637	0	0	0	0	0	1.064233
163	1652	0	0	0	2	0	2.091824
164	1668	0	0	0	0	0	1.773998
165	1677	0	0	0	0	0	2.197384
166	1690	0	0	0	0	0	2.612618
167	1699	0	0	0	1	0	1.612683
168	1709	0	0	0	2	0	1.849248
169	1720	0	0	0	2	0	1.498411
170	1732	0	0	0	2	0	2.716831
171	1744	0	0	0	0	0	1.963653
172	1750	0	0	0	0	0	1.298213
173	1759	0	0	0	0	0	2.580105
174	1769	0	0	0	0	0	1.380157
175	1777	0	0	0	1	0	2.022822
176	1784	0	0	0	0	0	2.718726
177	1793	0	0	0	2	0	1.519130
178	1803	0	0	0	0	0	2.048816
179	1812	0	0	0	2	0	2.719480
180	1824	0	0	0	1	0	2.389760
181	1834	0	0	0	1	0	1.960078
182	1843	0	0	0	2	0	2.295672
183	1853	0	0	0	2	0	1.307090
184	1863	0	0	0	1	0	1.983686
185	1873	0	0	0	0	0	2.489239
186	1881	0	0	0	1	0	1.322440
187	1884	0	0	0	0	0	2.599755
188	1897	0	0	0	0	0	1.705249
189	1916	0	0	0	1	0	1.546239
190	1922	0	0	0	1	0	2.603627
191	1931	0	0	0	1	0	2.864680
192	1940	0	0	0	0	0	2.243575
193	1945	0	0	0	1	0	2.804546
194	1952	0	0	0	1	0	1.639417
195	1967	0	0	0	1	0	1.522187
196	1980	0	0	0	1	0	1.650239
197	1990	0	0	0	0	0	1.636192
198	2001	0	0	0	1	0	2.092728
199	2012	0	0	0	0	0	1.869096
200	2024	0	0	0	2	0	1.463708
201	2037	0	0	0	0	0	2.593393
202	2045	0	0	0	2	0	2.221805
203	2054	0	0	0	2	0	2.647158
204	2063	0	0	0	0	0	1.449557
205	2079	0	0	0	0	0	1.009158
206	2087	0	0	0	0	0	2.348782
207	2100	0	0	0	0	0	1.187157
208	2119	0	0	0	0	0	2.043410
209	2126	0	0	0	1	0	1.966359
210	2137	0	0	0	1	0	2.675484
211	2151	0	0	0	0	0	1.560545
212	2159	0	0	0	0	0	1.581619
213	2169	0	0	0	1	0	2.034378
214	2179	0	0	0	0	0	1.225913
215	2188	0	0	0	1	0	2.139910
216	2195	0	0	0	2	0	2.265606
217	2206	0	0	0	2	0	1.925443
218	2216	0	0	0	1	0	2.719175
219	2226	0	0	0	0	0	1.352052
220	2237	0	0	0	0	0	2.370311
221	2239	0	0	0	1	0	1.377582
222	2245	0	0	0	2	0	2.238543
223	2257	0	0	0	1	0	2.196768
224	2264	0	0	0	0	0	1.056805
225	2273	0	0	0	1	0	1.458070
226	2278	0	0	0	2	0	1.922751
227	2291	0	0	0	0	0	1.101088
228	2306	0	0	0	0	0	1.629271
229	2320	0	0	0	2	0	2.600030
230	2330	0	0	0	0	0	2.882461
231	2336	0	0	0	0	0	2.940271
232	2345	0	0	0	0	0	2.366853
233	2352	0	0	0	1	0	2.384013
234	2364	0	0	0	2	0	2.638909
235	2376	0	0	0	1	0	1.581097
236	2388	0	0	0	2	0	1.219737
237	2399	0	0	0	1	0	2.903609
238	2411	0	0	0	2	0	2.819871
239	2421	0	0	0	2	0	2.011932
240	2433	0	0	0	0	0	1.446153
241	2443	0	0	0	2	0	2.798018
242	2451	0	0	0	1	0	2.628070
243	2456	0	0	0	0	0	1.517930
244	2466	0	0	0	0	0	2.501974
245	2477	0	0	0	0	0	1.806118
246	2485	0	0	0	0	0	2.570269
247	2497	0	0	0	0	0	2.060035
248	2501	0	0	0	0	0	1.200857
249	2508	0	0	0	0	0	1.711911
250	2517	0	0	0	1	0	1.945248
251	2528	0	0	0	1	0	1.271179
252	2536	0	0	0	1	0	2.067286
253	2546	0	0	0	1	0	1.572112
254	2558	0	0	0	1	0	2.982426
255	2564	0	0	0	0	0	2.355032
256	2575	0	0	0	2	0	2.148000
257	2587	0	0	0	2	0	1.284083
258	2596	0	0	0	0	0	1.864367
259	2610	0	0	0	2	0	2.518125
260	2616	0	0	0	2	0	2.845385
261	2628	0	0	0	2	0	2.728608
262	2641	0	0	0	0	0	2.108066
263	2651	0	0	0	0	0	2.350612
264	2659	0	0	0	1	0	2.840258
265	2665	0	0	0	0	0	1.215914
266	2677	0	0	0	0	0	2.058678
267	2686	0	0	0	1	0	1.588284
268	2691	0	0	0	1	0	1.708344
269	2706	0	0	0	0	0	2.238726
270	2715	0	0	0	1	0	2.191364
271	2726	0	0	0	2	0	2.012412
272	2735	0	0	0	2	0	1.499886
273	2746	0	0	0	0	0	2.281857
274	2755	0	0	0	0	0	2.876254
275	2768	0	0	0	0	0	2.785053
276	2777	0	0	0	0	0	2.814371
277	2783	0	0	0	1	0	2.534477
278	2792	0	0	0	2	0	1.005406
279	2799	0	0	0	2	0	2.428015
280	2806	0	0	0	1	0	1.514216
281	2819	0	0	0	2	0	1.209257
282	2830	0	0	0	1	0	1.784315
283	2838	0	0	0	1	0	2.306677
284	2848	0	0	0	0	0	1.348456
285	2859	0	0	0	0	0	2.892078
286	2867	0	0	0	0	0	2.292573
287	2874	0	0	0	0	0	2.697944
288	2886	0	0	0	1	0	2.392271
289	2895	0	0	0	0	0	2.239924
290	2901	0	0	0	2	0	1.759025
291	2916	0	0	0	2	0	2.794961
292	2926	0	0	0	0	0	1.076339
293	2936	0	0	0	1	0	1.711225
294	2944	0	0	0	0	0	2.050231
295	2955	0	0	0	2	0	1.933616
296	2967	0	0	0	1	0	1.577293
297	2983	0	0	0	1	0	2.039942
298	2994	0	0	0	0	0	1.909845
299	3005	0	0	0	0	0	1.895348
300	3016	0	0	0	0	0	1.235175
301	3028	0	0	0	1	0	1.120692
302	3039	0	0	0	2	0	2.564311
303	3046	0	0	0	2	0	2.065916
304	3057	0	0	0	2	0	2.907365
305	3067	0	0	0	0	0	2.964912
306	3074	0	0	0	0	0	2.023611
307	3081	0	0	0	1	0	1.897830
308	3097	0	0	0	0	0	2.122048
309	3106	0	0	0	1	0	2.701670
310	3115	0	0	0	1	0	1.064711
311	3126	0	0	0	0	0	1.725388
312	3138	0	0	0	0	0	2.892957
313	3148	0	0	0	0	0	1.351733
314	3156	0	0	0	0	0	2.408394
315	3160	0	0	0	1	0	2.411397
316	3170	0	0	0	0	0	1.252819
317	3185	0	0	0	0	0	2.225233
318	3198	0	0	0	0	0	1.026583
319	3205	0	0	0	2	0	1.049140
320	3215	0	0	0	1	0	1.532829
321	3225	0	0	0	2	0	1.236674
322	3235	0	0	0	0	0	1.955637
323	3244	0	0	0	1	0	1.766056
324	3255	0	0	0	0	0	1.379156
325	3267	0	0	0	1	0	1.845167
326	3272	0	0	0	2	0	2.097705
327	3282	0	0	0	0	0	2.714064
328	3292	0	0	0	0	0	2.734185
329	3302	0	0	0	1	0	1.067913
330	3311	0	0	0	1	0	2.610598
331	3320	0	0	0	2	0	1.597413
332	3327	0	0	0	0	0	2.149051
333	3334	0	0	0	0	0	1.829823
334	3345	0	0	0	0	0	1.705645
335	3357	0	0	0	0	0	1.683882
336	3368	0	0	0	2	0	1.729447
337	3377	0	0	0	1	0	2.865950
338	3388	0	0	0	0	0	1.991222
339	3396	0	0	0	1	0	2.227311
340	3406	0	0	0	1	0	1.275888
341	3418	0	0	0	1	0	1.201663
342	3431	0	0	0	0	0	2.730024
343	3439	0	0	0	2	0	1.753927
344	3446	0	0	0	0	0	2.625106
345	3460	0	0	0	0	0	2.751956
346	3463	0	0	0	1	0	1.545872
347	3471	0	0	0	1	0	1.259675
348	3480	0	0	0	0	0	1.118597
349	3490	0	0	0	0	0	1.149220
350	3500	0	0	0	1	0	1.400685
351	3511	0	0	0	0	0	2.405821
352	3522	0	0	0	2	0	2.401303
353	3529	0	0	0	2	0	2.342766
354	3541	0	0	0	1	0	2.996269
355	3552	0	0	0	0	0	2.740966
356	3559	0	0	0	1	0	2.422025
357	3575	0	0	0	1	0	1.137151
358	3582	0	0	0	2	0	2.600408
359	3588	0	0	0	1	0	2.545980
360	3599	0	0	0	2	0	1.041781
361	3602	0	0	0	0	0	1.698408
362	3616	0	0	0	2	0	1.113273
363	3629	0	0	0	1	0	2.435428
364	3641	0	0	0	0	0	2.494696
365	3646	0	0	0	0	0	1.996721
366	3658	0	0	0	0	0	1.625386
367	3669	0	0	0	1	0	2.110137
368	3678	0	0	0	0	0	1.316926
369	3685	0	0	0	2	0	2.236975
370	3699	0	0	0	1	0	2.097595
371	3706	0	0	0	2	0	1.174674
372	3718	0	0	0	2	0	1.669874
373	3727	0	0	0	2	0	1.313220
374	3736	0	0	0	0	0	2.858637
375	3744	0	0	0	0	0	1.931233
376	3755	0	0	0	2	0	2.282964
377	3767	0	0	0	2	0	2.459700
378	3781	0	0	0	0	0	2.721119
379	3793	0	0	0	1	0	1.185816
380	3799	0	0	0	1	0	2.003012
381	3807	0	0	0	0	0	1.573391
382	3816	0	0	0	2	0	1.302777
383	3824	0	0	0	0	0	2.592470
384	3832	0	0	0	1	0	2.785237
385	3840	0	0	0	2	0	1.877347
386	3848	0	0	0	1	0	1.609766
387	3861	0	0	0	1	0	1.404518
388	3872	0	0	0	0	0	1.398755
389	3882	0	0	0	2	0	1.192885
390	3887	0	0	0	0	0	2.332887
391	3902	0	0	0	1	0	2.860544
392	3913	0	0	0	1	0	1.474263
393	3925	0	0	0	1	0	2.287317
394	3942	0	0	0	0	0	2.735134
395	3950	0	0	0	1	0	2.312411
396	3958	0	0	0	1	0	2.015868
397	3970	0	0	0	1	0	2.470891
398	3981	0	0	0	2	0	2.787617
399	3989	0	0	0	2	0	1.282972
400	4001	0	0	0	2	0	1.193932
401	4014	0	0	0	0	0	1.618092
402	4022	0	0	0	0	0	2.730125
403	4042	0	0	0	0	0	1.199906
404	4051	0	0	0	0	0	1.340654
405	4058	0	0	0	1	0	1.011007
406	4066	0	0	0	1	0	1.142198
407	4083	0	0	0	0	0	1.017190
408	4095	0	0	0	0	0	2.095684
409	4111	0	0	0	0	0	2.098798
410	4118	0	0	0	1	0	1.212349
411	4127	0	0	0	0	0	2.439348
412	4135	0	0	0	2	0	2.353187
413	4144	0	0	0	2	0	1.256642
414	4155	0	0	0	0	0	2.742183
415	4165	0	0	0	1	0	2.595048
416	4177	0	0	0	1	0	1.692584
417	4187	0	0	0	0	0	2.644558
418	4196	0	0	0	2	0	1.855487
419	4209	0	0	0	2	0	1.724126
420	4221	0	0	0	1	0	2.443361
421	4229	0	0	0	2	0	1.346078
422	4232	0	0	0	2	0	2.292822
423	4244	0	0	0	0	0	1.757856
424	4256	0	0	0	0	0	1.028497
425	4266	0	0	0	0	0	1.839879
426	4276	0	0	0	1	0	1.504413
427	4281	0	0	0	0	0	1.037966
428	4298	0	0	0	1	0	1.911431
429	4308	0	0	0	0	0	1.912423
430	4318	0	0	0	2	0	1.323915
431	4328	0	0	0	0	0	2.339839
432	4333	0	0	0	0	0	1.578287
433	4345	0	0	0	0	0	2.769383
434	4357	0	0	0	1	0	2.113034
435	4366	0	0	0	2	0	1.949894
436	4374	0	0	0	0	0	2.290970
437	4395	0	0	0	1	0	1.278460
438	4401	0	0	0	0	0	2.929553
439	4414	0	0	0	1	0	2.339934
440	4422	0	0	0	0	0	2.608401
441	4430	0	0	0	1	0	1.947301
442	4445	0	0	0	0	0	1.795985
443	4456	0	0	0	0	0	1.507637
444	4470	0	0	0	1	0	1.338900
445	4485	0	0	0	1	0	1.031957
446	4495	0	0	0	1	0	2.181856
447	4501	0	0	0	2	0	1.481181
448	4511	0	0	0	0	0	2.574489
449	4523	0	0	0	1	0	2.317268
450	4533	0	0	0	0	0	1.433643
451	4538	0	0	0	2	0	1.366975
452	4548	0	0	0	2	0	2.463343
453	4554	0	0	0	0	0	2.015568
454	4559	0	0	0	1	0	2.781508
455	4566	0	0	0	2	0	2.789660
456	4574	0	0	0	0	0	2.879901
457	4584	0	0	0	2	0	1.556646
458	4593	0	0	0	2	0	2.857859
459	4601	0	0	0	0	0	1.694973
460	4615	0	0	0	0	0	2.980410
461	4620	0	0	0	0	0	1.038086
462	4629	0	0	0	1	0	1.207840
463	4638	0	0	0	1	0	2.067959
464	4646	0	0	0	0	0	1.387826
465	4653	0	0	0	2	0	2.280475
466	4659	0	0	0	0	0	1.695800
467	4668	0	0	0	2	0	2.924770
468	4675	0	0	0	1	0	2.245846
469	4684	0	0	0	1	0	1.588581
470	4694	0	0	0	0	0	2.292908
471	4703	0	0	0	0	0	1.967228
472	4717	0	0	0	2	0	1.558844
473	4725	0	0	0	2	0	1.863739
474	4733	0	0	0	0	0	1.389551
475	4743	0	0	0	0	0	2.475179
476	4749	0	0	0	1	0	1.152582
477	4754	0	0	0	2	0	2.603614
478	4766	0	0	0	0	0	1.309456
479	4774	0	0	0	0	0	2.844598
480	4785	0	0	0	0	0	2.526308
481	4800	0	0	0	0	0	2.788229
482	4806	0	0	0	0	0	1.997336
483	4813	0	0	0	1	0	1.616971
484	4825	0	0	0	2	0	2.662704
485	4837	0	0	0	1	0	2.916042
486	4847	0	0	0	2	0	2.166647
487	4853	0	0	0	0	0	2.294418
488	4865	0	0	0	1	0	1.856001
489	4881	0	0	0	1	0	2.709257
490	4893	0	0	0	0	0	1.549158
491	4911	0	0	0	1	0	2.356115
492	4919	0	0	0	0	0	1.168212
493	4925	0	0	0	2	0	2.193292
494	4937	0	0	0	2	0	2.499313
495	4948	0	0	0	1	0	2.474102
496	4960	0	0	0	1	0	1.398133
497	4974	0	0	0	1	0	1.967207
498	4983	0	0	0	2	0	2.106094
499	4993	0	0	0	0	0	1.060639
500	5000	0	0	0	0	0	1.419425
501	5012	0	0	0	1	0	2.475358
502	5020	0	0	0	2	0	1.195666
503	5027	0	0	0	0	0	2.139195
504	5039	0	0	0	0	0	2.169683
505	5052	0	0	0	0	0	1.676681
506	5059	0	0	0	0	0	2.135369
507	5066	0	0	0	1	0	1.698327
508	5072	0	0	0	0	0	1.969170
509	5075	0	0	0	0	0	1.257354
510	5088	0	0	0	2	0	1.407478
511	5095	0	0	0	0	0	1.945850
512	5104	0	0	0	1	0	2.660698
513	5112	0	0	0	1	0	2.549359
514	5117	0	0	0	2	0	2.228804
515	5128	0	0	0	2	0	1.361738
516	5137	0	0	0	0	0	1.864201
517	5148	0	0	0	2	0	2.902842
518	5158	0	0	0	0	0	1.772077
519	5164	0	0	0	0	0	1.327908
520	5175	0	0	0	0	0	1.279593
521	5182	0	0	0	2	0	2.176288
522	5197	0	0	0	1	0	1.374110
523	5209	0	0	0	2	0	1.041271
524	5220	0	0	0	0	0	2.371062
525	5231	0	0	0	0	0	2.862797
526	5239	0	0	0	1	0	1.990578
527	5245	0	0	0	1	0	2.152538
528	5259	0	0	0	0	0	2.315885
529	5264	0	0	0	1	0	1.586711
530	5272	0	0	0	0	0	2.025656
531	5289	0	0	0	2	0	2.052146
532	5302	0	0	0	0	0	1.141537
533	5311	0	0	0	1	0	1.489496
534	5319	0	0	0	2	0	2.235219
535	5335	0	0	0	1	0	2.548388
536	5343	0	0	0	0	0	1.105686
537	5355	0	0	0	1	0	1.042481
538	5364	0	0	0	0	0	1.057099
539	5373	0	0	0	1	0	2.118712
540	5383	0	0	0	2	0	2.484674
541	5396	0	0	0	1	0	2.562463
542	5405	0	0	0	0	0	1.297928
543	5413	0	0	0	1	0	2.351768
544	5422	0	0	0	0	0	1.273341
545	5427	0	0	0	0	0	1.291453
546	5442	0	0	0	1	0	2.767840
547	5452	0	0	0	2	0	2.566705
548	5454	0	0	0	0	0	2.590890
549	5472	0	0	0	1	0	1.612471
550	5479	0	0	0	0	0	1.959358
551	5484	0	0	0	0	0	1.911142
552	5492	0	0	0	1	0	2.644113
553	5497	0	0	0	1	0	2.532381
554	5504	0	0	0	0	0	1.617216
555	5517	0	0	0	2	0	1.269680
556	5530	0	0	0	0	0	1.352571
557	5543	0	0	0	1	0	2.856465
558	5555	0	0	0	2	0	2.933903
559	5564	0	0	0	1	0	2.900768
560	5576	0	0	0	2	0	1.343772
561	5592	0	0	0	1	0	1.288571
562	5601	0	0	0	2	0	1.787310
563	5614	0	0	0	0	0	2.981528
564	5626	0	0	0	0	0	1.360719
565	5641	0	0	0	1	0	2.160103
566	5644	0	0	0	0	0	2.928069
567	5651	0	0	0	0	0	1.770302
568	5660	0	0	0	1	0	2.729283
569	5671	0	0	0	0	0	1.862112
570	5678	0	0	0	1	0	2.287501
571	5694	0	0	0	2	0	1.490124
572	5703	0	0	0	0	0	1.032444
573	5712	0	0	0	0	0	1.212388
574	5723	0	0	0	1	0	1.381725
575	5743	0	0	0	0	0	1.813796
576	5757	0	0	0	2	0	2.800053
577	5766	0	0	0	2	0	2.108338
578	5774	0	0	0	0	0	1.305354
579	5782	0	0	0	1	0	1.981992
580	5794	0	0	0	2	0	2.750722
581	5801	0	0	0	0	0	2.570904
582	5811	0	0	0	1	0	2.353678
583	5825	0	0	0	0	0	1.743158
584	5837	0	0	0	2	0	2.271725
585	5847	0	0	0	1	0	2.556596
586	5851	0	0	0	0	0	2.867451
587	5858	0	0	0	1	0	1.556859
588	5864	0	0	0	0	0	2.481288
589	5879	0	0	0	0	0	1.574639
590	5892	0	0	0	0	0	2.737682
591	5904	0	0	0	0	0	2.314187
592	5923	0	0	0	1	0	2.592727
593	5930	0	0	0	2	0	2.360611
594	5941	0	0	0	0	0	1.599367
595	5949	0	0	0	0	0	2.669713
596	5960	0	0	0	2	0	2.731754
597	5971	0	0	0	0	0	1.713557
598	5980	0	0	0	2	0	2.385424
599	5991	0	0	0	2	0	2.476639
600	6001	0	0	0	0	0	2.849313
601	6011	0	0	0	0	0	2.790949
602	6016	0	0	0	0	0	2.791669
603	6032	0	0	0	1	0	2.883918
604	6042	0	0	0	1	0	1.280084
605	6049	0	0	0	0	0	2.361892
606	6060	0	0	0	0	0	2.943138
607	6068	0	0	0	0	0	2.823876
608	6074	0	0	0	0	0	1.112444
609	6079	0	0	0	1	0	2.114195
610	6090	0	0	0	2	0	2.811121
611	6097	0	0	0	0	0	2.953944
612	6102	0	0	0	1	0	2.113567
613	6110	0	0	0	2	0	1.643670
614	6115	0	0	0	0	0	2.287408
615	6126	0	0	0	1	0	1.316508
616	6132	0	0	0	0	0	2.287566
617	6141	0	0	0	1	0	1.068032
618	6151	0	0	0	0	0	2.214765
619	6160	0	0	0	2	0	1.209054
620	6171	0	0	0	0	0	2.625538
621	6178	0	0	0	2	0	2.201899
622	6187	0	0	0	1	0	1.252324
623	6198	0	0	0	1	0	1.369540
624	6215	0	0	0	1	0	1.914159
625	6219	0	0	0	1	0	1.485547
626	6232	0	0	0	1	0	1.753417
627	6236	0	0	0	0	0	2.449523
628	6240	0	0	0	2	0	2.287423
629	6246	0	0	0	1	0	2.652539
630	6253	0	0	0	2	0	1.021511
631	6265	0	0	0	1	0	1.243652
632	6272	0	0	0	1	0	1.109910
633	6281	0	0	0	0	0	2.411955
634	6290	0	0	0	2	0	1.033703
635	6300	0	0	0	0	0	1.255239
636	6312	0	0	0	0	0	2.438455
637	6335	0	0	0	1	0	2.526488
638	6349	0	0	0	0	0	1.343214
639	6353	0	0	0	0	0	1.001078
640	6366	0	0	0	0	0	2.614275
641	6374	0	0	0	1	0	1.993924
642	6384	0	0	0	1	0	1.093971
643	6391	0	0	0	2	0	1.027982
644	6400	0	0	0	1	0	2.439627
645	6413	0	0	0	0	0	2.616314
646	6420	0	0	0	0	0	1.874551
647	6433	0	0	0	2	0	1.501902
648	6448	0	0	0	1	0	1.566401
649	6453	0	0	0	0	0	1.282811
650	6469	0	0	0	1	0	2.860188
651	6477	0	0	0	2	0	1.924069
652	6493	0	0	0	1	0	1.676353
653	6506	0	0	0	1	0	2.369364
654	6516	0	0	0	2	0	2.372643
655	6527	0	0	0	0	0	2.600349
656	6540	0	0	0	0	0	1.538029
657	6552	0	0	0	0	0	1.939099
658	6558	0	0	0	2	0	1.253083
659	6573	0	0	0	1	0	2.767404
660	6587	0	0	0	0	0	2.134601
661	6598	0	0	0	2	0	1.376185
662	6606	0	0	0	2	0	2.735807
663	6613	0	0	0	0	0	2.323377
664	6623	0	0	0	1	0	1.550851
665	6638	0	0	0	0	0	2.451932
666	6646	0	0	0	0	0	1.281858
667	6659	0	0	0	1	0	1.479086
668	6668	0	0	0	2	0	2.570101
669	6679	0	0	0	0	0	2.898120
670	6688	0	0	0	2	0	2.464219
671	6704	0	0	0	1	0	2.882673
672	6716	0	0	0	2	0	1.147406
673	6728	0	0	0	2	0	1.352390
674	6739	0	0	0	2	0	1.525607
675	6746	0	0	0	0	0	1.106685
676	6765	0	0	0	2	0	1.711938
677	6772	0	0	0	0	0	2.215916
678	6782	0	0	0	2	0	1.120522
679	6792	0	0	0	1	0	2.992157
680	6799	0	0	0	0	0	2.113632
681	6809	0	0	0	0	0	2.345134
682	6816	0	0	0	1	0	2.610733
683	6820	0	0	0	2	0	1.586782
684	6835	0	0	0	1	0	2.642643
685	6841	0	0	0	1	0	1.150962
686	6854	0	0	0	0	0	2.712086
687	6866	0	0	0	2	0	1.864046
688	6875	0	0	0	1	0	1.545940
689	6887	0	0	0	0	0	2.010852
690	6900	0	0	0	1	0	1.026187
691	6912	0	0	0	0	0	1.726545
692	6919	0	0	0	0	0	2.488112
693	6929	0	0	0	1	0	1.046693
694	6941	0	0	0	0	0	2.725665
695	6950	0	0	0	0	0	2.075881
696	6957	0	0	0	0	0	2.549272
697	6970	0	0	0	1	0	2.427695
698	6978	0	0	0	0	0	2.190237
699	6985	0	0	0	0	0	1.406998
700	6996	0	0	0	1	0	1.976099
701	7001	0	0	0	0	0	1.361758
702	7014	0	0	0	0	0	1.446649
703	7023	0	0	0	1	0	2.378178
704	7031	0	0	0	1	0	2.508734
705	7040	0	0	0	1	0	2.363925
706	7047	0	0	0	0	0	2.050437
707	7058	0	0	0	2	0	2.280207
708	7071	0	0	0	0	0	2.269151
709	7079	0	0	0	1	0	2.137792
710	7086	0	0	0	0	0	1.878285
711	7096	0	0	0	2	0	2.604263
712	7106	0	0	0	0	0	1.660860
713	7118	0	0	0	2	0	2.658809
714	7132	0	0	0	1	0	2.184892
715	7141	0	0	0	1	0	1.881753
716	7153	0	0	0	0	0	1.900352
717	7165	0	0	0	1	0	1.952776
718	7173	0	0	0	2	0	2.903071
719	7182	0	0	0	0	0	1.297177
720	7193	0	0	0	0	0	2.145945
721	7198	0	0	0	2	0	1.475564
722	7211	0	0	0	2	0	2.012578
723	7226	0	0	0	2	0	1.245098
724	7238	0	0	0	1	0	1.219818
725	7248	0	0	0	0	0	1.662403
726	7255	0	0	0	2	0	1.648734
727	7263	0	0	0	0	0	2.728083
728	7281	0	0	0	2	0	2.328145
729	7290	0	0	0	1	0	1.639156
730	7300	0	0	0	1	0	1.068115
731	7312	0	0	0	0	0	1.591120
732	7320	0	0	0	0	0	1.569929
733	7330	0	0	0	1	0	1.451191
734	7336	0	0	0	1	0	2.613085
735	7344	0	0	0	1	0	2.564344
736	7355	0	0	0	0	0	2.668893
737	7370	0	0	0	0	0	1.977169
738	7376	0	0	0	2	0	1.769378
739	7391	0	0	0	0	0	1.314671
740	7399	0	0	0	2	0	1.750840
741	7407	0	0	0	0	0	1.956170
742	7413	0	0	0	2	0	1.534924
743	7426	0	0	0	0	0	1.147962
744	7435	0	0	0	2	0	2.454093
745	7439	0	0	0	0	0	2.638210
746	7448	0	0	0	1	0	2.582066
747	7465	0	0	0	1	0	1.186012
748	7481	0	0	0	0	0	1.402824
749	7491	0	0	0	1	0	1.135573
750	7502	0	0	0	2	0	2.681437
751	7514	0	0	0	1	0	1.186360
752	7522	0	0	0	2	0	1.125906
753	7531	0	0	0	1	0	1.512652
754	7537	0	0	0	1	0	2.591697
755	7549	0	0	0	2	0	2.582859
756	7558	0	0	0	1	0	2.148541
757	7566	0	0	0	1	0	1.937476
758	7572	0	0	0	1	0	1.677748
759	7577	0	0	0	0	0	2.697501
760	7589	0	0	0	2	0	1.635892
761	7599	0	0	0	1	0	2.561035
762	7603	0	0	0	0	0	2.064051
763	7614	0	0	0	0	0	2.714867
764	7620	0	0	0	1	0	2.964676
765	7630	0	0	0	2	0	2.426562
766	7642	0	0	0	0	0	2.664871
767	7649	0	0	0	1	0	1.348495
768	7656	0	0	0	1	0	1.454604
769	7667	0	0	0	0	0	1.752576
770	7678	0	0	0	1	0	2.557081
771	7688	0	0	0	1	0	2.618961
772	7701	0	0	0	1	0	2.894384
773	7708	0	0	0	2	0	1.918275
774	7719	0	0	0	2	0	1.838595
775	7727	0	0	0	0	0	2.109436
776	7735	0	0	0	1	0	2.369010
777	7741	0	0	0	2	0	2.199381
778	7755	0	0	0	1	0	1.786562
779	7762	0	0	0	0	0	1.533376
780	7773	0	0	0	2	0	1.575396
781	7781	0	0	0	1	0	1.594059
782	7789	0	0	0	1	0	1.775726
783	7806	0	0	0	0	0	2.246301
784	7813	0	0	0	0	0	1.518437
785	7823	0	0	0	0	0	1.183830
786	7832	0	0	0	1	0	2.825340
787	7842	0	0	0	2	0	1.591508
788	7853	0	0	0	0	0	2.419808
789	7862	0	0	0	1	0	1.987990
790	7874	0	0	0	1	0	1.993553
791	7885	0	0	0	2	0	1.072391
792	7895	0	0	0	1	0	2.785538
793	7906	0	0	0	0	0	2.197046
794	7912	0	0	0	0	0	1.021780
795	7919	0	0	0	0	0	1.224418
796	7931	0	0	0	2	0	2.231520
797	7945	0	0	0	1	0	1.707958
798	7953	0	0	0	0	0	2.002228
799	7963	0	0	0	0	0	1.568932
800	7972	0	0	0	2	0	1.160647
801	7984	0	0	0	0	0	2.334454
802	7993	0	0	0	2	0	2.709315
803	8010	0	0	0	1	0	2.179613
804	8027	0	0	0	0	0	1.663623
805	8038	0	0	0	2	0	1.999942
806	8050	0	0	0	0	0	2.298004
807	8056	0	0	0	1	0	1.926820
808	8062	0	0	0	0	0	2.085772
809	8073	0	0	0	1	0	1.561421
810	8081	0	0	0	2	0	2.887142
811	8090	0	0	0	0	0	2.638331
812	8105	0	0	0	1	0	1.409048
813	8112	0	0	0	0	0	1.975018
814	8123	0	0	0	0	0	1.582541
815	8128	0	0	0	1	0	2.750056
816	8137	0	0	0	2	0	1.661392
817	8148	0	0	0	1	0	2.141889
818	8161	0	0	0	1	0	2.783055
819	8172	0	0	0	1	0	1.004699
820	8184	0	0	0	2	0	1.794810
821	8193	0	0	0	0	0	2.146940
822	8203	0	0	0	2	0	2.133482
823	8215	0	0	0	2	0	1.539973
824	8224	0	0	0	0	0	1.563459
825	8234	0	0	0	2	0	2.225720
826	8245	0	0	0	0	0	1.751173
827	8256	0	0	0	2	0	1.371340
828	8265	0	0	0	0	0	1.794177
829	8273	0	0	0	1	0	2.021913
830	8287	0	0	0	0	0	2.623480
831	8297	0	0	0	2	0	1.759524
832	8304	0	0	0	0	0	2.764501
833	8315	0	0	0	1	0	1.347724
834	8325	0	0	0	1	0	2.688807
835	8335	0	0	0	1	0	1.451372
836	8345	0	0	0	0	0	2.635361
837	8361	0	0	0	1	0	1.538779
838	8370	0	0	0	1	0	1.088445
839	8380	0	0	0	1	0	2.370132
840	8389	0	0	0	2	0	1.945261
841	8395	0	0	0	2	0	1.700973
842	8408	0	0	0	0	0	1.275600
843	8419	0	0	0	1	0	1.078189
844	8423	0	0	0	2	0	2.083758
845	8432	0	0	0	1	0	2.874848
846	8438	0	0	0	0	0	1.201516
847	8443	0	0	0	0	0	1.725152
848	8451	0	0	0	2	0	1.587646
849	8473	0	0	0	2	0	2.572053
850	8481	0	0	0	1	0	2.683072
851	8490	0	0	0	0	0	2.715514
852	8499	0	0	0	0	0	1.816318
853	8503	0	0	0	2	0	1.118965
854	8512	0	0	0	0	0	1.163430
855	8516	0	0	0	1	0	2.513169
856	8522	0	0	0	0	0	2.393904
857	8533	0	0	0	2	0	1.556806
858	8543	0	0	0	0	0	2.373216
859	8550	0	0	0	2	0	1.637310
860	8561	0	0	0	0	0	2.371002
861	8576	0	0	0	1	0	2.197772
862	8587	0	0	0	1	0	1.877144
863	8604	0	0	0	0	0	1.173618
864	8607	0	0	0	1	0	2.434919
865	8618	0	0	0	1	0	1.349853
866	8627	0	0	0	2	0	2.369791
867	8641	0	0	0	2	0	1.130096
868	8650	0	0	0	1	0	2.169546
869	8656	0	0	0	1	0	1.576586
870	8668	0	0	0	0	0	2.721347
871	8673	0	0	0	1	0	2.549093
872	8680	0	0	0	0	0	1.760795
873	8689	0	0	0	1	0	2.632054
874	8700	0	0	0	1	0	1.241060
875	8704	0	0	0	1	0	2.671570
876	8718	0	0	0	0	0	2.798433
877	8724	0	0	0	1	0	1.823164
878	8733	0	0	0	1	0	2.470915
879	8745	0	0	0	1	0	1.329332
880	8754	0	0	0	2	0	1.970467
881	8770	0	0	0	2	0	2.077392
882	8780	0	0	0	0	0	1.365622
883	8795	0	0	0	1	0	2.651473
884	8798	0	0	0	0	0	2.053911
885	8809	0	0	0	0	0	1.736366
886	8818	0	0	0	1	0	1.212007
887	8826	0	0	0	2	0	1.874737
888	8839	0	0	0	2	0	2.281362
889	8852	0	0	0	2	0	1.805098
890	8858	0	0	0	1	0	1.083255
891	8869	0	0	0	0	0	1.486836
892	8883	0	0	0	0	0	2.213612
893	8891	0	0	0	0	0	2.140727
894	8898	0	0	0	1	0	1.441800
895	8912	0	0	0	0	0	1.551749
896	8928	0	0	0	0	0	2.820426
897	8938	0	0	0	0	0	2.617623
898	8951	0	0	0	1	0	1.073436
899	8961	0	0	0	0	0	1.357412
900	8970	0	0	0	0	0	2.046136
901	8983	0	0	0	1	0	2.860956
902	8992	0	0	0	1	0	1.350964
903	8996	0	0	0	1	0	2.276956
904	9008	0	0	0	0	0	1.270984
905	9019	0	0	0	2	0	2.574111
906	9029	0	0	0	0	0	1.857904
907	9040	0	0	0	0	0	2.920797
908	9045	0	0	0	1	0	2.585954
909	9055	0	0	0	0	0	2.324291
910	9068	0	0	0	2	0	2.465140
911	9080	0	0	0	1	0	1.978967
912	9090	0	0	0	2	0	1.943165
913	9099	0	0	0	0	0	2.723356
914	9104	0	0	0	2	0	1.971014
915	9114	0	0	0	2	0	2.740049
916	9130	0	0	0	2	0	1.766827
917	9144	0	0	0	1	0	1.263356
918	9158	0	0	0	0	0	2.104371
919	9172	0	0	0	2	0	1.571234
920	9181	0	0	0	0	0	2.469044
921	9194	0	0	0	0	0	2.881056
922	9203	0	0	0	0	0	1.294105
923	9218	0	0	0	0	0	2.921802
924	9229	0	0	0	1	0	2.904877
925	9235	0	0	0	0	0	1.685127
926	9245	0	0	0	1	0	1.814303
927	9261	0	0	0	2	0	1.112830
928	9268	0	0	0	0	0	1.198330
929	9274	0	0	0	1	0	2.144240
930	9278	0	0	0	0	0	2.307972
931	9289	0	0	0	1	0	2.735662
932	9297	0	0	0	1	0	1.288266
933	9309	0	0	0	0	0	2.316748
934	9317	0	0	0	1	0	1.098063
935	9331	0	0	0	0	0	1.903198
936	9343	0	0	0	0	0	2.306260
937	9355	0	0	0	0	0	1.165156
938	9362	0	0	0	2	0	2.400681
939	9371	0	0	0	2	0	1.598790
940	9387	0	0	0	1	0	2.083773
941	9392	0	0	0	0	0	1.320771
942	9397	0	0	0	2	0	2.288751
943	9413	0	0	0	0	0	1.930876
944	9426	0	0	0	1	0	1.970504
945	9441	0	0	0	1	0	1.378648
946	9444	0	0	0	0	0	1.895358
947	9456	0	0	0	0	0	2.287459
948	9464	0	0	0	2	0	2.818310
949	9480	0	0	0	0	0	2.592279
950	9486	0	0	0	0	0	2.180602
951	9491	0	0	0	0	0	1.052323
952	9500	0	0	0	1	0	1.088498
953	9510	0	0	0	1	0	2.583231
954	9515	0	0	0	2	0	1.458325
955	9523	0	0	0	0	0	1.618656
956	9534	0	0	0	1	0	1.749352
957	9545	0	0	0	2	0	2.664717
958	9551	0	0	0	0	0	2.477579
959	9565	0	0	0	2	0	1.386271
960	9574	0	0	0	2	0	2.535030
961	9585	0	0	0	2	0	1.231831
962	9597	0	0	0	1	0	1.212334
963	9608	0	0	0	2	0	2.764806
964	9615	0	0	0	0	0	1.205993
965	9623	0	0	0	1	0	2.633960
966	9635	0	0	0	2	0	1.951903
967	9643	0	0	0	0	0	2.466084
968	9660	0	0	0	2	0	2.341658
969	9674	0	0	0	0	0	2.979305
970	9686	0	0	0	0	0	2.977816
971	9695	0	0	0	0	0	1.420964
972	9703	0	0	0	1	0	2.629520
973	9711	0	0	0	2	0	1.892235
974	9718	0	0	0	1	0	2.139984
975	9730	0	0	0	1	0	2.343273
976	9741	0	0	0	1	0	2.880749
977	9748	0	0	0	0	0	2.647770
978	9761	0	0	0	0	0	2.931795
979	9768	0	0	0	1	0	1.551135
980	9781	0	0	0	1	0	2.098067
981	9794	0	0	0	1	0	1.753194
982	9801	0	0	0	2	0	2.568839
983	9813	0	0	0	1	0	2.633501
984	9827	0	0	0	2	0	1.530410
985	9836	0	0	0	1	0	1.717892
986	9849	0	0	0	2	0	1.814602
987	9858	0	0	0	1	0	2.569893
988	9866	0	0	0	0	0	1.648482
989	9872	0	0	0	0	0	2.527948
990	9883	0	0	0	1	0	1.594561
991	9891	0	0	0	2	0	2.383353
992	9898	0	0	0	0	0	1.126154
993	9910	0	0	0	0	0	2.035299
994	9926	0	0	0	2	0	2.875593
995	9936	0	0	0	2	0	1.853030
996	9944	0	0	0	1	0	2.601570
997	9957	0	0	0	1	0	2.073115
998	9968	0	0	0	2	0	1.733750
999	9977	0	0	0	2	0	2.925132
