0	1	0	0	0	2	0	2.723833
1	11	0	0	0	2	0	2.424150
2	19	0	0	0	0	0	1.099239
3	24	0	0	0	1	0	1.272688
4	36	0	0	0	0	0	2.759754
5	45	0	0	0	0	0	2.372118
6	50	0	0	0	2	0	1.871006
7	60	0	0	0	0	0	2.078036
8	69	0	0	0	2	0	2.784979
9	74	0	0	0	0	0	1.115638
10	84	0	0	0	0	0	1.082006
11	90	0	0	0	1	0	2.932755
12	101	0	0	0	1	0	2.592389
13	113	0	0	0	1	0	2.835332
14	126	0	0	0	0	0	2.905260
15	138	0	0	0	0	0	2.879613
16	147	0	0	0	1	0	1.111917
17	156	0	0	0	0	0	2.981675
18	160	0	0	0	0	0	1.986592
19	168	0	0	0	1	0	2.590364
20	179	0	0	0	1	0	2.615578
21	192	0	0	0	1	0	1.773893
22	200	0	0	0	0	0	1.703038
23	208	0	0	0	1	0	2.257328
24	225	0	0	0	1	0	1.121618
25	232	0	0	0	0	0	2.331810
26	249	0	0	0	1	0	2.112227
27	256	0	0	0	1	0	2.768518
28	265	0	0	0	0	0	1.982783
29	276	0	0	0	0	0	1.025837
30	288	0	0	0	2	0	1.899011
31	302	0	0	0	2	0	2.326139
32	314	0	0	0	0	0	1.731372
33	327	0	0	0	1	0	2.213948
34	340	0	0	0	1	0	2.046554
35	345	0	0	0	2	0	2.988946
36	357	0	0	0	0	0	2.413241
37	361	0	0	0	0	0	1.190446
38	371	0	0	0	1	0	2.398595
39	380	0	0	0	1	0	1.822667
40	385	0	0	0	2	0	1.578301
41	397	0	0	0	1	0	1.747502
42	409	0	0	0	1	0	2.263026
43	422	0	0	0	0	0	2.717261
44	432	0	0	0	0	0	2.945540
45	439	0	0	0	1	0	2.853123
46	452	0	0	0	0	0	2.319623
47	462	0	0	0	0	0	1.456956
48	474	0	0	0	1	0	2.246798
49	486	0	0	0	2	0	1.675739
50	497	0	0	0	0	0	1.334144
51	506	0	0	0	0	0	2.837590
52	515	0	0	0	0	0	2.959970
53	525	0	0	0	1	0	2.404322
54	536	0	0	0	1	0	2.427974
55	546	0	0	0	0	0	1.152543
56	553	0	0	0	1	0	1.909840
57	564	0	0	0	0	0	1.812091
58	574	0	0	0	2	0	2.627813
59	581	0	0	0	0	0	1.339791
60	593	0	0	0	1	0	1.973861
61	602	0	0	0	0	0	1.429034
62	617	0	0	0	0	0	1.031448
63	627	0	0	0	1	0	1.512477
64	631	0	0	0	0	0	2.086067
65	635	0	0	0	0	0	1.798773
66	653	0	0	0	1	0	2.639540
67	661	0	0	0	1	0	2.021611
68	671	0	0	0	2	0	2.135431
69	688	0	0	0	1	0	2.379593
70	697	0	0	0	0	0	1.576767
71	705	0	0	0	2	0	2.305252
72	715	0	0	0	0	0	1.312551
73	726	0	0	0	1	0	1.861690
74	738	0	0	0	1	0	1.669929
75	748	0	0	0	1	0	2.682808
76	762	0	0	0	2	0	2.753451
77	769	0	0	0	0	0	1.201481
78	779	0	0	0	2	0	2.483854
79	786	0	0	0	1	0	1.847368
80	795	0	0	0	2	0	1.967762
81	803	0	0	0	0	0	1.179180
82	808	0	0	0	0	0	1.319211
83	821	0	0	0	1	0	2.347826
84	835	0	0	0	2	0	1.669347
85	844	0	0	0	0	0	2.711748
86	849	0	0	0	1	0	1.627572
87	857	0	0	0	1	0	1.326659
88	868	0	0	0	0	0	2.621099
89	876	0	0	0	1	0	1.138707
90	882	0	0	0	2	0	1.219272
91	890	0	0	0	2	0	1.836657
92	900	0	0	0	0	0	1.419894
93	906	0	0	0	1	0	2.000433
94	913	0	0	0	1	0	2.090748
95	926	0	0	0	0	0	2.776908
96	930	0	0	0	2	0	2.857685
97	947	0	0	0	0	0	1.972619
98	966	0	0	0	0	0	1.143321
99	972	0	0	0	2	0	1.505223
100	978	0	0	0	0	0	2.437916
101	986	0	0	0	0	0	2.518169
102	995	0	0	0	1	0	1.051234
103	1009	0	0	0	2	0	2.349660
104	1017	0	0	0	1	0	1.275139
105	1023	0	0	0	0	0	2.497599
106	1033	0	0	0	1	0	1.699847
107	1046	0	0	0	0	0	2.635335
108	1057	0	0	0	0	0	1.505544
109	1071	0	0	0	2	0	1.794328
110	1083	0	0	0	0	0	2.349056
111	1092	0	0	0	2	0	2.137490
112	1100	0	0	0	1	0	1.338810
113	1108	0	0	0	2	0	2.272227
114	1113	0	0	0	0	0	2.285566
115	1126	0	0	0	1	0	2.048174
116	1142	0	0	0	2	0	1.271800
117	1150	0	0	0	1	0	2.584014
118	1161	0	0	0	1	0	2.311475
119	1170	0	0	0	1	0	2.075282
120	1178	0	0	0	2	0	2.014142
121	1186	0	0	0	2	0	2.347328
122	1197	0	0	0	2	0	1.911496
123	1214	0	0	0	1	0	1.126540
124	1219	0	0	0	2	0	2.992894
125	1229	0	0	0	1	0	2.601306
126	1241	0	0	0	1	0	1.728683
127	1251	0	0	0	1	0	2.232712
128	1261	0	0	0	0	0	1.086009
129	1272	0	0	0	1	0	2.431898
130	1281	0	0	0	0	0	2.775600
131	1292	0	0	0	0	0	1.555032
132	1303	0	0	0	1	0	2.288364
133	1313	0	0	0	0	0	1.026828
134	1325	0	0	0	2	0	1.120085
135	1334	0	0	0	0	0	2.843274
136	1342	0	0	0	0	0	1.693993
137	1356	0	0	0	0	0	2.372090
138	1366	0	0	0	0	0	2.512900
139	1373	0	0	0	0	0	2.621967
140	1380	0	0	0	2	0	1.493618
141	1394	0	0	0	1	0	2.476912
142	1405	0	0	0	1	0	2.709338
143	1417	0	0	0	0	0	2.529706
144	1433	0	0	0	0	0	1.210244
145	1441	0	0	0	0	0	2.036517
146	1455	0	0	0	1	0	2.056700
147	1460	0	0	0	1	0	1.542593
148	1468	0	0	0	1	0	2.078209
149	1476	0	0	0	1	0	2.975023
150	1487	0	0	0	0	0	1.308317
151	1494	0	0	0	2	0	2.092233
152	1504	0	0	0	1	0	2.674098
153	1514	0	0	0	2	0	1.965409
154	1524	0	0	0	2	0	2.092705
155	1537	0	0	0	2	0	1.048882
156	1542	0	0	0	0	0	2.435244
157	1552	0	0	0	1	0	2.980475
158	1560	0	0	0	0	0	1.917288
159	1571	0	0	0	1	0	1.331691
160	1579	0	0	0	0	0	2.655582
161	1597	0	0	0	1	0	1.664561
162	1602	0	0	0	0	0	2.913662
163	1616	0	0	0	0	0	1.691246
164	1627	0	0	0	2	0	2.024143
165	1637	0	0	0	2	0	2.032437
166	1645	0	0	0	0	0	1.559401
167	1659	0	0	0	1	0	1.299029
168	1667	0	0	0	2	0	2.623412
169	1675	0	0	0	1	0	1.045449
170	1682	0	0	0	0	0	2.187107
171	1688	0	0	0	0	0	2.542005
172	1693	0	0	0	0	0	1.587053
173	1701	0	0	0	0	0	1.031590
174	1711	0	0	0	2	0	2.405322
175	1720	0	0	0	0	0	1.918492
176	1726	0	0	0	0	0	2.607617
177	1728	0	0	0	0	0	1.529397
178	1738	0	0	0	2	0	1.226425
179	1748	0	0	0	0	0	2.776912
180	1761	0	0	0	1	0	2.155880
181	1772	0	0	0	1	0	1.671647
182	1784	0	0	0	0	0	2.416444
183	1793	0	0	0	0	0	2.064371
184	1803	0	0	0	0	0	1.580835
185	1814	0	0	0	1	0	2.058542
186	1827	0	0	0	0	0	1.546374
187	1838	0	0	0	1	0	1.479575
188	1852	0	0	0	2	0	1.838620
189	1858	0	0	0	1	0	1.540796
190	1864	0	0	0	1	0	2.917795
191	1876	0	0	0	1	0	1.625199
192	1882	0	0	0	0	0	2.327568
193	1892	0	0	0	0	0	2.938565
194	1897	0	0	0	1	0	2.149435
195	1906	0	0	0	1	0	2.984323
196	1910	0	0	0	0	0	2.475664
197	1920	0	0	0	1	0	1.182860
198	1930	0	0	0	1	0	1.404940
199	1942	0	0	0	1	0	2.765315
200	1954	0	0	0	0	0	1.309436
201	1967	0	0	0	2	0	2.224409
202	1980	0	0	0	0	0	1.052239
203	1993	0	0	0	0	0	2.379979
204	2005	0	0	0	2	0	2.239219
205	2018	0	0	0	1	0	2.035281
206	2029	0	0	0	1	0	2.686658
207	2035	0	0	0	1	0	1.800966
208	2044	0	0	0	0	0	1.907602
209	2056	0	0	0	0	0	1.232990
210	2063	0	0	0	0	0	1.554044
211	2077	0	0	0	1	0	2.026643
212	2085	0	0	0	0	0	1.322434
213	2093	0	0	0	2	0	2.857861
214	2103	0	0	0	1	0	1.697294
215	2108	0	0	0	2	0	2.421569
216	2118	0	0	0	0	0	2.089229
217	2127	0	0	0	0	0	1.246646
218	2134	0	0	0	0	0	2.373397
219	2143	0	0	0	1	0	2.308102
220	2147	0	0	0	1	0	1.591556
221	2149	0	0	0	1	0	2.141556
222	2155	0	0	0	2	0	2.583299
223	2165	0	0	0	1	0	2.244355
224	2171	0	0	0	2	0	1.063287
225	2180	0	0	0	0	0	2.189532
226	2192	0	0	0	1	0	1.607412
227	2204	0	0	0	2	0	2.792591
228	2217	0	0	0	1	0	1.927931
229	2232	0	0	0	1	0	1.418370
230	2246	0	0	0	1	0	1.029224
231	2260	0	0	0	1	0	1.069929
232	2267	0	0	0	2	0	2.764895
233	2277	0	0	0	0	0	2.166359
234	2287	0	0	0	0	0	2.654302
235	2294	0	0	0	1	0	1.467940
236	2304	0	0	0	2	0	1.642556
237	2315	0	0	0	0	0	2.864809
238	2324	0	0	0	0	0	1.935663
239	2333	0	0	0	2	0	1.762721
240	2339	0	0	0	1	0	2.578973
241	2349	0	0	0	0	0	2.938462
242	2358	0	0	0	1	0	1.867831
243	2362	0	0	0	0	0	1.689514
244	2368	0	0	0	1	0	2.261371
245	2379	0	0	0	0	0	2.280696
246	2387	0	0	0	1	0	1.169059
247	2397	0	0	0	0	0	2.015688
248	2403	0	0	0	1	0	1.067229
249	2411	0	0	0	0	0	1.697081
250	2418	0	0	0	0	0	1.213344
251	2430	0	0	0	0	0	2.207575
252	2437	0	0	0	2	0	1.821331
253	2447	0	0	0	0	0	1.637910
254	2454	0	0	0	1	0	2.901667
255	2464	0	0	0	0	0	1.675889
256	2480	0	0	0	2	0	1.150108
257	2492	0	0	0	1	0	1.931736
258	2496	0	0	0	0	0	1.813364
259	2512	0	0	0	0	0	1.722923
260	2518	0	0	0	1	0	2.078782
261	2526	0	0	0	0	0	2.910165
262	2533	0	0	0	0	0	2.287001
263	2546	0	0	0	1	0	1.974184
264	2561	0	0	0	1	0	1.138075
265	2573	0	0	0	1	0	1.432974
266	2577	0	0	0	0	0	1.326822
267	2599	0	0	0	0	0	1.462174
268	2604	0	0	0	1	0	1.703841
269	2617	0	0	0	1	0	2.987484
270	2625	0	0	0	0	0	2.075826
271	2632	0	0	0	1	0	2.547840
272	2648	0	0	0	0	0	2.341987
273	2660	0	0	0	0	0	2.326098
274	2670	0	0	0	2	0	1.189688
275	2679	0	0	0	0	0	2.194127
276	2690	0	0	0	1	0	2.620111
277	2703	0	0	0	0	0	2.636698
278	2715	0	0	0	2	0	1.259576
279	2722	0	0	0	0	0	2.555974
280	2732	0	0	0	1	0	1.222973
281	2748	0	0	0	0	0	1.473917
282	2759	0	0	0	2	0	2.516381
283	2767	0	0	0	0	0	1.171696
284	2777	0	0	0	1	0	2.077771
285	2782	0	0	0	0	0	1.136273
286	2789	0	0	0	2	0	1.023091
287	2803	0	0	0	1	0	1.888333
288	2812	0	0	0	1	0	2.663734
289	2820	0	0	0	0	0	2.162659
290	2832	0	0	0	0	0	1.108030
291	2842	0	0	0	1	0	2.578630
292	2853	0	0	0	2	0	2.484623
293	2870	0	0	0	2	0	2.113009
294	2876	0	0	0	0	0	2.437973
295	2888	0	0	0	1	0	1.597589
296	2893	0	0	0	2	0	2.024832
297	2902	0	0	0	0	0	2.046523
298	2917	0	0	0	0	0	2.124836
299	2928	0	0	0	2	0	2.963612
300	2939	0	0	0	1	0	2.550335
301	2948	0	0	0	0	0	1.960833
302	2959	0	0	0	0	0	2.742944
303	2970	0	0	0	2	0	2.238655
304	2977	0	0	0	1	0	1.774064
305	2984	0	0	0	0	0	1.538859
306	2990	0	0	0	0	0	2.727167
307	2998	0	0	0	1	0	2.959099
308	3005	0	0	0	1	0	1.871353
309	3016	0	0	0	2	0	1.723504
310	3030	0	0	0	1	0	2.071526
311	3042	0	0	0	2	0	1.138392
312	3053	0	0	0	1	0	1.398019
313	3063	0	0	0	0	0	2.366788
314	3068	0	0	0	1	0	2.216395
315	3074	0	0	0	1	0	2.024612
316	3086	0	0	0	1	0	1.927712
317	3095	0	0	0	0	0	1.948786
318	3104	0	0	0	1	0	2.976167
319	3116	0	0	0	1	0	2.673588
320	3127	0	0	0	1	0	2.203708
321	3136	0	0	0	1	0	1.674558
322	3143	0	0	0	0	0	2.664767
323	3151	0	0	0	0	0	2.658961
324	3160	0	0	0	1	0	2.770147
325	3169	0	0	0	0	0	2.436300
326	3175	0	0	0	2	0	2.255008
327	3189	0	0	0	0	0	1.251104
328	3193	0	0	0	1	0	2.471110
329	3202	0	0	0	1	0	1.039862
330	3216	0	0	0	1	0	2.920972
331	3225	0	0	0	1	0	1.664775
332	3229	0	0	0	1	0	2.232104
333	3237	0	0	0	0	0	2.365903
334	3248	0	0	0	2	0	1.304826
335	3258	0	0	0	0	0	1.822938
336	3264	0	0	0	1	0	2.459095
337	3275	0	0	0	1	0	2.940467
338	3285	0	0	0	1	0	1.226151
339	3292	0	0	0	1	0	2.187500
340	3303	0	0	0	1	0	2.548020
341	3303	0	0	0	1	0	1.379234
342	3317	0	0	0	0	0	2.819537
343	3329	0	0	0	2	0	1.266946
344	3332	0	0	0	2	0	2.088249
345	3353	0	0	0	2	0	2.499843
346	3360	0	0	0	0	0	1.526340
347	3374	0	0	0	2	0	2.095450
348	3379	0	0	0	2	0	1.155962
349	3392	0	0	0	0	0	2.684041
350	3400	0	0	0	0	0	2.353274
351	3409	0	0	0	1	0	1.367371
352	3423	0	0	0	1	0	2.400887
353	3429	0	0	0	1	0	1.118591
354	3438	0	0	0	2	0	1.179443
355	3449	0	0	0	1	0	2.353591
356	3457	0	0	0	2	0	2.077333
357	3466	0	0	0	0	0	1.605679
358	3476	0	0	0	1	0	1.189730
359	3484	0	0	0	1	0	2.300598
360	3493	0	0	0	1	0	2.978143
361	3503	0	0	0	1	0	1.143339
362	3511	0	0	0	0	0	1.460959
363	3518	0	0	0	2	0	1.163109
364	3535	0	0	0	1	0	1.615691
365	3546	0	0	0	0	0	1.123531
366	3557	0	0	0	0	0	2.509568
367	3566	0	0	0	1	0	1.232896
368	3577	0	0	0	1	0	1.233983
369	3585	0	0	0	1	0	2.738979
370	3595	0	0	0	0	0	2.935385
371	3599	0	0	0	0	0	1.371220
372	3601	0	0	0	0	0	2.425718
373	3613	0	0	0	1	0	1.918417
374	3626	0	0	0	0	0	2.116263
375	3635	0	0	0	1	0	2.107504
376	3642	0	0	0	1	0	1.391985
377	3652	0	0	0	1	0	2.496044
378	3663	0	0	0	0	0	2.515132
379	3673	0	0	0	0	0	1.605211
380	3681	0	0	0	1	0	1.450322
381	3694	0	0	0	2	0	1.403739
382	3704	0	0	0	0	0	1.832832
383	3716	0	0	0	1	0	2.138489
384	3721	0	0	0	2	0	2.439300
385	3730	0	0	0	0	0	2.914708
386	3738	0	0	0	1	0	2.918303
387	3750	0	0	0	1	0	1.527419
388	3759	0	0	0	1	0	1.347734
389	3772	0	0	0	0	0	2.568979
390	3781	0	0	0	1	0	2.491752
391	3791	0	0	0	0	0	1.094195
392	3805	0	0	0	1	0	2.519648
393	3814	0	0	0	2	0	1.229069
394	3824	0	0	0	0	0	1.385567
395	3834	0	0	0	0	0	1.604834
396	3844	0	0	0	0	0	2.010400
397	3856	0	0	0	1	0	2.111833
398	3865	0	0	0	0	0	2.142030
399	3876	0	0	0	0	0	2.334973
400	3889	0	0	0	2	0	2.429642
401	3895	0	0	0	0	0	2.361421
402	3908	0	0	0	1	0	2.501531
403	3921	0	0	0	0	0	2.275689
404	3933	0	0	0	0	0	2.602313
405	3941	0	0	0	0	0	2.597665
406	3953	0	0	0	2	0	1.369249
407	3966	0	0	0	0	0	1.309052
408	3974	0	0	0	0	0	1.913115
409	3988	0	0	0	0	0	2.696572
410	4004	0	0	0	0	0	2.264634
411	4016	0	0	0	0	0	1.067623
412	4024	0	0	0	2	0	1.509278
413	4041	0	0	0	0	0	2.422433
414	4054	0	0	0	0	0	2.945575
415	4068	0	0	0	0	0	2.518005
416	4074	0	0	0	0	0	1.054432
417	4087	0	0	0	2	0	2.473157
418	4095	0	0	0	2	0	1.301600
419	4106	0	0	0	1	0	1.887496
420	4118	0	0	0	1	0	1.799823
421	4136	0	0	0	2	0	2.530335
422	4147	0	0	0	1	0	2.173225
423	4155	0	0	0	1	0	2.248142
424	4172	0	0	0	0	0	2.984154
425	4184	0	0	0	0	0	2.766829
426	4195	0	0	0	1	0	2.201000
427	4208	0	0	0	0	0	2.297068
428	4217	0	0	0	0	0	2.166865
429	4222	0	0	0	1	0	2.952421
430	4234	0	0	0	0	0	1.988709
431	4245	0	0	0	0	0	2.705371
432	4249	0	0	0	0	0	2.463829
433	4256	0	0	0	1	0	2.765612
434	4266	0	0	0	2	0	2.886411
435	4273	0	0	0	2	0	2.428537
436	4282	0	0	0	0	0	2.989656
437	4295	0	0	0	0	0	2.939016
438	4309	0	0	0	0	0	2.585671
439	4326	0	0	0	2	0	2.842733
440	4335	0	0	0	1	0	1.406776
441	4343	0	0	0	0	0	1.542433
442	4352	0	0	0	2	0	1.317327
443	4356	0	0	0	0	0	1.240737
444	4372	0	0	0	0	0	2.735095
445	4377	0	0	0	0	0	1.745976
446	4388	0	0	0	1	0	1.791386
447	4399	0	0	0	2	0	2.925756
448	4406	0	0	0	1	0	2.622244
449	4415	0	0	0	0	0	1.182449
450	4424	0	0	0	1	0	1.493868
451	4445	0	0	0	0	0	2.356323
452	4453	0	0	0	2	0	1.300149
453	4461	0	0	0	1	0	1.498571
454	4472	0	0	0	0	0	2.199731
455	4481	0	0	0	2	0	1.387783
456	4487	0	0	0	2	0	2.829555
457	4495	0	0	0	0	0	1.726047
458	4503	0	0	0	1	0	1.374328
459	4512	0	0	0	2	0	2.941263
460	4520	0	0	0	1	0	2.379272
461	4538	0	0	0	0	0	2.677065
462	4546	0	0	0	0	0	1.540014
463	4554	0	0	0	2	0	2.431947
464	4565	0	0	0	2	0	1.118476
465	4579	0	0	0	1	0	1.486012
466	4588	0	0	0	1	0	2.963092
467	4598	0	0	0	0	0	1.539372
468	4607	0	0	0	0	0	1.153868
469	4616	0	0	0	1	0	1.392250
470	4624	0	0	0	0	0	2.097253
471	4633	0	0	0	1	0	1.675650
472	4646	0	0	0	1	0	2.669877
473	4661	0	0	0	2	0	1.397259
474	4669	0	0	0	1	0	2.098535
475	4679	0	0	0	0	0	2.508799
476	4695	0	0	0	1	0	1.374027
477	4708	0	0	0	0	0	1.485605
478	4716	0	0	0	0	0	2.769291
479	4733	0	0	0	1	0	2.847327
480	4745	0	0	0	1	0	1.902164
481	4756	0	0	0	2	0	2.427668
482	4764	0	0	0	2	0	1.780164
483	4774	0	0	0	2	0	2.259799
484	4786	0	0	0	2	0	2.365146
485	4796	0	0	0	1	0	1.295935
486	4810	0	0	0	2	0	1.439950
487	4824	0	0	0	0	0	2.626744
488	4839	0	0	0	0	0	1.582366
489	4852	0	0	0	2	0	2.681143
490	4863	0	0	0	2	0	1.864339
491	4876	0	0	0	0	0	2.511224
492	4886	0	0	0	0	0	2.298865
493	4894	0	0	0	1	0	1.767274
494	4904	0	0	0	2	0	2.348399
495	4915	0	0	0	0	0	2.160714
496	4927	0	0	0	1	0	1.690233
497	4933	0	0	0	0	0	2.900046
498	4943	0	0	0	2	0	2.329527
499	4956	0	0	0	0	0	2.132542
500	4962	0	0	0	0	0	2.701342
501	4969	0	0	0	2	0	1.133180
502	4979	0	0	0	0	0	2.103706
503	4990	0	0	0	2	0	1.282797
504	4996	0	0	0	2	0	1.067711
505	5003	0	0	0	0	0	2.556985
506	5010	0	0	0	0	0	1.259417
507	5015	0	0	0	2	0	1.549033
508	5022	0	0	0	1	0	1.911438
509	5028	0	0	0	0	0	2.115922
510	5037	0	0	0	1	0	2.009814
511	5051	0	0	0	2	0	2.495276
512	5069	0	0	0	2	0	2.999978
513	5078	0	0	0	0	0	2.304082
514	5090	0	0	0	1	0	1.667389
515	5106	0	0	0	0	0	2.455044
516	5114	0	0	0	1	0	2.962983
517	5124	0	0	0	0	0	1.631155
518	5137	0	0	0	0	0	2.086305
519	5146	0	0	0	1	0	2.910799
520	5159	0	0	0	1	0	1.785779
521	5167	0	0	0	1	0	1.575586
522	5178	0	0	0	0	0	1.791443
523	5187	0	0	0	0	0	1.732216
524	5202	0	0	0	0	0	2.165177
525	5211	0	0	0	2	0	2.438726
526	5223	0	0	0	0	0	1.713577
527	5237	0	0	0	2	0	2.679963
528	5242	0	0	0	1	0	1.237929
529	5248	0	0	0	0	0	2.717004
530	5263	0	0	0	1	0	2.249728
531	5273	0	0	0	1	0	1.537444
532	5281	0	0	0	1	0	2.713332
533	5292	0	0	0	1	0	2.881098
534	5305	0	0	0	0	0	2.323538
535	5316	0	0	0	1	0	1.108365
536	5326	0	0	0	0	0	2.792562
537	5336	0	0	0	0	0	1.635548
538	5349	0	0	0	1	0	2.186354
539	5354	0	0	0	1	0	1.356419
540	5361	0	0	0	0	0	2.261665
541	5368	0	0	0	2	0	1.911907
542	5376	0	0	0	1	0	1.802419
543	5385	0	0	0	0	0	1.933180
544	5394	0	0	0	1	0	1.608272
545	5410	0	0	0	0	0	1.495084
546	5419	0	0	0	2	0	1.048658
547	5428	0	0	0	0	0	2.231978
548	5436	0	0	0	1	0	1.676198
549	5445	0	0	0	0	0	2.467624
550	5460	0	0	0	0	0	2.517053
551	5469	0	0	0	0	0	2.610266
552	5483	0	0	0	1	0	1.322849
553	5496	0	0	0	0	0	1.446244
554	5502	0	0	0	0	0	1.712668
555	5510	0	0	0	0	0	1.287298
556	5524	0	0	0	2	0	1.608858
557	5536	0	0	0	2	0	1.390927
558	5545	0	0	0	1	0	2.313466
559	5556	0	0	0	1	0	2.614406
560	5569	0	0	0	0	0	2.010749
561	5577	0	0	0	0	0	1.752223
562	5587	0	0	0	1	0	2.376271
563	5600	0	0	0	0	0	1.596227
564	5608	0	0	0	2	0	1.293186
565	5619	0	0	0	2	0	2.790689
566	5633	0	0	0	2	0	2.197098
567	5645	0	0	0	2	0	1.304977
568	5658	0	0	0	0	0	2.749872
569	5673	0	0	0	1	0	1.718139
570	5684	0	0	0	2	0	2.566196
571	5690	0	0	0	0	0	2.555708
572	5698	0	0	0	0	0	2.598583
573	5707	0	0	0	0	0	1.497239
574	5720	0	0	0	2	0	2.184857
575	5732	0	0	0	2	0	1.269710
576	5742	0	0	0	0	0	1.246880
577	5750	0	0	0	1	0	2.165027
578	5756	0	0	0	1	0	1.256127
579	5766	0	0	0	2	0	1.196378
580	5773	0	0	0	1	0	1.453405
581	5785	0	0	0	0	0	1.544259
582	5792	0	0	0	1	0	1.079208
583	5801	0	0	0	1	0	2.381100
584	5813	0	0	0	1	0	1.896180
585	5823	0	0	0	1	0	2.337114
586	5833	0	0	0	1	0	1.991202
587	5841	0	0	0	1	0	1.467301
588	5846	0	0	0	0	0	1.156338
589	5858	0	0	0	1	0	2.371780
590	5873	0	0	0	1	0	2.728031
591	5880	0	0	0	0	0	1.235841
592	5885	0	0	0	1	0	2.647433
593	5895	0	0	0	2	0	2.339077
594	5903	0	0	0	0	0	2.907000
595	5917	0	0	0	0	0	2.644390
596	5927	0	0	0	1	0	1.341934
597	5940	0	0	0	0	0	2.196731
598	5949	0	0	0	0	0	1.513757
599	5962	0	0	0	1	0	1.042886
600	5971	0	0	0	0	0	1.502257
601	5979	0	0	0	2	0	2.458064
602	5987	0	0	0	0	0	1.466017
603	6001	0	0	0	2	0	2.124697
604	6010	0	0	0	0	0	2.931346
605	6019	0	0	0	0	0	1.070819
606	6024	0	0	0	0	0	2.812827
607	6034	0	0	0	1	0	2.404249
608	6045	0	0	0	0	0	1.010114
609	6053	0	0	0	0	0	2.886546
610	6060	0	0	0	2	0	2.229925
611	6068	0	0	0	2	0	1.493655
612	6077	0	0	0	0	0	1.221996
613	6086	0	0	0	1	0	1.494155
614	6096	0	0	0	2	0	1.691233
615	6105	0	0	0	2	0	2.709409
616	6116	0	0	0	2	0	1.885798
617	6124	0	0	0	0	0	2.211602
618	6149	0	0	0	1	0	2.154123
619	6158	0	0	0	0	0	1.869698
620	6160	0	0	0	2	0	2.730106
621	6167	0	0	0	1	0	2.463380
622	6182	0	0	0	2	0	1.305360
623	6195	0	0	0	2	0	2.903479
624	6204	0	0	0	0	0	2.596813
625	6214	0	0	0	2	0	2.292363
626	6223	0	0	0	1	0	1.634518
627	6229	0	0	0	1	0	2.965213
628	6234	0	0	0	0	0	1.481178
629	6241	0	0	0	0	0	1.696170
630	6252	0	0	0	0	0	1.653077
631	6263	0	0	0	1	0	1.854155
632	6271	0	0	0	1	0	1.757467
633	6280	0	0	0	0	0	1.829032
634	6288	0	0	0	2	0	1.193544
635	6299	0	0	0	2	0	1.782352
636	6311	0	0	0	2	0	1.666273
637	6317	0	0	0	1	0	2.658134
638	6324	0	0	0	2	0	2.162183
639	6334	0	0	0	1	0	2.188536
640	6343	0	0	0	0	0	2.623737
641	6352	0	0	0	1	0	2.697712
642	6363	0	0	0	1	0	2.904117
643	6372	0	0	0	0	0	1.464946
644	6385	0	0	0	2	0	2.874356
645	6397	0	0	0	0	0	1.823578
646	6409	0	0	0	0	0	2.022023
647	6417	0	0	0	1	0	2.355487
648	6429	0	0	0	0	0	2.035574
649	6443	0	0	0	0	0	2.216407
650	6455	0	0	0	0	0	1.767682
651	6465	0	0	0	2	0	2.419507
652	6478	0	0	0	0	0	1.635261
653	6487	0	0	0	1	0	1.720305
654	6498	0	0	0	0	0	2.578118
655	6507	0	0	0	0	0	1.805513
656	6516	0	0	0	1	0	2.694853
657	6523	0	0	0	0	0	1.880656
658	6531	0	0	0	0	0	1.328134
659	6535	0	0	0	1	0	1.518465
660	6541	0	0	0	1	0	1.147821
661	6552	0	0	0	2	0	2.869277
662	6561	0	0	0	0	0	1.536989
663	6574	0	0	0	1	0	1.908425
664	6587	0	0	0	1	0	2.812615
665	6600	0	0	0	1	0	2.443104
666	6610	0	0	0	1	0	1.582245
667	6619	0	0	0	1	0	2.896309
668	6626	0	0	0	1	0	2.043431
669	6632	0	0	0	0	0	2.185794
670	6640	0	0	0	1	0	2.511934
671	6649	0	0	0	2	0	2.645587
672	6653	0	0	0	0	0	2.284467
673	6660	0	0	0	0	0	1.332689
674	6665	0	0	0	2	0	2.255200
675	6670	0	0	0	0	0	2.926356
676	6678	0	0	0	0	0	2.169734
677	6691	0	0	0	0	0	1.007359
678	6703	0	0	0	1	0	2.794716
679	6713	0	0	0	0	0	2.567380
680	6720	0	0	0	2	0	1.541758
681	6722	0	0	0	0	0	2.485532
682	6736	0	0	0	1	0	2.818209
683	6748	0	0	0	0	0	1.175051
684	6757	0	0	0	0	0	2.276361
685	6771	0	0	0	0	0	1.700260
686	6791	0	0	0	0	0	2.252260
687	6800	0	0	0	2	0	1.627214
688	6808	0	0	0	0	0	2.705778
689	6814	0	0	0	0	0	1.816085
690	6823	0	0	0	0	0	1.476601
691	6833	0	0	0	0	0	1.835146
692	6842	0	0	0	1	0	2.760997
693	6852	0	0	0	2	0	2.791145
694	6865	0	0	0	0	0	2.834012
695	6877	0	0	0	1	0	2.702214
696	6885	0	0	0	0	0	1.838855
697	6895	0	0	0	0	0	2.826180
698	6906	0	0	0	1	0	1.560497
699	6913	0	0	0	2	0	1.085238
700	6924	0	0	0	0	0	2.586196
701	6941	0	0	0	0	0	1.575306
702	6955	0	0	0	1	0	1.698155
703	6962	0	0	0	1	0	2.239208
704	6972	0	0	0	2	0	1.531155
705	6980	0	0	0	0	0	2.829196
706	6990	0	0	0	0	0	2.059686
707	7000	0	0	0	2	0	2.392359
708	7010	0	0	0	2	0	1.834576
709	7019	0	0	0	2	0	2.181050
710	7030	0	0	0	2	0	2.999163
711	7043	0	0	0	2	0	2.830672
712	7054	0	0	0	2	0	1.161110
713	7061	0	0	0	0	0	1.808686
714	7075	0	0	0	1	0	2.948450
715	7086	0	0	0	1	0	1.856763
716	7092	0	0	0	1	0	1.233887
717	7104	0	0	0	1	0	2.332081
718	7116	0	0	0	0	0	1.778559
719	7123	0	0	0	0	0	1.279098
720	7135	0	0	0	0	0	1.649785
721	7145	0	0	0	0	0	1.367218
722	7153	0	0	0	0	0	1.266545
723	7169	0	0	0	0	0	1.108762
724	7183	0	0	0	0	0	2.685014
725	7196	0	0	0	0	0	1.829313
726	7209	0	0	0	1	0	2.243874
727	7217	0	0	0	1	0	2.767551
728	7225	0	0	0	0	0	1.226524
729	7231	0	0	0	1	0	2.181290
730	7240	0	0	0	0	0	1.717087
731	7253	0	0	0	1	0	1.420110
732	7262	0	0	0	1	0	1.865668
733	7272	0	0	0	0	0	1.751913
734	7284	0	0	0	0	0	2.318055
735	7297	0	0	0	1	0	2.095248
736	7307	0	0	0	1	0	2.912689
737	7318	0	0	0	0	0	1.830064
738	7327	0	0	0	1	0	2.239731
739	7336	0	0	0	0	0	2.976267
740	7349	0	0	0	2	0	1.220722
741	7363	0	0	0	0	0	2.972257
742	7369	0	0	0	1	0	2.061547
743	7382	0	0	0	2	0	2.649701
744	7396	0	0	0	0	0	1.545405
745	7401	0	0	0	1	0	2.697109
746	7419	0	0	0	1	0	2.961576
747	7429	0	0	0	1	0	2.572694
748	7435	0	0	0	0	0	2.862542
749	7444	0	0	0	1	0	2.609679
750	7452	0	0	0	0	0	2.093204
751	7458	0	0	0	1	0	1.962901
752	7463	0	0	0	1	0	2.585988
753	7467	0	0	0	2	0	2.229011
754	7471	0	0	0	2	0	1.000730
755	7482	0	0	0	1	0	2.586160
756	7489	0	0	0	2	0	1.814615
757	7500	0	0	0	1	0	1.929967
758	7510	0	0	0	1	0	2.699770
759	7524	0	0	0	1	0	2.350546
760	7531	0	0	0	2	0	2.063585
761	7541	0	0	0	2	0	2.555975
762	7553	0	0	0	2	0	2.247824
763	7565	0	0	0	1	0	2.004802
764	7573	0	0	0	1	0	2.578821
765	7585	0	0	0	1	0	1.287935
766	7595	0	0	0	1	0	1.227394
767	7604	0	0	0	1	0	2.309887
768	7612	0	0	0	0	0	1.365477
769	7624	0	0	0	1	0	1.633897
770	7637	0	0	0	2	0	1.091413
771	7647	0	0	0	0	0	1.958747
772	7657	0	0	0	1	0	2.208156
773	7666	0	0	0	0	0	2.901188
774	7672	0	0	0	1	0	1.687545
775	7682	0	0	0	1	0	1.112630
776	7693	0	0	0	0	0	2.873554
777	7701	0	0	0	1	0	2.931894
778	7713	0	0	0	1	0	2.860342
779	7727	0	0	0	1	0	2.521442
780	7736	0	0	0	1	0	1.524871
781	7746	0	0	0	0	0	2.963834
782	7759	0	0	0	1	0	1.801233
783	7775	0	0	0	0	0	1.623056
784	7786	0	0	0	0	0	1.658312
785	7798	0	0	0	0	0	1.907733
786	7807	0	0	0	0	0	1.957479
787	7817	0	0	0	0	0	2.622164
788	7828	0	0	0	1	0	2.831755
789	7841	0	0	0	0	0	2.286022
790	7850	0	0	0	1	0	2.335512
791	7858	0	0	0	1	0	2.043808
792	7869	0	0	0	0	0	2.966887
793	7877	0	0	0	0	0	2.352571
794	7885	0	0	0	1	0	1.205664
795	7898	0	0	0	0	0	1.104985
796	7904	0	0	0	1	0	2.338470
797	7911	0	0	0	2	0	1.133513
798	7920	0	0	0	0	0	2.800001
799	7930	0	0	0	1	0	1.703411
800	7943	0	0	0	0	0	2.477642
801	7951	0	0	0	1	0	1.214104
802	7964	0	0	0	1	0	2.871546
803	7972	0	0	0	2	0	2.658123
804	7979	0	0	0	2	0	2.475024
805	7986	0	0	0	0	0	1.009794
806	7992	0	0	0	1	0	2.375063
807	7998	0	0	0	0	0	2.444385
808	8010	0	0	0	2	0	1.149653
809	8016	0	0	0	1	0	2.351212
810	8028	0	0	0	2	0	1.570501
811	8034	0	0	0	0	0	1.332392
812	8048	0	0	0	1	0	1.600721
813	8059	0	0	0	0	0	1.176719
814	8067	0	0	0	1	0	2.683442
815	8080	0	0	0	0	0	2.779203
816	8088	0	0	0	1	0	2.371735
817	8096	0	0	0	0	0	2.418517
818	8107	0	0	0	0	0	2.541712
819	8121	0	0	0	1	0	2.573075
820	8128	0	0	0	2	0	1.798628
821	8142	0	0	0	0	0	1.553883
822	8146	0	0	0	0	0	2.882647
823	8153	0	0	0	2	0	1.751809
824	8164	0	0	0	2	0	1.513939
825	8178	0	0	0	2	0	2.374701
826	8189	0	0	0	1	0	2.439080
827	8202	0	0	0	1	0	1.045547
828	8212	0	0	0	0	0	2.327613
829	8221	0	0	0	0	0	2.085280
830	8231	0	0	0	0	0	1.021959
831	8241	0	0	0	0	0	2.615292
832	8252	0	0	0	0	0	1.079383
833	8265	0	0	0	2	0	2.285777
834	8271	0	0	0	1	0	1.892599
835	8282	0	0	0	0	0	1.374872
836	8292	0	0	0	1	0	2.742391
837	8298	0	0	0	1	0	1.370218
838	8309	0	0	0	1	0	2.702738
839	8318	0	0	0	0	0	2.889605
840	8333	0	0	0	0	0	1.282030
841	8344	0	0	0	2	0	2.450514
842	8358	0	0	0	0	0	2.727449
843	8375	0	0	0	0	0	2.713556
844	8386	0	0	0	2	0	2.585554
845	8399	0	0	0	1	0	2.026883
846	8413	0	0	0	1	0	2.816748
847	8422	0	0	0	0	0	2.326883
848	8430	0	0	0	0	0	1.975804
849	8443	0	0	0	0	0	1.305223
850	8450	0	0	0	0	0	1.888215
851	8454	0	0	0	2	0	2.523407
852	8464	0	0	0	2	0	1.764683
853	8477	0	0	0	2	0	1.494689
854	8489	0	0	0	0	0	2.465234
855	8498	0	0	0	2	0	1.190256
856	8507	0	0	0	0	0	1.044457
857	8520	0	0	0	2	0	1.466917
858	8532	0	0	0	0	0	2.503182
859	8544	0	0	0	0	0	1.480866
860	8554	0	0	0	0	0	1.485248
861	8562	0	0	0	0	0	2.538287
862	8574	0	0	0	0	0	2.255276
863	8580	0	0	0	1	0	2.715597
864	8588	0	0	0	0	0	1.205028
865	8602	0	0	0	2	0	2.616167
866	8615	0	0	0	1	0	1.323887
867	8631	0	0	0	2	0	1.070578
868	8645	0	0	0	0	0	2.226458
869	8655	0	0	0	2	0	2.494266
870	8664	0	0	0	1	0	1.763606
871	8676	0	0	0	2	0	2.316509
872	8691	0	0	0	0	0	1.603488
873	8703	0	0	0	2	0	1.351993
874	8709	0	0	0	2	0	1.275580
875	8719	0	0	0	0	0	2.959801
876	8734	0	0	0	0	0	1.431542
877	8744	0	0	0	0	0	2.507548
878	8762	0	0	0	2	0	1.514704
879	8770	0	0	0	0	0	1.428813
880	8778	0	0	0	2	0	2.555097
881	8784	0	0	0	1	0	1.781771
882	8795	0	0	0	0	0	2.632243
883	8803	0	0	0	1	0	1.871195
884	8817	0	0	0	0	0	1.993315
885	8827	0	0	0	0	0	2.463837
886	8836	0	0	0	0	0	1.473018
887	8853	0	0	0	2	0	1.065315
888	8862	0	0	0	1	0	1.707644
889	8871	0	0	0	0	0	2.903189
890	8877	0	0	0	1	0	1.132815
891	8883	0	0	0	0	0	2.881771
892	8892	0	0	0	2	0	1.688343
893	8899	0	0	0	0	0	2.807808
894	8911	0	0	0	0	0	1.955762
895	8919	0	0	0	0	0	1.337234
896	8926	0	0	0	0	0	2.568389
897	8938	0	0	0	0	0	1.973115
898	8949	0	0	0	0	0	1.621990
899	8958	0	0	0	2	0	2.741471
900	8969	0	0	0	0	0	2.825826
901	8978	0	0	0	0	0	2.638660
902	8992	0	0	0	1	0	1.496483
903	9003	0	0	0	2	0	2.002782
904	9012	0	0	0	2	0	2.509552
905	9018	0	0	0	1	0	1.292371
906	9028	0	0	0	2	0	2.311042
907	9044	0	0	0	1	0	1.997106
908	9047	0	0	0	0	0	1.858110
909	9056	0	0	0	2	0	2.408760
910	9062	0	0	0	0	0	2.077868
911	9076	0	0	0	0	0	2.420530
912	9088	0	0	0	2	0	2.218519
913	9100	0	0	0	2	0	1.104077
914	9110	0	0	0	1	0	1.948399
915	9122	0	0	0	2	0	1.744801
916	9134	0	0	0	0	0	1.957118
917	9142	0	0	0	2	0	1.058369
918	9155	0	0	0	0	0	1.113870
919	9160	0	0	0	0	0	2.831263
920	9166	0	0	0	0	0	2.113737
921	9176	0	0	0	1	0	1.094108
922	9187	0	0	0	1	0	1.654147
923	9196	0	0	0	2	0	2.482196
924	9212	0	0	0	1	0	1.386064
925	9221	0	0	0	1	0	1.321513
926	9235	0	0	0	2	0	2.625777
927	9244	0	0	0	1	0	2.867245
928	9257	0	0	0	1	0	1.019032
929	9261	0	0	0	2	0	1.703128
930	9273	0	0	0	2	0	2.661005
931	9284	0	0	0	0	0	1.718487
932	9297	0	0	0	2	0	2.514237
933	9308	0	0	0	1	0	1.544734
934	9314	0	0	0	1	0	1.812763
935	9318	0	0	0	0	0	2.827875
936	9324	0	0	0	2	0	2.882442
937	9332	0	0	0	1	0	1.287504
938	9343	0	0	0	0	0	1.040169
939	9354	0	0	0	0	0	2.998547
940	9363	0	0	0	2	0	2.571398
941	9373	0	0	0	0	0	2.836589
942	9384	0	0	0	1	0	1.214651
943	9391	0	0	0	2	0	2.924104
944	9401	0	0	0	1	0	2.069023
945	9410	0	0	0	0	0	1.597809
946	9418	0	0	0	1	0	2.255261
947	9424	0	0	0	2	0	2.998499
948	9434	0	0	0	1	0	1.885890
949	9445	0	0	0	0	0	1.031306
950	9453	0	0	0	1	0	2.266008
951	9465	0	0	0	0	0	2.703734
952	9473	0	0	0	1	0	2.438592
953	9481	0	0	0	0	0	2.124729
954	9489	0	0	0	2	0	1.244342
955	9500	0	0	0	1	0	2.183494
956	9515	0	0	0	2	0	1.263699
957	9527	0	0	0	1	0	2.110734
958	9537	0	0	0	1	0	2.591843
959	9544	0	0	0	0	0	2.726059
960	9553	0	0	0	1	0	1.216510
961	9565	0	0	0	1	0	1.724200
962	9576	0	0	0	2	0	2.967617
963	9580	0	0	0	0	0	2.460997
964	9594	0	0	0	2	0	2.749075
965	9609	0	0	0	1	0	2.644614
966	9621	0	0	0	0	0	1.975490
967	9632	0	0	0	2	0	2.624143
968	9641	0	0	0	2	0	2.878080
969	9651	0	0	0	1	0	2.777468
970	9661	0	0	0	0	0	2.320855
971	9671	0	0	0	0	0	1.079639
972	9676	0	0	0	0	0	2.890410
973	9681	0	0	0	0	0	1.967817
974	9691	0	0	0	1	0	2.235965
975	9703	0	0	0	1	0	2.763876
976	9718	0	0	0	1	0	2.149360
977	9733	0	0	0	2	0	1.647677
978	9744	0	0	0	0	0	1.257325
979	9757	0	0	0	1	0	1.864197
980	9765	0	0	0	1	0	1.499597
981	9775	0	0	0	1	0	1.429534
982	9780	0	0	0	1	0	1.357742
983	9788	0	0	0	0	0	2.722814
984	9799	0	0	0	0	0	2.649479
985	9805	0	0	0	1	0	1.382078
986	9811	0	0	0	2	0	2.104104
987	9820	0	0	0	0	0	1.079258
988	9831	0	0	0	0	0	1.418272
989	9837	0	0	0	1	0	2.712989
990	9852	0	0	0	0	0	2.689469
991	9859	0	0	0	0	0	1.564221
992	9864	0	0	0	2	0	2.061446
993	9880	0	0	0	2	0	2.148759
994	9888	0	0	0	0	0	1.287158
995	9902	0	0	0	0	0	1.225718
996	9913	0	0	0	1	0	1.609051
997	9921	0	0	0	1	0	1.412649
998	9931	0	0	0	0	0	2.260654
999	9938	0	0	0	2	0	2.031146
