0	1	0	0	0	1	0	2.381271
1	12	0	0	0	1	0	1.500257
2	20	0	0	0	0	0	1.603311
3	26	0	0	0	1	0	2.530762
4	33	0	0	0	0	0	1.213491
5	40	0	0	0	1	0	2.101912
6	49	0	0	0	2	0	2.963520
7	59	0	0	0	1	0	2.037308
8	67	0	0	0	0	0	2.457093
9	75	0	0	0	0	0	2.167432
10	83	0	0	0	0	0	2.827360
11	90	0	0	0	0	0	1.239890
12	106	0	0	0	0	0	2.967135
13	121	0	0	0	1	0	1.697121
14	126	0	0	0	1	0	1.968577
15	131	0	0	0	1	0	2.131922
16	140	0	0	0	0	0	1.618463
17	151	0	0	0	0	0	2.527255
18	164	0	0	0	0	0	1.637717
19	177	0	0	0	0	0	1.229973
20	181	0	0	0	0	0	2.889169
21	191	0	0	0	1	0	1.393339
22	201	0	0	0	1	0	1.170625
23	213	0	0	0	0	0	2.997760
24	225	0	0	0	0	0	1.460615
25	228	0	0	0	1	0	1.444813
26	234	0	0	0	1	0	2.558315
27	242	0	0	0	0	0	2.109516
28	251	0	0	0	0	0	2.808401
29	263	0	0	0	0	0	2.765034
30	270	0	0	0	0	0	1.271200
31	282	0	0	0	1	0	1.708170
32	294	0	0	0	0	0	2.576201
33	304	0	0	0	0	0	2.478604
34	310	0	0	0	1	0	2.946142
35	321	0	0	0	2	0	2.192305
36	334	0	0	0	0	0	1.319006
37	345	0	0	0	0	0	2.289764
38	366	0	0	0	1	0	2.141887
39	375	0	0	0	0	0	2.332469
40	381	0	0	0	2	0	2.028941
41	390	0	0	0	1	0	1.058662
42	403	0	0	0	1	0	1.661524
43	413	0	0	0	1	0	1.804661
44	429	0	0	0	0	0	2.185194
45	435	0	0	0	0	0	1.771700
46	449	0	0	0	1	0	1.696101
47	461	0	0	0	0	0	2.576860
48	472	0	0	0	2	0	1.941231
49	483	0	0	0	1	0	2.426932
50	496	0	0	0	0	0	2.263935
51	502	0	0	0	1	0	1.341410
52	512	0	0	0	1	0	2.052695
53	519	0	0	0	1	0	2.568416
54	529	0	0	0	0	0	2.886332
55	535	0	0	0	0	0	1.467059
56	546	0	0	0	2	0	2.755408
57	559	0	0	0	0	0	2.309695
58	566	0	0	0	0	0	1.239436
59	572	0	0	0	0	0	1.353031
60	580	0	0	0	1	0	2.415516
61	592	0	0	0	1	0	2.698088
62	601	0	0	0	1	0	2.908919
63	606	0	0	0	1	0	2.624209
64	612	0	0	0	1	0	1.322561
65	618	0	0	0	2	0	2.950119
66	626	0	0	0	2	0	2.699188
67	632	0	0	0	0	0	2.888773
68	646	0	0	0	1	0	2.808638
69	666	0	0	0	0	0	1.600670
70	672	0	0	0	2	0	2.597338
71	675	0	0	0	0	0	2.827583
72	684	0	0	0	1	0	2.350067
73	696	0	0	0	0	0	1.826314
74	711	0	0	0	2	0	2.060985
75	726	0	0	0	2	0	2.239274
76	737	0	0	0	0	0	1.132881
77	743	0	0	0	0	0	1.437908
78	755	0	0	0	0	0	2.731214
79	767	0	0	0	2	0	1.954030
80	778	0	0	0	2	0	2.533289
81	789	0	0	0	0	0	1.732927
82	798	0	0	0	0	0	1.894352
83	813	0	0	0	0	0	2.070261
84	824	0	0	0	0	0	1.829070
85	829	0	0	0	0	0	1.057111
86	837	0	0	0	0	0	2.221444
87	850	0	0	0	2	0	1.077475
88	858	0	0	0	0	0	2.934901
89	868	0	0	0	2	0	2.033157
90	879	0	0	0	0	0	2.725274
91	890	0	0	0	1	0	2.426767
92	898	0	0	0	1	0	2.835726
93	906	0	0	0	2	0	1.861068
94	917	0	0	0	1	0	1.127003
95	930	0	0	0	0	0	2.956093
96	937	0	0	0	1	0	1.298455
97	954	0	0	0	0	0	1.853278
98	959	0	0	0	0	0	2.509335
99	976	0	0	0	2	0	1.075263
100	984	0	0	0	0	0	2.151733
101	993	0	0	0	0	0	1.336082
102	1006	0	0	0	0	0	2.455894
103	1013	0	0	0	2	0	2.861234
104	1024	0	0	0	1	0	1.378417
105	1037	0	0	0	0	0	1.068427
106	1054	0	0	0	1	0	1.170537
107	1062	0	0	0	0	0	1.817630
108	1070	0	0	0	0	0	1.447612
109	1079	0	0	0	1	0	1.791698
110	1090	0	0	0	0	0	1.803917
111	1096	0	0	0	2	0	1.017560
112	1104	0	0	0	1	0	2.165552
113	1110	0	0	0	2	0	2.142246
114	1120	0	0	0	2	0	2.017904
115	1124	0	0	0	2	0	2.621595
116	1137	0	0	0	0	0	2.010430
117	1143	0	0	0	2	0	1.405854
118	1152	0	0	0	0	0	2.885342
119	1162	0	0	0	2	0	2.383795
120	1168	0	0	0	1	0	2.934371
121	1180	0	0	0	0	0	2.262342
122	1191	0	0	0	1	0	1.794477
123	1205	0	0	0	1	0	1.366500
124	1208	0	0	0	1	0	1.839480
125	1215	0	0	0	1	0	1.340420
126	1221	0	0	0	2	0	1.825413
127	1234	0	0	0	0	0	1.592913
128	1251	0	0	0	2	0	1.496199
129	1261	0	0	0	1	0	1.044606
130	1272	0	0	0	1	0	2.313396
131	1279	0	0	0	1	0	2.454304
132	1288	0	0	0	2	0	1.803410
133	1293	0	0	0	0	0	1.816609
134	1309	0	0	0	1	0	2.355136
135	1318	0	0	0	0	0	1.797406
136	1328	0	0	0	1	0	2.211847
137	1343	0	0	0	1	0	1.768997
138	1356	0	0	0	1	0	1.286484
139	1366	0	0	0	1	0	1.211921
140	1382	0	0	0	0	0	2.337006
141	1390	0	0	0	0	0	1.465657
142	1403	0	0	0	2	0	2.615432
143	1412	0	0	0	0	0	2.951884
144	1423	0	0	0	1	0	1.617260
145	1435	0	0	0	2	0	1.629463
146	1444	0	0	0	2	0	2.610088
147	1457	0	0	0	1	0	1.569565
148	1465	0	0	0	0	0	2.913748
149	1476	0	0	0	1	0	2.527979
150	1488	0	0	0	1	0	1.796053
151	1495	0	0	0	0	0	2.652341
152	1509	0	0	0	2	0	2.359185
153	1515	0	0	0	1	0	1.711063
154	1524	0	0	0	1	0	1.074473
155	1530	0	0	0	0	0	1.288896
156	1541	0	0	0	2	0	2.694752
157	1550	0	0	0	2	0	2.117453
158	1558	0	0	0	0	0	2.149913
159	1570	0	0	0	1	0	1.288331
160	1579	0	0	0	0	0	1.577313
161	1591	0	0	0	1	0	2.330256
162	1600	0	0	0	1	0	1.001463
163	1606	0	0	0	2	0	2.394345
164	1619	0	0	0	0	0	1.325510
165	1632	0	0	0	2	0	1.150095
166	1638	0	0	0	1	0	2.665505
167	1651	0	0	0	2	0	1.083587
168	1660	0	0	0	1	0	1.173340
169	1672	0	0	0	2	0	1.221246
170	1683	0	0	0	0	0	1.439226
171	1694	0	0	0	2	0	1.164288
172	1702	0	0	0	2	0	2.862088
173	1712	0	0	0	0	0	2.148057
174	1719	0	0	0	0	0	2.974080
175	1731	0	0	0	0	0	1.957416
176	1742	0	0	0	0	0	1.727529
177	1750	0	0	0	0	0	1.894507
178	1767	0	0	0	1	0	1.027915
179	1774	0	0	0	1	0	1.041501
180	1786	0	0	0	2	0	1.463244
181	1797	0	0	0	0	0	1.089196
182	1801	0	0	0	1	0	1.571699
183	1807	0	0	0	2	0	2.269937
184	1819	0	0	0	2	0	1.894973
185	1840	0	0	0	1	0	2.521281
186	1849	0	0	0	2	0	2.437756
187	1858	0	0	0	1	0	1.339151
188	1871	0	0	0	2	0	2.342919
189	1879	0	0	0	2	0	2.598974
190	1888	0	0	0	0	0	2.395646
191	1904	0	0	0	1	0	2.310249
192	1909	0	0	0	2	0	1.673040
193	1918	0	0	0	2	0	2.485480
194	1923	0	0	0	1	0	2.141916
195	1935	0	0	0	0	0	2.967858
196	1940	0	0	0	1	0	1.113400
197	1949	0	0	0	1	0	2.244047
198	1955	0	0	0	0	0	2.443387
199	1965	0	0	0	0	0	1.884759
200	1981	0	0	0	0	0	2.789409
201	1990	0	0	0	0	0	1.596563
202	1998	0	0	0	1	0	2.470510
203	2010	0	0	0	2	0	1.273338
204	2024	0	0	0	1	0	1.153103
205	2033	0	0	0	1	0	2.083887
206	2041	0	0	0	1	0	1.023104
207	2052	0	0	0	0	0	2.698286
208	2060	0	0	0	1	0	2.003938
209	2070	0	0	0	0	0	2.967977
210	2089	0	0	0	0	0	1.631903
211	2102	0	0	0	0	0	2.458960
212	2111	0	0	0	0	0	1.538344
213	2118	0	0	0	2	0	1.441754
214	2126	0	0	0	0	0	1.439126
215	2135	0	0	0	1	0	2.425433
216	2140	0	0	0	0	0	1.921956
217	2150	0	0	0	1	0	1.366451
218	2161	0	0	0	2	0	1.098069
219	2170	0	0	0	2	0	2.459729
220	2184	0	0	0	1	0	1.050406
221	2191	0	0	0	0	0	2.265745
222	2195	0	0	0	0	0	1.415997
223	2208	0	0	0	2	0	1.174201
224	2216	0	0	0	0	0	1.025836
225	2231	0	0	0	1	0	2.112820
226	2242	0	0	0	2	0	2.403009
227	2255	0	0	0	0	0	2.009805
228	2263	0	0	0	0	0	2.177254
229	2274	0	0	0	2	0	2.348743
230	2277	0	0	0	1	0	1.409031
231	2286	0	0	0	1	0	1.147526
232	2297	0	0	0	2	0	2.160791
233	2302	0	0	0	2	0	1.919337
234	2318	0	0	0	0	0	2.696500
235	2324	0	0	0	1	0	2.645386
236	2332	0	0	0	2	0	2.849879
237	2340	0	0	0	0	0	1.333084
238	2346	0	0	0	1	0	1.793287
239	2356	0	0	0	2	0	1.234426
240	2366	0	0	0	1	0	1.624477
241	2384	0	0	0	0	0	1.595345
242	2395	0	0	0	1	0	2.605988
243	2402	0	0	0	1	0	1.194752
244	2415	0	0	0	0	0	1.803390
245	2422	0	0	0	0	0	2.871029
246	2432	0	0	0	0	0	1.823101
247	2439	0	0	0	1	0	1.581564
248	2453	0	0	0	1	0	2.512868
249	2467	0	0	0	0	0	2.715082
250	2481	0	0	0	0	0	1.647937
251	2493	0	0	0	0	0	1.361838
252	2501	0	0	0	1	0	1.122530
253	2511	0	0	0	1	0	1.346012
254	2519	0	0	0	1	0	2.206482
255	2529	0	0	0	1	0	1.729778
256	2539	0	0	0	2	0	1.028718
257	2549	0	0	0	2	0	1.506314
258	2566	0	0	0	1	0	2.172369
259	2571	0	0	0	0	0	2.204138
260	2576	0	0	0	0	0	2.950365
261	2583	0	0	0	2	0	2.820081
262	2592	0	0	0	2	0	1.960811
263	2603	0	0	0	0	0	1.533347
264	2609	0	0	0	2	0	2.457025
265	2619	0	0	0	1	0	2.428346
266	2633	0	0	0	1	0	1.092695
267	2643	0	0	0	0	0	2.299950
268	2658	0	0	0	2	0	2.383197
269	2672	0	0	0	0	0	2.135720
270	2689	0	0	0	1	0	1.791947
271	2697	0	0	0	2	0	1.976355
272	2710	0	0	0	1	0	1.284288
273	2715	0	0	0	1	0	1.321735
274	2732	0	0	0	2	0	2.283447
275	2741	0	0	0	0	0	2.972815
276	2754	0	0	0	0	0	1.260866
277	2761	0	0	0	1	0	1.970703
278	2770	0	0	0	2	0	1.683889
279	2783	0	0	0	1	0	1.913291
280	2794	0	0	0	1	0	2.373992
281	2803	0	0	0	1	0	1.713929
282	2816	0	0	0	2	0	2.294940
283	2822	0	0	0	0	0	2.239556
284	2838	0	0	0	0	0	1.893789
285	2851	0	0	0	1	0	2.464119
286	2860	0	0	0	0	0	2.680325
287	2867	0	0	0	2	0	2.571125
288	2877	0	0	0	1	0	2.642833
289	2885	0	0	0	1	0	2.067817
290	2895	0	0	0	0	0	2.050215
291	2905	0	0	0	2	0	2.540393
292	2914	0	0	0	0	0	1.358430
293	2922	0	0	0	0	0	1.465139
294	2933	0	0	0	0	0	1.393867
295	2942	0	0	0	1	0	2.601639
296	2953	0	0	0	1	0	2.516800
297	2961	0	0	0	1	0	1.232046
298	2967	0	0	0	1	0	2.047327
299	2978	0	0	0	0	0	2.345840
300	2990	0	0	0	2	0	1.263304
301	3001	0	0	0	1	0	1.591667
302	3008	0	0	0	1	0	2.307284
303	3022	0	0	0	0	0	1.694445
304	3038	0	0	0	0	0	2.074883
305	3050	0	0	0	1	0	2.732046
306	3055	0	0	0	1	0	1.638748
307	3070	0	0	0	0	0	1.055857
308	3083	0	0	0	0	0	1.954075
309	3088	0	0	0	2	0	1.017291
310	3101	0	0	0	2	0	1.158796
311	3104	0	0	0	2	0	1.752580
312	3111	0	0	0	0	0	1.512573
313	3117	0	0	0	1	0	1.733715
314	3128	0	0	0	2	0	1.655563
315	3134	0	0	0	0	0	2.171904
316	3145	0	0	0	1	0	2.746859
317	3158	0	0	0	2	0	1.060751
318	3170	0	0	0	0	0	2.684707
319	3176	0	0	0	0	0	1.261559
320	3186	0	0	0	1	0	1.859125
321	3195	0	0	0	1	0	1.527619
322	3204	0	0	0	1	0	1.807435
323	3213	0	0	0	1	0	1.057003
324	3228	0	0	0	2	0	1.741461
325	3237	0	0	0	0	0	2.254677
326	3252	0	0	0	1	0	2.198290
327	3262	0	0	0	0	0	1.089099
328	3268	0	0	0	0	0	1.159150
329	3272	0	0	0	0	0	1.455771
330	3288	0	0	0	2	0	1.324801
331	3297	0	0	0	0	0	1.029545
332	3308	0	0	0	0	0	1.161668
333	3312	0	0	0	0	0	1.028455
334	3323	0	0	0	0	0	1.324351
335	3337	0	0	0	0	0	1.124239
336	3341	0	0	0	0	0	2.160164
337	3351	0	0	0	2	0	1.070875
338	3361	0	0	0	2	0	1.912230
339	3377	0	0	0	1	0	1.638302
340	3388	0	0	0	1	0	2.266385
341	3397	0	0	0	0	0	1.955274
342	3409	0	0	0	0	0	1.457548
343	3420	0	0	0	1	0	1.285782
344	3430	0	0	0	1	0	2.173689
345	3443	0	0	0	0	0	2.776834
346	3458	0	0	0	0	0	2.267120
347	3465	0	0	0	1	0	2.391406
348	3479	0	0	0	0	0	1.210443
349	3491	0	0	0	2	0	2.408938
350	3494	0	0	0	1	0	2.248449
351	3501	0	0	0	1	0	1.588102
352	3511	0	0	0	1	0	2.955516
353	3522	0	0	0	0	0	1.158124
354	3529	0	0	0	0	0	2.252931
355	3542	0	0	0	1	0	2.981398
356	3549	0	0	0	1	0	2.598201
357	3565	0	0	0	2	0	2.301631
358	3580	0	0	0	0	0	2.180786
359	3584	0	0	0	1	0	2.394817
360	3597	0	0	0	1	0	1.399495
361	3611	0	0	0	1	0	1.519621
362	3619	0	0	0	0	0	2.784739
363	3625	0	0	0	1	0	1.356517
364	3633	0	0	0	0	0	1.263411
365	3636	0	0	0	0	0	2.829771
366	3647	0	0	0	1	0	2.179835
367	3655	0	0	0	0	0	2.473770
368	3661	0	0	0	2	0	1.782449
369	3669	0	0	0	2	0	1.018102
370	3682	0	0	0	1	0	2.819033
371	3694	0	0	0	0	0	2.451626
372	3703	0	0	0	0	0	2.871154
373	3712	0	0	0	1	0	2.535167
374	3723	0	0	0	1	0	1.729445
375	3732	0	0	0	1	0	1.627678
376	3745	0	0	0	0	0	2.006701
377	3753	0	0	0	0	0	2.133633
378	3766	0	0	0	1	0	1.399880
379	3772	0	0	0	2	0	2.015886
380	3784	0	0	0	1	0	1.390588
381	3793	0	0	0	2	0	2.772437
382	3804	0	0	0	1	0	2.749533
383	3814	0	0	0	0	0	1.277394
384	3827	0	0	0	1	0	2.514142
385	3839	0	0	0	0	0	1.712710
386	3847	0	0	0	1	0	2.854496
387	3862	0	0	0	0	0	1.537699
388	3875	0	0	0	0	0	1.063952
389	3880	0	0	0	1	0	2.614040
390	3891	0	0	0	2	0	1.582780
391	3906	0	0	0	0	0	2.369668
392	3917	0	0	0	0	0	1.494324
393	3926	0	0	0	2	0	2.741487
394	3941	0	0	0	2	0	2.467675
395	3948	0	0	0	1	0	2.936298
396	3957	0	0	0	1	0	1.977127
397	3966	0	0	0	0	0	2.769998
398	3972	0	0	0	0	0	2.788681
399	3988	0	0	0	2	0	2.815623
400	3997	0	0	0	2	0	2.868928
401	4006	0	0	0	0	0	2.767628
402	4013	0	0	0	1	0	1.963349
403	4030	0	0	0	0	0	2.327245
404	4040	0	0	0	1	0	1.394482
405	4044	0	0	0	1	0	1.894506
406	4051	0	0	0	0	0	2.454996
407	4058	0	0	0	1	0	2.082651
408	4072	0	0	0	0	0	1.911105
409	4085	0	0	0	2	0	2.340238
410	4095	0	0	0	1	0	2.385935
411	4106	0	0	0	2	0	2.438785
412	4117	0	0	0	2	0	2.271223
413	4129	0	0	0	1	0	1.632785
414	4143	0	0	0	1	0	2.800862
415	4148	0	0	0	2	0	1.289597
416	4154	0	0	0	0	0	1.811701
417	4165	0	0	0	1	0	2.221668
418	4172	0	0	0	1	0	1.057199
419	4177	0	0	0	0	0	2.382245
420	4187	0	0	0	1	0	1.810845
421	4194	0	0	0	1	0	1.925781
422	4204	0	0	0	0	0	2.096720
423	4213	0	0	0	0	0	2.817986
424	4232	0	0	0	0	0	1.831068
425	4236	0	0	0	1	0	2.603639
426	4244	0	0	0	2	0	1.071999
427	4254	0	0	0	2	0	2.213274
428	4264	0	0	0	2	0	1.797462
429	4274	0	0	0	0	0	1.613245
430	4285	0	0	0	1	0	1.476245
431	4291	0	0	0	1	0	1.255391
432	4300	0	0	0	1	0	2.718311
433	4311	0	0	0	2	0	2.828353
434	4323	0	0	0	2	0	2.912763
435	4337	0	0	0	1	0	1.366022
436	4341	0	0	0	1	0	1.082637
437	4351	0	0	0	2	0	1.517604
438	4358	0	0	0	2	0	1.753574
439	4365	0	0	0	2	0	2.701653
440	4377	0	0	0	2	0	1.702079
441	4387	0	0	0	1	0	2.140786
442	4395	0	0	0	0	0	1.456559
443	4401	0	0	0	0	0	2.920622
444	4410	0	0	0	0	0	1.165760
445	4424	0	0	0	0	0	1.992833
446	4434	0	0	0	1	0	1.691440
447	4447	0	0	0	2	0	1.073280
448	4454	0	0	0	1	0	1.360023
449	4466	0	0	0	0	0	2.608866
450	4482	0	0	0	0	0	2.202055
451	4492	0	0	0	1	0	2.950434
452	4505	0	0	0	1	0	1.779785
453	4512	0	0	0	1	0	1.786828
454	4526	0	0	0	2	0	2.789547
455	4539	0	0	0	0	0	1.619011
456	4557	0	0	0	0	0	1.878860
457	4564	0	0	0	2	0	1.641092
458	4570	0	0	0	2	0	2.118981
459	4580	0	0	0	1	0	2.109989
460	4594	0	0	0	2	0	2.227363
461	4604	0	0	0	2	0	2.947346
462	4606	0	0	0	2	0	2.525332
463	4613	0	0	0	0	0	2.679629
464	4625	0	0	0	0	0	1.238593
465	4633	0	0	0	0	0	2.114985
466	4638	0	0	0	2	0	1.674829
467	4646	0	0	0	1	0	2.000760
468	4657	0	0	0	0	0	1.610383
469	4663	0	0	0	1	0	1.257272
470	4673	0	0	0	2	0	2.643079
471	4682	0	0	0	1	0	2.469885
472	4690	0	0	0	1	0	1.878473
473	4704	0	0	0	1	0	1.325404
474	4715	0	0	0	1	0	2.731301
475	4725	0	0	0	1	0	2.261922
476	4734	0	0	0	0	0	2.910101
477	4743	0	0	0	0	0	1.367277
478	4751	0	0	0	0	0	1.706731
479	4761	0	0	0	0	0	2.288486
480	4776	0	0	0	1	0	2.721407
481	4785	0	0	0	2	0	2.207550
482	4795	0	0	0	0	0	2.697349
483	4807	0	0	0	0	0	2.970589
484	4817	0	0	0	0	0	1.814099
485	4822	0	0	0	0	0	1.017424
486	4833	0	0	0	2	0	1.199577
487	4846	0	0	0	0	0	1.239416
488	4856	0	0	0	0	0	1.778034
489	4864	0	0	0	2	0	1.934411
490	4873	0	0	0	0	0	2.818537
491	4881	0	0	0	1	0	1.657774
492	4890	0	0	0	0	0	2.399470
493	4898	0	0	0	0	0	2.568955
494	4909	0	0	0	0	0	1.845858
495	4916	0	0	0	2	0	2.468774
496	4922	0	0	0	2	0	1.552687
497	4933	0	0	0	0	0	1.772426
498	4949	0	0	0	1	0	2.128751
499	4957	0	0	0	0	0	1.232045
500	4966	0	0	0	1	0	1.339578
501	4982	0	0	0	0	0	2.094432
502	4994	0	0	0	1	0	2.966490
503	5009	0	0	0	1	0	2.834226
504	5018	0	0	0	1	0	2.023043
505	5024	0	0	0	2	0	2.264243
506	5036	0	0	0	0	0	2.819748
507	5047	0	0	0	0	0	1.599658
508	5057	0	0	0	0	0	2.971250
509	5073	0	0	0	2	0	1.641255
510	5084	0	0	0	0	0	2.898159
511	5088	0	0	0	0	0	2.463368
512	5108	0	0	0	2	0	1.544432
513	5122	0	0	0	1	0	1.838701
514	5126	0	0	0	0	0	1.316763
515	5136	0	0	0	2	0	2.792717
516	5144	0	0	0	0	0	2.283988
517	5149	0	0	0	1	0	1.990152
518	5162	0	0	0	0	0	2.150625
519	5168	0	0	0	0	0	1.543442
520	5182	0	0	0	2	0	1.103013
521	5191	0	0	0	1	0	2.647876
522	5196	0	0	0	1	0	2.835805
523	5208	0	0	0	0	0	1.066269
524	5223	0	0	0	1	0	2.908222
525	5235	0	0	0	1	0	1.207523
526	5242	0	0	0	1	0	1.432947
527	5251	0	0	0	2	0	2.137181
528	5264	0	0	0	1	0	2.092650
529	5271	0	0	0	1	0	2.428106
530	5276	0	0	0	0	0	1.375594
531	5284	0	0	0	0	0	1.274693
532	5288	0	0	0	0	0	1.219833
533	5292	0	0	0	0	0	1.177506
534	5306	0	0	0	2	0	2.981936
535	5316	0	0	0	2	0	1.656168
536	5330	0	0	0	1	0	2.464443
537	5338	0	0	0	0	0	1.226512
538	5348	0	0	0	0	0	2.542031
539	5359	0	0	0	0	0	2.382251
540	5371	0	0	0	2	0	1.388428
541	5380	0	0	0	0	0	1.458721
542	5389	0	0	0	0	0	2.056498
543	5404	0	0	0	1	0	1.726190
544	5411	0	0	0	2	0	1.306500
545	5419	0	0	0	0	0	1.114189
546	5432	0	0	0	2	0	2.941974
547	5443	0	0	0	0	0	2.073844
548	5457	0	0	0	0	0	1.499949
549	5468	0	0	0	1	0	2.370914
550	5473	0	0	0	2	0	1.230182
551	5485	0	0	0	1	0	2.180766
552	5492	0	0	0	1	0	2.870542
553	5498	0	0	0	2	0	1.135315
554	5514	0	0	0	1	0	1.041355
555	5523	0	0	0	1	0	2.496882
556	5534	0	0	0	2	0	1.709420
557	5542	0	0	0	2	0	1.111917
558	5555	0	0	0	2	0	1.841553
559	5562	0	0	0	2	0	2.990978
560	5572	0	0	0	1	0	1.988298
561	5583	0	0	0	1	0	1.209108
562	5589	0	0	0	0	0	2.928100
563	5598	0	0	0	0	0	1.365107
564	5608	0	0	0	0	0	2.697635
565	5613	0	0	0	0	0	2.907621
566	5627	0	0	0	1	0	2.651231
567	5634	0	0	0	0	0	1.392910
568	5647	0	0	0	1	0	1.359169
569	5655	0	0	0	0	0	2.092039
570	5663	0	0	0	1	0	2.973771
571	5668	0	0	0	0	0	2.392794
572	5672	0	0	0	1	0	2.807828
573	5683	0	0	0	0	0	1.275371
574	5699	0	0	0	1	0	2.521613
575	5710	0	0	0	1	0	2.853055
576	5724	0	0	0	2	0	2.383884
577	5739	0	0	0	0	0	1.056076
578	5748	0	0	0	2	0	1.943473
579	5754	0	0	0	0	0	1.546026
580	5761	0	0	0	2	0	1.234647
581	5769	0	0	0	1	0	1.239519
582	5783	0	0	0	0	0	2.741407
583	5794	0	0	0	0	0	1.610855
584	5811	0	0	0	1	0	1.983177
585	5821	0	0	0	0	0	1.899728
586	5833	0	0	0	1	0	2.857390
587	5843	0	0	0	2	0	1.565582
588	5848	0	0	0	1	0	2.136223
589	5859	0	0	0	1	0	1.410864
590	5868	0	0	0	2	0	1.380483
591	5876	0	0	0	0	0	1.033378
592	5882	0	0	0	2	0	2.578657
593	5900	0	0	0	2	0	1.944418
594	5910	0	0	0	0	0	1.495770
595	5921	0	0	0	1	0	2.930346
596	5932	0	0	0	1	0	2.155768
597	5945	0	0	0	1	0	2.823267
598	5958	0	0	0	0	0	1.325753
599	5970	0	0	0	2	0	2.022395
600	5976	0	0	0	0	0	2.005231
601	5981	0	0	0	0	0	1.248033
602	5990	0	0	0	0	0	1.143595
603	6004	0	0	0	2	0	1.499745
604	6012	0	0	0	2	0	2.591852
605	6023	0	0	0	1	0	1.941530
606	6030	0	0	0	1	0	1.401834
607	6037	0	0	0	1	0	2.356648
608	6051	0	0	0	1	0	2.862047
609	6063	0	0	0	1	0	1.861504
610	6078	0	0	0	0	0	1.901046
611	6088	0	0	0	0	0	1.215318
612	6100	0	0	0	0	0	2.043840
613	6114	0	0	0	0	0	2.128019
614	6126	0	0	0	0	0	2.078711
615	6138	0	0	0	0	0	2.879092
616	6149	0	0	0	0	0	1.428889
617	6153	0	0	0	1	0	1.585494
618	6167	0	0	0	2	0	1.914487
619	6183	0	0	0	2	0	1.552093
620	6195	0	0	0	1	0	2.909175
621	6203	0	0	0	0	0	2.366216
622	6211	0	0	0	2	0	1.956596
623	6216	0	0	0	0	0	1.258971
624	6223	0	0	0	2	0	1.217759
625	6228	0	0	0	2	0	2.328730
626	6244	0	0	0	1	0	2.522229
627	6257	0	0	0	1	0	2.954025
628	6272	0	0	0	0	0	1.447385
629	6286	0	0	0	0	0	2.328061
630	6299	0	0	0	0	0	2.618449
631	6309	0	0	0	1	0	1.323779
632	6313	0	0	0	2	0	2.692085
633	6330	0	0	0	0	0	2.866961
634	6341	0	0	0	2	0	2.348154
635	6345	0	0	0	1	0	2.727514
636	6357	0	0	0	2	0	2.946572
637	6371	0	0	0	0	0	1.407162
638	6384	0	0	0	1	0	1.465932
639	6395	0	0	0	0	0	2.984929
640	6402	0	0	0	0	0	2.825656
641	6408	0	0	0	2	0	1.889158
642	6418	0	0	0	0	0	2.390755
643	6423	0	0	0	0	0	1.374286
644	6428	0	0	0	1	0	1.967770
645	6437	0	0	0	1	0	1.249919
646	6447	0	0	0	0	0	1.099824
647	6456	0	0	0	2	0	1.946374
648	6465	0	0	0	2	0	2.375063
649	6474	0	0	0	0	0	1.300379
650	6483	0	0	0	2	0	1.274413
651	6494	0	0	0	0	0	2.206340
652	6505	0	0	0	2	0	1.462378
653	6518	0	0	0	2	0	1.999121
654	6531	0	0	0	0	0	2.075542
655	6547	0	0	0	0	0	1.909399
656	6556	0	0	0	0	0	2.829421
657	6570	0	0	0	1	0	2.357838
658	6584	0	0	0	1	0	2.448674
659	6591	0	0	0	1	0	1.549314
660	6596	0	0	0	0	0	2.987819
661	6604	0	0	0	1	0	2.382638
662	6614	0	0	0	2	0	2.057551
663	6624	0	0	0	2	0	1.704642
664	6642	0	0	0	2	0	1.190872
665	6648	0	0	0	1	0	1.864397
666	6660	0	0	0	2	0	1.452728
667	6671	0	0	0	1	0	1.902439
668	6680	0	0	0	0	0	1.620691
669	6692	0	0	0	0	0	1.073417
670	6707	0	0	0	2	0	2.245545
671	6714	0	0	0	0	0	2.962731
672	6721	0	0	0	1	0	2.114133
673	6732	0	0	0	0	0	1.090505
674	6747	0	0	0	0	0	2.266135
675	6757	0	0	0	0	0	2.608791
676	6764	0	0	0	2	0	2.368394
677	6777	0	0	0	0	0	1.644766
678	6784	0	0	0	1	0	1.384283
679	6792	0	0	0	2	0	2.962007
680	6804	0	0	0	2	0	2.678318
681	6809	0	0	0	2	0	2.807628
682	6824	0	0	0	2	0	2.556278
683	6833	0	0	0	2	0	2.386645
684	6844	0	0	0	2	0	1.297851
685	6855	0	0	0	1	0	2.365437
686	6863	0	0	0	1	0	2.498803
687	6879	0	0	0	1	0	1.527370
688	6887	0	0	0	0	0	2.808975
689	6895	0	0	0	2	0	1.792292
690	6906	0	0	0	1	0	1.026635
691	6920	0	0	0	1	0	2.499822
692	6927	0	0	0	0	0	1.594491
693	6933	0	0	0	0	0	1.368193
694	6946	0	0	0	2	0	2.525570
695	6955	0	0	0	2	0	1.257494
696	6965	0	0	0	1	0	2.428362
697	6976	0	0	0	0	0	2.490902
698	6983	0	0	0	0	0	2.347554
699	6991	0	0	0	0	0	2.619007
700	7003	0	0	0	1	0	1.378680
701	7011	0	0	0	1	0	1.872117
702	7023	0	0	0	0	0	2.062049
703	7036	0	0	0	0	0	1.062609
704	7042	0	0	0	1	0	2.964301
705	7048	0	0	0	1	0	1.033262
706	7059	0	0	0	2	0	2.878282
707	7072	0	0	0	0	0	1.867755
708	7080	0	0	0	2	0	2.646447
709	7089	0	0	0	0	0	1.598642
710	7101	0	0	0	0	0	2.686346
711	7111	0	0	0	0	0	1.587878
712	7121	0	0	0	0	0	2.110866
713	7135	0	0	0	1	0	1.811588
714	7146	0	0	0	0	0	2.076689
715	7154	0	0	0	0	0	1.204021
716	7164	0	0	0	0	0	2.559020
717	7175	0	0	0	1	0	1.640489
718	7181	0	0	0	2	0	2.975799
719	7189	0	0	0	1	0	2.373924
720	7198	0	0	0	1	0	2.627155
721	7202	0	0	0	2	0	1.762129
722	7208	0	0	0	2	0	1.278666
723	7217	0	0	0	1	0	1.771256
724	7222	0	0	0	2	0	1.608093
725	7233	0	0	0	0	0	2.314747
726	7241	0	0	0	1	0	2.148709
727	7247	0	0	0	2	0	2.538344
728	7254	0	0	0	1	0	2.974553
729	7265	0	0	0	1	0	2.804889
730	7275	0	0	0	2	0	1.648360
731	7285	0	0	0	1	0	1.883646
732	7290	0	0	0	1	0	2.382863
733	7302	0	0	0	1	0	2.208060
734	7310	0	0	0	0	0	1.421847
735	7320	0	0	0	1	0	1.988523
736	7327	0	0	0	1	0	1.941352
737	7333	0	0	0	2	0	1.158615
738	7348	0	0	0	1	0	2.508066
739	7362	0	0	0	0	0	1.636153
740	7372	0	0	0	1	0	1.141517
741	7382	0	0	0	1	0	2.710505
742	7391	0	0	0	0	0	2.930992
743	7400	0	0	0	0	0	2.913846
744	7409	0	0	0	2	0	1.470654
745	7415	0	0	0	2	0	1.678105
746	7426	0	0	0	1	0	1.740221
747	7433	0	0	0	0	0	1.216020
748	7443	0	0	0	2	0	2.745994
749	7447	0	0	0	1	0	2.305939
750	7458	0	0	0	1	0	1.269781
751	7470	0	0	0	1	0	1.264673
752	7476	0	0	0	2	0	1.052747
753	7489	0	0	0	2	0	2.912666
754	7506	0	0	0	1	0	1.615687
755	7515	0	0	0	1	0	1.769904
756	7521	0	0	0	0	0	2.690064
757	7529	0	0	0	1	0	1.524875
758	7543	0	0	0	1	0	1.812682
759	7545	0	0	0	2	0	1.528038
760	7551	0	0	0	0	0	2.475833
761	7563	0	0	0	1	0	1.304426
762	7574	0	0	0	2	0	2.897464
763	7579	0	0	0	1	0	2.637809
764	7593	0	0	0	1	0	1.733524
765	7605	0	0	0	1	0	2.606453
766	7617	0	0	0	0	0	2.245121
767	7627	0	0	0	0	0	1.590880
768	7638	0	0	0	1	0	2.802344
769	7649	0	0	0	1	0	1.387579
770	7657	0	0	0	2	0	1.982739
771	7664	0	0	0	0	0	2.729341
772	7677	0	0	0	2	0	1.337889
773	7689	0	0	0	1	0	1.739376
774	7700	0	0	0	0	0	1.847647
775	7718	0	0	0	1	0	2.133358
776	7728	0	0	0	2	0	1.274614
777	7734	0	0	0	1	0	2.011636
778	7744	0	0	0	2	0	2.560443
779	7748	0	0	0	0	0	2.667030
780	7760	0	0	0	2	0	1.637335
781	7768	0	0	0	1	0	1.741140
782	7777	0	0	0	2	0	1.243118
783	7785	0	0	0	1	0	2.196015
784	7793	0	0	0	1	0	2.512497
785	7804	0	0	0	0	0	2.808251
786	7813	0	0	0	2	0	1.853181
787	7825	0	0	0	2	0	1.337350
788	7838	0	0	0	0	0	1.785634
789	7849	0	0	0	0	0	2.010715
790	7859	0	0	0	2	0	2.540630
791	7868	0	0	0	0	0	2.851212
792	7877	0	0	0	0	0	1.246887
793	7882	0	0	0	1	0	1.625119
794	7893	0	0	0	2	0	1.623716
795	7902	0	0	0	0	0	1.976203
796	7914	0	0	0	0	0	2.289032
797	7920	0	0	0	0	0	1.807325
798	7927	0	0	0	0	0	1.121960
799	7938	0	0	0	0	0	2.035283
800	7945	0	0	0	0	0	2.934871
801	7956	0	0	0	0	0	2.803465
802	7960	0	0	0	2	0	1.370406
803	7968	0	0	0	1	0	2.973581
804	7976	0	0	0	0	0	2.352368
805	7988	0	0	0	1	0	2.354413
806	7996	0	0	0	0	0	2.113075
807	8008	0	0	0	0	0	1.902968
808	8015	0	0	0	0	0	2.735727
809	8018	0	0	0	2	0	2.171796
810	8028	0	0	0	1	0	1.878204
811	8032	0	0	0	2	0	2.492287
812	8044	0	0	0	2	0	2.755184
813	8052	0	0	0	1	0	2.910013
814	8065	0	0	0	0	0	2.152790
815	8080	0	0	0	2	0	1.996012
816	8093	0	0	0	2	0	2.247928
817	8104	0	0	0	0	0	1.761719
818	8116	0	0	0	0	0	2.874736
819	8124	0	0	0	2	0	2.372613
820	8137	0	0	0	1	0	1.266066
821	8147	0	0	0	0	0	1.095724
822	8153	0	0	0	0	0	1.712799
823	8164	0	0	0	1	0	1.364180
824	8173	0	0	0	1	0	2.674985
825	8182	0	0	0	0	0	2.268930
826	8189	0	0	0	0	0	1.122218
827	8195	0	0	0	2	0	2.523882
828	8200	0	0	0	2	0	1.281246
829	8210	0	0	0	0	0	1.516271
830	8219	0	0	0	2	0	2.264240
831	8231	0	0	0	0	0	1.460024
832	8241	0	0	0	0	0	2.907088
833	8247	0	0	0	0	0	2.975838
834	8255	0	0	0	0	0	1.639856
835	8264	0	0	0	0	0	2.251508
836	8271	0	0	0	1	0	2.165209
837	8287	0	0	0	2	0	2.494033
838	8293	0	0	0	1	0	2.140947
839	8296	0	0	0	2	0	2.841678
840	8303	0	0	0	1	0	1.768023
841	8315	0	0	0	0	0	1.798185
842	8329	0	0	0	0	0	2.424451
843	8338	0	0	0	2	0	1.402004
844	8347	0	0	0	1	0	2.640858
845	8354	0	0	0	1	0	1.293803
846	8370	0	0	0	0	0	2.356851
847	8379	0	0	0	0	0	1.077930
848	8387	0	0	0	0	0	2.218759
849	8404	0	0	0	0	0	1.654074
850	8412	0	0	0	2	0	2.756488
851	8418	0	0	0	1	0	1.792068
852	8431	0	0	0	0	0	2.856536
853	8444	0	0	0	0	0	2.662693
854	8455	0	0	0	0	0	1.574717
855	8467	0	0	0	1	0	1.267593
856	8486	0	0	0	0	0	1.010252
857	8494	0	0	0	0	0	2.924911
858	8503	0	0	0	2	0	2.535451
859	8515	0	0	0	1	0	2.123119
860	8522	0	0	0	0	0	2.204186
861	8531	0	0	0	1	0	2.042892
862	8537	0	0	0	0	0	2.099260
863	8549	0	0	0	1	0	2.280378
864	8562	0	0	0	1	0	2.562086
865	8575	0	0	0	1	0	1.584238
866	8578	0	0	0	2	0	2.598342
867	8585	0	0	0	0	0	2.769607
868	8596	0	0	0	0	0	1.592067
869	8608	0	0	0	0	0	2.206667
870	8619	0	0	0	2	0	2.455086
871	8625	0	0	0	0	0	1.105347
872	8642	0	0	0	1	0	2.955635
873	8650	0	0	0	0	0	1.430400
874	8665	0	0	0	0	0	2.931646
875	8672	0	0	0	2	0	1.100230
876	8678	0	0	0	2	0	2.229957
877	8686	0	0	0	1	0	1.677676
878	8693	0	0	0	2	0	1.521320
879	8707	0	0	0	2	0	2.979646
880	8719	0	0	0	2	0	2.706729
881	8724	0	0	0	0	0	2.459057
882	8732	0	0	0	0	0	1.028698
883	8743	0	0	0	2	0	2.272188
884	8752	0	0	0	0	0	1.852219
885	8767	0	0	0	1	0	2.343509
886	8781	0	0	0	0	0	2.013651
887	8788	0	0	0	0	0	2.872897
888	8795	0	0	0	0	0	2.846158
889	8806	0	0	0	0	0	1.468885
890	8818	0	0	0	0	0	1.864198
891	8835	0	0	0	1	0	1.236284
892	8850	0	0	0	0	0	2.628033
893	8859	0	0	0	0	0	1.138707
894	8874	0	0	0	2	0	2.048683
895	8883	0	0	0	2	0	2.920048
896	8892	0	0	0	0	0	2.337039
897	8897	0	0	0	0	0	1.897997
898	8904	0	0	0	2	0	1.372530
899	8913	0	0	0	2	0	1.352705
900	8925	0	0	0	2	0	1.045189
901	8935	0	0	0	0	0	1.905068
902	8942	0	0	0	0	0	2.037690
903	8949	0	0	0	2	0	1.398689
904	8960	0	0	0	0	0	2.418467
905	8975	0	0	0	1	0	1.028668
906	8993	0	0	0	1	0	1.329523
907	9000	0	0	0	1	0	2.550989
908	9013	0	0	0	0	0	1.370743
909	9020	0	0	0	0	0	2.310103
910	9033	0	0	0	1	0	1.348716
911	9046	0	0	0	0	0	2.193310
912	9048	0	0	0	1	0	2.302941
913	9056	0	0	0	1	0	1.706307
914	9075	0	0	0	0	0	1.675596
915	9081	0	0	0	2	0	1.063027
916	9095	0	0	0	1	0	1.212109
917	9103	0	0	0	2	0	1.136493
918	9113	0	0	0	2	0	2.709075
919	9126	0	0	0	1	0	1.776014
920	9136	0	0	0	2	0	2.806194
921	9146	0	0	0	1	0	2.663815
922	9159	0	0	0	0	0	1.585159
923	9168	0	0	0	0	0	1.198261
924	9178	0	0	0	0	0	1.641826
925	9189	0	0	0	0	0	1.964540
926	9201	0	0	0	2	0	2.086449
927	9212	0	0	0	0	0	1.344593
928	9217	0	0	0	0	0	2.636969
929	9227	0	0	0	0	0	2.336107
930	9238	0	0	0	0	0	2.794713
931	9245	0	0	0	1	0	2.057975
932	9252	0	0	0	1	0	1.030961
933	9262	0	0	0	2	0	2.751362
934	9269	0	0	0	1	0	1.617868
935	9280	0	0	0	0	0	1.048944
936	9297	0	0	0	0	0	1.073258
937	9305	0	0	0	1	0	2.020335
938	9311	0	0	0	0	0	1.441162
939	9320	0	0	0	0	0	1.706484
940	9328	0	0	0	1	0	2.126403
941	9336	0	0	0	0	0	1.049635
942	9348	0	0	0	0	0	1.669490
943	9358	0	0	0	0	0	1.288910
944	9370	0	0	0	1	0	2.614200
945	9379	0	0	0	2	0	2.320958
946	9389	0	0	0	0	0	2.472211
947	9399	0	0	0	2	0	1.280068
948	9402	0	0	0	0	0	2.881021
949	9410	0	0	0	0	0	2.984146
950	9424	0	0	0	1	0	2.365456
951	9436	0	0	0	2	0	2.831145
952	9444	0	0	0	1	0	2.045030
953	9454	0	0	0	0	0	2.592267
954	9470	0	0	0	1	0	2.671119
955	9480	0	0	0	0	0	2.923411
956	9488	0	0	0	0	0	2.313684
957	9495	0	0	0	0	0	1.928385
958	9506	0	0	0	0	0	2.112108
959	9513	0	0	0	2	0	2.501822
960	9524	0	0	0	0	0	2.433634
961	9541	0	0	0	1	0	1.702257
962	9553	0	0	0	0	0	1.365664
963	9562	0	0	0	2	0	1.454818
964	9570	0	0	0	2	0	1.721080
965	9581	0	0	0	0	0	2.782319
966	9588	0	0	0	0	0	2.687478
967	9594	0	0	0	0	0	1.509816
968	9603	0	0	0	0	0	2.269667
969	9611	0	0	0	1	0	1.408194
970	9618	0	0	0	2	0	1.631881
971	9622	0	0	0	0	0	2.067131
972	9632	0	0	0	0	0	2.763579
973	9649	0	0	0	1	0	2.390716
974	9660	0	0	0	0	0	1.237450
975	9674	0	0	0	1	0	2.917982
976	9681	0	0	0	1	0	2.753269
977	9687	0	0	0	0	0	2.215523
978	9697	0	0	0	2	0	1.584812
979	9707	0	0	0	1	0	2.742155
980	9715	0	0	0	2	0	1.671699
981	9731	0	0	0	1	0	1.738900
982	9737	0	0	0	0	0	2.774903
983	9745	0	0	0	0	0	1.824737
984	9756	0	0	0	0	0	2.480670
985	9761	0	0	0	0	0	2.413820
986	9771	0	0	0	0	0	1.547600
987	9780	0	0	0	2	0	1.195691
988	9786	0	0	0	2	0	2.286480
989	9801	0	0	0	1	0	1.932074
990	9809	0	0	0	0	0	1.634296
991	9824	0	0	0	1	0	2.826781
992	9833	0	0	0	1	0	2.211784
993	9838	0	0	0	1	0	2.154970
994	9846	0	0	0	2	0	1.111158
995	9853	0	0	0	0	0	1.801427
996	9863	0	0	0	0	0	2.008095
997	9870	0	0	0	0	0	1.418643
998	9880	0	0	0	1	0	2.542884
999	9891	0	0	0	1	0	2.650486
