0	1	0	0	0	0	0	2.581840
1	14	0	0	0	0	0	1.152946
2	29	0	0	0	0	0	1.027384
3	37	0	0	0	2	0	2.465065
4	45	0	0	0	1	0	1.521788
5	51	0	0	0	0	0	2.220111
6	63	0	0	0	1	0	1.725521
7	73	0	0	0	1	0	2.695556
8	80	0	0	0	1	0	2.201544
9	88	0	0	0	1	0	1.231123
10	92	0	0	0	0	0	1.928888
11	103	0	0	0	1	0	2.054010
12	112	0	0	0	2	0	2.371692
13	121	0	0	0	1	0	1.845549
14	132	0	0	0	2	0	1.243186
15	139	0	0	0	0	0	2.917210
16	147	0	0	0	1	0	1.330868
17	156	0	0	0	2	0	1.441965
18	170	0	0	0	2	0	2.870435
19	180	0	0	0	0	0	1.833368
20	191	0	0	0	2	0	2.524972
21	199	0	0	0	2	0	2.659669
22	211	0	0	0	0	0	1.936339
23	222	0	0	0	0	0	2.021236
24	227	0	0	0	2	0	1.828325
25	239	0	0	0	1	0	2.905956
26	251	0	0	0	0	0	2.547928
27	263	0	0	0	0	0	2.941570
28	276	0	0	0	1	0	2.822803
29	288	0	0	0	0	0	2.568957
30	296	0	0	0	2	0	1.106421
31	310	0	0	0	0	0	2.017033
32	322	0	0	0	1	0	1.453739
33	333	0	0	0	2	0	1.443924
34	343	0	0	0	0	0	1.452653
35	349	0	0	0	0	0	2.001713
36	359	0	0	0	1	0	2.311215
37	367	0	0	0	1	0	1.106681
38	376	0	0	0	0	0	2.083665
39	389	0	0	0	1	0	2.443713
40	401	0	0	0	1	0	2.417948
41	406	0	0	0	1	0	2.935256
42	415	0	0	0	0	0	1.049649
43	426	0	0	0	2	0	2.132817
44	433	0	0	0	2	0	1.030310
45	449	0	0	0	2	0	1.985315
46	460	0	0	0	1	0	2.915041
47	468	0	0	0	0	0	2.150356
48	476	0	0	0	1	0	2.133226
49	486	0	0	0	0	0	2.734086
50	498	0	0	0	0	0	2.786304
51	503	0	0	0	0	0	1.814854
52	516	0	0	0	0	0	1.479402
53	531	0	0	0	0	0	2.716288
54	538	0	0	0	2	0	2.546749
55	548	0	0	0	1	0	1.799109
56	555	0	0	0	1	0	2.379324
57	561	0	0	0	1	0	1.835323
58	569	0	0	0	0	0	2.108676
59	576	0	0	0	2	0	1.022186
60	585	0	0	0	0	0	2.144811
61	590	0	0	0	1	0	1.582970
62	597	0	0	0	1	0	2.353698
63	608	0	0	0	2	0	2.910733
64	618	0	0	0	2	0	1.698000
65	626	0	0	0	1	0	1.168152
66	637	0	0	0	1	0	2.322902
67	650	0	0	0	1	0	2.473466
68	653	0	0	0	2	0	1.726523
69	667	0	0	0	1	0	1.165739
70	678	0	0	0	1	0	2.234827
71	688	0	0	0	1	0	2.351735
72	700	0	0	0	1	0	1.451718
73	709	0	0	0	0	0	1.584426
74	716	0	0	0	1	0	1.882675
75	723	0	0	0	1	0	2.376775
76	731	0	0	0	2	0	2.052042
77	738	0	0	0	1	0	2.823516
78	754	0	0	0	0	0	1.841553
79	759	0	0	0	1	0	2.239379
80	766	0	0	0	1	0	1.751079
81	773	0	0	0	1	0	2.162958
82	785	0	0	0	0	0	2.289870
83	794	0	0	0	1	0	2.611217
84	806	0	0	0	1	0	2.843287
85	816	0	0	0	0	0	2.532829
86	824	0	0	0	1	0	2.478951
87	840	0	0	0	1	0	2.060978
88	845	0	0	0	2	0	2.114233
89	853	0	0	0	1	0	1.747393
90	863	0	0	0	2	0	2.982643
91	870	0	0	0	0	0	2.964796
92	883	0	0	0	0	0	2.276821
93	896	0	0	0	1	0	2.272416
94	902	0	0	0	1	0	2.862315
95	912	0	0	0	0	0	2.744518
96	922	0	0	0	1	0	2.087178
97	929	0	0	0	2	0	2.213197
98	939	0	0	0	0	0	2.596041
99	946	0	0	0	1	0	1.962233
100	955	0	0	0	1	0	2.477512
101	964	0	0	0	1	0	1.376706
102	970	0	0	0	1	0	2.011549
103	977	0	0	0	0	0	2.833760
104	984	0	0	0	0	0	2.427765
105	991	0	0	0	1	0	1.676237
106	1004	0	0	0	0	0	1.955952
107	1015	0	0	0	1	0	2.318953
108	1034	0	0	0	0	0	2.588755
109	1045	0	0	0	1	0	1.606910
110	1051	0	0	0	0	0	2.612799
111	1065	0	0	0	0	0	2.357499
112	1076	0	0	0	1	0	2.003969
113	1085	0	0	0	1	0	2.842079
114	1094	0	0	0	1	0	2.483047
115	1103	0	0	0	1	0	2.770160
116	1112	0	0	0	1	0	1.236246
117	1128	0	0	0	0	0	1.360257
118	1141	0	0	0	1	0	2.203171
119	1157	0	0	0	1	0	2.879219
120	1166	0	0	0	2	0	2.135795
121	1174	0	0	0	2	0	1.955541
122	1188	0	0	0	0	0	2.303255
123	1196	0	0	0	0	0	2.455756
124	1204	0	0	0	0	0	1.685461
125	1212	0	0	0	2	0	1.854684
126	1222	0	0	0	0	0	2.707944
127	1229	0	0	0	2	0	1.332418
128	1237	0	0	0	2	0	2.941304
129	1250	0	0	0	2	0	1.130641
130	1267	0	0	0	1	0	2.862663
131	1275	0	0	0	2	0	1.614881
132	1286	0	0	0	1	0	1.764001
133	1297	0	0	0	1	0	2.321572
134	1309	0	0	0	2	0	1.121354
135	1318	0	0	0	0	0	1.591111
136	1327	0	0	0	1	0	2.407081
137	1333	0	0	0	2	0	2.525215
138	1344	0	0	0	0	0	1.264468
139	1350	0	0	0	0	0	2.213593
140	1362	0	0	0	0	0	1.979501
141	1372	0	0	0	1	0	2.174991
142	1380	0	0	0	2	0	2.157560
143	1391	0	0	0	0	0	2.931179
144	1404	0	0	0	1	0	2.337926
145	1411	0	0	0	0	0	1.860847
146	1426	0	0	0	0	0	1.270104
147	1441	0	0	0	2	0	2.801941
148	1449	0	0	0	0	0	2.816617
149	1453	0	0	0	0	0	2.517302
150	1462	0	0	0	0	0	1.783215
151	1476	0	0	0	2	0	1.750150
152	1488	0	0	0	1	0	1.373650
153	1506	0	0	0	0	0	1.956968
154	1516	0	0	0	2	0	2.955861
155	1529	0	0	0	2	0	1.055790
156	1539	0	0	0	0	0	1.111437
157	1548	0	0	0	2	0	2.830748
158	1553	0	0	0	0	0	2.546141
159	1560	0	0	0	1	0	2.198918
160	1567	0	0	0	1	0	1.919721
161	1578	0	0	0	2	0	1.571213
162	1588	0	0	0	0	0	1.768276
163	1597	0	0	0	2	0	1.274910
164	1609	0	0	0	0	0	1.412689
165	1618	0	0	0	1	0	2.302965
166	1625	0	0	0	0	0	2.536850
167	1630	0	0	0	1	0	1.521425
168	1639	0	0	0	0	0	2.781906
169	1649	0	0	0	2	0	2.582760
170	1661	0	0	0	0	0	2.137580
171	1674	0	0	0	0	0	2.425868
172	1680	0	0	0	2	0	2.622614
173	1689	0	0	0	1	0	1.885379
174	1696	0	0	0	2	0	2.145341
175	1705	0	0	0	0	0	2.740426
176	1718	0	0	0	2	0	2.531483
177	1730	0	0	0	2	0	1.788615
178	1739	0	0	0	0	0	2.313762
179	1756	0	0	0	0	0	1.923541
180	1767	0	0	0	0	0	2.135254
181	1784	0	0	0	0	0	1.732116
182	1789	0	0	0	0	0	1.464275
183	1803	0	0	0	0	0	1.705383
184	1814	0	0	0	2	0	1.412407
185	1824	0	0	0	1	0	2.541207
186	1839	0	0	0	0	0	1.147575
187	1849	0	0	0	2	0	1.342946
188	1861	0	0	0	0	0	2.958069
189	1875	0	0	0	0	0	1.539085
190	1885	0	0	0	0	0	2.284912
191	1891	0	0	0	0	0	2.115271
192	1899	0	0	0	0	0	1.601375
193	1904	0	0	0	0	0	1.511499
194	1914	0	0	0	2	0	2.120556
195	1923	0	0	0	0	0	1.841232
196	1931	0	0	0	2	0	1.976492
197	1940	0	0	0	1	0	2.063187
198	1947	0	0	0	1	0	2.622741
199	1955	0	0	0	0	0	1.437059
200	1968	0	0	0	1	0	2.088902
201	1978	0	0	0	1	0	1.715850
202	1984	0	0	0	2	0	1.743771
203	1991	0	0	0	0	0	1.795279
204	2002	0	0	0	2	0	2.755753
205	2013	0	0	0	0	0	1.770534
206	2021	0	0	0	0	0	2.580048
207	2028	0	0	0	0	0	2.715778
208	2044	0	0	0	1	0	2.966339
209	2052	0	0	0	0	0	2.645493
210	2065	0	0	0	1	0	2.676781
211	2076	0	0	0	0	0	2.195458
212	2088	0	0	0	2	0	1.933639
213	2098	0	0	0	1	0	2.355601
214	2113	0	0	0	2	0	2.166725
215	2122	0	0	0	1	0	1.779418
216	2137	0	0	0	0	0	2.734889
217	2156	0	0	0	2	0	1.180710
218	2161	0	0	0	2	0	1.459829
219	2169	0	0	0	1	0	1.530313
220	2180	0	0	0	2	0	1.931249
221	2191	0	0	0	1	0	1.947549
222	2204	0	0	0	0	0	2.694483
223	2210	0	0	0	0	0	2.773428
224	2223	0	0	0	1	0	2.695881
225	2230	0	0	0	2	0	1.582400
226	2235	0	0	0	1	0	2.274215
227	2240	0	0	0	2	0	1.747819
228	2253	0	0	0	0	0	1.066398
229	2262	0	0	0	0	0	1.852695
230	2275	0	0	0	0	0	2.543768
231	2284	0	0	0	0	0	2.228518
232	2294	0	0	0	0	0	1.622797
233	2308	0	0	0	1	0	1.470374
234	2317	0	0	0	0	0	2.566529
235	2331	0	0	0	1	0	2.667014
236	2335	0	0	0	1	0	2.542364
237	2345	0	0	0	1	0	1.772628
238	2357	0	0	0	2	0	2.073582
239	2368	0	0	0	2	0	1.411568
240	2377	0	0	0	0	0	1.432076
241	2384	0	0	0	0	0	1.811888
242	2391	0	0	0	0	0	1.746462
243	2401	0	0	0	0	0	2.169436
244	2409	0	0	0	1	0	2.436412
245	2417	0	0	0	2	0	1.714113
246	2422	0	0	0	1	0	2.781960
247	2439	0	0	0	2	0	1.374840
248	2448	0	0	0	1	0	1.673464
249	2454	0	0	0	2	0	2.137660
250	2468	0	0	0	2	0	1.297742
251	2480	0	0	0	0	0	2.084957
252	2489	0	0	0	1	0	1.446856
253	2501	0	0	0	0	0	1.077922
254	2508	0	0	0	2	0	2.751582
255	2518	0	0	0	1	0	2.163718
256	2527	0	0	0	1	0	1.896730
257	2537	0	0	0	0	0	1.224832
258	2549	0	0	0	1	0	2.895844
259	2562	0	0	0	0	0	2.976163
260	2573	0	0	0	0	0	2.318484
261	2580	0	0	0	0	0	2.466576
262	2586	0	0	0	1	0	2.648956
263	2592	0	0	0	0	0	1.488422
264	2601	0	0	0	2	0	1.455348
265	2614	0	0	0	0	0	2.116262
266	2621	0	0	0	0	0	1.138180
267	2629	0	0	0	1	0	2.063464
268	2639	0	0	0	0	0	1.664742
269	2648	0	0	0	0	0	1.015597
270	2657	0	0	0	1	0	2.527597
271	2672	0	0	0	0	0	2.632817
272	2683	0	0	0	0	0	2.143147
273	2695	0	0	0	0	0	1.805046
274	2705	0	0	0	0	0	2.787952
275	2715	0	0	0	1	0	2.528275
276	2727	0	0	0	2	0	1.740130
277	2737	0	0	0	2	0	2.205476
278	2751	0	0	0	1	0	2.299153
279	2760	0	0	0	1	0	2.694626
280	2771	0	0	0	0	0	2.529555
281	2779	0	0	0	0	0	2.101681
282	2792	0	0	0	1	0	2.495961
283	2797	0	0	0	1	0	2.159252
284	2806	0	0	0	2	0	1.169475
285	2816	0	0	0	2	0	1.278214
286	2832	0	0	0	2	0	1.649184
287	2846	0	0	0	1	0	1.179117
288	2854	0	0	0	0	0	2.092845
289	2863	0	0	0	0	0	2.286211
290	2877	0	0	0	0	0	1.735378
291	2880	0	0	0	0	0	1.758831
292	2891	0	0	0	0	0	1.823145
293	2898	0	0	0	0	0	1.577277
294	2905	0	0	0	1	0	1.509648
295	2909	0	0	0	1	0	2.075607
296	2922	0	0	0	0	0	2.391415
297	2933	0	0	0	0	0	2.595252
298	2946	0	0	0	1	0	1.750583
299	2955	0	0	0	2	0	2.522149
300	2968	0	0	0	2	0	2.925548
301	2976	0	0	0	0	0	2.488376
302	2985	0	0	0	2	0	2.843451
303	3000	0	0	0	1	0	1.133919
304	3011	0	0	0	2	0	2.164828
305	3027	0	0	0	1	0	1.724128
306	3036	0	0	0	0	0	1.340096
307	3045	0	0	0	0	0	1.752861
308	3054	0	0	0	2	0	2.167898
309	3066	0	0	0	0	0	1.884362
310	3078	0	0	0	0	0	2.596878
311	3089	0	0	0	1	0	1.835001
312	3095	0	0	0	1	0	2.700412
313	3107	0	0	0	1	0	2.689072
314	3114	0	0	0	2	0	2.960232
315	3123	0	0	0	1	0	1.683368
316	3136	0	0	0	2	0	1.136692
317	3145	0	0	0	1	0	1.969390
318	3159	0	0	0	1	0	2.360579
319	3176	0	0	0	1	0	1.403103
320	3179	0	0	0	2	0	2.383173
321	3189	0	0	0	1	0	2.036167
322	3199	0	0	0	0	0	1.120915
323	3209	0	0	0	2	0	2.460563
324	3223	0	0	0	0	0	2.632387
325	3233	0	0	0	1	0	2.146035
326	3246	0	0	0	1	0	2.077113
327	3257	0	0	0	2	0	1.817037
328	3268	0	0	0	2	0	2.961058
329	3275	0	0	0	1	0	2.259760
330	3282	0	0	0	0	0	1.235291
331	3291	0	0	0	1	0	1.813200
332	3303	0	0	0	0	0	1.481862
333	3314	0	0	0	2	0	2.084727
334	3321	0	0	0	0	0	1.755714
335	3331	0	0	0	0	0	1.659652
336	3338	0	0	0	2	0	2.520669
337	3353	0	0	0	1	0	2.678860
338	3359	0	0	0	0	0	2.887086
339	3374	0	0	0	2	0	2.313246
340	3388	0	0	0	2	0	1.841701
341	3399	0	0	0	1	0	1.069330
342	3406	0	0	0	0	0	2.831133
343	3419	0	0	0	1	0	2.827523
344	3431	0	0	0	0	0	2.747573
345	3440	0	0	0	0	0	2.551513
346	3452	0	0	0	1	0	2.922713
347	3464	0	0	0	1	0	1.997864
348	3473	0	0	0	1	0	2.746355
349	3481	0	0	0	1	0	2.528767
350	3488	0	0	0	2	0	1.748201
351	3495	0	0	0	1	0	1.787831
352	3505	0	0	0	1	0	1.683822
353	3514	0	0	0	2	0	1.557090
354	3524	0	0	0	1	0	2.868198
355	3530	0	0	0	2	0	1.249533
356	3540	0	0	0	2	0	1.847130
357	3556	0	0	0	0	0	1.738103
358	3563	0	0	0	2	0	1.739488
359	3573	0	0	0	1	0	1.812344
360	3586	0	0	0	2	0	1.216429
361	3600	0	0	0	2	0	2.187037
362	3613	0	0	0	0	0	1.537366
363	3624	0	0	0	1	0	1.749278
364	3635	0	0	0	2	0	1.907501
365	3642	0	0	0	1	0	2.767747
366	3654	0	0	0	0	0	2.989670
367	3668	0	0	0	1	0	2.093937
368	3680	0	0	0	1	0	1.759408
369	3691	0	0	0	2	0	1.873170
370	3705	0	0	0	1	0	1.748469
371	3716	0	0	0	1	0	2.227006
372	3728	0	0	0	0	0	1.378110
373	3742	0	0	0	0	0	1.032915
374	3751	0	0	0	0	0	1.018944
375	3764	0	0	0	0	0	1.083768
376	3777	0	0	0	0	0	2.778902
377	3783	0	0	0	1	0	2.027058
378	3795	0	0	0	1	0	1.826101
379	3805	0	0	0	0	0	1.922386
380	3810	0	0	0	2	0	1.844680
381	3825	0	0	0	0	0	2.341184
382	3837	0	0	0	0	0	2.199729
383	3846	0	0	0	1	0	2.104137
384	3854	0	0	0	0	0	2.611498
385	3862	0	0	0	0	0	1.590010
386	3877	0	0	0	2	0	1.289206
387	3888	0	0	0	0	0	2.556215
388	3898	0	0	0	0	0	2.129142
389	3908	0	0	0	2	0	2.747473
390	3921	0	0	0	1	0	1.223553
391	3931	0	0	0	1	0	1.773811
392	3941	0	0	0	2	0	1.585284
393	3945	0	0	0	2	0	1.195337
394	3959	0	0	0	1	0	1.353248
395	3970	0	0	0	0	0	2.966520
396	3982	0	0	0	2	0	1.802898
397	3995	0	0	0	2	0	1.852054
398	4003	0	0	0	2	0	2.207923
399	4018	0	0	0	0	0	1.629914
400	4028	0	0	0	2	0	2.991197
401	4037	0	0	0	1	0	1.040241
402	4043	0	0	0	0	0	1.004050
403	4053	0	0	0	1	0	1.260736
404	4065	0	0	0	0	0	1.843214
405	4074	0	0	0	0	0	2.770426
406	4079	0	0	0	1	0	2.126141
407	4088	0	0	0	1	0	1.689261
408	4099	0	0	0	1	0	2.486844
409	4108	0	0	0	2	0	1.344991
410	4121	0	0	0	1	0	1.186089
411	4131	0	0	0	2	0	2.854818
412	4141	0	0	0	1	0	1.692359
413	4155	0	0	0	2	0	2.898444
414	4162	0	0	0	1	0	1.577207
415	4174	0	0	0	1	0	1.340147
416	4182	0	0	0	2	0	2.777274
417	4196	0	0	0	2	0	2.177794
418	4204	0	0	0	1	0	1.097921
419	4215	0	0	0	1	0	2.666798
420	4224	0	0	0	1	0	2.631898
421	4228	0	0	0	1	0	1.216775
422	4239	0	0	0	2	0	1.195239
423	4251	0	0	0	0	0	1.152575
424	4261	0	0	0	2	0	1.284119
425	4271	0	0	0	0	0	1.943120
426	4276	0	0	0	0	0	1.096096
427	4286	0	0	0	0	0	1.545946
428	4293	0	0	0	2	0	2.144723
429	4304	0	0	0	0	0	2.100351
430	4313	0	0	0	1	0	2.042744
431	4322	0	0	0	2	0	1.963099
432	4332	0	0	0	1	0	1.901657
433	4340	0	0	0	2	0	1.862469
434	4351	0	0	0	1	0	2.106270
435	4364	0	0	0	1	0	1.476275
436	4371	0	0	0	2	0	1.742909
437	4384	0	0	0	1	0	2.032313
438	4401	0	0	0	2	0	1.033747
439	4408	0	0	0	2	0	2.234055
440	4418	0	0	0	2	0	1.978228
441	4429	0	0	0	1	0	2.452355
442	4437	0	0	0	2	0	1.511254
443	4444	0	0	0	0	0	1.847285
444	4453	0	0	0	2	0	1.358890
445	4465	0	0	0	1	0	2.623277
446	4472	0	0	0	0	0	1.980593
447	4478	0	0	0	0	0	1.208112
448	4490	0	0	0	1	0	1.483627
449	4500	0	0	0	1	0	2.905060
450	4511	0	0	0	0	0	1.139210
451	4520	0	0	0	2	0	1.817975
452	4530	0	0	0	1	0	1.158128
453	4543	0	0	0	2	0	1.354911
454	4547	0	0	0	0	0	2.560898
455	4561	0	0	0	0	0	1.060208
456	4565	0	0	0	1	0	1.795961
457	4572	0	0	0	0	0	2.864253
458	4581	0	0	0	1	0	2.811029
459	4590	0	0	0	1	0	2.781013
460	4599	0	0	0	0	0	1.874555
461	4615	0	0	0	0	0	1.134399
462	4624	0	0	0	2	0	1.523643
463	4632	0	0	0	0	0	1.943946
464	4639	0	0	0	2	0	1.257776
465	4649	0	0	0	0	0	2.571403
466	4665	0	0	0	2	0	2.361102
467	4674	0	0	0	2	0	1.369784
468	4680	0	0	0	1	0	2.629761
469	4698	0	0	0	2	0	2.174781
470	4707	0	0	0	2	0	1.238899
471	4714	0	0	0	0	0	2.800342
472	4722	0	0	0	0	0	2.311466
473	4735	0	0	0	0	0	2.283525
474	4752	0	0	0	2	0	1.563804
475	4759	0	0	0	1	0	2.511193
476	4767	0	0	0	2	0	2.748970
477	4777	0	0	0	2	0	1.257728
478	4784	0	0	0	0	0	2.245577
479	4793	0	0	0	2	0	2.196146
480	4800	0	0	0	0	0	1.014494
481	4810	0	0	0	0	0	2.839832
482	4823	0	0	0	0	0	2.490135
483	4833	0	0	0	1	0	2.123530
484	4840	0	0	0	0	0	2.094929
485	4847	0	0	0	0	0	1.965230
486	4857	0	0	0	1	0	1.794639
487	4867	0	0	0	1	0	2.379119
488	4874	0	0	0	0	0	1.582922
489	4882	0	0	0	1	0	1.217078
490	4891	0	0	0	2	0	1.062599
491	4898	0	0	0	1	0	1.994040
492	4907	0	0	0	1	0	2.145800
493	4923	0	0	0	1	0	2.041522
494	4932	0	0	0	0	0	2.625153
495	4942	0	0	0	0	0	2.154469
496	4951	0	0	0	2	0	2.200871
497	4964	0	0	0	0	0	2.125463
498	4973	0	0	0	0	0	2.298029
499	4980	0	0	0	0	0	2.348329
500	4994	0	0	0	0	0	1.451145
501	5000	0	0	0	0	0	1.845376
502	5014	0	0	0	0	0	1.331364
503	5030	0	0	0	0	0	1.220575
504	5039	0	0	0	1	0	2.796534
505	5051	0	0	0	0	0	2.623046
506	5063	0	0	0	1	0	2.211304
507	5067	0	0	0	1	0	1.310277
508	5076	0	0	0	0	0	2.177695
509	5088	0	0	0	0	0	2.059133
510	5098	0	0	0	0	0	2.150739
511	5111	0	0	0	2	0	2.467005
512	5121	0	0	0	0	0	2.847765
513	5133	0	0	0	0	0	2.783153
514	5145	0	0	0	2	0	1.396699
515	5158	0	0	0	1	0	1.783333
516	5165	0	0	0	2	0	2.908284
517	5174	0	0	0	2	0	1.566192
518	5179	0	0	0	0	0	1.136176
519	5189	0	0	0	1	0	2.201156
520	5195	0	0	0	0	0	2.978213
521	5201	0	0	0	0	0	1.529943
522	5212	0	0	0	1	0	2.850386
523	5227	0	0	0	0	0	2.085343
524	5242	0	0	0	0	0	2.276334
525	5249	0	0	0	0	0	1.048515
526	5261	0	0	0	0	0	1.556353
527	5269	0	0	0	1	0	1.000719
528	5279	0	0	0	0	0	2.507077
529	5290	0	0	0	1	0	1.373456
530	5301	0	0	0	2	0	2.948185
531	5310	0	0	0	1	0	1.682408
532	5319	0	0	0	0	0	2.421502
533	5328	0	0	0	0	0	1.496832
534	5336	0	0	0	0	0	1.128971
535	5345	0	0	0	1	0	1.114455
536	5361	0	0	0	0	0	1.076329
537	5369	0	0	0	0	0	2.225896
538	5380	0	0	0	0	0	2.873435
539	5392	0	0	0	1	0	2.196639
540	5408	0	0	0	2	0	1.254643
541	5416	0	0	0	1	0	1.198185
542	5425	0	0	0	1	0	1.494269
543	5433	0	0	0	0	0	1.990662
544	5439	0	0	0	1	0	2.470514
545	5442	0	0	0	1	0	1.330526
546	5449	0	0	0	1	0	1.354029
547	5458	0	0	0	1	0	2.449309
548	5467	0	0	0	0	0	1.182557
549	5478	0	0	0	1	0	1.689949
550	5488	0	0	0	1	0	1.172642
551	5499	0	0	0	2	0	1.608847
552	5507	0	0	0	0	0	1.528508
553	5513	0	0	0	2	0	2.782010
554	5519	0	0	0	1	0	2.454697
555	5526	0	0	0	0	0	1.822901
556	5536	0	0	0	0	0	2.935140
557	5545	0	0	0	0	0	2.347764
558	5556	0	0	0	0	0	2.061493
559	5568	0	0	0	1	0	1.583405
560	5583	0	0	0	1	0	1.286954
561	5587	0	0	0	1	0	1.120327
562	5597	0	0	0	1	0	1.765931
563	5604	0	0	0	1	0	2.645268
564	5612	0	0	0	0	0	2.255170
565	5621	0	0	0	0	0	2.724608
566	5635	0	0	0	1	0	2.168037
567	5647	0	0	0	1	0	2.661786
568	5657	0	0	0	0	0	1.431751
569	5674	0	0	0	1	0	2.351366
570	5687	0	0	0	0	0	2.617271
571	5697	0	0	0	1	0	2.484110
572	5704	0	0	0	0	0	2.150068
573	5716	0	0	0	1	0	2.109412
574	5734	0	0	0	0	0	1.352807
575	5742	0	0	0	2	0	1.350764
576	5752	0	0	0	0	0	2.433811
577	5761	0	0	0	1	0	2.955977
578	5771	0	0	0	2	0	2.366571
579	5777	0	0	0	0	0	2.848150
580	5783	0	0	0	0	0	1.090664
581	5793	0	0	0	2	0	1.266755
582	5799	0	0	0	0	0	1.985270
583	5805	0	0	0	0	0	1.774717
584	5812	0	0	0	0	0	2.417107
585	5823	0	0	0	0	0	1.367136
586	5832	0	0	0	1	0	1.447706
587	5840	0	0	0	2	0	2.593957
588	5847	0	0	0	0	0	2.153652
589	5857	0	0	0	1	0	1.188284
590	5870	0	0	0	1	0	2.281259
591	5884	0	0	0	2	0	1.719531
592	5890	0	0	0	1	0	1.623426
593	5903	0	0	0	1	0	2.758876
594	5917	0	0	0	0	0	2.771149
595	5926	0	0	0	2	0	2.915413
596	5933	0	0	0	2	0	2.916278
597	5939	0	0	0	2	0	1.941781
598	5948	0	0	0	2	0	1.653709
599	5960	0	0	0	0	0	2.483811
600	5973	0	0	0	0	0	1.783454
601	5983	0	0	0	0	0	1.169910
602	5990	0	0	0	2	0	2.127288
603	5997	0	0	0	0	0	1.805657
604	6010	0	0	0	1	0	1.314428
605	6019	0	0	0	0	0	1.006409
606	6028	0	0	0	0	0	1.232363
607	6033	0	0	0	0	0	1.426103
608	6043	0	0	0	1	0	1.543604
609	6052	0	0	0	2	0	2.951438
610	6058	0	0	0	1	0	1.497755
611	6068	0	0	0	1	0	1.273218
612	6079	0	0	0	2	0	2.544584
613	6087	0	0	0	0	0	2.297122
614	6104	0	0	0	0	0	1.305549
615	6113	0	0	0	1	0	2.986972
616	6127	0	0	0	2	0	1.708527
617	6140	0	0	0	1	0	1.917919
618	6151	0	0	0	1	0	1.209106
619	6157	0	0	0	1	0	2.735739
620	6170	0	0	0	1	0	2.686103
621	6184	0	0	0	0	0	2.341456
622	6192	0	0	0	0	0	2.421330
623	6200	0	0	0	0	0	1.549150
624	6206	0	0	0	0	0	1.483792
625	6217	0	0	0	1	0	1.996406
626	6223	0	0	0	2	0	1.002404
627	6235	0	0	0	0	0	2.418064
628	6245	0	0	0	1	0	1.185168
629	6253	0	0	0	0	0	1.957424
630	6260	0	0	0	2	0	2.218643
631	6275	0	0	0	0	0	2.752279
632	6282	0	0	0	1	0	1.728242
633	6294	0	0	0	0	0	2.273820
634	6307	0	0	0	1	0	1.194669
635	6317	0	0	0	0	0	2.805217
636	6327	0	0	0	2	0	1.111874
637	6341	0	0	0	2	0	2.347004
638	6354	0	0	0	1	0	2.936707
639	6360	0	0	0	2	0	1.424590
640	6370	0	0	0	2	0	1.762089
641	6381	0	0	0	2	0	2.446959
642	6388	0	0	0	0	0	1.752418
643	6402	0	0	0	1	0	1.223050
644	6410	0	0	0	0	0	2.155979
645	6416	0	0	0	2	0	2.856753
646	6425	0	0	0	1	0	1.312344
647	6434	0	0	0	0	0	2.231279
648	6442	0	0	0	0	0	2.531477
649	6459	0	0	0	1	0	2.422045
650	6466	0	0	0	0	0	1.638723
651	6480	0	0	0	0	0	1.867612
652	6486	0	0	0	0	0	2.450170
653	6492	0	0	0	1	0	2.807726
654	6505	0	0	0	2	0	1.489430
655	6512	0	0	0	2	0	2.979074
656	6529	0	0	0	0	0	2.273064
657	6537	0	0	0	0	0	1.373803
658	6545	0	0	0	0	0	1.699356
659	6556	0	0	0	2	0	1.434891
660	6564	0	0	0	1	0	1.537830
661	6572	0	0	0	1	0	1.226816
662	6582	0	0	0	0	0	2.254130
663	6591	0	0	0	1	0	1.348012
664	6601	0	0	0	2	0	1.782283
665	6612	0	0	0	1	0	1.751611
666	6618	0	0	0	2	0	1.061214
667	6628	0	0	0	1	0	1.822966
668	6641	0	0	0	1	0	1.383871
669	6654	0	0	0	0	0	1.680636
670	6663	0	0	0	2	0	1.137851
671	6670	0	0	0	2	0	2.517604
672	6680	0	0	0	0	0	1.266855
673	6689	0	0	0	0	0	2.138021
674	6700	0	0	0	1	0	1.354153
675	6706	0	0	0	0	0	2.071229
676	6715	0	0	0	1	0	2.146003
677	6728	0	0	0	0	0	1.890818
678	6734	0	0	0	1	0	2.536954
679	6745	0	0	0	0	0	1.615887
680	6754	0	0	0	1	0	2.549663
681	6763	0	0	0	2	0	1.977005
682	6773	0	0	0	2	0	2.765524
683	6788	0	0	0	0	0	2.365391
684	6799	0	0	0	0	0	2.584331
685	6812	0	0	0	1	0	1.911774
686	6821	0	0	0	0	0	2.326793
687	6830	0	0	0	2	0	1.102452
688	6839	0	0	0	0	0	2.612553
689	6852	0	0	0	1	0	1.556455
690	6860	0	0	0	0	0	2.369046
691	6871	0	0	0	1	0	1.588158
692	6875	0	0	0	0	0	1.440606
693	6888	0	0	0	0	0	1.180521
694	6897	0	0	0	0	0	1.155915
695	6909	0	0	0	1	0	2.149070
696	6913	0	0	0	0	0	2.911599
697	6919	0	0	0	0	0	1.504715
698	6931	0	0	0	0	0	2.751386
699	6946	0	0	0	2	0	1.035482
700	6955	0	0	0	2	0	1.037639
701	6969	0	0	0	1	0	2.895708
702	6975	0	0	0	1	0	2.127293
703	6984	0	0	0	0	0	2.999249
704	6992	0	0	0	2	0	2.649598
705	7002	0	0	0	0	0	1.432493
706	7012	0	0	0	0	0	2.419162
707	7021	0	0	0	0	0	2.755610
708	7031	0	0	0	1	0	1.332654
709	7042	0	0	0	2	0	1.687248
710	7050	0	0	0	2	0	2.435280
711	7058	0	0	0	0	0	1.126412
712	7072	0	0	0	1	0	2.737649
713	7087	0	0	0	1	0	1.034515
714	7095	0	0	0	2	0	1.382401
715	7106	0	0	0	0	0	1.365640
716	7115	0	0	0	0	0	1.896004
717	7125	0	0	0	1	0	2.300286
718	7134	0	0	0	1	0	2.680939
719	7150	0	0	0	0	0	2.650515
720	7160	0	0	0	2	0	2.765470
721	7167	0	0	0	2	0	2.394850
722	7178	0	0	0	0	0	2.126813
723	7187	0	0	0	0	0	2.401966
724	7199	0	0	0	2	0	1.400830
725	7206	0	0	0	0	0	1.279318
726	7215	0	0	0	2	0	1.186503
727	7223	0	0	0	0	0	1.033981
728	7230	0	0	0	0	0	1.326468
729	7235	0	0	0	1	0	1.815349
730	7241	0	0	0	2	0	2.536107
731	7250	0	0	0	0	0	1.526380
732	7256	0	0	0	2	0	2.681876
733	7261	0	0	0	0	0	1.129887
734	7269	0	0	0	0	0	2.869662
735	7274	0	0	0	2	0	1.550800
736	7282	0	0	0	0	0	1.605793
737	7297	0	0	0	1	0	2.453804
738	7308	0	0	0	1	0	1.850441
739	7317	0	0	0	0	0	2.128360
740	7326	0	0	0	0	0	1.974808
741	7336	0	0	0	2	0	2.825066
742	7346	0	0	0	1	0	2.805544
743	7357	0	0	0	1	0	1.653891
744	7366	0	0	0	0	0	1.404623
745	7378	0	0	0	1	0	2.440140
746	7395	0	0	0	0	0	1.126082
747	7405	0	0	0	0	0	2.358453
748	7416	0	0	0	1	0	1.437539
749	7426	0	0	0	0	0	2.044278
750	7438	0	0	0	0	0	1.829187
751	7443	0	0	0	0	0	2.557736
752	7448	0	0	0	1	0	1.624774
753	7460	0	0	0	1	0	2.157116
754	7467	0	0	0	2	0	1.556728
755	7478	0	0	0	1	0	2.224439
756	7486	0	0	0	0	0	2.439568
757	7499	0	0	0	2	0	2.388617
758	7510	0	0	0	0	0	2.105568
759	7524	0	0	0	1	0	1.916886
760	7532	0	0	0	0	0	2.637923
761	7547	0	0	0	1	0	1.804785
762	7555	0	0	0	2	0	1.943853
763	7566	0	0	0	2	0	2.737001
764	7574	0	0	0	0	0	2.314118
765	7588	0	0	0	2	0	2.544864
766	7604	0	0	0	0	0	1.980041
767	7617	0	0	0	2	0	1.225442
768	7625	0	0	0	1	0	1.734869
769	7638	0	0	0	0	0	2.358765
770	7653	0	0	0	0	0	2.225490
771	7666	0	0	0	2	0	2.309853
772	7678	0	0	0	2	0	2.436918
773	7689	0	0	0	1	0	2.412229
774	7698	0	0	0	2	0	2.889679
775	7708	0	0	0	1	0	2.273888
776	7721	0	0	0	1	0	2.004998
777	7727	0	0	0	2	0	2.209090
778	7740	0	0	0	2	0	2.244618
779	7750	0	0	0	1	0	2.549119
780	7759	0	0	0	1	0	2.166872
781	7766	0	0	0	1	0	1.927064
782	7774	0	0	0	1	0	1.387430
783	7785	0	0	0	1	0	1.172745
784	7795	0	0	0	0	0	2.440124
785	7803	0	0	0	1	0	1.746296
786	7814	0	0	0	0	0	2.315700
787	7828	0	0	0	0	0	1.587904
788	7836	0	0	0	2	0	2.951524
789	7849	0	0	0	1	0	1.512130
790	7859	0	0	0	2	0	2.186606
791	7868	0	0	0	1	0	2.612877
792	7878	0	0	0	1	0	1.595727
793	7889	0	0	0	2	0	2.079009
794	7903	0	0	0	0	0	1.799725
795	7913	0	0	0	0	0	2.071991
796	7924	0	0	0	0	0	2.440673
797	7938	0	0	0	1	0	1.885811
798	7945	0	0	0	0	0	2.632846
799	7958	0	0	0	2	0	1.416648
800	7969	0	0	0	0	0	1.595983
801	7978	0	0	0	2	0	2.396340
802	7981	0	0	0	2	0	1.127572
803	7990	0	0	0	1	0	1.226597
804	7998	0	0	0	1	0	2.105644
805	8008	0	0	0	2	0	1.654393
806	8020	0	0	0	0	0	1.146731
807	8036	0	0	0	0	0	1.587656
808	8051	0	0	0	0	0	2.186258
809	8067	0	0	0	1	0	2.187154
810	8077	0	0	0	1	0	1.139464
811	8086	0	0	0	0	0	2.210060
812	8095	0	0	0	0	0	2.326005
813	8104	0	0	0	2	0	1.874728
814	8115	0	0	0	1	0	1.028975
815	8126	0	0	0	2	0	1.228870
816	8135	0	0	0	0	0	1.220708
817	8145	0	0	0	2	0	2.320189
818	8155	0	0	0	2	0	1.115217
819	8169	0	0	0	1	0	1.557317
820	8176	0	0	0	0	0	2.158618
821	8185	0	0	0	1	0	2.105726
822	8195	0	0	0	0	0	1.011518
823	8204	0	0	0	1	0	1.471720
824	8213	0	0	0	1	0	2.565342
825	8217	0	0	0	2	0	1.092110
826	8228	0	0	0	2	0	2.124014
827	8232	0	0	0	0	0	1.101728
828	8245	0	0	0	0	0	2.911062
829	8251	0	0	0	2	0	1.184862
830	8261	0	0	0	2	0	2.339778
831	8272	0	0	0	1	0	2.971790
832	8284	0	0	0	1	0	2.477240
833	8286	0	0	0	0	0	2.983698
834	8295	0	0	0	0	0	2.717761
835	8306	0	0	0	0	0	2.785074
836	8323	0	0	0	0	0	1.840029
837	8334	0	0	0	0	0	2.029357
838	8351	0	0	0	1	0	1.940714
839	8363	0	0	0	0	0	2.760358
840	8369	0	0	0	2	0	1.675442
841	8378	0	0	0	0	0	2.825432
842	8386	0	0	0	0	0	1.420387
843	8401	0	0	0	2	0	2.786312
844	8410	0	0	0	0	0	1.797934
845	8419	0	0	0	0	0	2.484230
846	8429	0	0	0	1	0	1.074068
847	8440	0	0	0	2	0	1.788158
848	8454	0	0	0	1	0	1.946686
849	8463	0	0	0	0	0	1.664871
850	8471	0	0	0	2	0	1.500030
851	8482	0	0	0	0	0	2.610781
852	8494	0	0	0	0	0	2.102851
853	8504	0	0	0	2	0	1.987755
854	8509	0	0	0	1	0	2.737215
855	8511	0	0	0	1	0	1.916574
856	8519	0	0	0	0	0	1.617939
857	8531	0	0	0	1	0	2.965327
858	8548	0	0	0	0	0	2.060465
859	8559	0	0	0	1	0	2.814415
860	8568	0	0	0	0	0	1.412038
861	8585	0	0	0	0	0	1.193114
862	8600	0	0	0	2	0	2.129432
863	8613	0	0	0	1	0	1.698231
864	8619	0	0	0	0	0	1.883210
865	8632	0	0	0	1	0	2.402130
866	8642	0	0	0	2	0	1.040064
867	8647	0	0	0	1	0	2.637042
868	8657	0	0	0	1	0	2.222419
869	8666	0	0	0	2	0	2.736910
870	8673	0	0	0	1	0	1.940873
871	8683	0	0	0	0	0	2.509751
872	8691	0	0	0	1	0	2.268974
873	8698	0	0	0	0	0	1.638930
874	8709	0	0	0	1	0	2.405931
875	8719	0	0	0	1	0	1.367912
876	8730	0	0	0	1	0	2.009101
877	8739	0	0	0	1	0	2.403567
878	8751	0	0	0	0	0	1.339468
879	8765	0	0	0	1	0	1.763490
880	8772	0	0	0	0	0	2.340505
881	8779	0	0	0	0	0	1.570542
882	8788	0	0	0	1	0	1.064382
883	8794	0	0	0	0	0	1.924877
884	8807	0	0	0	2	0	1.139782
885	8817	0	0	0	2	0	2.446312
886	8827	0	0	0	0	0	2.761041
887	8837	0	0	0	0	0	2.701908
888	8846	0	0	0	2	0	2.234240
889	8856	0	0	0	2	0	2.418502
890	8863	0	0	0	2	0	1.069109
891	8873	0	0	0	0	0	2.598100
892	8884	0	0	0	0	0	1.198588
893	8890	0	0	0	1	0	2.000006
894	8899	0	0	0	0	0	1.700584
895	8911	0	0	0	1	0	1.183534
896	8921	0	0	0	0	0	1.850985
897	8932	0	0	0	1	0	1.743003
898	8941	0	0	0	0	0	2.496628
899	8949	0	0	0	0	0	1.334279
900	8956	0	0	0	0	0	1.992868
901	8965	0	0	0	0	0	1.413266
902	8974	0	0	0	2	0	1.105226
903	8988	0	0	0	2	0	2.337721
904	8993	0	0	0	1	0	1.749681
905	9002	0	0	0	2	0	2.747037
906	9016	0	0	0	1	0	1.697702
907	9025	0	0	0	1	0	1.610775
908	9037	0	0	0	0	0	1.889824
909	9050	0	0	0	1	0	2.874317
910	9060	0	0	0	2	0	1.327744
911	9080	0	0	0	1	0	2.590611
912	9092	0	0	0	0	0	1.233457
913	9099	0	0	0	0	0	1.320667
914	9113	0	0	0	0	0	1.777117
915	9124	0	0	0	2	0	2.742589
916	9136	0	0	0	1	0	1.663395
917	9143	0	0	0	1	0	2.300577
918	9155	0	0	0	0	0	2.356043
919	9164	0	0	0	1	0	1.064031
920	9171	0	0	0	0	0	1.843045
921	9187	0	0	0	2	0	2.762194
922	9201	0	0	0	1	0	1.419577
923	9212	0	0	0	2	0	2.013783
924	9220	0	0	0	1	0	1.544817
925	9234	0	0	0	2	0	2.713264
926	9242	0	0	0	2	0	1.702656
927	9253	0	0	0	1	0	1.363980
928	9263	0	0	0	1	0	2.440238
929	9271	0	0	0	0	0	2.428058
930	9282	0	0	0	2	0	1.661719
931	9290	0	0	0	2	0	1.134089
932	9306	0	0	0	2	0	1.258433
933	9315	0	0	0	1	0	2.139979
934	9321	0	0	0	0	0	1.116447
935	9336	0	0	0	1	0	2.937517
936	9348	0	0	0	1	0	1.350227
937	9357	0	0	0	0	0	1.052279
938	9366	0	0	0	2	0	2.654446
939	9377	0	0	0	2	0	1.046554
940	9385	0	0	0	1	0	2.102920
941	9395	0	0	0	0	0	2.151289
942	9402	0	0	0	2	0	2.782269
943	9416	0	0	0	0	0	2.229321
944	9426	0	0	0	0	0	2.813109
945	9438	0	0	0	1	0	1.310752
946	9446	0	0	0	2	0	1.464837
947	9456	0	0	0	2	0	1.938759
948	9462	0	0	0	2	0	2.033097
949	9471	0	0	0	1	0	1.103892
950	9474	0	0	0	0	0	1.215176
951	9481	0	0	0	1	0	1.209994
952	9491	0	0	0	0	0	2.850541
953	9499	0	0	0	1	0	2.556395
954	9516	0	0	0	1	0	1.341337
955	9529	0	0	0	0	0	1.750187
956	9541	0	0	0	0	0	1.496207
957	9552	0	0	0	2	0	1.282055
958	9559	0	0	0	1	0	1.471709
959	9572	0	0	0	1	0	1.505409
960	9580	0	0	0	1	0	2.811212
961	9589	0	0	0	0	0	2.050837
962	9602	0	0	0	1	0	1.358373
963	9609	0	0	0	1	0	2.992253
964	9620	0	0	0	2	0	2.092457
965	9634	0	0	0	2	0	2.775430
966	9650	0	0	0	1	0	2.978691
967	9663	0	0	0	1	0	1.052467
968	9672	0	0	0	0	0	1.049036
969	9677	0	0	0	0	0	2.622844
970	9683	0	0	0	0	0	1.820447
971	9692	0	0	0	1	0	1.744764
972	9698	0	0	0	2	0	1.547084
973	9709	0	0	0	0	0	1.009676
974	9721	0	0	0	2	0	1.361861
975	9730	0	0	0	1	0	2.416749
976	9736	0	0	0	1	0	2.485091
977	9742	0	0	0	0	0	2.031723
978	9747	0	0	0	0	0	1.995405
979	9755	0	0	0	0	0	1.409233
980	9758	0	0	0	2	0	2.377099
981	9771	0	0	0	2	0	1.114179
982	9780	0	0	0	1	0	1.830467
983	9789	0	0	0	2	0	2.376504
984	9801	0	0	0	0	0	2.308685
985	9808	0	0	0	1	0	1.968348
986	9815	0	0	0	0	0	2.105680
987	9822	0	0	0	0	0	1.216888
988	9831	0	0	0	0	0	1.584026
989	9835	0	0	0	0	0	1.678805
990	9845	0	0	0	2	0	2.006632
991	9861	0	0	0	1	0	2.378721
992	9865	0	0	0	1	0	1.845906
993	9879	0	0	0	1	0	2.766563
994	9885	0	0	0	0	0	1.132943
995	9900	0	0	0	0	0	2.037505
996	9908	0	0	0	2	0	1.255678
997	9919	0	0	0	0	0	2.766154
998	9932	0	0	0	2	0	2.621399
999	9940	0	0	0	1	0	2.870450
