0	1	0	0	0	1	0	1.958392
1	9	0	0	0	0	0	2.512838
2	21	0	0	0	2	0	1.372964
3	26	0	0	0	1	0	1.535800
4	43	0	0	0	1	0	1.638477
5	57	0	0	0	0	0	2.067820
6	71	0	0	0	1	0	1.879724
7	79	0	0	0	0	0	1.269079
8	87	0	0	0	1	0	1.716746
9	97	0	0	0	2	0	2.504098
10	110	0	0	0	2	0	1.253133
11	123	0	0	0	0	0	2.179882
12	133	0	0	0	1	0	2.969427
13	138	0	0	0	0	0	1.344452
14	149	0	0	0	0	0	1.138714
15	158	0	0	0	1	0	2.655063
16	166	0	0	0	1	0	1.152630
17	177	0	0	0	0	0	2.861202
18	184	0	0	0	1	0	1.575563
19	195	0	0	0	0	0	1.473346
20	198	0	0	0	0	0	1.808665
21	211	0	0	0	0	0	1.756956
22	224	0	0	0	0	0	2.528203
23	238	0	0	0	1	0	1.107217
24	250	0	0	0	0	0	2.611052
25	259	0	0	0	1	0	2.891316
26	271	0	0	0	1	0	1.442032
27	283	0	0	0	1	0	2.122278
28	302	0	0	0	0	0	1.568257
29	309	0	0	0	0	0	2.572071
30	316	0	0	0	1	0	1.020584
31	323	0	0	0	1	0	1.872190
32	329	0	0	0	1	0	2.639726
33	341	0	0	0	1	0	1.696156
34	349	0	0	0	2	0	1.577280
35	353	0	0	0	1	0	2.921575
36	361	0	0	0	1	0	2.796861
37	372	0	0	0	1	0	2.082863
38	378	0	0	0	2	0	1.048660
39	385	0	0	0	0	0	2.410997
40	395	0	0	0	2	0	1.673975
41	404	0	0	0	1	0	1.090724
42	413	0	0	0	1	0	1.841127
43	428	0	0	0	1	0	1.894612
44	441	0	0	0	1	0	1.595630
45	448	0	0	0	0	0	1.082895
46	460	0	0	0	1	0	2.011471
47	469	0	0	0	2	0	2.533988
48	485	0	0	0	1	0	2.511648
49	491	0	0	0	1	0	2.520014
50	500	0	0	0	0	0	1.032432
51	510	0	0	0	2	0	2.857567
52	518	0	0	0	2	0	2.752374
53	525	0	0	0	1	0	2.245058
54	532	0	0	0	0	0	1.442836
55	540	0	0	0	1	0	1.956758
56	549	0	0	0	2	0	1.678142
57	558	0	0	0	0	0	1.049019
58	566	0	0	0	0	0	1.191668
59	575	0	0	0	2	0	2.674345
60	582	0	0	0	1	0	1.069122
61	594	0	0	0	1	0	2.396581
62	604	0	0	0	1	0	1.528914
63	617	0	0	0	0	0	2.105846
64	626	0	0	0	0	0	2.823533
65	643	0	0	0	0	0	2.259253
66	650	0	0	0	2	0	2.334583
67	664	0	0	0	0	0	2.846383
68	674	0	0	0	1	0	2.877517
69	681	0	0	0	2	0	2.476644
70	688	0	0	0	0	0	1.054762
71	698	0	0	0	0	0	1.285845
72	711	0	0	0	0	0	1.260617
73	716	0	0	0	1	0	1.820206
74	726	0	0	0	0	0	1.859222
75	736	0	0	0	2	0	1.973295
76	743	0	0	0	1	0	2.245321
77	748	0	0	0	0	0	1.686771
78	761	0	0	0	2	0	1.831633
79	772	0	0	0	2	0	2.191556
80	781	0	0	0	2	0	2.286553
81	786	0	0	0	1	0	2.149055
82	798	0	0	0	2	0	1.636630
83	806	0	0	0	0	0	2.501651
84	822	0	0	0	1	0	1.989178
85	831	0	0	0	0	0	2.542045
86	841	0	0	0	0	0	1.117012
87	850	0	0	0	0	0	2.392221
88	862	0	0	0	1	0	2.416690
89	869	0	0	0	0	0	1.382089
90	880	0	0	0	0	0	2.962761
91	888	0	0	0	1	0	1.227829
92	895	0	0	0	0	0	1.573874
93	901	0	0	0	0	0	2.529810
94	916	0	0	0	2	0	1.201484
95	927	0	0	0	1	0	1.412428
96	939	0	0	0	2	0	2.421896
97	949	0	0	0	0	0	1.564469
98	954	0	0	0	0	0	2.686531
99	963	0	0	0	1	0	1.665599
100	970	0	0	0	0	0	1.978316
101	980	0	0	0	0	0	1.679443
102	992	0	0	0	0	0	1.054826
103	1007	0	0	0	1	0	2.365082
104	1019	0	0	0	0	0	2.430416
105	1029	0	0	0	0	0	2.110050
106	1040	0	0	0	0	0	2.377279
107	1051	0	0	0	0	0	2.477424
108	1060	0	0	0	2	0	1.097256
109	1072	0	0	0	1	0	1.068408
110	1079	0	0	0	0	0	1.582437
111	1084	0	0	0	0	0	1.925894
112	1093	0	0	0	1	0	1.247836
113	1101	0	0	0	0	0	2.184892
114	1115	0	0	0	0	0	2.238714
115	1122	0	0	0	1	0	2.398479
116	1130	0	0	0	1	0	2.206233
117	1138	0	0	0	0	0	1.778989
118	1150	0	0	0	1	0	2.508966
119	1163	0	0	0	1	0	1.812855
120	1176	0	0	0	0	0	2.072745
121	1181	0	0	0	1	0	1.251397
122	1194	0	0	0	0	0	1.576640
123	1202	0	0	0	2	0	1.622347
124	1213	0	0	0	0	0	2.918330
125	1219	0	0	0	1	0	1.666070
126	1226	0	0	0	0	0	2.277998
127	1239	0	0	0	1	0	2.176008
128	1248	0	0	0	1	0	1.924570
129	1261	0	0	0	0	0	1.210215
130	1269	0	0	0	1	0	2.698542
131	1281	0	0	0	2	0	1.367866
132	1288	0	0	0	0	0	1.897631
133	1296	0	0	0	1	0	2.342663
134	1303	0	0	0	2	0	2.068045
135	1305	0	0	0	1	0	2.504191
136	1317	0	0	0	2	0	2.761153
137	1325	0	0	0	0	0	2.216209
138	1333	0	0	0	0	0	2.346784
139	1349	0	0	0	0	0	1.250134
140	1356	0	0	0	2	0	2.994666
141	1365	0	0	0	2	0	2.162818
142	1374	0	0	0	1	0	1.680484
143	1380	0	0	0	1	0	1.795498
144	1386	0	0	0	0	0	1.692754
145	1397	0	0	0	1	0	2.610964
146	1409	0	0	0	1	0	1.948607
147	1421	0	0	0	2	0	2.911917
148	1435	0	0	0	0	0	2.279882
149	1440	0	0	0	0	0	1.561468
150	1450	0	0	0	0	0	1.569530
151	1460	0	0	0	2	0	1.376814
152	1465	0	0	0	1	0	1.234715
153	1473	0	0	0	0	0	1.719876
154	1482	0	0	0	1	0	1.454642
155	1490	0	0	0	0	0	2.357343
156	1500	0	0	0	2	0	1.094049
157	1506	0	0	0	0	0	2.942760
158	1516	0	0	0	2	0	1.079482
159	1534	0	0	0	2	0	2.428786
160	1545	0	0	0	2	0	1.200886
161	1555	0	0	0	0	0	1.094324
162	1563	0	0	0	0	0	2.476967
163	1572	0	0	0	1	0	2.246443
164	1580	0	0	0	1	0	1.745418
165	1585	0	0	0	2	0	2.041936
166	1594	0	0	0	1	0	2.640186
167	1601	0	0	0	0	0	1.301324
168	1610	0	0	0	1	0	1.241557
169	1617	0	0	0	2	0	1.807671
170	1629	0	0	0	2	0	1.249800
171	1639	0	0	0	1	0	1.562609
172	1648	0	0	0	0	0	1.908918
173	1657	0	0	0	1	0	2.969209
174	1671	0	0	0	0	0	1.538982
175	1676	0	0	0	0	0	2.310990
176	1686	0	0	0	1	0	2.896196
177	1701	0	0	0	1	0	2.243208
178	1716	0	0	0	2	0	2.263943
179	1727	0	0	0	1	0	2.238282
180	1740	0	0	0	1	0	2.727696
181	1752	0	0	0	1	0	2.301712
182	1762	0	0	0	0	0	1.337147
183	1772	0	0	0	2	0	2.068714
184	1783	0	0	0	1	0	1.216290
185	1788	0	0	0	1	0	1.234516
186	1797	0	0	0	0	0	1.480735
187	1804	0	0	0	1	0	2.048997
188	1815	0	0	0	2	0	2.882060
189	1822	0	0	0	0	0	2.059407
190	1832	0	0	0	2	0	1.009824
191	1840	0	0	0	2	0	1.934196
192	1861	0	0	0	2	0	2.926848
193	1872	0	0	0	0	0	1.464745
194	1882	0	0	0	0	0	2.794333
195	1893	0	0	0	0	0	1.661028
196	1908	0	0	0	0	0	1.106767
197	1918	0	0	0	1	0	2.771736
198	1933	0	0	0	2	0	2.957259
199	1947	0	0	0	2	0	1.904893
200	1960	0	0	0	2	0	2.422311
201	1974	0	0	0	0	0	2.759311
202	1983	0	0	0	1	0	1.478504
203	1997	0	0	0	1	0	1.488805
204	2003	0	0	0	1	0	2.759426
205	2009	0	0	0	1	0	1.829347
206	2018	0	0	0	1	0	2.009558
207	2025	0	0	0	1	0	1.196255
208	2034	0	0	0	2	0	2.632647
209	2041	0	0	0	0	0	1.582675
210	2050	0	0	0	1	0	1.284622
211	2060	0	0	0	1	0	1.466185
212	2073	0	0	0	2	0	1.429074
213	2083	0	0	0	1	0	1.510437
214	2089	0	0	0	1	0	2.778988
215	2098	0	0	0	1	0	1.451017
216	2106	0	0	0	2	0	1.761041
217	2115	0	0	0	0	0	2.189794
218	2128	0	0	0	2	0	1.786275
219	2140	0	0	0	1	0	2.432542
220	2144	0	0	0	1	0	1.188003
221	2154	0	0	0	0	0	2.062482
222	2166	0	0	0	2	0	1.990175
223	2179	0	0	0	1	0	2.897931
224	2188	0	0	0	0	0	1.250494
225	2200	0	0	0	1	0	2.842197
226	2209	0	0	0	1	0	2.334067
227	2217	0	0	0	1	0	1.832872
228	2228	0	0	0	1	0	1.110347
229	2235	0	0	0	0	0	2.123750
230	2245	0	0	0	0	0	1.777976
231	2258	0	0	0	1	0	1.495335
232	2263	0	0	0	1	0	1.035137
233	2273	0	0	0	1	0	2.875887
234	2280	0	0	0	2	0	1.506391
235	2289	0	0	0	2	0	2.686073
236	2297	0	0	0	1	0	1.244282
237	2311	0	0	0	1	0	2.190574
238	2326	0	0	0	2	0	1.721206
239	2333	0	0	0	0	0	1.468824
240	2339	0	0	0	1	0	2.016103
241	2352	0	0	0	2	0	1.647666
242	2361	0	0	0	1	0	2.829698
243	2366	0	0	0	2	0	1.991272
244	2374	0	0	0	1	0	1.642825
245	2378	0	0	0	2	0	1.563344
246	2388	0	0	0	0	0	2.203848
247	2400	0	0	0	1	0	2.325377
248	2411	0	0	0	1	0	1.117725
249	2423	0	0	0	1	0	1.367167
250	2432	0	0	0	0	0	2.506245
251	2443	0	0	0	0	0	2.722960
252	2453	0	0	0	2	0	1.079796
253	2456	0	0	0	1	0	2.566926
254	2468	0	0	0	1	0	1.082283
255	2476	0	0	0	1	0	2.876360
256	2485	0	0	0	1	0	1.791353
257	2495	0	0	0	0	0	1.161329
258	2503	0	0	0	1	0	1.819160
259	2513	0	0	0	0	0	1.875194
260	2520	0	0	0	2	0	2.453181
261	2532	0	0	0	1	0	2.331096
262	2543	0	0	0	2	0	2.004274
263	2554	0	0	0	1	0	1.507852
264	2564	0	0	0	0	0	2.717718
265	2572	0	0	0	0	0	2.140263
266	2580	0	0	0	1	0	1.461559
267	2600	0	0	0	0	0	2.925888
268	2609	0	0	0	2	0	1.723824
269	2618	0	0	0	2	0	2.576573
270	2634	0	0	0	1	0	1.952958
271	2640	0	0	0	1	0	2.869081
272	2652	0	0	0	1	0	1.972610
273	2659	0	0	0	1	0	1.093242
274	2669	0	0	0	0	0	1.222248
275	2680	0	0	0	2	0	1.002453
276	2692	0	0	0	1	0	2.997201
277	2701	0	0	0	1	0	2.410342
278	2713	0	0	0	2	0	2.567251
279	2723	0	0	0	1	0	1.585654
280	2731	0	0	0	1	0	1.832718
281	2744	0	0	0	2	0	2.814687
282	2752	0	0	0	1	0	2.254523
283	2762	0	0	0	1	0	2.232019
284	2771	0	0	0	1	0	2.314103
285	2779	0	0	0	0	0	2.583058
286	2790	0	0	0	0	0	2.915243
287	2807	0	0	0	2	0	2.102011
288	2822	0	0	0	1	0	2.304690
289	2827	0	0	0	0	0	2.342441
290	2840	0	0	0	1	0	1.090459
291	2850	0	0	0	1	0	2.001923
292	2859	0	0	0	2	0	2.407930
293	2874	0	0	0	0	0	1.312754
294	2885	0	0	0	2	0	1.224245
295	2896	0	0	0	0	0	1.860124
296	2912	0	0	0	2	0	2.360652
297	2918	0	0	0	2	0	1.187388
298	2924	0	0	0	0	0	2.266220
299	2937	0	0	0	2	0	2.320972
300	2946	0	0	0	0	0	2.928218
301	2954	0	0	0	1	0	1.040914
302	2958	0	0	0	1	0	2.528142
303	2965	0	0	0	1	0	2.362512
304	2974	0	0	0	1	0	2.637265
305	2983	0	0	0	0	0	1.574649
306	2991	0	0	0	2	0	1.177116
307	3000	0	0	0	0	0	1.441868
308	3008	0	0	0	0	0	1.779247
309	3019	0	0	0	1	0	1.756503
310	3025	0	0	0	1	0	1.959290
311	3035	0	0	0	0	0	1.220325
312	3040	0	0	0	0	0	1.354297
313	3057	0	0	0	2	0	1.615727
314	3062	0	0	0	1	0	1.236634
315	3075	0	0	0	1	0	1.531122
316	3086	0	0	0	2	0	2.082250
317	3097	0	0	0	0	0	2.805259
318	3106	0	0	0	1	0	2.802160
319	3112	0	0	0	1	0	1.377644
320	3122	0	0	0	2	0	1.874150
321	3128	0	0	0	0	0	2.382139
322	3140	0	0	0	1	0	1.903534
323	3153	0	0	0	0	0	1.846265
324	3170	0	0	0	2	0	2.523086
325	3182	0	0	0	1	0	2.158242
326	3192	0	0	0	2	0	1.611858
327	3207	0	0	0	1	0	2.244585
328	3214	0	0	0	0	0	2.243810
329	3220	0	0	0	2	0	2.875754
330	3231	0	0	0	0	0	1.461389
331	3238	0	0	0	0	0	1.928933
332	3249	0	0	0	2	0	2.319300
333	3264	0	0	0	2	0	2.160633
334	3276	0	0	0	2	0	2.815443
335	3286	0	0	0	0	0	1.920995
336	3293	0	0	0	2	0	2.051938
337	3297	0	0	0	0	0	1.385387
338	3306	0	0	0	0	0	2.363211
339	3319	0	0	0	1	0	1.764656
340	3332	0	0	0	1	0	2.346224
341	3341	0	0	0	0	0	1.067205
342	3352	0	0	0	1	0	2.147925
343	3365	0	0	0	2	0	1.942679
344	3377	0	0	0	1	0	1.067195
345	3384	0	0	0	0	0	1.758107
346	3392	0	0	0	2	0	2.546536
347	3400	0	0	0	1	0	2.514734
348	3408	0	0	0	0	0	1.467958
349	3417	0	0	0	0	0	1.208368
350	3428	0	0	0	0	0	2.113608
351	3436	0	0	0	0	0	1.057828
352	3441	0	0	0	1	0	1.423168
353	3449	0	0	0	1	0	2.113162
354	3461	0	0	0	0	0	1.974075
355	3474	0	0	0	2	0	2.528994
356	3483	0	0	0	0	0	2.936161
357	3496	0	0	0	1	0	1.807433
358	3500	0	0	0	0	0	2.387396
359	3510	0	0	0	1	0	1.919859
360	3519	0	0	0	1	0	2.280577
361	3531	0	0	0	1	0	1.930939
362	3542	0	0	0	1	0	1.799876
363	3554	0	0	0	1	0	1.206690
364	3566	0	0	0	1	0	1.312013
365	3573	0	0	0	1	0	1.931287
366	3581	0	0	0	0	0	1.985508
367	3585	0	0	0	0	0	2.526613
368	3598	0	0	0	1	0	1.939989
369	3606	0	0	0	0	0	1.588847
370	3615	0	0	0	1	0	2.237843
371	3623	0	0	0	1	0	1.233201
372	3628	0	0	0	1	0	2.642126
373	3641	0	0	0	1	0	1.612542
374	3658	0	0	0	1	0	1.087129
375	3665	0	0	0	1	0	1.133082
376	3669	0	0	0	0	0	2.508507
377	3678	0	0	0	1	0	2.759941
378	3685	0	0	0	2	0	1.402118
379	3699	0	0	0	1	0	2.902995
380	3710	0	0	0	1	0	1.470941
381	3716	0	0	0	0	0	2.219563
382	3730	0	0	0	2	0	1.206689
383	3737	0	0	0	1	0	2.855487
384	3747	0	0	0	0	0	2.279120
385	3763	0	0	0	1	0	2.451663
386	3776	0	0	0	0	0	2.902110
387	3787	0	0	0	2	0	1.566621
388	3797	0	0	0	1	0	1.252629
389	3808	0	0	0	1	0	1.347531
390	3818	0	0	0	1	0	2.771186
391	3833	0	0	0	2	0	2.804170
392	3843	0	0	0	0	0	2.377423
393	3857	0	0	0	0	0	2.290822
394	3868	0	0	0	2	0	2.751055
395	3880	0	0	0	0	0	2.070136
396	3892	0	0	0	0	0	1.179351
397	3901	0	0	0	1	0	1.064210
398	3912	0	0	0	0	0	1.251325
399	3924	0	0	0	0	0	2.680684
400	3934	0	0	0	0	0	1.941135
401	3945	0	0	0	0	0	2.270522
402	3955	0	0	0	0	0	1.902045
403	3963	0	0	0	0	0	2.477830
404	3967	0	0	0	0	0	2.610420
405	3975	0	0	0	0	0	2.386943
406	3986	0	0	0	2	0	1.940480
407	3996	0	0	0	2	0	2.779539
408	4011	0	0	0	2	0	2.664061
409	4022	0	0	0	0	0	1.996164
410	4031	0	0	0	0	0	2.678842
411	4046	0	0	0	1	0	1.183038
412	4058	0	0	0	1	0	2.728314
413	4064	0	0	0	1	0	1.521357
414	4075	0	0	0	1	0	1.417656
415	4084	0	0	0	2	0	1.696331
416	4093	0	0	0	2	0	1.809044
417	4100	0	0	0	1	0	1.657906
418	4114	0	0	0	0	0	1.809536
419	4127	0	0	0	2	0	2.516564
420	4135	0	0	0	0	0	2.126522
421	4145	0	0	0	2	0	2.410594
422	4154	0	0	0	2	0	1.172951
423	4162	0	0	0	2	0	1.791016
424	4173	0	0	0	0	0	1.555610
425	4182	0	0	0	0	0	2.217789
426	4192	0	0	0	0	0	2.847688
427	4198	0	0	0	1	0	1.624658
428	4211	0	0	0	2	0	2.612909
429	4218	0	0	0	1	0	2.063766
430	4226	0	0	0	0	0	1.657913
431	4232	0	0	0	1	0	2.336484
432	4242	0	0	0	2	0	1.370001
433	4249	0	0	0	0	0	1.660509
434	4258	0	0	0	2	0	2.685838
435	4268	0	0	0	2	0	2.056408
436	4278	0	0	0	2	0	1.159161
437	4286	0	0	0	0	0	2.934578
438	4303	0	0	0	0	0	1.162197
439	4310	0	0	0	2	0	1.506079
440	4319	0	0	0	0	0	2.962388
441	4331	0	0	0	0	0	1.209965
442	4337	0	0	0	0	0	2.431850
443	4346	0	0	0	0	0	2.356356
444	4355	0	0	0	1	0	1.504839
445	4365	0	0	0	1	0	2.294957
446	4382	0	0	0	0	0	1.423040
447	4394	0	0	0	2	0	1.698133
448	4408	0	0	0	0	0	1.778142
449	4421	0	0	0	0	0	2.472602
450	4428	0	0	0	1	0	1.298077
451	4434	0	0	0	2	0	1.381089
452	4445	0	0	0	0	0	2.132232
453	4454	0	0	0	1	0	1.724456
454	4464	0	0	0	0	0	2.948777
455	4473	0	0	0	2	0	2.360806
456	4476	0	0	0	1	0	1.178331
457	4484	0	0	0	2	0	1.249040
458	4492	0	0	0	0	0	1.197591
459	4499	0	0	0	1	0	2.636892
460	4511	0	0	0	0	0	2.630709
461	4524	0	0	0	0	0	1.836956
462	4529	0	0	0	0	0	1.592116
463	4541	0	0	0	0	0	2.266190
464	4548	0	0	0	1	0	2.519688
465	4561	0	0	0	2	0	2.038447
466	4575	0	0	0	1	0	1.878876
467	4590	0	0	0	1	0	2.200137
468	4598	0	0	0	1	0	2.936806
469	4606	0	0	0	0	0	2.251082
470	4615	0	0	0	1	0	2.649042
471	4634	0	0	0	0	0	2.093076
472	4638	0	0	0	1	0	2.793147
473	4647	0	0	0	1	0	2.181106
474	4658	0	0	0	0	0	1.613310
475	4671	0	0	0	2	0	1.594597
476	4686	0	0	0	2	0	1.419923
477	4697	0	0	0	0	0	1.512330
478	4710	0	0	0	0	0	2.569950
479	4725	0	0	0	0	0	1.370927
480	4740	0	0	0	0	0	1.387860
481	4747	0	0	0	2	0	2.918828
482	4757	0	0	0	2	0	2.344920
483	4763	0	0	0	1	0	2.798366
484	4773	0	0	0	2	0	1.003624
485	4781	0	0	0	0	0	2.909470
486	4792	0	0	0	1	0	1.876710
487	4802	0	0	0	1	0	2.083675
488	4808	0	0	0	0	0	1.779405
489	4816	0	0	0	0	0	1.161492
490	4829	0	0	0	0	0	1.866827
491	4843	0	0	0	2	0	1.526120
492	4846	0	0	0	2	0	2.976327
493	4854	0	0	0	1	0	2.809563
494	4868	0	0	0	0	0	2.292018
495	4879	0	0	0	0	0	2.943381
496	4888	0	0	0	0	0	1.802098
497	4896	0	0	0	2	0	1.747045
498	4908	0	0	0	1	0	1.978360
499	4920	0	0	0	0	0	2.432849
500	4930	0	0	0	0	0	2.361594
501	4945	0	0	0	2	0	1.413637
502	4960	0	0	0	0	0	2.682054
503	4969	0	0	0	1	0	1.959992
504	4982	0	0	0	1	0	2.428557
505	4987	0	0	0	1	0	2.701059
506	5001	0	0	0	2	0	1.372094
507	5006	0	0	0	2	0	2.861586
508	5014	0	0	0	1	0	1.681865
509	5023	0	0	0	0	0	1.402881
510	5038	0	0	0	1	0	2.395561
511	5050	0	0	0	0	0	1.047765
512	5058	0	0	0	0	0	1.278320
513	5067	0	0	0	1	0	2.432147
514	5078	0	0	0	1	0	2.307611
515	5090	0	0	0	1	0	2.908337
516	5098	0	0	0	1	0	2.143793
517	5106	0	0	0	0	0	2.890690
518	5118	0	0	0	1	0	2.232702
519	5128	0	0	0	1	0	2.949234
520	5133	0	0	0	0	0	1.201780
521	5142	0	0	0	2	0	1.857165
522	5148	0	0	0	0	0	1.441510
523	5156	0	0	0	1	0	1.931143
524	5163	0	0	0	0	0	1.135625
525	5175	0	0	0	1	0	2.346977
526	5187	0	0	0	2	0	1.508578
527	5201	0	0	0	0	0	1.422526
528	5214	0	0	0	2	0	2.835867
529	5220	0	0	0	2	0	2.726961
530	5235	0	0	0	1	0	2.528656
531	5246	0	0	0	1	0	1.602546
532	5250	0	0	0	2	0	2.362268
533	5261	0	0	0	1	0	2.489878
534	5277	0	0	0	2	0	2.945366
535	5288	0	0	0	1	0	1.157288
536	5297	0	0	0	0	0	2.826705
537	5305	0	0	0	1	0	2.325710
538	5308	0	0	0	2	0	1.515888
539	5315	0	0	0	2	0	1.079106
540	5322	0	0	0	2	0	1.418243
541	5328	0	0	0	0	0	1.928863
542	5336	0	0	0	2	0	2.658728
543	5343	0	0	0	1	0	1.886159
544	5347	0	0	0	0	0	1.043304
545	5357	0	0	0	2	0	1.437774
546	5369	0	0	0	0	0	2.977906
547	5377	0	0	0	0	0	2.807494
548	5388	0	0	0	1	0	2.817226
549	5395	0	0	0	0	0	2.239805
550	5400	0	0	0	1	0	1.024467
551	5406	0	0	0	2	0	1.372989
552	5418	0	0	0	0	0	2.142537
553	5427	0	0	0	1	0	1.774621
554	5436	0	0	0	0	0	1.200384
555	5453	0	0	0	1	0	2.555450
556	5462	0	0	0	1	0	1.186798
557	5472	0	0	0	0	0	1.603004
558	5483	0	0	0	1	0	2.226596
559	5497	0	0	0	0	0	2.893441
560	5508	0	0	0	0	0	1.330499
561	5518	0	0	0	0	0	1.066427
562	5526	0	0	0	2	0	2.703769
563	5538	0	0	0	0	0	1.604794
564	5547	0	0	0	0	0	1.259380
565	5557	0	0	0	2	0	1.612893
566	5569	0	0	0	2	0	2.822621
567	5573	0	0	0	2	0	2.715269
568	5584	0	0	0	0	0	2.616547
569	5594	0	0	0	1	0	1.042344
570	5607	0	0	0	1	0	2.071764
571	5615	0	0	0	0	0	2.123052
572	5624	0	0	0	1	0	2.125070
573	5634	0	0	0	0	0	1.736547
574	5641	0	0	0	2	0	1.843640
575	5650	0	0	0	0	0	2.489654
576	5668	0	0	0	0	0	2.112365
577	5672	0	0	0	2	0	2.689678
578	5683	0	0	0	0	0	2.029087
579	5694	0	0	0	1	0	1.947817
580	5703	0	0	0	1	0	1.685675
581	5716	0	0	0	0	0	1.267126
582	5725	0	0	0	0	0	1.065161
583	5730	0	0	0	1	0	2.222316
584	5740	0	0	0	1	0	1.513213
585	5748	0	0	0	1	0	1.138237
586	5758	0	0	0	2	0	2.652836
587	5765	0	0	0	0	0	2.243810
588	5771	0	0	0	2	0	2.514163
589	5786	0	0	0	0	0	2.690490
590	5796	0	0	0	1	0	2.666234
591	5816	0	0	0	0	0	2.771892
592	5824	0	0	0	0	0	1.073892
593	5834	0	0	0	1	0	1.276002
594	5845	0	0	0	0	0	1.983017
595	5858	0	0	0	1	0	1.454317
596	5864	0	0	0	2	0	2.302795
597	5878	0	0	0	0	0	2.351072
598	5892	0	0	0	2	0	1.314417
599	5898	0	0	0	0	0	2.809378
600	5908	0	0	0	0	0	2.878297
601	5917	0	0	0	1	0	2.592939
602	5924	0	0	0	1	0	1.076357
603	5938	0	0	0	0	0	1.453619
604	5948	0	0	0	0	0	2.461274
605	5959	0	0	0	1	0	2.942961
606	5975	0	0	0	0	0	2.388334
607	5980	0	0	0	2	0	1.909759
608	5988	0	0	0	2	0	1.196912
609	5997	0	0	0	1	0	1.278882
610	6004	0	0	0	1	0	1.103485
611	6014	0	0	0	0	0	1.356395
612	6023	0	0	0	0	0	2.304739
613	6036	0	0	0	1	0	2.013678
614	6044	0	0	0	1	0	1.705527
615	6058	0	0	0	0	0	1.893499
616	6065	0	0	0	0	0	2.715832
617	6074	0	0	0	0	0	1.825362
618	6088	0	0	0	0	0	2.465898
619	6096	0	0	0	2	0	2.151604
620	6105	0	0	0	1	0	2.572970
621	6113	0	0	0	2	0	1.396229
622	6125	0	0	0	1	0	2.393275
623	6132	0	0	0	2	0	1.637997
624	6145	0	0	0	0	0	1.406399
625	6156	0	0	0	2	0	2.681496
626	6164	0	0	0	0	0	1.917607
627	6176	0	0	0	2	0	2.417525
628	6185	0	0	0	0	0	1.532322
629	6195	0	0	0	2	0	1.576415
630	6201	0	0	0	2	0	2.359182
631	6214	0	0	0	1	0	1.758920
632	6223	0	0	0	1	0	1.368568
633	6234	0	0	0	0	0	1.264484
634	6241	0	0	0	2	0	1.900286
635	6246	0	0	0	1	0	2.737249
636	6262	0	0	0	1	0	1.718334
637	6276	0	0	0	1	0	2.231876
638	6283	0	0	0	2	0	1.187632
639	6292	0	0	0	2	0	2.782515
640	6304	0	0	0	2	0	1.295408
641	6316	0	0	0	0	0	2.829794
642	6320	0	0	0	1	0	1.742069
643	6329	0	0	0	1	0	1.336972
644	6339	0	0	0	0	0	2.628179
645	6347	0	0	0	0	0	2.321218
646	6358	0	0	0	2	0	1.309588
647	6367	0	0	0	0	0	1.309121
648	6377	0	0	0	0	0	1.145179
649	6385	0	0	0	1	0	2.283660
650	6395	0	0	0	1	0	1.876168
651	6410	0	0	0	2	0	1.495673
652	6422	0	0	0	1	0	1.538403
653	6434	0	0	0	0	0	1.397634
654	6449	0	0	0	1	0	1.711362
655	6465	0	0	0	0	0	2.885986
656	6472	0	0	0	2	0	2.603002
657	6481	0	0	0	0	0	1.780018
658	6495	0	0	0	2	0	1.834558
659	6502	0	0	0	0	0	1.298943
660	6510	0	0	0	2	0	2.749589
661	6522	0	0	0	0	0	1.545677
662	6530	0	0	0	0	0	2.446126
663	6539	0	0	0	0	0	1.819506
664	6551	0	0	0	1	0	1.930299
665	6565	0	0	0	2	0	1.678792
666	6574	0	0	0	0	0	2.802234
667	6583	0	0	0	0	0	2.018958
668	6593	0	0	0	1	0	2.560840
669	6607	0	0	0	1	0	2.615513
670	6616	0	0	0	0	0	1.965491
671	6625	0	0	0	2	0	2.906183
672	6638	0	0	0	0	0	1.267383
673	6645	0	0	0	2	0	1.791161
674	6654	0	0	0	0	0	2.814488
675	6665	0	0	0	1	0	1.965543
676	6672	0	0	0	1	0	2.565544
677	6682	0	0	0	1	0	2.924079
678	6691	0	0	0	1	0	1.350269
679	6698	0	0	0	0	0	1.989293
680	6712	0	0	0	2	0	2.124811
681	6725	0	0	0	2	0	2.632993
682	6735	0	0	0	0	0	2.009510
683	6744	0	0	0	0	0	2.792766
684	6755	0	0	0	0	0	1.380393
685	6766	0	0	0	0	0	2.483755
686	6777	0	0	0	0	0	1.988835
687	6791	0	0	0	0	0	1.498638
688	6803	0	0	0	2	0	1.793182
689	6817	0	0	0	1	0	1.707023
690	6824	0	0	0	1	0	1.539106
691	6833	0	0	0	1	0	1.039019
692	6847	0	0	0	0	0	2.752439
693	6855	0	0	0	2	0	2.125492
694	6862	0	0	0	0	0	1.977683
695	6870	0	0	0	0	0	1.239312
696	6881	0	0	0	2	0	2.589171
697	6890	0	0	0	1	0	1.829493
698	6902	0	0	0	1	0	1.979235
699	6912	0	0	0	2	0	2.599238
700	6928	0	0	0	2	0	1.305016
701	6936	0	0	0	0	0	1.062058
702	6947	0	0	0	1	0	1.776548
703	6957	0	0	0	1	0	1.715870
704	6969	0	0	0	0	0	1.671185
705	6976	0	0	0	0	0	1.456980
706	6984	0	0	0	2	0	2.038798
707	6997	0	0	0	0	0	2.982184
708	7012	0	0	0	0	0	2.211214
709	7014	0	0	0	1	0	2.076159
710	7022	0	0	0	0	0	1.566311
711	7032	0	0	0	2	0	1.806480
712	7043	0	0	0	2	0	2.429661
713	7049	0	0	0	2	0	2.445364
714	7060	0	0	0	2	0	1.646354
715	7070	0	0	0	0	0	2.413024
716	7082	0	0	0	1	0	2.229129
717	7093	0	0	0	0	0	2.083505
718	7103	0	0	0	0	0	2.474791
719	7116	0	0	0	1	0	2.196167
720	7129	0	0	0	0	0	1.954657
721	7135	0	0	0	0	0	2.289367
722	7150	0	0	0	1	0	1.239317
723	7156	0	0	0	1	0	2.556945
724	7164	0	0	0	1	0	1.367744
725	7176	0	0	0	1	0	2.649396
726	7190	0	0	0	1	0	2.641215
727	7198	0	0	0	0	0	2.932370
728	7207	0	0	0	2	0	2.352355
729	7212	0	0	0	2	0	1.880405
730	7221	0	0	0	2	0	1.115758
731	7228	0	0	0	2	0	2.363429
732	7244	0	0	0	0	0	1.685476
733	7253	0	0	0	1	0	1.858449
734	7262	0	0	0	1	0	1.598218
735	7273	0	0	0	1	0	1.575967
736	7288	0	0	0	0	0	2.248677
737	7297	0	0	0	0	0	2.655146
738	7310	0	0	0	0	0	2.777558
739	7316	0	0	0	0	0	1.827127
740	7327	0	0	0	1	0	2.880011
741	7336	0	0	0	1	0	2.502523
742	7346	0	0	0	0	0	1.501141
743	7357	0	0	0	1	0	1.305527
744	7370	0	0	0	2	0	1.361046
745	7379	0	0	0	0	0	2.314050
746	7392	0	0	0	0	0	1.577563
747	7406	0	0	0	0	0	2.380715
748	7417	0	0	0	0	0	1.807012
749	7427	0	0	0	2	0	1.331243
750	7435	0	0	0	1	0	2.149575
751	7449	0	0	0	0	0	1.216664
752	7454	0	0	0	2	0	1.821879
753	7462	0	0	0	2	0	2.204535
754	7470	0	0	0	1	0	1.921577
755	7476	0	0	0	1	0	1.340748
756	7487	0	0	0	1	0	2.111446
757	7497	0	0	0	2	0	1.874884
758	7504	0	0	0	1	0	2.563432
759	7514	0	0	0	1	0	1.529446
760	7527	0	0	0	1	0	1.653331
761	7534	0	0	0	2	0	1.050844
762	7541	0	0	0	2	0	1.085413
763	7552	0	0	0	1	0	2.442516
764	7563	0	0	0	1	0	1.980602
765	7567	0	0	0	1	0	2.297888
766	7579	0	0	0	1	0	1.970342
767	7586	0	0	0	0	0	2.246641
768	7593	0	0	0	0	0	2.781930
769	7611	0	0	0	1	0	1.353768
770	7621	0	0	0	1	0	2.789281
771	7632	0	0	0	0	0	2.968481
772	7643	0	0	0	0	0	1.393891
773	7654	0	0	0	0	0	2.566650
774	7658	0	0	0	2	0	2.792288
775	7663	0	0	0	0	0	2.431848
776	7670	0	0	0	1	0	2.799382
777	7675	0	0	0	0	0	2.472452
778	7687	0	0	0	1	0	2.831774
779	7703	0	0	0	0	0	2.684360
780	7714	0	0	0	0	0	2.361452
781	7726	0	0	0	2	0	1.012624
782	7735	0	0	0	2	0	2.854541
783	7749	0	0	0	1	0	2.709083
784	7763	0	0	0	1	0	1.780782
785	7777	0	0	0	1	0	2.991216
786	7787	0	0	0	1	0	2.681133
787	7795	0	0	0	2	0	1.961980
788	7803	0	0	0	1	0	1.708640
789	7814	0	0	0	2	0	1.484546
790	7822	0	0	0	0	0	1.819144
791	7829	0	0	0	1	0	1.365764
792	7841	0	0	0	2	0	2.175250
793	7852	0	0	0	0	0	2.333016
794	7861	0	0	0	1	0	1.281577
795	7864	0	0	0	0	0	2.001537
796	7877	0	0	0	1	0	1.790782
797	7884	0	0	0	1	0	1.619656
798	7890	0	0	0	0	0	2.734799
799	7895	0	0	0	0	0	2.918141
800	7909	0	0	0	0	0	2.523449
801	7925	0	0	0	1	0	1.340006
802	7935	0	0	0	1	0	1.336293
803	7944	0	0	0	2	0	2.906199
804	7960	0	0	0	2	0	1.616376
805	7969	0	0	0	1	0	1.259112
806	7982	0	0	0	1	0	1.266254
807	7986	0	0	0	0	0	1.437184
808	7998	0	0	0	0	0	1.244354
809	8010	0	0	0	2	0	2.519539
810	8020	0	0	0	0	0	2.947098
811	8030	0	0	0	1	0	1.888482
812	8044	0	0	0	0	0	1.356317
813	8052	0	0	0	1	0	1.205142
814	8065	0	0	0	0	0	1.144042
815	8075	0	0	0	1	0	1.953797
816	8087	0	0	0	2	0	1.625624
817	8100	0	0	0	1	0	1.840657
818	8110	0	0	0	0	0	1.560875
819	8124	0	0	0	0	0	1.494919
820	8135	0	0	0	1	0	2.127336
821	8149	0	0	0	0	0	2.277269
822	8161	0	0	0	1	0	2.310481
823	8170	0	0	0	1	0	1.402224
824	8173	0	0	0	1	0	2.885513
825	8185	0	0	0	0	0	1.041925
826	8190	0	0	0	0	0	2.872998
827	8204	0	0	0	1	0	1.169512
828	8219	0	0	0	0	0	2.551126
829	8228	0	0	0	0	0	2.752637
830	8235	0	0	0	2	0	1.692186
831	8245	0	0	0	0	0	2.893222
832	8250	0	0	0	2	0	2.695752
833	8267	0	0	0	0	0	1.436069
834	8274	0	0	0	0	0	1.020371
835	8283	0	0	0	1	0	2.065035
836	8290	0	0	0	0	0	2.829173
837	8300	0	0	0	0	0	1.579038
838	8316	0	0	0	2	0	2.751815
839	8325	0	0	0	1	0	2.591857
840	8333	0	0	0	0	0	2.618703
841	8342	0	0	0	0	0	2.779451
842	8358	0	0	0	2	0	1.962583
843	8371	0	0	0	2	0	2.524416
844	8387	0	0	0	0	0	2.670093
845	8393	0	0	0	0	0	2.543654
846	8400	0	0	0	2	0	1.098898
847	8407	0	0	0	0	0	2.961448
848	8416	0	0	0	1	0	2.971961
849	8423	0	0	0	0	0	1.691312
850	8436	0	0	0	1	0	1.614421
851	8447	0	0	0	0	0	1.868622
852	8453	0	0	0	0	0	1.731186
853	8462	0	0	0	0	0	2.512592
854	8478	0	0	0	2	0	2.615065
855	8492	0	0	0	0	0	1.924117
856	8504	0	0	0	1	0	2.481674
857	8518	0	0	0	2	0	2.160733
858	8526	0	0	0	0	0	1.130806
859	8538	0	0	0	2	0	2.943019
860	8551	0	0	0	0	0	1.350009
861	8565	0	0	0	0	0	1.043962
862	8577	0	0	0	1	0	1.918100
863	8588	0	0	0	0	0	1.668175
864	8600	0	0	0	1	0	2.730255
865	8611	0	0	0	2	0	1.124713
866	8623	0	0	0	2	0	1.916581
867	8628	0	0	0	0	0	2.935034
868	8638	0	0	0	0	0	2.759110
869	8649	0	0	0	2	0	1.140624
870	8655	0	0	0	1	0	1.671433
871	8663	0	0	0	0	0	1.970240
872	8671	0	0	0	0	0	1.816495
873	8677	0	0	0	0	0	2.172782
874	8685	0	0	0	0	0	2.563516
875	8690	0	0	0	0	0	2.658791
876	8698	0	0	0	2	0	2.002260
877	8707	0	0	0	2	0	2.692821
878	8714	0	0	0	1	0	2.691923
879	8718	0	0	0	1	0	1.971526
880	8723	0	0	0	0	0	1.222943
881	8729	0	0	0	1	0	1.060593
882	8739	0	0	0	2	0	2.353100
883	8752	0	0	0	1	0	1.831648
884	8761	0	0	0	0	0	1.008829
885	8771	0	0	0	0	0	1.499710
886	8778	0	0	0	1	0	2.228405
887	8792	0	0	0	2	0	2.676591
888	8806	0	0	0	1	0	2.004998
889	8816	0	0	0	1	0	2.344433
890	8826	0	0	0	0	0	1.637915
891	8842	0	0	0	0	0	2.235453
892	8857	0	0	0	1	0	2.181008
893	8866	0	0	0	2	0	2.392681
894	8877	0	0	0	0	0	1.538646
895	8892	0	0	0	1	0	1.349160
896	8902	0	0	0	1	0	1.948934
897	8908	0	0	0	0	0	2.254549
898	8921	0	0	0	2	0	2.201041
899	8929	0	0	0	0	0	1.547520
900	8940	0	0	0	0	0	2.434609
901	8949	0	0	0	1	0	1.533742
902	8961	0	0	0	1	0	1.815159
903	8968	0	0	0	0	0	2.095354
904	8977	0	0	0	0	0	1.547110
905	8984	0	0	0	1	0	1.733942
906	8997	0	0	0	0	0	2.314641
907	9013	0	0	0	2	0	2.291467
908	9025	0	0	0	0	0	1.357243
909	9034	0	0	0	1	0	1.203891
910	9047	0	0	0	1	0	2.802937
911	9054	0	0	0	0	0	2.377324
912	9066	0	0	0	1	0	1.987645
913	9076	0	0	0	2	0	2.987000
914	9084	0	0	0	1	0	2.207036
915	9092	0	0	0	2	0	1.656583
916	9095	0	0	0	0	0	1.835351
917	9111	0	0	0	1	0	1.971744
918	9123	0	0	0	2	0	1.742354
919	9135	0	0	0	2	0	2.152177
920	9145	0	0	0	2	0	2.545649
921	9156	0	0	0	0	0	1.560683
922	9168	0	0	0	0	0	2.432733
923	9179	0	0	0	2	0	2.342807
924	9189	0	0	0	0	0	2.683585
925	9197	0	0	0	0	0	1.993712
926	9205	0	0	0	1	0	2.622350
927	9212	0	0	0	1	0	1.518430
928	9216	0	0	0	2	0	1.936504
929	9230	0	0	0	1	0	1.077612
930	9240	0	0	0	0	0	1.489274
931	9248	0	0	0	1	0	2.606099
932	9261	0	0	0	2	0	2.961831
933	9271	0	0	0	1	0	1.371628
934	9287	0	0	0	0	0	2.930844
935	9301	0	0	0	0	0	2.186590
936	9311	0	0	0	0	0	1.872807
937	9320	0	0	0	1	0	1.304135
938	9331	0	0	0	2	0	1.772043
939	9339	0	0	0	0	0	1.633773
940	9345	0	0	0	0	0	1.093215
941	9358	0	0	0	2	0	1.953307
942	9367	0	0	0	0	0	1.591371
943	9376	0	0	0	1	0	2.995053
944	9385	0	0	0	2	0	2.151352
945	9392	0	0	0	0	0	2.267304
946	9400	0	0	0	2	0	1.999492
947	9409	0	0	0	0	0	2.183267
948	9427	0	0	0	2	0	1.790373
949	9442	0	0	0	1	0	1.563164
950	9449	0	0	0	2	0	2.653816
951	9466	0	0	0	1	0	2.607979
952	9481	0	0	0	1	0	1.986336
953	9495	0	0	0	2	0	2.221620
954	9511	0	0	0	1	0	2.656639
955	9528	0	0	0	1	0	2.974976
956	9539	0	0	0	1	0	2.170345
957	9548	0	0	0	2	0	1.865094
958	9564	0	0	0	2	0	2.577654
959	9569	0	0	0	0	0	1.244529
960	9582	0	0	0	1	0	1.943329
961	9593	0	0	0	1	0	1.163330
962	9611	0	0	0	0	0	2.510629
963	9624	0	0	0	1	0	1.947058
964	9636	0	0	0	0	0	1.844244
965	9645	0	0	0	0	0	2.133033
966	9653	0	0	0	0	0	2.000013
967	9665	0	0	0	0	0	2.317993
968	9671	0	0	0	0	0	1.391106
969	9674	0	0	0	2	0	1.991397
970	9684	0	0	0	1	0	2.752638
971	9689	0	0	0	1	0	1.768045
972	9702	0	0	0	2	0	1.990923
973	9714	0	0	0	0	0	2.012644
974	9728	0	0	0	1	0	1.828261
975	9734	0	0	0	1	0	2.589126
976	9744	0	0	0	1	0	1.562542
977	9754	0	0	0	0	0	1.748003
978	9769	0	0	0	0	0	2.328775
979	9784	0	0	0	0	0	2.095233
980	9793	0	0	0	0	0	1.610539
981	9797	0	0	0	0	0	2.528510
982	9803	0	0	0	2	0	2.457126
983	9808	0	0	0	0	0	2.382723
984	9819	0	0	0	0	0	1.526921
985	9827	0	0	0	2	0	1.546359
986	9834	0	0	0	1	0	2.416013
987	9843	0	0	0	1	0	1.306228
988	9847	0	0	0	0	0	1.082099
989	9857	0	0	0	0	0	1.321279
990	9863	0	0	0	1	0	2.268297
991	9871	0	0	0	2	0	2.866481
992	9884	0	0	0	0	0	1.279162
993	9888	0	0	0	1	0	1.016969
994	9896	0	0	0	2	0	1.026958
995	9905	0	0	0	0	0	2.153374
996	9919	0	0	0	0	0	1.529250
997	9928	0	0	0	0	0	2.154599
998	9945	0	0	0	2	0	1.347414
999	9951	0	0	0	0	0	1.498802
