0	1	0	0	0	1	0	2.267707
1	14	0	0	0	0	0	2.658056
2	20	0	0	0	1	0	1.372446
3	28	0	0	0	0	0	2.041369
4	35	0	0	0	2	0	1.533200
5	47	0	0	0	0	0	2.512230
6	62	0	0	0	2	0	1.046895
7	73	0	0	0	1	0	1.166851
8	82	0	0	0	1	0	2.037083
9	94	0	0	0	2	0	2.580520
10	106	0	0	0	1	0	1.713308
11	117	0	0	0	0	0	2.760249
12	128	0	0	0	0	0	1.681748
13	138	0	0	0	0	0	1.027830
14	146	0	0	0	2	0	1.222522
15	157	0	0	0	2	0	2.114806
16	164	0	0	0	0	0	1.119576
17	179	0	0	0	2	0	2.905936
18	189	0	0	0	2	0	1.832302
19	197	0	0	0	0	0	1.709350
20	207	0	0	0	1	0	1.316452
21	220	0	0	0	2	0	2.961856
22	226	0	0	0	0	0	1.436308
23	232	0	0	0	0	0	2.569213
24	247	0	0	0	2	0	2.279173
25	253	0	0	0	0	0	1.116420
26	266	0	0	0	0	0	2.341004
27	271	0	0	0	0	0	1.815701
28	276	0	0	0	2	0	1.230003
29	279	0	0	0	2	0	2.051186
30	291	0	0	0	1	0	2.742680
31	305	0	0	0	1	0	2.572190
32	313	0	0	0	1	0	1.197773
33	323	0	0	0	0	0	2.991874
34	333	0	0	0	0	0	2.995862
35	346	0	0	0	0	0	1.742937
36	356	0	0	0	2	0	2.745330
37	368	0	0	0	2	0	2.049934
38	380	0	0	0	0	0	1.823602
39	391	0	0	0	0	0	1.103416
40	396	0	0	0	2	0	1.469896
41	408	0	0	0	1	0	1.636349
42	423	0	0	0	1	0	1.363026
43	436	0	0	0	2	0	1.331673
44	451	0	0	0	1	0	1.570121
45	463	0	0	0	1	0	2.300892
46	477	0	0	0	1	0	2.638792
47	487	0	0	0	2	0	2.703395
48	498	0	0	0	0	0	2.400639
49	504	0	0	0	0	0	2.562825
50	512	0	0	0	2	0	1.899304
51	524	0	0	0	2	0	2.726528
52	536	0	0	0	0	0	1.006353
53	542	0	0	0	0	0	1.175086
54	555	0	0	0	2	0	2.801940
55	567	0	0	0	1	0	1.166089
56	577	0	0	0	0	0	2.383951
57	585	0	0	0	1	0	1.796532
58	592	0	0	0	0	0	2.219532
59	604	0	0	0	2	0	1.882953
60	613	0	0	0	0	0	1.837982
61	620	0	0	0	1	0	1.827299
62	630	0	0	0	0	0	1.423095
63	641	0	0	0	0	0	2.823141
64	651	0	0	0	2	0	2.019313
65	663	0	0	0	0	0	1.007471
66	671	0	0	0	1	0	2.530555
67	678	0	0	0	0	0	2.333893
68	691	0	0	0	1	0	1.467420
69	703	0	0	0	0	0	2.754736
70	711	0	0	0	0	0	2.299258
71	722	0	0	0	2	0	2.570882
72	733	0	0	0	0	0	2.205956
73	739	0	0	0	1	0	1.567507
74	750	0	0	0	0	0	2.987208
75	761	0	0	0	1	0	1.035181
76	771	0	0	0	2	0	1.012317
77	784	0	0	0	1	0	2.557409
78	795	0	0	0	2	0	1.373851
79	808	0	0	0	0	0	2.862284
80	813	0	0	0	0	0	2.585532
81	825	0	0	0	2	0	1.442900
82	829	0	0	0	1	0	1.160916
83	841	0	0	0	0	0	1.745933
84	853	0	0	0	2	0	1.373035
85	859	0	0	0	0	0	1.844165
86	865	0	0	0	2	0	1.325410
87	870	0	0	0	1	0	1.200722
88	876	0	0	0	0	0	2.266634
89	890	0	0	0	0	0	1.742676
90	900	0	0	0	1	0	2.511801
91	912	0	0	0	2	0	1.411993
92	921	0	0	0	2	0	1.270549
93	930	0	0	0	1	0	2.510565
94	948	0	0	0	0	0	2.955182
95	955	0	0	0	2	0	1.623713
96	968	0	0	0	2	0	2.523628
97	977	0	0	0	1	0	1.185483
98	988	0	0	0	1	0	2.943171
99	996	0	0	0	0	0	2.264111
100	1006	0	0	0	0	0	2.903039
101	1015	0	0	0	2	0	2.159214
102	1029	0	0	0	0	0	1.603517
103	1033	0	0	0	1	0	2.441906
104	1043	0	0	0	0	0	1.241885
105	1052	0	0	0	1	0	1.990664
106	1060	0	0	0	0	0	2.723423
107	1067	0	0	0	1	0	1.452479
108	1074	0	0	0	0	0	1.735241
109	1082	0	0	0	0	0	1.945559
110	1088	0	0	0	2	0	1.945719
111	1091	0	0	0	2	0	1.321252
112	1104	0	0	0	2	0	2.515058
113	1117	0	0	0	2	0	1.688055
114	1127	0	0	0	0	0	1.586173
115	1137	0	0	0	2	0	2.582449
116	1143	0	0	0	2	0	1.521048
117	1152	0	0	0	1	0	2.727378
118	1162	0	0	0	1	0	2.402162
119	1170	0	0	0	0	0	1.812034
120	1177	0	0	0	0	0	1.699669
121	1184	0	0	0	1	0	1.576869
122	1200	0	0	0	0	0	1.855626
123	1210	0	0	0	1	0	2.806489
124	1220	0	0	0	2	0	1.940024
125	1225	0	0	0	0	0	1.211411
126	1236	0	0	0	0	0	1.244365
127	1246	0	0	0	1	0	1.562514
128	1261	0	0	0	1	0	2.351341
129	1274	0	0	0	0	0	1.554016
130	1280	0	0	0	2	0	2.434652
131	1290	0	0	0	0	0	2.896287
132	1296	0	0	0	2	0	2.098135
133	1311	0	0	0	2	0	2.643712
134	1320	0	0	0	2	0	1.974926
135	1325	0	0	0	0	0	2.333661
136	1334	0	0	0	1	0	2.710580
137	1341	0	0	0	1	0	2.829108
138	1354	0	0	0	2	0	1.141723
139	1369	0	0	0	0	0	2.383665
140	1383	0	0	0	0	0	1.500494
141	1393	0	0	0	1	0	1.437928
142	1405	0	0	0	2	0	2.517220
143	1416	0	0	0	0	0	2.253428
144	1431	0	0	0	1	0	1.334607
145	1440	0	0	0	1	0	2.346930
146	1449	0	0	0	0	0	2.872846
147	1458	0	0	0	1	0	1.433404
148	1471	0	0	0	2	0	1.755980
149	1481	0	0	0	1	0	1.242737
150	1494	0	0	0	1	0	2.705708
151	1508	0	0	0	0	0	2.844563
152	1516	0	0	0	0	0	2.236171
153	1531	0	0	0	0	0	1.736157
154	1543	0	0	0	2	0	1.151011
155	1556	0	0	0	0	0	1.420757
156	1562	0	0	0	2	0	2.756806
157	1568	0	0	0	2	0	1.403523
158	1580	0	0	0	1	0	1.923421
159	1590	0	0	0	0	0	1.667842
160	1600	0	0	0	0	0	1.190801
161	1609	0	0	0	2	0	1.926951
162	1623	0	0	0	1	0	1.772580
163	1638	0	0	0	2	0	1.825821
164	1649	0	0	0	0	0	1.730386
165	1661	0	0	0	0	0	2.461204
166	1666	0	0	0	0	0	1.351933
167	1673	0	0	0	2	0	2.113155
168	1683	0	0	0	1	0	2.573977
169	1692	0	0	0	1	0	2.876123
170	1702	0	0	0	0	0	2.403257
171	1714	0	0	0	2	0	1.655873
172	1723	0	0	0	0	0	1.071898
173	1737	0	0	0	0	0	2.168554
174	1748	0	0	0	2	0	2.199269
175	1759	0	0	0	2	0	1.498649
176	1768	0	0	0	1	0	1.413626
177	1784	0	0	0	1	0	1.817044
178	1795	0	0	0	2	0	1.142309
179	1805	0	0	0	0	0	2.145399
180	1818	0	0	0	2	0	1.069052
181	1829	0	0	0	0	0	1.618975
182	1842	0	0	0	1	0	1.639732
183	1847	0	0	0	1	0	2.367493
184	1862	0	0	0	1	0	2.538416
185	1877	0	0	0	1	0	2.303511
186	1885	0	0	0	0	0	2.083537
187	1901	0	0	0	1	0	1.635299
188	1914	0	0	0	1	0	1.362320
189	1921	0	0	0	0	0	2.188021
190	1933	0	0	0	2	0	2.780244
191	1946	0	0	0	0	0	1.329790
192	1949	0	0	0	2	0	2.763609
193	1956	0	0	0	0	0	1.854283
194	1962	0	0	0	2	0	1.427631
195	1983	0	0	0	0	0	2.214040
196	1992	0	0	0	0	0	1.674714
197	2003	0	0	0	1	0	2.161585
198	2011	0	0	0	1	0	2.787809
199	2021	0	0	0	0	0	1.127362
200	2026	0	0	0	0	0	1.056369
201	2038	0	0	0	0	0	1.978085
202	2047	0	0	0	1	0	2.548385
203	2055	0	0	0	0	0	2.839165
204	2066	0	0	0	2	0	2.018981
205	2076	0	0	0	2	0	1.287100
206	2082	0	0	0	0	0	1.142173
207	2090	0	0	0	1	0	1.997824
208	2105	0	0	0	1	0	2.671098
209	2116	0	0	0	0	0	1.304303
210	2129	0	0	0	0	0	1.042839
211	2140	0	0	0	1	0	1.955757
212	2148	0	0	0	1	0	2.662034
213	2154	0	0	0	2	0	1.801400
214	2171	0	0	0	2	0	2.741349
215	2185	0	0	0	0	0	1.020298
216	2189	0	0	0	1	0	1.941757
217	2197	0	0	0	0	0	2.589264
218	2200	0	0	0	1	0	1.598118
219	2211	0	0	0	2	0	1.330639
220	2224	0	0	0	1	0	2.974847
221	2234	0	0	0	0	0	2.310987
222	2246	0	0	0	1	0	1.668849
223	2256	0	0	0	0	0	2.812042
224	2272	0	0	0	0	0	2.594848
225	2287	0	0	0	1	0	1.444900
226	2291	0	0	0	2	0	2.576238
227	2300	0	0	0	1	0	2.663576
228	2311	0	0	0	1	0	2.868499
229	2324	0	0	0	2	0	2.978816
230	2336	0	0	0	2	0	1.121889
231	2343	0	0	0	2	0	1.354088
232	2357	0	0	0	0	0	2.653498
233	2365	0	0	0	0	0	2.568503
234	2372	0	0	0	0	0	2.938269
235	2377	0	0	0	0	0	2.781776
236	2387	0	0	0	2	0	2.386126
237	2396	0	0	0	0	0	1.893490
238	2408	0	0	0	0	0	2.301693
239	2420	0	0	0	2	0	1.281833
240	2431	0	0	0	2	0	1.138211
241	2441	0	0	0	1	0	1.913668
242	2450	0	0	0	0	0	2.563960
243	2459	0	0	0	0	0	2.751122
244	2465	0	0	0	2	0	1.276552
245	2475	0	0	0	0	0	1.881599
246	2490	0	0	0	0	0	2.586562
247	2503	0	0	0	0	0	2.333197
248	2512	0	0	0	0	0	2.710768
249	2524	0	0	0	1	0	2.317393
250	2536	0	0	0	0	0	1.483710
251	2549	0	0	0	1	0	2.184567
252	2555	0	0	0	1	0	1.730951
253	2566	0	0	0	0	0	2.791710
254	2579	0	0	0	1	0	1.178887
255	2589	0	0	0	1	0	2.487330
256	2596	0	0	0	0	0	1.161938
257	2603	0	0	0	2	0	2.778951
258	2608	0	0	0	1	0	1.001945
259	2625	0	0	0	0	0	1.699417
260	2631	0	0	0	0	0	2.850186
261	2642	0	0	0	1	0	2.576139
262	2653	0	0	0	0	0	1.231366
263	2661	0	0	0	2	0	2.469363
264	2671	0	0	0	2	0	1.858633
265	2679	0	0	0	2	0	1.337445
266	2688	0	0	0	0	0	2.687575
267	2702	0	0	0	2	0	1.295150
268	2707	0	0	0	1	0	2.053659
269	2719	0	0	0	1	0	2.264796
270	2727	0	0	0	1	0	2.210394
271	2737	0	0	0	2	0	2.028663
272	2747	0	0	0	0	0	2.633273
273	2755	0	0	0	0	0	1.588182
274	2767	0	0	0	2	0	2.644514
275	2771	0	0	0	1	0	2.078818
276	2785	0	0	0	2	0	2.772695
277	2795	0	0	0	2	0	2.312707
278	2804	0	0	0	2	0	2.032051
279	2814	0	0	0	0	0	1.641494
280	2823	0	0	0	1	0	2.458431
281	2831	0	0	0	2	0	2.966570
282	2838	0	0	0	1	0	2.350479
283	2850	0	0	0	1	0	1.341108
284	2858	0	0	0	0	0	1.730168
285	2868	0	0	0	0	0	1.696545
286	2884	0	0	0	0	0	2.727569
287	2895	0	0	0	2	0	2.985178
288	2901	0	0	0	2	0	2.248323
289	2913	0	0	0	2	0	2.518950
290	2921	0	0	0	2	0	2.496475
291	2933	0	0	0	0	0	2.031084
292	2944	0	0	0	0	0	2.698917
293	2952	0	0	0	2	0	2.731339
294	2965	0	0	0	2	0	1.597713
295	2973	0	0	0	0	0	2.156673
296	2979	0	0	0	1	0	2.745662
297	2990	0	0	0	0	0	1.052256
298	2998	0	0	0	2	0	1.371605
299	3004	0	0	0	2	0	2.757368
300	3012	0	0	0	2	0	2.474340
301	3020	0	0	0	2	0	1.732915
302	3036	0	0	0	0	0	1.561756
303	3045	0	0	0	1	0	1.594136
304	3057	0	0	0	1	0	2.418238
305	3063	0	0	0	1	0	1.678575
306	3074	0	0	0	0	0	2.453966
307	3083	0	0	0	0	0	2.517105
308	3092	0	0	0	1	0	1.180700
309	3099	0	0	0	2	0	1.476801
310	3105	0	0	0	0	0	2.046904
311	3112	0	0	0	0	0	2.349439
312	3131	0	0	0	1	0	2.350976
313	3134	0	0	0	2	0	1.401994
314	3143	0	0	0	0	0	1.843600
315	3153	0	0	0	0	0	2.405962
316	3162	0	0	0	1	0	1.785626
317	3172	0	0	0	1	0	1.710160
318	3176	0	0	0	2	0	2.164742
319	3185	0	0	0	2	0	2.397695
320	3195	0	0	0	1	0	1.927969
321	3205	0	0	0	0	0	2.252039
322	3217	0	0	0	0	0	2.400988
323	3228	0	0	0	0	0	2.073735
324	3239	0	0	0	2	0	1.001617
325	3253	0	0	0	2	0	1.782349
326	3261	0	0	0	2	0	1.572603
327	3273	0	0	0	0	0	2.118040
328	3279	0	0	0	2	0	1.470918
329	3290	0	0	0	1	0	2.002840
330	3298	0	0	0	1	0	1.471176
331	3315	0	0	0	2	0	1.350264
332	3319	0	0	0	0	0	2.373020
333	3328	0	0	0	1	0	1.101200
334	3339	0	0	0	2	0	2.128939
335	3347	0	0	0	0	0	2.874478
336	3356	0	0	0	1	0	2.016390
337	3363	0	0	0	0	0	1.008642
338	3370	0	0	0	2	0	1.368338
339	3384	0	0	0	2	0	1.276178
340	3390	0	0	0	1	0	1.208963
341	3395	0	0	0	1	0	2.213598
342	3405	0	0	0	0	0	1.639522
343	3413	0	0	0	2	0	2.837711
344	3419	0	0	0	0	0	2.210160
345	3426	0	0	0	0	0	2.600467
346	3434	0	0	0	2	0	1.414596
347	3445	0	0	0	1	0	1.438172
348	3456	0	0	0	1	0	1.381357
349	3466	0	0	0	2	0	2.408890
350	3476	0	0	0	1	0	1.918468
351	3488	0	0	0	1	0	2.838059
352	3499	0	0	0	0	0	2.419701
353	3507	0	0	0	1	0	2.064382
354	3518	0	0	0	1	0	2.845839
355	3529	0	0	0	2	0	2.765686
356	3540	0	0	0	0	0	2.606275
357	3549	0	0	0	0	0	2.940207
358	3561	0	0	0	0	0	2.885523
359	3572	0	0	0	2	0	2.913140
360	3586	0	0	0	2	0	2.025900
361	3598	0	0	0	0	0	2.694978
362	3607	0	0	0	1	0	1.270639
363	3617	0	0	0	0	0	1.125902
364	3624	0	0	0	2	0	2.361967
365	3634	0	0	0	1	0	2.107773
366	3641	0	0	0	2	0	2.237798
367	3654	0	0	0	1	0	1.768431
368	3659	0	0	0	2	0	2.708316
369	3674	0	0	0	1	0	1.425788
370	3686	0	0	0	0	0	2.197026
371	3698	0	0	0	0	0	1.230994
372	3708	0	0	0	0	0	1.741289
373	3713	0	0	0	2	0	2.367435
374	3724	0	0	0	2	0	2.947141
375	3731	0	0	0	1	0	2.690568
376	3738	0	0	0	2	0	1.198184
377	3749	0	0	0	1	0	2.884583
378	3753	0	0	0	1	0	2.187939
379	3771	0	0	0	0	0	1.489608
380	3777	0	0	0	1	0	2.198480
381	3787	0	0	0	1	0	1.233023
382	3794	0	0	0	0	0	2.431296
383	3800	0	0	0	0	0	1.212998
384	3805	0	0	0	2	0	2.642513
385	3808	0	0	0	1	0	2.565678
386	3818	0	0	0	1	0	2.748181
387	3825	0	0	0	1	0	2.796296
388	3832	0	0	0	0	0	2.650229
389	3841	0	0	0	2	0	2.195504
390	3856	0	0	0	2	0	1.345261
391	3864	0	0	0	0	0	1.125400
392	3872	0	0	0	2	0	1.230899
393	3880	0	0	0	0	0	1.932397
394	3886	0	0	0	2	0	1.355796
395	3893	0	0	0	1	0	2.863062
396	3903	0	0	0	2	0	1.561969
397	3914	0	0	0	1	0	2.690314
398	3922	0	0	0	1	0	1.016528
399	3939	0	0	0	0	0	2.248927
400	3950	0	0	0	0	0	2.813299
401	3961	0	0	0	1	0	1.906670
402	3968	0	0	0	2	0	1.760034
403	3977	0	0	0	0	0	1.114680
404	3985	0	0	0	0	0	1.338043
405	3997	0	0	0	1	0	2.377263
406	4004	0	0	0	0	0	1.922910
407	4012	0	0	0	1	0	2.173167
408	4018	0	0	0	2	0	1.012617
409	4029	0	0	0	2	0	1.629200
410	4034	0	0	0	1	0	2.512524
411	4043	0	0	0	1	0	2.861069
412	4054	0	0	0	0	0	2.907859
413	4063	0	0	0	2	0	2.084189
414	4077	0	0	0	1	0	2.603056
415	4084	0	0	0	2	0	2.106974
416	4096	0	0	0	0	0	2.161620
417	4106	0	0	0	2	0	2.515176
418	4118	0	0	0	0	0	2.963937
419	4136	0	0	0	1	0	1.158133
420	4141	0	0	0	2	0	2.293268
421	4154	0	0	0	0	0	2.714604
422	4159	0	0	0	1	0	2.547539
423	4166	0	0	0	2	0	2.022973
424	4176	0	0	0	1	0	2.073303
425	4185	0	0	0	0	0	1.054324
426	4193	0	0	0	2	0	2.829098
427	4202	0	0	0	0	0	1.959595
428	4209	0	0	0	2	0	2.136128
429	4218	0	0	0	2	0	1.375225
430	4235	0	0	0	1	0	2.925813
431	4245	0	0	0	2	0	2.601191
432	4256	0	0	0	2	0	1.308029
433	4264	0	0	0	0	0	1.806361
434	4274	0	0	0	0	0	2.210866
435	4284	0	0	0	0	0	2.859587
436	4293	0	0	0	2	0	1.129788
437	4305	0	0	0	0	0	1.944377
438	4318	0	0	0	0	0	2.476522
439	4333	0	0	0	0	0	2.738840
440	4339	0	0	0	0	0	1.360532
441	4349	0	0	0	2	0	1.854120
442	4364	0	0	0	2	0	2.080675
443	4370	0	0	0	1	0	1.948055
444	4381	0	0	0	2	0	2.540449
445	4391	0	0	0	1	0	1.460914
446	4403	0	0	0	1	0	1.816422
447	4414	0	0	0	2	0	2.768594
448	4423	0	0	0	0	0	1.832606
449	4434	0	0	0	1	0	2.972394
450	4446	0	0	0	2	0	2.346093
451	4452	0	0	0	0	0	1.246970
452	4461	0	0	0	0	0	1.389630
453	4467	0	0	0	0	0	2.321611
454	4478	0	0	0	0	0	1.065886
455	4486	0	0	0	0	0	2.695758
456	4502	0	0	0	0	0	1.265551
457	4513	0	0	0	2	0	2.604362
458	4519	0	0	0	1	0	1.671786
459	4531	0	0	0	2	0	1.603951
460	4543	0	0	0	0	0	2.776081
461	4555	0	0	0	0	0	1.113990
462	4572	0	0	0	1	0	2.218868
463	4579	0	0	0	1	0	2.398743
464	4590	0	0	0	1	0	2.459977
465	4596	0	0	0	1	0	1.613434
466	4604	0	0	0	0	0	1.718703
467	4615	0	0	0	0	0	2.905571
468	4625	0	0	0	1	0	2.118416
469	4641	0	0	0	0	0	2.833758
470	4651	0	0	0	1	0	2.790440
471	4659	0	0	0	0	0	2.348993
472	4670	0	0	0	2	0	2.363536
473	4681	0	0	0	0	0	1.914744
474	4693	0	0	0	0	0	1.950672
475	4702	0	0	0	1	0	2.011770
476	4713	0	0	0	1	0	2.558951
477	4721	0	0	0	0	0	2.408638
478	4733	0	0	0	0	0	1.329425
479	4743	0	0	0	1	0	2.153917
480	4761	0	0	0	2	0	2.854510
481	4772	0	0	0	0	0	2.777295
482	4782	0	0	0	1	0	2.169243
483	4786	0	0	0	0	0	1.419984
484	4793	0	0	0	2	0	1.851129
485	4803	0	0	0	0	0	1.528564
486	4809	0	0	0	0	0	2.148047
487	4818	0	0	0	1	0	1.975130
488	4834	0	0	0	1	0	2.614172
489	4847	0	0	0	1	0	2.736962
490	4857	0	0	0	0	0	2.947448
491	4869	0	0	0	0	0	1.021713
492	4875	0	0	0	0	0	1.073747
493	4882	0	0	0	0	0	2.322419
494	4891	0	0	0	2	0	2.166470
495	4904	0	0	0	2	0	2.065878
496	4915	0	0	0	0	0	2.634076
497	4929	0	0	0	1	0	2.589769
498	4936	0	0	0	1	0	1.838527
499	4944	0	0	0	1	0	1.498766
500	4951	0	0	0	2	0	1.404244
501	4957	0	0	0	1	0	1.345401
502	4964	0	0	0	0	0	2.671232
503	4976	0	0	0	1	0	2.745271
504	4982	0	0	0	1	0	2.482264
505	4990	0	0	0	1	0	2.832882
506	5000	0	0	0	1	0	2.808896
507	5015	0	0	0	2	0	1.969256
508	5026	0	0	0	1	0	1.722600
509	5037	0	0	0	0	0	2.398354
510	5046	0	0	0	0	0	1.150435
511	5052	0	0	0	1	0	1.833351
512	5064	0	0	0	0	0	2.224400
513	5076	0	0	0	2	0	1.492822
514	5084	0	0	0	0	0	2.058603
515	5093	0	0	0	1	0	2.772870
516	5102	0	0	0	2	0	2.164189
517	5115	0	0	0	1	0	1.380607
518	5128	0	0	0	0	0	1.397252
519	5139	0	0	0	0	0	1.828297
520	5152	0	0	0	2	0	2.410705
521	5167	0	0	0	1	0	1.091922
522	5179	0	0	0	2	0	1.893663
523	5186	0	0	0	1	0	2.889675
524	5200	0	0	0	0	0	1.402377
525	5212	0	0	0	1	0	2.598237
526	5223	0	0	0	2	0	1.543134
527	5233	0	0	0	0	0	1.871145
528	5245	0	0	0	0	0	1.172037
529	5252	0	0	0	0	0	2.284338
530	5258	0	0	0	1	0	1.706814
531	5267	0	0	0	2	0	1.843708
532	5281	0	0	0	1	0	1.040421
533	5290	0	0	0	0	0	2.968186
534	5295	0	0	0	0	0	1.372273
535	5310	0	0	0	1	0	1.734946
536	5324	0	0	0	1	0	1.889088
537	5336	0	0	0	1	0	1.643594
538	5343	0	0	0	0	0	1.967721
539	5352	0	0	0	1	0	1.584068
540	5356	0	0	0	2	0	1.890990
541	5360	0	0	0	1	0	1.038921
542	5370	0	0	0	1	0	1.861213
543	5380	0	0	0	2	0	1.582266
544	5391	0	0	0	0	0	2.694902
545	5400	0	0	0	0	0	2.257723
546	5416	0	0	0	1	0	2.043600
547	5428	0	0	0	0	0	1.216722
548	5437	0	0	0	2	0	2.157696
549	5445	0	0	0	0	0	1.263773
550	5459	0	0	0	2	0	1.363252
551	5469	0	0	0	0	0	1.866837
552	5482	0	0	0	0	0	2.866450
553	5489	0	0	0	1	0	1.255755
554	5501	0	0	0	2	0	2.924428
555	5517	0	0	0	0	0	2.274844
556	5529	0	0	0	0	0	2.905241
557	5543	0	0	0	1	0	1.358754
558	5552	0	0	0	1	0	2.506527
559	5562	0	0	0	1	0	2.520597
560	5569	0	0	0	1	0	2.685303
561	5576	0	0	0	0	0	1.707458
562	5587	0	0	0	2	0	2.430772
563	5599	0	0	0	1	0	2.895664
564	5605	0	0	0	1	0	1.070322
565	5611	0	0	0	1	0	1.327017
566	5626	0	0	0	2	0	2.400696
567	5633	0	0	0	2	0	1.180447
568	5645	0	0	0	1	0	2.309865
569	5652	0	0	0	2	0	2.756670
570	5663	0	0	0	1	0	1.104930
571	5677	0	0	0	1	0	2.245634
572	5690	0	0	0	2	0	2.217705
573	5696	0	0	0	0	0	1.882355
574	5708	0	0	0	0	0	1.821850
575	5716	0	0	0	0	0	1.731092
576	5727	0	0	0	0	0	2.867804
577	5737	0	0	0	0	0	2.275585
578	5750	0	0	0	2	0	2.171157
579	5762	0	0	0	0	0	1.712216
580	5776	0	0	0	1	0	1.162534
581	5788	0	0	0	2	0	2.885365
582	5800	0	0	0	1	0	1.747543
583	5809	0	0	0	0	0	1.615521
584	5817	0	0	0	2	0	2.745052
585	5828	0	0	0	1	0	1.060564
586	5841	0	0	0	2	0	1.836903
587	5852	0	0	0	0	0	2.979308
588	5865	0	0	0	1	0	2.846533
589	5874	0	0	0	1	0	2.945106
590	5885	0	0	0	2	0	2.795624
591	5896	0	0	0	2	0	2.083389
592	5901	0	0	0	2	0	1.515859
593	5915	0	0	0	2	0	2.523806
594	5925	0	0	0	0	0	1.002893
595	5931	0	0	0	1	0	1.023443
596	5942	0	0	0	1	0	2.912472
597	5949	0	0	0	2	0	2.070677
598	5960	0	0	0	0	0	2.678504
599	5973	0	0	0	0	0	2.045818
600	5982	0	0	0	0	0	1.929289
601	5997	0	0	0	2	0	2.433847
602	6008	0	0	0	1	0	2.805125
603	6015	0	0	0	0	0	2.260830
604	6023	0	0	0	0	0	1.683315
605	6034	0	0	0	0	0	1.894431
606	6047	0	0	0	1	0	1.625269
607	6058	0	0	0	1	0	2.743633
608	6064	0	0	0	2	0	2.525108
609	6071	0	0	0	1	0	2.140851
610	6079	0	0	0	1	0	2.303078
611	6094	0	0	0	0	0	1.174325
612	6102	0	0	0	1	0	2.639954
613	6106	0	0	0	0	0	1.447511
614	6114	0	0	0	0	0	2.212515
615	6125	0	0	0	2	0	2.680018
616	6134	0	0	0	0	0	2.910584
617	6143	0	0	0	1	0	1.741117
618	6149	0	0	0	2	0	1.150924
619	6158	0	0	0	1	0	2.986538
620	6171	0	0	0	0	0	1.193065
621	6186	0	0	0	2	0	1.566130
622	6198	0	0	0	2	0	1.189121
623	6201	0	0	0	2	0	2.577898
624	6202	0	0	0	0	0	1.256267
625	6209	0	0	0	0	0	1.227119
626	6218	0	0	0	0	0	2.513898
627	6228	0	0	0	2	0	1.029077
628	6236	0	0	0	2	0	1.843330
629	6242	0	0	0	0	0	2.635164
630	6254	0	0	0	0	0	2.450394
631	6260	0	0	0	0	0	2.218310
632	6271	0	0	0	2	0	1.372760
633	6279	0	0	0	2	0	1.718868
634	6290	0	0	0	0	0	2.517465
635	6295	0	0	0	2	0	2.451866
636	6302	0	0	0	0	0	2.416502
637	6315	0	0	0	2	0	1.036643
638	6323	0	0	0	0	0	2.055921
639	6327	0	0	0	1	0	2.999445
640	6331	0	0	0	0	0	1.008065
641	6342	0	0	0	1	0	1.384859
642	6351	0	0	0	2	0	2.304152
643	6360	0	0	0	0	0	1.405899
644	6368	0	0	0	2	0	1.137610
645	6377	0	0	0	1	0	2.711800
646	6385	0	0	0	0	0	1.808486
647	6400	0	0	0	0	0	2.338253
648	6407	0	0	0	0	0	1.042218
649	6418	0	0	0	1	0	2.071305
650	6429	0	0	0	2	0	1.412051
651	6436	0	0	0	2	0	1.257520
652	6446	0	0	0	1	0	2.173843
653	6459	0	0	0	2	0	2.350142
654	6470	0	0	0	1	0	1.364313
655	6486	0	0	0	1	0	1.472624
656	6493	0	0	0	1	0	2.902194
657	6508	0	0	0	0	0	1.166922
658	6514	0	0	0	0	0	2.295883
659	6520	0	0	0	0	0	1.132409
660	6533	0	0	0	1	0	1.311662
661	6543	0	0	0	1	0	2.284037
662	6552	0	0	0	0	0	1.267844
663	6564	0	0	0	0	0	2.635842
664	6576	0	0	0	0	0	1.106901
665	6585	0	0	0	1	0	2.198485
666	6591	0	0	0	0	0	1.362460
667	6601	0	0	0	1	0	2.015329
668	6614	0	0	0	1	0	2.193735
669	6619	0	0	0	2	0	2.953599
670	6626	0	0	0	2	0	2.294366
671	6637	0	0	0	1	0	2.224101
672	6648	0	0	0	0	0	1.127663
673	6658	0	0	0	2	0	2.309204
674	6666	0	0	0	1	0	2.174624
675	6678	0	0	0	2	0	2.861532
676	6692	0	0	0	2	0	2.081728
677	6703	0	0	0	1	0	2.643700
678	6714	0	0	0	1	0	1.885700
679	6723	0	0	0	1	0	1.849947
680	6744	0	0	0	0	0	1.607745
681	6756	0	0	0	2	0	1.571146
682	6766	0	0	0	0	0	1.997670
683	6775	0	0	0	0	0	2.061159
684	6787	0	0	0	0	0	1.111756
685	6793	0	0	0	2	0	1.513773
686	6802	0	0	0	0	0	1.739835
687	6819	0	0	0	0	0	1.692135
688	6825	0	0	0	0	0	1.537596
689	6833	0	0	0	1	0	2.572101
690	6847	0	0	0	0	0	2.928058
691	6855	0	0	0	1	0	2.917129
692	6866	0	0	0	0	0	1.823351
693	6872	0	0	0	2	0	1.914568
694	6880	0	0	0	2	0	2.826621
695	6892	0	0	0	1	0	2.666412
696	6903	0	0	0	2	0	2.632425
697	6916	0	0	0	2	0	1.087121
698	6927	0	0	0	0	0	1.045827
699	6937	0	0	0	1	0	1.702280
700	6944	0	0	0	1	0	1.010077
701	6954	0	0	0	1	0	2.263584
702	6961	0	0	0	2	0	2.686902
703	6969	0	0	0	1	0	2.407695
704	6979	0	0	0	0	0	2.735165
705	6993	0	0	0	0	0	2.843937
706	6999	0	0	0	2	0	2.595543
707	7010	0	0	0	2	0	1.071711
708	7017	0	0	0	2	0	1.916140
709	7031	0	0	0	0	0	2.014532
710	7038	0	0	0	0	0	2.216832
711	7051	0	0	0	1	0	1.130786
712	7063	0	0	0	2	0	1.327541
713	7071	0	0	0	0	0	1.804766
714	7079	0	0	0	2	0	1.623621
715	7086	0	0	0	0	0	2.895861
716	7093	0	0	0	0	0	2.135259
717	7105	0	0	0	0	0	2.081651
718	7113	0	0	0	1	0	1.427171
719	7122	0	0	0	0	0	2.709417
720	7130	0	0	0	1	0	1.500488
721	7144	0	0	0	2	0	1.728443
722	7151	0	0	0	0	0	1.310411
723	7159	0	0	0	2	0	1.069742
724	7174	0	0	0	0	0	1.921005
725	7182	0	0	0	1	0	1.690819
726	7200	0	0	0	0	0	2.045598
727	7210	0	0	0	2	0	2.617766
728	7222	0	0	0	1	0	1.494443
729	7231	0	0	0	0	0	2.721458
730	7242	0	0	0	1	0	1.001089
731	7252	0	0	0	2	0	2.343414
732	7261	0	0	0	2	0	2.012017
733	7272	0	0	0	1	0	1.693800
734	7281	0	0	0	1	0	2.796458
735	7291	0	0	0	0	0	1.055155
736	7302	0	0	0	2	0	2.313828
737	7308	0	0	0	0	0	2.168022
738	7316	0	0	0	1	0	2.689446
739	7326	0	0	0	1	0	2.794241
740	7336	0	0	0	0	0	1.496939
741	7347	0	0	0	0	0	2.014372
742	7357	0	0	0	1	0	2.477325
743	7368	0	0	0	1	0	1.213340
744	7375	0	0	0	0	0	1.027183
745	7384	0	0	0	2	0	2.542474
746	7394	0	0	0	0	0	1.655075
747	7404	0	0	0	1	0	1.500243
748	7414	0	0	0	1	0	1.159630
749	7421	0	0	0	1	0	1.060407
750	7427	0	0	0	1	0	2.911990
751	7436	0	0	0	1	0	1.214869
752	7448	0	0	0	1	0	2.697487
753	7462	0	0	0	0	0	1.670255
754	7467	0	0	0	1	0	2.202914
755	7470	0	0	0	0	0	1.216470
756	7478	0	0	0	0	0	1.401743
757	7490	0	0	0	1	0	1.804329
758	7504	0	0	0	0	0	2.041994
759	7514	0	0	0	1	0	2.609182
760	7521	0	0	0	1	0	1.227350
761	7533	0	0	0	0	0	1.897588
762	7541	0	0	0	0	0	1.963308
763	7549	0	0	0	2	0	2.436529
764	7555	0	0	0	0	0	2.011051
765	7560	0	0	0	1	0	2.483331
766	7574	0	0	0	1	0	1.908525
767	7586	0	0	0	1	0	1.600459
768	7597	0	0	0	0	0	2.727157
769	7605	0	0	0	1	0	2.978063
770	7615	0	0	0	2	0	2.147419
771	7622	0	0	0	0	0	2.732165
772	7631	0	0	0	2	0	1.746671
773	7643	0	0	0	0	0	2.668263
774	7653	0	0	0	0	0	1.710280
775	7664	0	0	0	0	0	2.899906
776	7681	0	0	0	0	0	1.779616
777	7688	0	0	0	2	0	1.004483
778	7700	0	0	0	0	0	1.074751
779	7714	0	0	0	1	0	2.150051
780	7727	0	0	0	2	0	2.290787
781	7736	0	0	0	2	0	1.408952
782	7744	0	0	0	1	0	1.719413
783	7755	0	0	0	2	0	2.919660
784	7766	0	0	0	0	0	1.679945
785	7771	0	0	0	1	0	1.203184
786	7784	0	0	0	0	0	1.705846
787	7793	0	0	0	0	0	1.589675
788	7815	0	0	0	1	0	1.658999
789	7829	0	0	0	2	0	2.955812
790	7843	0	0	0	1	0	1.089296
791	7850	0	0	0	2	0	2.286802
792	7858	0	0	0	0	0	1.445917
793	7866	0	0	0	0	0	1.529949
794	7881	0	0	0	1	0	1.975427
795	7886	0	0	0	0	0	1.793403
796	7892	0	0	0	0	0	2.467209
797	7899	0	0	0	0	0	2.905368
798	7910	0	0	0	1	0	1.708340
799	7925	0	0	0	0	0	2.603282
800	7936	0	0	0	0	0	1.568257
801	7941	0	0	0	0	0	1.750683
802	7950	0	0	0	1	0	2.882727
803	7958	0	0	0	0	0	1.711058
804	7969	0	0	0	0	0	1.903940
805	7980	0	0	0	1	0	2.171651
806	7993	0	0	0	2	0	2.414100
807	8007	0	0	0	2	0	1.410900
808	8021	0	0	0	0	0	1.166536
809	8033	0	0	0	1	0	1.755758
810	8052	0	0	0	0	0	2.328617
811	8062	0	0	0	1	0	2.175900
812	8074	0	0	0	1	0	1.706560
813	8083	0	0	0	0	0	1.640008
814	8094	0	0	0	2	0	1.895906
815	8100	0	0	0	0	0	1.154197
816	8107	0	0	0	0	0	1.618066
817	8115	0	0	0	1	0	1.993359
818	8127	0	0	0	0	0	2.869751
819	8141	0	0	0	0	0	2.906241
820	8154	0	0	0	1	0	2.058641
821	8167	0	0	0	1	0	2.416248
822	8173	0	0	0	1	0	1.265863
823	8183	0	0	0	1	0	1.053404
824	8197	0	0	0	0	0	2.308819
825	8210	0	0	0	2	0	2.007536
826	8217	0	0	0	0	0	2.942957
827	8239	0	0	0	1	0	2.582293
828	8255	0	0	0	2	0	2.830909
829	8264	0	0	0	1	0	2.397148
830	8276	0	0	0	0	0	2.884291
831	8278	0	0	0	0	0	2.860594
832	8287	0	0	0	0	0	1.076742
833	8297	0	0	0	0	0	1.415460
834	8307	0	0	0	0	0	2.587808
835	8318	0	0	0	2	0	1.497724
836	8328	0	0	0	1	0	1.316861
837	8340	0	0	0	1	0	1.459318
838	8354	0	0	0	1	0	2.335995
839	8363	0	0	0	2	0	2.113427
840	8373	0	0	0	2	0	1.547372
841	8390	0	0	0	2	0	1.966448
842	8400	0	0	0	2	0	2.546554
843	8410	0	0	0	1	0	1.994251
844	8426	0	0	0	2	0	2.949546
845	8434	0	0	0	0	0	2.308345
846	8442	0	0	0	1	0	2.224845
847	8452	0	0	0	0	0	1.317112
848	8460	0	0	0	1	0	2.578505
849	8465	0	0	0	2	0	1.878776
850	8478	0	0	0	2	0	1.124164
851	8491	0	0	0	0	0	1.373312
852	8504	0	0	0	0	0	2.042468
853	8514	0	0	0	0	0	1.397492
854	8531	0	0	0	1	0	1.491791
855	8547	0	0	0	1	0	1.634182
856	8555	0	0	0	1	0	2.832201
857	8562	0	0	0	1	0	1.028805
858	8577	0	0	0	1	0	1.806286
859	8584	0	0	0	1	0	2.995555
860	8596	0	0	0	0	0	1.993759
861	8603	0	0	0	1	0	2.685188
862	8618	0	0	0	1	0	2.930438
863	8629	0	0	0	1	0	2.806249
864	8645	0	0	0	1	0	2.728082
865	8657	0	0	0	0	0	2.283745
866	8666	0	0	0	0	0	1.970962
867	8672	0	0	0	1	0	2.106594
868	8684	0	0	0	1	0	1.149960
869	8694	0	0	0	2	0	2.437053
870	8705	0	0	0	0	0	1.081301
871	8718	0	0	0	0	0	1.630076
872	8730	0	0	0	1	0	1.049825
873	8743	0	0	0	0	0	2.887105
874	8750	0	0	0	1	0	2.136165
875	8756	0	0	0	1	0	2.746550
876	8770	0	0	0	2	0	2.026607
877	8778	0	0	0	1	0	1.201181
878	8792	0	0	0	0	0	2.587382
879	8804	0	0	0	0	0	1.763717
880	8811	0	0	0	1	0	1.608961
881	8823	0	0	0	1	0	2.247279
882	8834	0	0	0	1	0	2.051983
883	8843	0	0	0	1	0	2.065541
884	8854	0	0	0	0	0	2.685445
885	8863	0	0	0	0	0	2.403486
886	8867	0	0	0	0	0	1.853846
887	8872	0	0	0	0	0	2.868726
888	8875	0	0	0	0	0	1.476930
889	8884	0	0	0	1	0	2.484745
890	8891	0	0	0	1	0	1.887725
891	8906	0	0	0	2	0	2.679630
892	8916	0	0	0	2	0	2.545647
893	8923	0	0	0	0	0	1.416215
894	8932	0	0	0	2	0	1.097582
895	8943	0	0	0	0	0	1.317831
896	8957	0	0	0	0	0	1.360707
897	8961	0	0	0	0	0	2.197172
898	8966	0	0	0	0	0	2.933821
899	8974	0	0	0	0	0	1.720613
900	8982	0	0	0	1	0	1.994601
901	8989	0	0	0	1	0	1.837087
902	8999	0	0	0	2	0	1.878144
903	9010	0	0	0	0	0	2.167600
904	9017	0	0	0	2	0	2.592558
905	9029	0	0	0	1	0	2.289184
906	9039	0	0	0	1	0	1.004028
907	9043	0	0	0	1	0	1.763696
908	9052	0	0	0	2	0	2.769371
909	9070	0	0	0	0	0	1.608433
910	9084	0	0	0	0	0	1.044599
911	9095	0	0	0	1	0	1.686830
912	9109	0	0	0	2	0	2.782404
913	9122	0	0	0	0	0	1.383305
914	9128	0	0	0	1	0	2.555072
915	9137	0	0	0	0	0	1.983151
916	9144	0	0	0	0	0	1.071027
917	9151	0	0	0	1	0	2.672545
918	9156	0	0	0	0	0	2.656433
919	9169	0	0	0	0	0	1.499619
920	9173	0	0	0	2	0	2.686850
921	9181	0	0	0	1	0	1.105850
922	9188	0	0	0	2	0	2.436250
923	9202	0	0	0	2	0	2.223696
924	9209	0	0	0	2	0	2.884403
925	9226	0	0	0	0	0	2.515954
926	9236	0	0	0	1	0	1.436178
927	9247	0	0	0	2	0	2.005783
928	9258	0	0	0	1	0	1.421942
929	9266	0	0	0	0	0	1.618475
930	9276	0	0	0	2	0	1.315995
931	9287	0	0	0	2	0	1.509104
932	9292	0	0	0	1	0	1.034889
933	9308	0	0	0	2	0	2.771493
934	9325	0	0	0	0	0	1.886518
935	9335	0	0	0	0	0	1.972520
936	9345	0	0	0	0	0	2.318685
937	9354	0	0	0	0	0	2.929039
938	9357	0	0	0	2	0	2.567278
939	9367	0	0	0	0	0	1.002774
940	9377	0	0	0	1	0	2.843960
941	9389	0	0	0	0	0	2.135433
942	9397	0	0	0	0	0	1.564024
943	9406	0	0	0	1	0	2.912136
944	9415	0	0	0	0	0	2.563075
945	9422	0	0	0	2	0	2.071913
946	9437	0	0	0	0	0	2.421801
947	9448	0	0	0	1	0	1.683765
948	9465	0	0	0	2	0	1.530351
949	9475	0	0	0	1	0	1.617991
950	9489	0	0	0	1	0	2.446304
951	9499	0	0	0	1	0	1.702141
952	9508	0	0	0	0	0	1.491350
953	9516	0	0	0	1	0	1.250183
954	9531	0	0	0	2	0	2.202333
955	9538	0	0	0	0	0	2.232206
956	9543	0	0	0	1	0	2.855754
957	9553	0	0	0	0	0	2.509155
958	9559	0	0	0	1	0	2.198194
959	9572	0	0	0	2	0	2.344811
960	9588	0	0	0	2	0	1.567483
961	9599	0	0	0	0	0	2.182202
962	9607	0	0	0	2	0	2.698075
963	9616	0	0	0	1	0	1.149989
964	9624	0	0	0	0	0	1.309437
965	9641	0	0	0	1	0	2.062939
966	9650	0	0	0	2	0	2.383014
967	9662	0	0	0	2	0	1.588346
968	9672	0	0	0	2	0	1.607975
969	9682	0	0	0	0	0	2.009179
970	9693	0	0	0	2	0	2.794731
971	9701	0	0	0	0	0	1.808592
972	9714	0	0	0	2	0	2.186194
973	9725	0	0	0	1	0	2.491562
974	9736	0	0	0	1	0	2.636830
975	9746	0	0	0	1	0	2.185075
976	9755	0	0	0	0	0	2.208208
977	9764	0	0	0	0	0	2.128031
978	9774	0	0	0	0	0	2.628309
979	9779	0	0	0	1	0	2.239392
980	9789	0	0	0	0	0	1.579271
981	9798	0	0	0	0	0	2.094251
982	9808	0	0	0	0	0	2.486471
983	9819	0	0	0	1	0	1.247283
984	9826	0	0	0	2	0	2.626869
985	9836	0	0	0	0	0	1.827562
986	9849	0	0	0	2	0	2.081568
987	9854	0	0	0	1	0	1.244641
988	9865	0	0	0	2	0	2.825936
989	9876	0	0	0	0	0	2.023647
990	9888	0	0	0	2	0	2.182586
991	9898	0	0	0	0	0	1.870234
992	9910	0	0	0	1	0	2.268795
993	9917	0	0	0	0	0	1.076343
994	9928	0	0	0	2	0	2.442867
995	9939	0	0	0	1	0	2.677804
996	9946	0	0	0	1	0	2.844093
997	9965	0	0	0	0	0	2.324748
998	9978	0	0	0	0	0	1.708115
999	9988	0	0	0	2	0	1.602170
