0	1	0	0	0	2	0	2.123052
1	7	0	0	0	1	0	2.988098
2	15	0	0	0	0	0	1.495169
3	35	0	0	0	1	0	2.957413
4	41	0	0	0	2	0	2.787016
5	55	0	0	0	0	0	1.856417
6	65	0	0	0	1	0	2.741961
7	79	0	0	0	1	0	2.354884
8	90	0	0	0	2	0	2.388609
9	97	0	0	0	2	0	2.515966
10	101	0	0	0	1	0	2.661924
11	110	0	0	0	1	0	2.651382
12	117	0	0	0	2	0	1.728916
13	124	0	0	0	1	0	1.962227
14	136	0	0	0	1	0	2.939457
15	145	0	0	0	0	0	2.563208
16	153	0	0	0	0	0	2.486454
17	163	0	0	0	1	0	1.967508
18	172	0	0	0	1	0	1.033390
19	182	0	0	0	2	0	2.474749
20	194	0	0	0	2	0	1.624393
21	206	0	0	0	2	0	1.271101
22	210	0	0	0	0	0	2.971468
23	217	0	0	0	0	0	2.133339
24	225	0	0	0	2	0	1.809301
25	240	0	0	0	1	0	1.919839
26	247	0	0	0	0	0	2.223549
27	259	0	0	0	1	0	2.805865
28	269	0	0	0	2	0	1.500430
29	278	0	0	0	1	0	2.649103
30	288	0	0	0	1	0	1.415750
31	295	0	0	0	1	0	2.923425
32	302	0	0	0	2	0	1.160225
33	314	0	0	0	1	0	2.621319
34	319	0	0	0	0	0	1.264120
35	333	0	0	0	1	0	2.875645
36	340	0	0	0	0	0	2.312311
37	348	0	0	0	2	0	1.316079
38	354	0	0	0	1	0	1.241834
39	365	0	0	0	0	0	1.478183
40	374	0	0	0	1	0	1.541093
41	383	0	0	0	1	0	1.092489
42	393	0	0	0	0	0	1.783751
43	408	0	0	0	0	0	2.343797
44	420	0	0	0	1	0	1.734851
45	431	0	0	0	0	0	1.896372
46	441	0	0	0	1	0	2.391567
47	453	0	0	0	0	0	2.706891
48	467	0	0	0	2	0	1.809851
49	475	0	0	0	1	0	1.733837
50	485	0	0	0	1	0	1.953598
51	495	0	0	0	1	0	1.093527
52	509	0	0	0	1	0	1.424726
53	525	0	0	0	0	0	2.918661
54	535	0	0	0	2	0	2.708673
55	548	0	0	0	2	0	1.604063
56	552	0	0	0	1	0	2.524669
57	564	0	0	0	2	0	2.694040
58	570	0	0	0	1	0	1.918041
59	587	0	0	0	0	0	2.697103
60	598	0	0	0	1	0	2.680328
61	612	0	0	0	1	0	2.283467
62	623	0	0	0	0	0	1.429944
63	637	0	0	0	0	0	2.279985
64	646	0	0	0	0	0	2.454907
65	655	0	0	0	1	0	2.218832
66	669	0	0	0	0	0	1.447404
67	683	0	0	0	1	0	1.452934
68	694	0	0	0	1	0	2.551502
69	706	0	0	0	1	0	2.984942
70	716	0	0	0	0	0	1.231436
71	723	0	0	0	2	0	1.832077
72	734	0	0	0	1	0	2.879355
73	744	0	0	0	1	0	1.157021
74	757	0	0	0	1	0	2.008871
75	769	0	0	0	1	0	2.169757
76	778	0	0	0	0	0	2.536051
77	795	0	0	0	2	0	2.499320
78	806	0	0	0	2	0	1.766455
79	814	0	0	0	0	0	1.147309
80	823	0	0	0	1	0	1.375717
81	835	0	0	0	1	0	1.405277
82	847	0	0	0	0	0	1.329518
83	855	0	0	0	0	0	1.573164
84	867	0	0	0	0	0	2.054876
85	876	0	0	0	0	0	2.483328
86	882	0	0	0	0	0	1.462583
87	894	0	0	0	1	0	2.517309
88	899	0	0	0	1	0	1.341546
89	919	0	0	0	2	0	2.853336
90	937	0	0	0	0	0	2.749781
91	942	0	0	0	0	0	2.711210
92	949	0	0	0	0	0	2.021090
93	963	0	0	0	0	0	1.109365
94	974	0	0	0	2	0	1.256019
95	989	0	0	0	0	0	1.915959
96	997	0	0	0	2	0	2.308018
97	1006	0	0	0	2	0	2.879599
98	1013	0	0	0	2	0	2.083636
99	1020	0	0	0	1	0	1.471632
100	1031	0	0	0	1	0	1.028528
101	1046	0	0	0	2	0	2.985761
102	1052	0	0	0	1	0	2.175408
103	1059	0	0	0	1	0	2.476824
104	1067	0	0	0	1	0	2.047030
105	1073	0	0	0	1	0	1.894897
106	1083	0	0	0	0	0	1.190182
107	1095	0	0	0	1	0	1.468935
108	1104	0	0	0	2	0	2.230477
109	1112	0	0	0	1	0	2.241262
110	1121	0	0	0	0	0	1.648599
111	1136	0	0	0	0	0	2.828204
112	1147	0	0	0	1	0	2.185355
113	1155	0	0	0	0	0	2.049569
114	1161	0	0	0	2	0	2.994010
115	1177	0	0	0	0	0	2.073555
116	1186	0	0	0	0	0	2.771530
117	1201	0	0	0	1	0	1.550519
118	1213	0	0	0	1	0	1.927830
119	1224	0	0	0	0	0	2.245010
120	1233	0	0	0	1	0	2.355393
121	1242	0	0	0	0	0	2.008762
122	1254	0	0	0	0	0	2.916326
123	1264	0	0	0	1	0	2.099175
124	1272	0	0	0	2	0	1.666675
125	1285	0	0	0	2	0	1.874845
126	1293	0	0	0	0	0	1.639643
127	1302	0	0	0	0	0	2.269089
128	1313	0	0	0	0	0	1.642781
129	1323	0	0	0	0	0	2.844355
130	1335	0	0	0	1	0	2.345444
131	1348	0	0	0	2	0	2.174576
132	1359	0	0	0	1	0	2.317511
133	1371	0	0	0	1	0	1.949658
134	1376	0	0	0	0	0	2.547840
135	1384	0	0	0	2	0	1.159087
136	1394	0	0	0	0	0	2.678295
137	1402	0	0	0	2	0	1.295646
138	1408	0	0	0	0	0	1.480075
139	1416	0	0	0	1	0	2.462059
140	1423	0	0	0	1	0	1.482860
141	1430	0	0	0	2	0	1.191076
142	1442	0	0	0	1	0	1.414912
143	1455	0	0	0	1	0	1.339722
144	1461	0	0	0	1	0	2.015075
145	1468	0	0	0	2	0	1.434982
146	1478	0	0	0	1	0	2.672997
147	1493	0	0	0	2	0	1.500650
148	1507	0	0	0	0	0	2.468459
149	1523	0	0	0	0	0	2.504254
150	1532	0	0	0	0	0	2.853045
151	1540	0	0	0	0	0	2.870225
152	1549	0	0	0	2	0	1.564556
153	1554	0	0	0	1	0	2.852363
154	1565	0	0	0	0	0	1.832823
155	1573	0	0	0	0	0	1.172610
156	1582	0	0	0	0	0	1.746569
157	1597	0	0	0	0	0	2.194343
158	1604	0	0	0	1	0	1.785021
159	1617	0	0	0	0	0	1.161383
160	1621	0	0	0	1	0	2.167785
161	1626	0	0	0	1	0	2.149670
162	1640	0	0	0	2	0	2.281614
163	1655	0	0	0	0	0	1.881129
164	1665	0	0	0	1	0	1.897872
165	1675	0	0	0	0	0	1.879684
166	1690	0	0	0	1	0	1.985651
167	1699	0	0	0	2	0	1.894069
168	1711	0	0	0	1	0	1.900583
169	1725	0	0	0	1	0	2.485268
170	1736	0	0	0	1	0	1.110182
171	1745	0	0	0	1	0	2.258186
172	1753	0	0	0	1	0	2.120356
173	1759	0	0	0	0	0	1.111604
174	1764	0	0	0	0	0	1.571652
175	1774	0	0	0	0	0	2.515575
176	1783	0	0	0	0	0	2.378356
177	1792	0	0	0	0	0	2.832993
178	1805	0	0	0	2	0	2.380133
179	1813	0	0	0	1	0	2.488238
180	1824	0	0	0	1	0	2.661559
181	1836	0	0	0	1	0	2.753144
182	1847	0	0	0	0	0	2.633216
183	1858	0	0	0	2	0	2.866330
184	1864	0	0	0	2	0	1.304851
185	1871	0	0	0	0	0	2.781600
186	1881	0	0	0	1	0	1.469188
187	1891	0	0	0	2	0	2.114182
188	1902	0	0	0	1	0	1.910926
189	1908	0	0	0	1	0	1.644440
190	1922	0	0	0	1	0	1.476108
191	1932	0	0	0	0	0	2.573713
192	1944	0	0	0	0	0	2.086926
193	1955	0	0	0	0	0	1.297362
194	1968	0	0	0	2	0	1.086149
195	1977	0	0	0	1	0	2.351161
196	1993	0	0	0	1	0	1.972079
197	2004	0	0	0	1	0	2.934556
198	2014	0	0	0	2	0	2.132661
199	2024	0	0	0	0	0	2.466975
200	2032	0	0	0	1	0	1.422767
201	2045	0	0	0	1	0	1.110219
202	2051	0	0	0	1	0	2.787517
203	2064	0	0	0	0	0	1.575018
204	2073	0	0	0	1	0	1.584326
205	2081	0	0	0	1	0	1.387093
206	2092	0	0	0	0	0	2.498894
207	2103	0	0	0	2	0	2.298085
208	2117	0	0	0	2	0	2.617659
209	2122	0	0	0	0	0	2.837749
210	2134	0	0	0	0	0	2.446593
211	2142	0	0	0	2	0	1.105751
212	2155	0	0	0	1	0	2.568365
213	2162	0	0	0	0	0	2.467651
214	2177	0	0	0	1	0	2.669941
215	2184	0	0	0	2	0	1.480085
216	2195	0	0	0	0	0	2.679682
217	2205	0	0	0	1	0	2.737922
218	2217	0	0	0	1	0	2.768986
219	2229	0	0	0	1	0	1.683800
220	2241	0	0	0	0	0	2.126805
221	2249	0	0	0	0	0	2.574108
222	2260	0	0	0	1	0	2.599422
223	2269	0	0	0	0	0	1.289673
224	2276	0	0	0	1	0	2.942223
225	2286	0	0	0	0	0	1.643221
226	2300	0	0	0	1	0	2.743828
227	2313	0	0	0	2	0	1.216123
228	2326	0	0	0	0	0	2.994662
229	2332	0	0	0	2	0	1.212106
230	2339	0	0	0	1	0	1.335429
231	2347	0	0	0	2	0	1.787399
232	2355	0	0	0	2	0	2.678233
233	2363	0	0	0	2	0	1.795449
234	2374	0	0	0	0	0	1.714065
235	2385	0	0	0	0	0	1.018407
236	2389	0	0	0	2	0	2.095568
237	2397	0	0	0	2	0	2.444442
238	2405	0	0	0	0	0	1.363113
239	2414	0	0	0	2	0	2.469240
240	2429	0	0	0	2	0	1.600573
241	2436	0	0	0	2	0	2.203704
242	2451	0	0	0	2	0	2.384386
243	2462	0	0	0	1	0	1.710981
244	2476	0	0	0	1	0	1.651143
245	2490	0	0	0	0	0	1.874811
246	2499	0	0	0	1	0	2.862071
247	2510	0	0	0	0	0	2.292605
248	2518	0	0	0	0	0	1.904335
249	2530	0	0	0	0	0	1.466246
250	2539	0	0	0	0	0	1.662140
251	2547	0	0	0	1	0	1.618821
252	2559	0	0	0	0	0	2.910399
253	2565	0	0	0	2	0	1.136294
254	2575	0	0	0	0	0	2.586180
255	2586	0	0	0	1	0	1.202281
256	2592	0	0	0	1	0	1.627816
257	2605	0	0	0	0	0	1.606614
258	2616	0	0	0	1	0	1.354797
259	2621	0	0	0	2	0	2.867028
260	2635	0	0	0	2	0	2.355410
261	2640	0	0	0	2	0	2.155374
262	2654	0	0	0	2	0	1.054318
263	2668	0	0	0	1	0	2.730475
264	2676	0	0	0	1	0	1.979295
265	2693	0	0	0	0	0	1.514843
266	2704	0	0	0	2	0	1.355526
267	2717	0	0	0	0	0	2.596912
268	2733	0	0	0	1	0	2.683444
269	2742	0	0	0	2	0	1.978235
270	2750	0	0	0	0	0	1.950523
271	2761	0	0	0	1	0	1.200882
272	2771	0	0	0	0	0	2.933016
273	2779	0	0	0	0	0	2.531311
274	2790	0	0	0	0	0	2.706749
275	2800	0	0	0	1	0	2.110473
276	2809	0	0	0	1	0	1.617293
277	2818	0	0	0	0	0	1.089281
278	2827	0	0	0	1	0	1.819043
279	2837	0	0	0	2	0	2.710912
280	2846	0	0	0	0	0	2.231136
281	2855	0	0	0	0	0	1.041854
282	2868	0	0	0	1	0	1.761887
283	2874	0	0	0	0	0	2.301634
284	2888	0	0	0	1	0	2.797390
285	2895	0	0	0	2	0	2.835333
286	2905	0	0	0	1	0	2.617745
287	2916	0	0	0	1	0	2.772442
288	2924	0	0	0	0	0	1.906038
289	2930	0	0	0	0	0	2.373330
290	2943	0	0	0	1	0	2.041346
291	2954	0	0	0	1	0	2.265495
292	2961	0	0	0	0	0	2.201153
293	2968	0	0	0	2	0	1.902637
294	2979	0	0	0	0	0	1.100422
295	2985	0	0	0	0	0	2.773805
296	2993	0	0	0	1	0	1.437626
297	3004	0	0	0	2	0	1.447414
298	3015	0	0	0	0	0	2.400080
299	3028	0	0	0	0	0	1.979068
300	3037	0	0	0	2	0	1.162613
301	3051	0	0	0	0	0	2.901238
302	3058	0	0	0	2	0	1.395825
303	3073	0	0	0	0	0	2.579389
304	3090	0	0	0	2	0	1.983242
305	3101	0	0	0	0	0	1.314133
306	3113	0	0	0	1	0	1.682535
307	3125	0	0	0	0	0	1.705740
308	3134	0	0	0	0	0	1.473029
309	3144	0	0	0	1	0	1.803446
310	3152	0	0	0	0	0	2.407902
311	3160	0	0	0	2	0	2.517535
312	3175	0	0	0	0	0	2.174196
313	3186	0	0	0	0	0	2.139773
314	3195	0	0	0	0	0	1.715901
315	3206	0	0	0	2	0	2.699970
316	3220	0	0	0	2	0	2.927311
317	3227	0	0	0	1	0	2.015672
318	3239	0	0	0	0	0	1.737493
319	3251	0	0	0	0	0	2.998813
320	3264	0	0	0	0	0	1.172961
321	3266	0	0	0	2	0	1.301283
322	3279	0	0	0	1	0	2.649274
323	3293	0	0	0	0	0	2.418088
324	3308	0	0	0	1	0	1.510361
325	3321	0	0	0	1	0	2.026516
326	3333	0	0	0	0	0	1.740357
327	3344	0	0	0	0	0	1.089512
328	3363	0	0	0	1	0	2.521393
329	3370	0	0	0	1	0	1.436081
330	3383	0	0	0	1	0	2.812644
331	3393	0	0	0	0	0	2.813694
332	3406	0	0	0	1	0	1.340470
333	3413	0	0	0	0	0	2.788797
334	3419	0	0	0	1	0	2.738062
335	3424	0	0	0	1	0	2.171510
336	3436	0	0	0	1	0	1.403272
337	3452	0	0	0	0	0	1.115883
338	3458	0	0	0	0	0	2.015082
339	3468	0	0	0	2	0	2.573900
340	3481	0	0	0	0	0	1.595781
341	3495	0	0	0	0	0	2.488628
342	3501	0	0	0	1	0	2.769976
343	3507	0	0	0	2	0	1.614021
344	3516	0	0	0	1	0	2.160535
345	3520	0	0	0	0	0	1.125421
346	3528	0	0	0	0	0	2.208647
347	3537	0	0	0	0	0	1.337525
348	3547	0	0	0	1	0	1.527728
349	3553	0	0	0	0	0	1.516748
350	3557	0	0	0	0	0	1.303399
351	3564	0	0	0	0	0	1.060642
352	3572	0	0	0	1	0	1.089760
353	3579	0	0	0	1	0	1.040027
354	3588	0	0	0	1	0	2.329531
355	3594	0	0	0	1	0	1.468634
356	3601	0	0	0	2	0	1.483850
357	3614	0	0	0	1	0	1.115538
358	3622	0	0	0	0	0	2.453209
359	3628	0	0	0	0	0	1.018256
360	3638	0	0	0	0	0	1.246760
361	3648	0	0	0	0	0	2.951366
362	3662	0	0	0	0	0	1.945767
363	3674	0	0	0	1	0	2.570434
364	3682	0	0	0	1	0	2.614162
365	3692	0	0	0	0	0	1.815014
366	3701	0	0	0	2	0	1.344501
367	3710	0	0	0	0	0	1.605893
368	3717	0	0	0	1	0	2.715074
369	3732	0	0	0	1	0	1.687125
370	3738	0	0	0	1	0	2.095947
371	3753	0	0	0	1	0	2.537320
372	3762	0	0	0	0	0	2.499873
373	3772	0	0	0	2	0	1.753581
374	3780	0	0	0	1	0	2.912467
375	3790	0	0	0	0	0	1.137064
376	3800	0	0	0	1	0	2.552794
377	3814	0	0	0	2	0	2.368304
378	3819	0	0	0	2	0	2.921117
379	3824	0	0	0	2	0	2.738964
380	3832	0	0	0	1	0	2.338590
381	3836	0	0	0	1	0	2.023397
382	3845	0	0	0	1	0	1.854025
383	3854	0	0	0	0	0	1.920235
384	3863	0	0	0	0	0	2.262053
385	3872	0	0	0	0	0	2.209010
386	3879	0	0	0	1	0	2.229741
387	3890	0	0	0	0	0	2.808095
388	3903	0	0	0	0	0	2.059610
389	3915	0	0	0	0	0	1.437496
390	3927	0	0	0	0	0	2.960006
391	3936	0	0	0	2	0	2.873904
392	3950	0	0	0	2	0	1.130553
393	3963	0	0	0	0	0	2.675722
394	3974	0	0	0	1	0	1.079845
395	3980	0	0	0	0	0	1.957083
396	3992	0	0	0	2	0	2.122451
397	4005	0	0	0	1	0	1.920449
398	4015	0	0	0	1	0	1.956972
399	4028	0	0	0	1	0	1.947093
400	4036	0	0	0	0	0	2.577938
401	4044	0	0	0	0	0	2.945452
402	4057	0	0	0	0	0	2.586957
403	4065	0	0	0	1	0	1.002324
404	4077	0	0	0	1	0	2.945136
405	4081	0	0	0	2	0	2.327858
406	4086	0	0	0	1	0	1.287556
407	4100	0	0	0	1	0	1.377024
408	4112	0	0	0	1	0	1.964564
409	4124	0	0	0	0	0	2.971296
410	4133	0	0	0	1	0	2.136182
411	4141	0	0	0	0	0	2.797812
412	4149	0	0	0	2	0	1.979584
413	4161	0	0	0	1	0	2.535522
414	4172	0	0	0	1	0	1.385862
415	4188	0	0	0	2	0	1.792656
416	4199	0	0	0	2	0	2.964914
417	4209	0	0	0	0	0	2.132377
418	4219	0	0	0	0	0	1.103141
419	4225	0	0	0	1	0	2.936816
420	4234	0	0	0	2	0	2.070897
421	4248	0	0	0	0	0	2.465392
422	4258	0	0	0	0	0	1.994203
423	4270	0	0	0	0	0	2.787884
424	4279	0	0	0	2	0	2.522157
425	4287	0	0	0	1	0	1.276867
426	4299	0	0	0	0	0	2.009097
427	4307	0	0	0	1	0	1.841297
428	4314	0	0	0	1	0	1.693917
429	4328	0	0	0	1	0	2.523929
430	4330	0	0	0	1	0	1.278426
431	4339	0	0	0	1	0	1.535346
432	4345	0	0	0	0	0	1.240141
433	4359	0	0	0	2	0	1.979769
434	4363	0	0	0	0	0	1.756554
435	4373	0	0	0	1	0	2.515631
436	4387	0	0	0	1	0	1.584858
437	4399	0	0	0	0	0	1.251793
438	4412	0	0	0	0	0	1.893457
439	4420	0	0	0	1	0	2.474416
440	4432	0	0	0	0	0	2.965966
441	4443	0	0	0	1	0	2.504289
442	4454	0	0	0	2	0	2.887196
443	4466	0	0	0	0	0	1.094272
444	4480	0	0	0	1	0	2.661039
445	4489	0	0	0	0	0	1.973358
446	4506	0	0	0	2	0	1.823887
447	4514	0	0	0	1	0	2.177538
448	4523	0	0	0	0	0	2.166689
449	4532	0	0	0	2	0	1.894480
450	4542	0	0	0	2	0	1.297726
451	4554	0	0	0	1	0	1.447326
452	4561	0	0	0	1	0	1.808671
453	4568	0	0	0	0	0	1.375964
454	4576	0	0	0	1	0	1.937089
455	4587	0	0	0	0	0	1.014202
456	4592	0	0	0	0	0	2.884171
457	4606	0	0	0	0	0	2.556091
458	4614	0	0	0	2	0	2.871261
459	4622	0	0	0	0	0	2.523597
460	4632	0	0	0	1	0	1.037027
461	4639	0	0	0	1	0	2.689977
462	4653	0	0	0	0	0	2.017792
463	4659	0	0	0	1	0	1.260615
464	4669	0	0	0	2	0	1.398213
465	4683	0	0	0	2	0	1.187141
466	4695	0	0	0	1	0	2.143028
467	4703	0	0	0	0	0	2.850734
468	4709	0	0	0	1	0	1.562050
469	4721	0	0	0	2	0	1.170434
470	4728	0	0	0	2	0	1.150302
471	4734	0	0	0	0	0	1.467621
472	4746	0	0	0	0	0	1.626680
473	4753	0	0	0	0	0	1.514674
474	4765	0	0	0	0	0	1.225875
475	4779	0	0	0	1	0	2.421323
476	4790	0	0	0	0	0	2.074376
477	4804	0	0	0	0	0	1.008920
478	4813	0	0	0	0	0	2.402494
479	4819	0	0	0	1	0	1.421787
480	4829	0	0	0	0	0	2.961278
481	4835	0	0	0	2	0	1.318694
482	4850	0	0	0	1	0	2.941361
483	4854	0	0	0	0	0	2.637950
484	4859	0	0	0	1	0	2.784426
485	4870	0	0	0	0	0	2.317878
486	4878	0	0	0	0	0	1.252507
487	4886	0	0	0	0	0	1.472485
488	4895	0	0	0	1	0	2.533902
489	4904	0	0	0	2	0	2.308021
490	4920	0	0	0	1	0	2.318437
491	4931	0	0	0	2	0	2.602178
492	4942	0	0	0	0	0	2.849219
493	4952	0	0	0	2	0	2.077354
494	4964	0	0	0	2	0	2.547197
495	4976	0	0	0	0	0	2.656961
496	4992	0	0	0	1	0	2.593789
497	5005	0	0	0	0	0	1.500707
498	5014	0	0	0	2	0	1.228450
499	5022	0	0	0	2	0	2.339069
500	5033	0	0	0	1	0	1.002997
501	5040	0	0	0	2	0	1.370537
502	5045	0	0	0	0	0	1.909311
503	5061	0	0	0	1	0	1.245997
504	5073	0	0	0	1	0	1.895269
505	5091	0	0	0	2	0	2.083003
506	5095	0	0	0	1	0	1.230523
507	5107	0	0	0	0	0	2.412204
508	5118	0	0	0	2	0	1.636967
509	5129	0	0	0	0	0	2.307306
510	5143	0	0	0	0	0	2.845008
511	5153	0	0	0	1	0	1.211351
512	5162	0	0	0	1	0	1.725029
513	5168	0	0	0	1	0	2.327403
514	5173	0	0	0	1	0	2.656423
515	5183	0	0	0	1	0	2.496515
516	5197	0	0	0	1	0	1.165557
517	5202	0	0	0	1	0	2.916056
518	5213	0	0	0	1	0	2.220497
519	5219	0	0	0	1	0	2.612782
520	5228	0	0	0	0	0	1.400932
521	5238	0	0	0	0	0	1.903384
522	5254	0	0	0	1	0	1.722315
523	5263	0	0	0	2	0	2.706945
524	5279	0	0	0	0	0	1.934628
525	5294	0	0	0	0	0	2.952559
526	5309	0	0	0	2	0	1.417701
527	5323	0	0	0	0	0	2.923842
528	5329	0	0	0	0	0	1.971689
529	5335	0	0	0	1	0	2.789692
530	5341	0	0	0	2	0	2.716921
531	5352	0	0	0	2	0	1.756372
532	5360	0	0	0	0	0	2.278583
533	5372	0	0	0	1	0	1.192864
534	5381	0	0	0	0	0	2.745212
535	5391	0	0	0	0	0	1.830897
536	5404	0	0	0	1	0	1.532922
537	5421	0	0	0	2	0	2.081810
538	5429	0	0	0	1	0	2.889765
539	5433	0	0	0	1	0	2.593754
540	5445	0	0	0	1	0	2.501084
541	5456	0	0	0	1	0	2.456762
542	5471	0	0	0	1	0	2.672138
543	5486	0	0	0	1	0	1.872242
544	5490	0	0	0	0	0	1.384476
545	5503	0	0	0	2	0	2.865263
546	5511	0	0	0	0	0	1.811119
547	5520	0	0	0	1	0	2.387600
548	5529	0	0	0	2	0	2.510764
549	5540	0	0	0	0	0	1.401107
550	5550	0	0	0	2	0	2.671411
551	5559	0	0	0	0	0	2.722608
552	5571	0	0	0	0	0	2.458082
553	5584	0	0	0	0	0	2.600148
554	5589	0	0	0	1	0	2.855752
555	5595	0	0	0	0	0	2.159520
556	5608	0	0	0	1	0	2.464013
557	5620	0	0	0	1	0	2.186932
558	5631	0	0	0	0	0	1.252119
559	5638	0	0	0	0	0	2.631263
560	5643	0	0	0	0	0	2.114057
561	5653	0	0	0	2	0	1.417421
562	5662	0	0	0	1	0	1.297728
563	5673	0	0	0	1	0	1.033560
564	5683	0	0	0	2	0	2.817781
565	5693	0	0	0	2	0	2.395604
566	5705	0	0	0	1	0	2.597925
567	5716	0	0	0	0	0	1.957666
568	5722	0	0	0	0	0	1.556638
569	5730	0	0	0	1	0	1.284606
570	5742	0	0	0	2	0	2.735323
571	5752	0	0	0	1	0	1.409874
572	5759	0	0	0	1	0	2.765020
573	5770	0	0	0	1	0	2.472901
574	5776	0	0	0	0	0	1.405756
575	5779	0	0	0	1	0	1.948063
576	5787	0	0	0	0	0	1.965084
577	5805	0	0	0	2	0	2.267937
578	5817	0	0	0	1	0	2.244224
579	5822	0	0	0	0	0	1.404708
580	5832	0	0	0	2	0	2.150496
581	5834	0	0	0	2	0	2.153000
582	5844	0	0	0	2	0	1.134829
583	5858	0	0	0	1	0	2.554064
584	5868	0	0	0	2	0	2.010854
585	5873	0	0	0	2	0	1.360950
586	5886	0	0	0	1	0	1.763872
587	5896	0	0	0	0	0	2.683634
588	5908	0	0	0	2	0	1.307167
589	5917	0	0	0	0	0	1.886590
590	5926	0	0	0	1	0	2.053166
591	5936	0	0	0	0	0	2.920950
592	5942	0	0	0	1	0	2.907365
593	5955	0	0	0	1	0	2.310139
594	5964	0	0	0	0	0	1.162831
595	5972	0	0	0	1	0	1.283224
596	5983	0	0	0	1	0	2.066920
597	5993	0	0	0	1	0	1.111845
598	6005	0	0	0	2	0	1.375665
599	6014	0	0	0	0	0	1.415017
600	6019	0	0	0	2	0	1.514509
601	6032	0	0	0	1	0	1.409461
602	6048	0	0	0	1	0	1.509749
603	6056	0	0	0	1	0	1.580392
604	6066	0	0	0	0	0	1.094290
605	6072	0	0	0	1	0	2.457201
606	6082	0	0	0	1	0	2.617187
607	6092	0	0	0	0	0	2.539333
608	6102	0	0	0	0	0	1.491575
609	6122	0	0	0	1	0	2.718138
610	6132	0	0	0	2	0	2.623729
611	6136	0	0	0	1	0	2.358844
612	6152	0	0	0	1	0	1.076483
613	6160	0	0	0	1	0	2.911475
614	6167	0	0	0	0	0	1.417883
615	6176	0	0	0	1	0	1.606561
616	6182	0	0	0	2	0	1.838459
617	6186	0	0	0	2	0	2.877450
618	6195	0	0	0	0	0	2.407167
619	6205	0	0	0	0	0	2.734779
620	6223	0	0	0	0	0	2.746874
621	6237	0	0	0	0	0	1.496620
622	6251	0	0	0	1	0	2.904965
623	6264	0	0	0	1	0	2.879276
624	6273	0	0	0	1	0	2.729690
625	6278	0	0	0	0	0	2.619040
626	6285	0	0	0	0	0	2.830549
627	6291	0	0	0	2	0	2.431136
628	6303	0	0	0	0	0	1.532648
629	6314	0	0	0	1	0	2.510749
630	6322	0	0	0	2	0	1.780456
631	6329	0	0	0	0	0	1.856278
632	6337	0	0	0	0	0	1.147676
633	6349	0	0	0	2	0	2.164399
634	6361	0	0	0	1	0	1.486840
635	6371	0	0	0	2	0	1.209289
636	6382	0	0	0	2	0	2.788946
637	6393	0	0	0	2	0	1.842999
638	6404	0	0	0	2	0	1.910781
639	6410	0	0	0	2	0	1.483867
640	6415	0	0	0	0	0	2.280394
641	6417	0	0	0	0	0	1.924091
642	6421	0	0	0	2	0	1.773802
643	6432	0	0	0	1	0	1.906009
644	6437	0	0	0	0	0	2.232188
645	6448	0	0	0	1	0	1.170220
646	6453	0	0	0	0	0	1.326667
647	6460	0	0	0	2	0	1.539989
648	6471	0	0	0	0	0	1.687635
649	6480	0	0	0	2	0	1.176772
650	6487	0	0	0	2	0	1.742180
651	6496	0	0	0	2	0	1.130733
652	6504	0	0	0	2	0	1.839051
653	6514	0	0	0	0	0	1.772100
654	6523	0	0	0	0	0	2.809154
655	6528	0	0	0	2	0	2.679906
656	6538	0	0	0	0	0	1.003394
657	6543	0	0	0	1	0	1.610168
658	6549	0	0	0	0	0	1.931364
659	6556	0	0	0	1	0	2.499630
660	6567	0	0	0	1	0	2.825715
661	6575	0	0	0	1	0	1.690076
662	6589	0	0	0	1	0	1.948991
663	6595	0	0	0	2	0	1.750136
664	6607	0	0	0	1	0	2.257909
665	6617	0	0	0	0	0	1.959152
666	6628	0	0	0	0	0	1.063152
667	6639	0	0	0	1	0	1.358857
668	6649	0	0	0	0	0	1.689265
669	6662	0	0	0	0	0	2.965157
670	6676	0	0	0	2	0	1.670401
671	6685	0	0	0	2	0	1.085390
672	6695	0	0	0	0	0	2.134215
673	6702	0	0	0	2	0	1.590677
674	6707	0	0	0	2	0	2.360786
675	6714	0	0	0	0	0	1.676729
676	6719	0	0	0	0	0	1.708727
677	6729	0	0	0	0	0	2.783445
678	6745	0	0	0	0	0	1.440875
679	6756	0	0	0	2	0	2.368648
680	6765	0	0	0	2	0	1.743539
681	6771	0	0	0	0	0	2.307727
682	6779	0	0	0	0	0	2.191945
683	6795	0	0	0	0	0	2.235245
684	6798	0	0	0	1	0	1.209726
685	6809	0	0	0	1	0	2.924543
686	6820	0	0	0	2	0	1.059601
687	6834	0	0	0	1	0	1.618296
688	6844	0	0	0	1	0	1.210794
689	6851	0	0	0	2	0	2.768461
690	6863	0	0	0	2	0	1.790925
691	6875	0	0	0	2	0	2.103902
692	6886	0	0	0	0	0	2.397468
693	6903	0	0	0	0	0	1.620615
694	6917	0	0	0	0	0	2.523478
695	6929	0	0	0	1	0	2.363967
696	6939	0	0	0	0	0	2.101233
697	6951	0	0	0	2	0	1.798428
698	6958	0	0	0	0	0	1.814411
699	6969	0	0	0	2	0	2.838444
700	6978	0	0	0	2	0	2.835685
701	6990	0	0	0	1	0	2.476535
702	6998	0	0	0	0	0	1.846385
703	7004	0	0	0	0	0	2.079448
704	7010	0	0	0	1	0	1.766401
705	7019	0	0	0	1	0	2.268032
706	7031	0	0	0	0	0	2.261067
707	7039	0	0	0	1	0	2.454235
708	7050	0	0	0	0	0	2.630981
709	7057	0	0	0	1	0	1.232179
710	7066	0	0	0	0	0	1.626477
711	7073	0	0	0	0	0	2.557415
712	7083	0	0	0	1	0	1.332721
713	7090	0	0	0	0	0	1.144338
714	7100	0	0	0	1	0	1.227511
715	7111	0	0	0	2	0	1.791967
716	7124	0	0	0	1	0	2.762249
717	7135	0	0	0	0	0	2.197956
718	7147	0	0	0	0	0	2.717385
719	7157	0	0	0	0	0	2.531331
720	7166	0	0	0	0	0	1.408253
721	7183	0	0	0	2	0	2.139076
722	7192	0	0	0	0	0	1.827703
723	7200	0	0	0	1	0	1.871600
724	7210	0	0	0	2	0	2.891383
725	7219	0	0	0	0	0	2.410529
726	7226	0	0	0	1	0	1.793006
727	7236	0	0	0	0	0	2.140046
728	7246	0	0	0	1	0	2.250077
729	7256	0	0	0	0	0	2.937511
730	7266	0	0	0	1	0	2.040790
731	7271	0	0	0	1	0	1.395601
732	7277	0	0	0	1	0	2.478477
733	7288	0	0	0	0	0	2.135805
734	7296	0	0	0	1	0	1.447032
735	7305	0	0	0	0	0	1.178558
736	7314	0	0	0	0	0	2.598417
737	7322	0	0	0	0	0	2.967675
738	7333	0	0	0	0	0	1.740568
739	7339	0	0	0	0	0	2.548076
740	7354	0	0	0	1	0	1.622378
741	7363	0	0	0	1	0	1.589951
742	7370	0	0	0	0	0	2.008211
743	7381	0	0	0	2	0	1.209877
744	7390	0	0	0	1	0	1.339288
745	7397	0	0	0	0	0	2.623955
746	7407	0	0	0	1	0	1.855845
747	7417	0	0	0	0	0	2.797207
748	7429	0	0	0	0	0	2.645996
749	7440	0	0	0	0	0	1.119599
750	7444	0	0	0	1	0	1.749345
751	7453	0	0	0	1	0	2.943487
752	7456	0	0	0	0	0	1.841102
753	7462	0	0	0	2	0	1.269890
754	7472	0	0	0	0	0	2.101454
755	7486	0	0	0	0	0	2.227174
756	7494	0	0	0	0	0	1.057581
757	7500	0	0	0	1	0	1.385679
758	7507	0	0	0	0	0	2.351515
759	7510	0	0	0	1	0	1.205165
760	7518	0	0	0	2	0	1.884142
761	7527	0	0	0	1	0	1.429233
762	7536	0	0	0	1	0	2.236042
763	7546	0	0	0	0	0	1.783044
764	7556	0	0	0	1	0	1.206045
765	7563	0	0	0	2	0	2.952076
766	7571	0	0	0	0	0	1.199696
767	7584	0	0	0	1	0	1.547322
768	7595	0	0	0	2	0	1.962629
769	7604	0	0	0	1	0	1.186185
770	7613	0	0	0	0	0	2.766066
771	7629	0	0	0	2	0	1.324650
772	7640	0	0	0	0	0	1.451888
773	7653	0	0	0	0	0	2.155989
774	7668	0	0	0	2	0	1.646832
775	7679	0	0	0	0	0	2.263704
776	7685	0	0	0	0	0	1.630560
777	7695	0	0	0	1	0	2.603244
778	7710	0	0	0	1	0	2.978963
779	7718	0	0	0	0	0	2.403714
780	7722	0	0	0	2	0	2.997095
781	7731	0	0	0	2	0	1.508451
782	7737	0	0	0	1	0	1.881270
783	7748	0	0	0	0	0	2.956653
784	7759	0	0	0	0	0	1.004491
785	7769	0	0	0	0	0	1.126238
786	7786	0	0	0	0	0	2.549067
787	7794	0	0	0	1	0	1.330559
788	7808	0	0	0	1	0	1.856393
789	7814	0	0	0	0	0	1.478083
790	7827	0	0	0	1	0	2.400796
791	7836	0	0	0	1	0	1.508672
792	7850	0	0	0	1	0	1.230946
793	7863	0	0	0	0	0	2.803658
794	7870	0	0	0	1	0	1.009853
795	7880	0	0	0	0	0	2.055576
796	7891	0	0	0	0	0	1.892902
797	7897	0	0	0	0	0	2.721528
798	7907	0	0	0	2	0	1.088776
799	7919	0	0	0	0	0	1.957274
800	7926	0	0	0	2	0	1.513210
801	7933	0	0	0	0	0	1.522648
802	7947	0	0	0	1	0	2.310239
803	7952	0	0	0	0	0	2.327870
804	7962	0	0	0	0	0	2.731532
805	7971	0	0	0	0	0	2.168055
806	7985	0	0	0	2	0	1.901144
807	8003	0	0	0	0	0	2.561359
808	8011	0	0	0	0	0	1.751943
809	8017	0	0	0	0	0	1.451860
810	8027	0	0	0	0	0	1.064824
811	8032	0	0	0	0	0	2.587928
812	8038	0	0	0	0	0	2.529626
813	8052	0	0	0	0	0	1.771185
814	8068	0	0	0	0	0	2.269260
815	8075	0	0	0	0	0	2.028342
816	8080	0	0	0	0	0	1.174669
817	8084	0	0	0	2	0	1.257308
818	8098	0	0	0	1	0	2.606817
819	8112	0	0	0	0	0	2.079589
820	8118	0	0	0	2	0	2.153707
821	8132	0	0	0	1	0	2.229968
822	8141	0	0	0	0	0	2.817043
823	8150	0	0	0	2	0	2.145879
824	8157	0	0	0	0	0	2.020134
825	8166	0	0	0	0	0	2.449660
826	8172	0	0	0	2	0	2.490032
827	8186	0	0	0	0	0	1.034153
828	8192	0	0	0	2	0	1.803551
829	8208	0	0	0	0	0	2.887002
830	8213	0	0	0	1	0	1.241778
831	8220	0	0	0	0	0	1.381092
832	8230	0	0	0	2	0	1.827589
833	8237	0	0	0	0	0	1.891510
834	8244	0	0	0	0	0	2.900724
835	8257	0	0	0	1	0	2.586763
836	8268	0	0	0	1	0	2.117683
837	8274	0	0	0	2	0	2.394626
838	8292	0	0	0	0	0	2.978952
839	8300	0	0	0	2	0	2.622603
840	8305	0	0	0	0	0	1.777439
841	8313	0	0	0	2	0	2.508284
842	8325	0	0	0	0	0	2.403067
843	8329	0	0	0	0	0	2.991412
844	8342	0	0	0	0	0	1.044506
845	8351	0	0	0	1	0	1.831606
846	8358	0	0	0	2	0	2.381057
847	8370	0	0	0	0	0	2.867526
848	8378	0	0	0	2	0	1.548322
849	8392	0	0	0	0	0	2.030260
850	8403	0	0	0	1	0	1.392930
851	8412	0	0	0	2	0	2.790039
852	8420	0	0	0	2	0	1.451553
853	8425	0	0	0	1	0	1.194517
854	8438	0	0	0	0	0	1.164810
855	8458	0	0	0	1	0	2.382566
856	8469	0	0	0	1	0	2.297444
857	8475	0	0	0	1	0	2.399476
858	8479	0	0	0	2	0	2.722816
859	8486	0	0	0	2	0	2.071016
860	8496	0	0	0	0	0	2.331076
861	8505	0	0	0	0	0	1.744776
862	8513	0	0	0	0	0	2.693207
863	8523	0	0	0	2	0	2.003958
864	8530	0	0	0	1	0	2.568539
865	8542	0	0	0	0	0	2.287674
866	8555	0	0	0	1	0	2.748126
867	8567	0	0	0	2	0	1.067577
868	8577	0	0	0	0	0	2.640653
869	8590	0	0	0	1	0	1.446306
870	8604	0	0	0	1	0	1.107139
871	8610	0	0	0	2	0	2.400591
872	8620	0	0	0	1	0	2.834946
873	8634	0	0	0	2	0	1.813272
874	8644	0	0	0	1	0	1.326980
875	8657	0	0	0	0	0	1.420576
876	8664	0	0	0	0	0	2.925666
877	8676	0	0	0	2	0	1.223308
878	8686	0	0	0	0	0	2.181028
879	8700	0	0	0	1	0	2.347147
880	8720	0	0	0	1	0	2.751927
881	8729	0	0	0	2	0	1.788297
882	8740	0	0	0	1	0	1.246296
883	8753	0	0	0	2	0	1.577477
884	8767	0	0	0	2	0	2.976357
885	8779	0	0	0	1	0	1.607746
886	8788	0	0	0	2	0	2.854210
887	8801	0	0	0	0	0	2.013192
888	8806	0	0	0	1	0	2.484169
889	8820	0	0	0	1	0	1.989956
890	8829	0	0	0	1	0	1.601570
891	8842	0	0	0	1	0	2.650087
892	8854	0	0	0	0	0	1.880283
893	8860	0	0	0	2	0	2.985364
894	8870	0	0	0	2	0	2.969290
895	8884	0	0	0	2	0	1.400599
896	8903	0	0	0	1	0	1.566966
897	8914	0	0	0	1	0	1.216517
898	8918	0	0	0	1	0	2.416828
899	8927	0	0	0	0	0	2.808552
900	8940	0	0	0	1	0	2.837996
901	8950	0	0	0	2	0	2.612298
902	8957	0	0	0	0	0	1.532049
903	8961	0	0	0	0	0	1.432196
904	8975	0	0	0	1	0	1.126010
905	8986	0	0	0	1	0	2.940471
906	8996	0	0	0	1	0	1.296155
907	9005	0	0	0	0	0	2.118728
908	9016	0	0	0	2	0	1.631499
909	9029	0	0	0	1	0	1.015495
910	9040	0	0	0	0	0	1.617864
911	9051	0	0	0	1	0	1.190532
912	9069	0	0	0	0	0	2.521798
913	9083	0	0	0	0	0	1.857956
914	9093	0	0	0	0	0	1.776484
915	9097	0	0	0	2	0	2.253738
916	9107	0	0	0	2	0	1.897464
917	9111	0	0	0	2	0	2.561872
918	9126	0	0	0	0	0	1.260155
919	9134	0	0	0	0	0	1.476482
920	9144	0	0	0	1	0	2.200808
921	9154	0	0	0	0	0	2.034704
922	9161	0	0	0	0	0	2.628258
923	9172	0	0	0	1	0	2.861751
924	9184	0	0	0	0	0	2.720548
925	9186	0	0	0	1	0	2.173939
926	9193	0	0	0	0	0	1.622521
927	9203	0	0	0	0	0	1.633261
928	9215	0	0	0	0	0	2.422675
929	9220	0	0	0	0	0	1.407592
930	9226	0	0	0	1	0	2.396564
931	9237	0	0	0	0	0	1.227586
932	9246	0	0	0	1	0	1.512956
933	9251	0	0	0	1	0	1.784725
934	9261	0	0	0	0	0	2.475088
935	9273	0	0	0	1	0	1.710056
936	9282	0	0	0	0	0	1.430099
937	9293	0	0	0	0	0	1.931373
938	9300	0	0	0	2	0	2.332606
939	9310	0	0	0	0	0	1.265297
940	9318	0	0	0	2	0	2.744940
941	9328	0	0	0	2	0	1.389400
942	9340	0	0	0	0	0	1.389209
943	9349	0	0	0	0	0	2.266164
944	9367	0	0	0	1	0	2.878222
945	9375	0	0	0	1	0	2.001867
946	9385	0	0	0	0	0	2.890836
947	9395	0	0	0	1	0	2.442593
948	9404	0	0	0	1	0	2.219011
949	9414	0	0	0	0	0	2.480245
950	9424	0	0	0	1	0	1.702777
951	9436	0	0	0	0	0	1.087413
952	9444	0	0	0	0	0	1.668860
953	9449	0	0	0	0	0	1.075374
954	9464	0	0	0	0	0	1.168708
955	9478	0	0	0	1	0	1.669409
956	9484	0	0	0	0	0	1.751415
957	9493	0	0	0	1	0	2.037249
958	9502	0	0	0	0	0	1.160170
959	9511	0	0	0	1	0	2.542855
960	9519	0	0	0	0	0	2.592895
961	9531	0	0	0	1	0	2.706854
962	9540	0	0	0	1	0	1.112317
963	9544	0	0	0	1	0	2.322241
964	9553	0	0	0	1	0	1.121351
965	9560	0	0	0	0	0	2.984736
966	9572	0	0	0	1	0	2.622451
967	9582	0	0	0	1	0	2.464595
968	9590	0	0	0	0	0	1.442543
969	9601	0	0	0	1	0	2.888899
970	9609	0	0	0	0	0	1.068960
971	9616	0	0	0	0	0	1.727668
972	9628	0	0	0	2	0	1.254422
973	9636	0	0	0	0	0	2.038430
974	9645	0	0	0	1	0	1.345857
975	9658	0	0	0	2	0	1.054925
976	9669	0	0	0	2	0	2.167500
977	9676	0	0	0	2	0	2.574417
978	9687	0	0	0	1	0	1.718272
979	9694	0	0	0	2	0	2.818074
980	9700	0	0	0	2	0	1.354069
981	9709	0	0	0	1	0	2.029034
982	9720	0	0	0	0	0	2.930383
983	9734	0	0	0	0	0	2.726974
984	9747	0	0	0	1	0	1.494184
985	9765	0	0	0	2	0	1.400718
986	9776	0	0	0	1	0	1.115987
987	9782	0	0	0	0	0	1.391405
988	9790	0	0	0	0	0	1.264222
989	9801	0	0	0	0	0	2.894607
990	9812	0	0	0	0	0	1.825415
991	9825	0	0	0	2	0	1.649541
992	9835	0	0	0	2	0	2.073838
993	9845	0	0	0	2	0	1.210624
994	9856	0	0	0	1	0	2.382139
995	9863	0	0	0	2	0	1.709734
996	9876	0	0	0	0	0	1.178144
997	9885	0	0	0	2	0	2.409821
998	9891	0	0	0	0	0	2.869360
999	9896	0	0	0	2	0	2.999303
