0	1	0	0	0	0	0	1.533757
1	10	0	0	0	1	0	2.742174
2	24	0	0	0	0	0	1.924198
3	30	0	0	0	1	0	2.234875
4	41	0	0	0	1	0	1.698807
5	51	0	0	0	1	0	1.945566
6	64	0	0	0	1	0	2.291193
7	77	0	0	0	1	0	1.288662
8	83	0	0	0	0	0	2.025005
9	93	0	0	0	0	0	2.977192
10	101	0	0	0	0	0	1.418552
11	111	0	0	0	0	0	1.869361
12	125	0	0	0	1	0	1.294223
13	133	0	0	0	0	0	2.588061
14	141	0	0	0	1	0	2.961502
15	153	0	0	0	1	0	1.016884
16	163	0	0	0	0	0	1.209794
17	178	0	0	0	1	0	2.283725
18	188	0	0	0	0	0	2.148909
19	199	0	0	0	1	0	2.288684
20	212	0	0	0	0	0	2.995546
21	219	0	0	0	1	0	2.750446
22	236	0	0	0	0	0	2.435284
23	248	0	0	0	1	0	1.244721
24	259	0	0	0	1	0	2.761580
25	268	0	0	0	1	0	2.369513
26	277	0	0	0	2	0	1.691961
27	288	0	0	0	0	0	2.697749
28	299	0	0	0	2	0	1.617700
29	303	0	0	0	1	0	2.513893
30	314	0	0	0	0	0	1.905854
31	323	0	0	0	2	0	2.327337
32	339	0	0	0	0	0	1.520518
33	344	0	0	0	0	0	2.409593
34	353	0	0	0	1	0	2.229438
35	363	0	0	0	0	0	1.678861
36	374	0	0	0	1	0	1.703426
37	388	0	0	0	1	0	1.594328
38	401	0	0	0	1	0	1.640227
39	414	0	0	0	2	0	2.866129
40	423	0	0	0	1	0	1.249227
41	431	0	0	0	2	0	1.208070
42	439	0	0	0	1	0	1.612022
43	449	0	0	0	1	0	2.755304
44	458	0	0	0	2	0	2.225977
45	467	0	0	0	0	0	1.985545
46	475	0	0	0	0	0	2.050892
47	485	0	0	0	2	0	2.631811
48	492	0	0	0	1	0	1.012028
49	510	0	0	0	1	0	2.340452
50	515	0	0	0	1	0	1.905767
51	527	0	0	0	0	0	1.703518
52	533	0	0	0	0	0	1.484153
53	548	0	0	0	1	0	2.682956
54	563	0	0	0	1	0	1.544647
55	569	0	0	0	2	0	1.830806
56	575	0	0	0	1	0	2.910947
57	586	0	0	0	1	0	1.477030
58	594	0	0	0	1	0	1.226805
59	608	0	0	0	1	0	2.777970
60	619	0	0	0	1	0	1.644419
61	635	0	0	0	1	0	2.732006
62	642	0	0	0	0	0	1.368068
63	653	0	0	0	2	0	2.073122
64	660	0	0	0	0	0	2.256762
65	667	0	0	0	1	0	1.148426
66	672	0	0	0	1	0	1.426976
67	684	0	0	0	0	0	1.795836
68	700	0	0	0	2	0	2.849335
69	709	0	0	0	0	0	1.227701
70	721	0	0	0	2	0	2.797061
71	728	0	0	0	2	0	1.806644
72	745	0	0	0	0	0	2.464518
73	755	0	0	0	1	0	1.382707
74	766	0	0	0	0	0	2.316513
75	776	0	0	0	2	0	2.491915
76	786	0	0	0	0	0	2.894457
77	802	0	0	0	2	0	2.575031
78	811	0	0	0	0	0	1.165449
79	821	0	0	0	0	0	2.677739
80	825	0	0	0	2	0	2.452352
81	835	0	0	0	1	0	1.395055
82	848	0	0	0	1	0	2.209367
83	857	0	0	0	0	0	1.379440
84	866	0	0	0	0	0	2.588231
85	877	0	0	0	2	0	2.380385
86	885	0	0	0	1	0	1.586709
87	894	0	0	0	0	0	2.118150
88	907	0	0	0	1	0	2.451738
89	918	0	0	0	2	0	2.814278
90	931	0	0	0	2	0	2.983738
91	936	0	0	0	0	0	1.604539
92	945	0	0	0	2	0	2.408686
93	952	0	0	0	0	0	1.764246
94	967	0	0	0	2	0	2.744343
95	976	0	0	0	2	0	2.605737
96	990	0	0	0	1	0	1.496856
97	998	0	0	0	1	0	1.844675
98	1005	0	0	0	1	0	2.445030
99	1019	0	0	0	1	0	1.147256
100	1030	0	0	0	1	0	2.179054
101	1042	0	0	0	1	0	1.337484
102	1053	0	0	0	0	0	1.429191
103	1065	0	0	0	2	0	1.918693
104	1076	0	0	0	2	0	1.188697
105	1089	0	0	0	0	0	2.555715
106	1101	0	0	0	0	0	1.511664
107	1115	0	0	0	2	0	1.950998
108	1131	0	0	0	0	0	1.448750
109	1142	0	0	0	1	0	2.170367
110	1154	0	0	0	2	0	1.793589
111	1164	0	0	0	2	0	1.770768
112	1172	0	0	0	1	0	2.496960
113	1184	0	0	0	0	0	1.181530
114	1196	0	0	0	0	0	2.203920
115	1206	0	0	0	2	0	1.152360
116	1219	0	0	0	1	0	1.407236
117	1229	0	0	0	2	0	1.555255
118	1240	0	0	0	1	0	2.714569
119	1252	0	0	0	1	0	2.336916
120	1263	0	0	0	0	0	2.236572
121	1275	0	0	0	0	0	2.397277
122	1285	0	0	0	0	0	1.423570
123	1296	0	0	0	0	0	2.724136
124	1303	0	0	0	0	0	1.063223
125	1312	0	0	0	0	0	2.185173
126	1320	0	0	0	1	0	1.695722
127	1332	0	0	0	0	0	2.091727
128	1346	0	0	0	1	0	2.217863
129	1357	0	0	0	1	0	1.519159
130	1365	0	0	0	2	0	2.142871
131	1372	0	0	0	0	0	1.268053
132	1374	0	0	0	2	0	1.232190
133	1387	0	0	0	2	0	2.464472
134	1394	0	0	0	1	0	1.883592
135	1403	0	0	0	2	0	1.678249
136	1412	0	0	0	0	0	1.404156
137	1428	0	0	0	1	0	1.572978
138	1437	0	0	0	2	0	1.135713
139	1442	0	0	0	0	0	2.541110
140	1454	0	0	0	0	0	2.959537
141	1463	0	0	0	0	0	1.184583
142	1471	0	0	0	1	0	1.987016
143	1482	0	0	0	2	0	2.863796
144	1486	0	0	0	0	0	1.996454
145	1493	0	0	0	2	0	2.588909
146	1501	0	0	0	1	0	2.793521
147	1512	0	0	0	2	0	1.017526
148	1522	0	0	0	2	0	1.816180
149	1533	0	0	0	2	0	2.904050
150	1542	0	0	0	0	0	1.618054
151	1556	0	0	0	1	0	1.194764
152	1568	0	0	0	0	0	1.031456
153	1580	0	0	0	1	0	1.551700
154	1588	0	0	0	1	0	2.479633
155	1602	0	0	0	0	0	1.878478
156	1613	0	0	0	2	0	2.933408
157	1627	0	0	0	1	0	2.340145
158	1638	0	0	0	0	0	1.190417
159	1646	0	0	0	2	0	2.702085
160	1658	0	0	0	2	0	1.394309
161	1666	0	0	0	1	0	2.409960
162	1676	0	0	0	1	0	2.017090
163	1683	0	0	0	0	0	2.447891
164	1695	0	0	0	0	0	1.166832
165	1706	0	0	0	2	0	1.057506
166	1713	0	0	0	1	0	2.798163
167	1722	0	0	0	1	0	2.792958
168	1735	0	0	0	1	0	1.614869
169	1744	0	0	0	0	0	1.399607
170	1753	0	0	0	0	0	1.688284
171	1764	0	0	0	2	0	2.440436
172	1776	0	0	0	1	0	1.840645
173	1796	0	0	0	2	0	2.875928
174	1802	0	0	0	0	0	1.410081
175	1817	0	0	0	0	0	2.439556
176	1824	0	0	0	0	0	1.553263
177	1834	0	0	0	0	0	2.544723
178	1844	0	0	0	1	0	1.431462
179	1848	0	0	0	2	0	1.029659
180	1860	0	0	0	2	0	1.243365
181	1868	0	0	0	0	0	2.690634
182	1875	0	0	0	0	0	1.566230
183	1883	0	0	0	1	0	1.901608
184	1888	0	0	0	2	0	2.248469
185	1902	0	0	0	0	0	2.086446
186	1912	0	0	0	0	0	2.294016
187	1927	0	0	0	0	0	2.804588
188	1933	0	0	0	1	0	2.958308
189	1941	0	0	0	0	0	2.945592
190	1957	0	0	0	2	0	2.468526
191	1967	0	0	0	0	0	1.921418
192	1972	0	0	0	1	0	2.714228
193	1981	0	0	0	1	0	1.864048
194	1989	0	0	0	1	0	2.818767
195	2001	0	0	0	0	0	1.745217
196	2012	0	0	0	1	0	2.700905
197	2025	0	0	0	0	0	1.483994
198	2034	0	0	0	1	0	1.887443
199	2046	0	0	0	0	0	2.526119
200	2057	0	0	0	0	0	1.799630
201	2064	0	0	0	0	0	2.396261
202	2076	0	0	0	0	0	1.756446
203	2091	0	0	0	0	0	2.720832
204	2104	0	0	0	2	0	1.165347
205	2121	0	0	0	2	0	1.500070
206	2130	0	0	0	1	0	1.164559
207	2138	0	0	0	1	0	2.712077
208	2148	0	0	0	1	0	1.687347
209	2155	0	0	0	1	0	2.521831
210	2161	0	0	0	0	0	1.245187
211	2168	0	0	0	1	0	2.100782
212	2181	0	0	0	1	0	2.779249
213	2188	0	0	0	0	0	1.846819
214	2196	0	0	0	2	0	2.205098
215	2212	0	0	0	0	0	1.102558
216	2220	0	0	0	1	0	1.625643
217	2233	0	0	0	0	0	1.068371
218	2246	0	0	0	0	0	1.235329
219	2256	0	0	0	0	0	2.084825
220	2266	0	0	0	1	0	1.562453
221	2273	0	0	0	1	0	1.136737
222	2281	0	0	0	2	0	1.729094
223	2292	0	0	0	2	0	1.053754
224	2310	0	0	0	0	0	1.974764
225	2324	0	0	0	1	0	2.310891
226	2331	0	0	0	1	0	2.807351
227	2336	0	0	0	1	0	1.165050
228	2348	0	0	0	2	0	1.867983
229	2356	0	0	0	1	0	1.803592
230	2368	0	0	0	2	0	2.497996
231	2377	0	0	0	0	0	2.750827
232	2390	0	0	0	1	0	1.958345
233	2399	0	0	0	1	0	2.876995
234	2409	0	0	0	0	0	1.227611
235	2416	0	0	0	0	0	1.175538
236	2427	0	0	0	1	0	1.220847
237	2434	0	0	0	1	0	1.528098
238	2444	0	0	0	2	0	1.809367
239	2453	0	0	0	2	0	2.752001
240	2464	0	0	0	0	0	1.877831
241	2477	0	0	0	1	0	1.432045
242	2486	0	0	0	2	0	2.515424
243	2500	0	0	0	2	0	2.907219
244	2510	0	0	0	2	0	1.454246
245	2519	0	0	0	2	0	1.361605
246	2528	0	0	0	0	0	2.731854
247	2541	0	0	0	2	0	2.190635
248	2553	0	0	0	0	0	1.806320
249	2568	0	0	0	0	0	1.814237
250	2579	0	0	0	0	0	1.299211
251	2588	0	0	0	2	0	2.823696
252	2595	0	0	0	2	0	2.524427
253	2606	0	0	0	0	0	1.130500
254	2618	0	0	0	1	0	2.695668
255	2629	0	0	0	2	0	2.194697
256	2638	0	0	0	2	0	2.938476
257	2646	0	0	0	2	0	2.734357
258	2652	0	0	0	0	0	1.747389
259	2660	0	0	0	0	0	2.845554
260	2671	0	0	0	1	0	2.832446
261	2679	0	0	0	0	0	1.206059
262	2690	0	0	0	0	0	1.717223
263	2697	0	0	0	0	0	1.324280
264	2707	0	0	0	0	0	1.904227
265	2721	0	0	0	1	0	1.684675
266	2730	0	0	0	0	0	2.841162
267	2738	0	0	0	0	0	1.594536
268	2755	0	0	0	1	0	2.472893
269	2771	0	0	0	2	0	2.285600
270	2785	0	0	0	0	0	2.784659
271	2794	0	0	0	0	0	2.847901
272	2799	0	0	0	1	0	2.907371
273	2814	0	0	0	1	0	2.478494
274	2823	0	0	0	1	0	1.468488
275	2830	0	0	0	1	0	2.331599
276	2836	0	0	0	1	0	1.429433
277	2846	0	0	0	2	0	2.493842
278	2863	0	0	0	1	0	2.715464
279	2871	0	0	0	0	0	2.900616
280	2881	0	0	0	1	0	1.863536
281	2889	0	0	0	2	0	1.903435
282	2897	0	0	0	0	0	2.844008
283	2907	0	0	0	1	0	2.209683
284	2915	0	0	0	1	0	2.130960
285	2922	0	0	0	2	0	2.303506
286	2931	0	0	0	0	0	1.922020
287	2945	0	0	0	0	0	2.924976
288	2958	0	0	0	2	0	1.046732
289	2964	0	0	0	0	0	1.034677
290	2977	0	0	0	1	0	2.734365
291	2984	0	0	0	1	0	1.978240
292	2989	0	0	0	1	0	2.972364
293	2996	0	0	0	0	0	2.433959
294	3004	0	0	0	1	0	2.687304
295	3015	0	0	0	1	0	2.636626
296	3029	0	0	0	1	0	2.966602
297	3046	0	0	0	0	0	1.518392
298	3059	0	0	0	1	0	2.886533
299	3067	0	0	0	2	0	2.543918
300	3071	0	0	0	1	0	1.776146
301	3081	0	0	0	2	0	2.367878
302	3084	0	0	0	1	0	2.167013
303	3092	0	0	0	0	0	1.080924
304	3101	0	0	0	0	0	2.588105
305	3108	0	0	0	0	0	1.157044
306	3117	0	0	0	1	0	2.119340
307	3123	0	0	0	1	0	1.904426
308	3141	0	0	0	2	0	2.006144
309	3151	0	0	0	1	0	2.139958
310	3167	0	0	0	2	0	2.206483
311	3179	0	0	0	0	0	1.069256
312	3189	0	0	0	1	0	1.631711
313	3201	0	0	0	1	0	1.737858
314	3212	0	0	0	0	0	2.597378
315	3222	0	0	0	0	0	1.341233
316	3230	0	0	0	0	0	1.272928
317	3240	0	0	0	0	0	1.314482
318	3250	0	0	0	1	0	1.390872
319	3261	0	0	0	1	0	1.548830
320	3265	0	0	0	2	0	1.823034
321	3278	0	0	0	2	0	1.947847
322	3284	0	0	0	1	0	2.901511
323	3295	0	0	0	0	0	2.656389
324	3306	0	0	0	1	0	2.646441
325	3314	0	0	0	2	0	2.558970
326	3327	0	0	0	1	0	2.030603
327	3339	0	0	0	0	0	1.027941
328	3349	0	0	0	2	0	2.069377
329	3362	0	0	0	0	0	1.041442
330	3370	0	0	0	1	0	1.488057
331	3380	0	0	0	1	0	2.185365
332	3390	0	0	0	0	0	2.501246
333	3403	0	0	0	2	0	1.602712
334	3413	0	0	0	1	0	1.570688
335	3420	0	0	0	1	0	1.993279
336	3433	0	0	0	2	0	1.027529
337	3440	0	0	0	2	0	1.792780
338	3457	0	0	0	0	0	1.193456
339	3465	0	0	0	0	0	2.235703
340	3478	0	0	0	0	0	2.059479
341	3487	0	0	0	0	0	1.871265
342	3505	0	0	0	0	0	1.740319
343	3519	0	0	0	0	0	2.298351
344	3527	0	0	0	1	0	2.283220
345	3538	0	0	0	2	0	1.292302
346	3547	0	0	0	2	0	1.666831
347	3560	0	0	0	0	0	1.679734
348	3574	0	0	0	0	0	1.645494
349	3583	0	0	0	0	0	1.954982
350	3596	0	0	0	1	0	1.157029
351	3606	0	0	0	0	0	2.074669
352	3618	0	0	0	2	0	1.655749
353	3629	0	0	0	2	0	1.801780
354	3640	0	0	0	2	0	2.169151
355	3650	0	0	0	0	0	2.404303
356	3657	0	0	0	1	0	2.066205
357	3665	0	0	0	0	0	2.185460
358	3671	0	0	0	1	0	2.790011
359	3681	0	0	0	1	0	2.949232
360	3689	0	0	0	1	0	2.704567
361	3696	0	0	0	0	0	2.544072
362	3704	0	0	0	0	0	1.653113
363	3718	0	0	0	1	0	1.532936
364	3728	0	0	0	0	0	2.786252
365	3746	0	0	0	0	0	1.983752
366	3752	0	0	0	0	0	2.118712
367	3763	0	0	0	0	0	1.218662
368	3773	0	0	0	1	0	2.076383
369	3784	0	0	0	0	0	2.885329
370	3796	0	0	0	2	0	2.881205
371	3809	0	0	0	0	0	1.123489
372	3816	0	0	0	1	0	2.483446
373	3826	0	0	0	1	0	1.701395
374	3834	0	0	0	1	0	2.075688
375	3843	0	0	0	2	0	2.889544
376	3849	0	0	0	2	0	2.435265
377	3860	0	0	0	2	0	1.379682
378	3868	0	0	0	0	0	2.402530
379	3876	0	0	0	1	0	2.149302
380	3885	0	0	0	2	0	1.574981
381	3895	0	0	0	0	0	2.836596
382	3912	0	0	0	0	0	1.008816
383	3917	0	0	0	2	0	2.747391
384	3924	0	0	0	0	0	2.854102
385	3932	0	0	0	1	0	2.498099
386	3944	0	0	0	2	0	1.083685
387	3954	0	0	0	0	0	1.677066
388	3969	0	0	0	1	0	1.463702
389	3978	0	0	0	1	0	2.233603
390	3985	0	0	0	2	0	1.936002
391	3992	0	0	0	1	0	2.275464
392	3999	0	0	0	0	0	2.796062
393	4009	0	0	0	1	0	2.150910
394	4022	0	0	0	1	0	2.872942
395	4038	0	0	0	0	0	2.748410
396	4048	0	0	0	0	0	2.761068
397	4054	0	0	0	0	0	2.029625
398	4065	0	0	0	1	0	2.772746
399	4080	0	0	0	0	0	2.066812
400	4091	0	0	0	0	0	1.797153
401	4104	0	0	0	0	0	1.844973
402	4118	0	0	0	2	0	2.333761
403	4133	0	0	0	0	0	2.746964
404	4147	0	0	0	0	0	1.785974
405	4158	0	0	0	2	0	2.526481
406	4171	0	0	0	2	0	2.858028
407	4182	0	0	0	1	0	2.215880
408	4188	0	0	0	0	0	2.979719
409	4200	0	0	0	1	0	2.552076
410	4212	0	0	0	0	0	2.082252
411	4218	0	0	0	2	0	2.145229
412	4225	0	0	0	2	0	2.577603
413	4237	0	0	0	0	0	1.388188
414	4251	0	0	0	0	0	2.324376
415	4265	0	0	0	0	0	1.240269
416	4269	0	0	0	0	0	1.633966
417	4273	0	0	0	1	0	1.589151
418	4281	0	0	0	0	0	1.782891
419	4286	0	0	0	1	0	2.678889
420	4300	0	0	0	1	0	1.510747
421	4308	0	0	0	0	0	1.214467
422	4318	0	0	0	0	0	1.065514
423	4330	0	0	0	1	0	2.859949
424	4339	0	0	0	0	0	1.748682
425	4350	0	0	0	1	0	1.604655
426	4358	0	0	0	0	0	2.176278
427	4366	0	0	0	1	0	1.224620
428	4377	0	0	0	1	0	1.779304
429	4389	0	0	0	0	0	1.613078
430	4395	0	0	0	2	0	1.792753
431	4408	0	0	0	1	0	1.115481
432	4413	0	0	0	0	0	2.426236
433	4421	0	0	0	0	0	1.058779
434	4431	0	0	0	1	0	2.760073
435	4439	0	0	0	0	0	2.316092
436	4454	0	0	0	1	0	1.253319
437	4464	0	0	0	1	0	1.429780
438	4470	0	0	0	0	0	2.061355
439	4477	0	0	0	2	0	1.127764
440	4489	0	0	0	0	0	2.181082
441	4499	0	0	0	1	0	2.303562
442	4505	0	0	0	0	0	2.640433
443	4512	0	0	0	0	0	2.769298
444	4523	0	0	0	2	0	1.078344
445	4540	0	0	0	2	0	2.891948
446	4556	0	0	0	1	0	2.450379
447	4567	0	0	0	2	0	2.387602
448	4582	0	0	0	0	0	1.292768
449	4594	0	0	0	1	0	1.948769
450	4602	0	0	0	0	0	2.034493
451	4611	0	0	0	1	0	2.060688
452	4623	0	0	0	0	0	2.241820
453	4637	0	0	0	1	0	2.643405
454	4652	0	0	0	0	0	1.125390
455	4667	0	0	0	2	0	2.436459
456	4679	0	0	0	1	0	1.181265
457	4687	0	0	0	1	0	2.536088
458	4700	0	0	0	2	0	2.725546
459	4712	0	0	0	1	0	2.528945
460	4723	0	0	0	2	0	2.559363
461	4732	0	0	0	0	0	1.609551
462	4742	0	0	0	0	0	1.794991
463	4752	0	0	0	0	0	2.541918
464	4767	0	0	0	1	0	1.909112
465	4782	0	0	0	1	0	1.656644
466	4793	0	0	0	0	0	1.100608
467	4808	0	0	0	1	0	2.494322
468	4817	0	0	0	1	0	2.267566
469	4833	0	0	0	0	0	1.481697
470	4840	0	0	0	1	0	2.264477
471	4853	0	0	0	1	0	1.796989
472	4867	0	0	0	2	0	1.382796
473	4876	0	0	0	0	0	2.662329
474	4888	0	0	0	1	0	1.404888
475	4898	0	0	0	0	0	1.688814
476	4910	0	0	0	0	0	1.406057
477	4924	0	0	0	0	0	2.006995
478	4935	0	0	0	1	0	2.879230
479	4940	0	0	0	1	0	2.315529
480	4948	0	0	0	1	0	1.264661
481	4961	0	0	0	0	0	2.761119
482	4971	0	0	0	1	0	1.865591
483	4984	0	0	0	0	0	1.819898
484	4994	0	0	0	0	0	2.267444
485	5000	0	0	0	2	0	1.333620
486	5010	0	0	0	1	0	2.454884
487	5025	0	0	0	1	0	1.812503
488	5035	0	0	0	0	0	2.942562
489	5046	0	0	0	2	0	1.570609
490	5056	0	0	0	1	0	1.225589
491	5064	0	0	0	0	0	1.466865
492	5078	0	0	0	2	0	2.903987
493	5087	0	0	0	2	0	2.331947
494	5095	0	0	0	1	0	1.292661
495	5111	0	0	0	1	0	2.695243
496	5120	0	0	0	0	0	1.196334
497	5132	0	0	0	0	0	2.896545
498	5142	0	0	0	1	0	1.290195
499	5150	0	0	0	1	0	1.644851
500	5156	0	0	0	0	0	2.442210
501	5165	0	0	0	1	0	2.946749
502	5177	0	0	0	1	0	1.955457
503	5186	0	0	0	2	0	1.851130
504	5196	0	0	0	1	0	2.296098
505	5202	0	0	0	1	0	1.695247
506	5209	0	0	0	0	0	2.737394
507	5214	0	0	0	1	0	1.828593
508	5224	0	0	0	0	0	1.975842
509	5234	0	0	0	2	0	1.058370
510	5240	0	0	0	2	0	2.391705
511	5244	0	0	0	0	0	2.240508
512	5257	0	0	0	1	0	2.365897
513	5271	0	0	0	2	0	1.633465
514	5281	0	0	0	0	0	2.863107
515	5288	0	0	0	1	0	1.322269
516	5303	0	0	0	1	0	1.344570
517	5312	0	0	0	0	0	2.384894
518	5320	0	0	0	1	0	1.255743
519	5328	0	0	0	0	0	1.899680
520	5337	0	0	0	1	0	2.887314
521	5346	0	0	0	1	0	2.444234
522	5358	0	0	0	0	0	1.037305
523	5364	0	0	0	2	0	2.570515
524	5372	0	0	0	1	0	2.375811
525	5381	0	0	0	2	0	2.745854
526	5396	0	0	0	0	0	1.375887
527	5407	0	0	0	2	0	2.462243
528	5421	0	0	0	0	0	1.901469
529	5427	0	0	0	0	0	1.983758
530	5439	0	0	0	2	0	1.353962
531	5448	0	0	0	1	0	1.454292
532	5461	0	0	0	0	0	2.231496
533	5473	0	0	0	0	0	2.641033
534	5488	0	0	0	2	0	1.534031
535	5500	0	0	0	0	0	2.206589
536	5510	0	0	0	1	0	1.353954
537	5518	0	0	0	2	0	2.713520
538	5528	0	0	0	0	0	1.113880
539	5543	0	0	0	2	0	1.530877
540	5557	0	0	0	0	0	2.022880
541	5566	0	0	0	2	0	1.981594
542	5580	0	0	0	1	0	2.647528
543	5586	0	0	0	2	0	1.386577
544	5601	0	0	0	2	0	2.832207
545	5616	0	0	0	0	0	2.847525
546	5628	0	0	0	2	0	1.754800
547	5637	0	0	0	0	0	1.898602
548	5646	0	0	0	0	0	2.663825
549	5659	0	0	0	2	0	2.306211
550	5665	0	0	0	0	0	1.725440
551	5674	0	0	0	0	0	2.808827
552	5681	0	0	0	0	0	1.000604
553	5692	0	0	0	2	0	2.338078
554	5703	0	0	0	2	0	2.391765
555	5711	0	0	0	1	0	2.537474
556	5719	0	0	0	1	0	2.521060
557	5731	0	0	0	2	0	2.718410
558	5742	0	0	0	0	0	2.591768
559	5751	0	0	0	1	0	1.042602
560	5762	0	0	0	1	0	1.054669
561	5774	0	0	0	2	0	2.981933
562	5789	0	0	0	1	0	1.278686
563	5797	0	0	0	0	0	1.176424
564	5810	0	0	0	0	0	2.316179
565	5822	0	0	0	1	0	1.231982
566	5836	0	0	0	1	0	1.130421
567	5842	0	0	0	2	0	2.365452
568	5849	0	0	0	1	0	2.650593
569	5858	0	0	0	2	0	2.099725
570	5867	0	0	0	0	0	1.243725
571	5880	0	0	0	0	0	1.105471
572	5893	0	0	0	1	0	2.666559
573	5901	0	0	0	0	0	1.574517
574	5906	0	0	0	1	0	2.215920
575	5922	0	0	0	0	0	2.422975
576	5929	0	0	0	1	0	2.043209
577	5943	0	0	0	2	0	1.831420
578	5952	0	0	0	0	0	2.686210
579	5966	0	0	0	0	0	2.271404
580	5971	0	0	0	0	0	1.893213
581	5985	0	0	0	2	0	2.277077
582	5997	0	0	0	0	0	1.231822
583	6007	0	0	0	1	0	2.758053
584	6014	0	0	0	2	0	2.193848
585	6024	0	0	0	2	0	2.930972
586	6035	0	0	0	0	0	2.506898
587	6043	0	0	0	2	0	2.442687
588	6052	0	0	0	0	0	2.456749
589	6063	0	0	0	2	0	2.140852
590	6071	0	0	0	0	0	1.537598
591	6081	0	0	0	1	0	2.701655
592	6091	0	0	0	0	0	1.614958
593	6099	0	0	0	1	0	2.556192
594	6108	0	0	0	1	0	1.701781
595	6114	0	0	0	1	0	2.367904
596	6122	0	0	0	0	0	2.786541
597	6134	0	0	0	2	0	1.088116
598	6154	0	0	0	2	0	2.638078
599	6159	0	0	0	2	0	1.087023
600	6169	0	0	0	1	0	1.534675
601	6184	0	0	0	1	0	2.224759
602	6192	0	0	0	2	0	1.262746
603	6202	0	0	0	2	0	2.315197
604	6212	0	0	0	1	0	1.956626
605	6220	0	0	0	1	0	1.402955
606	6234	0	0	0	0	0	2.077158
607	6242	0	0	0	0	0	1.022445
608	6245	0	0	0	0	0	1.070235
609	6263	0	0	0	1	0	1.906739
610	6280	0	0	0	0	0	2.803359
611	6288	0	0	0	2	0	2.653311
612	6293	0	0	0	1	0	2.733669
613	6302	0	0	0	1	0	1.276257
614	6316	0	0	0	0	0	2.039128
615	6321	0	0	0	2	0	2.216130
616	6331	0	0	0	0	0	1.738234
617	6340	0	0	0	0	0	2.112338
618	6347	0	0	0	1	0	2.781130
619	6358	0	0	0	0	0	1.201358
620	6365	0	0	0	2	0	2.513875
621	6377	0	0	0	1	0	1.256277
622	6384	0	0	0	0	0	1.130221
623	6391	0	0	0	1	0	2.750665
624	6400	0	0	0	1	0	1.673799
625	6415	0	0	0	0	0	2.601407
626	6424	0	0	0	0	0	2.901392
627	6435	0	0	0	1	0	2.360294
628	6443	0	0	0	1	0	1.066230
629	6450	0	0	0	1	0	2.657278
630	6453	0	0	0	1	0	1.220460
631	6463	0	0	0	1	0	1.290453
632	6469	0	0	0	2	0	2.092014
633	6482	0	0	0	1	0	1.887891
634	6494	0	0	0	1	0	1.993279
635	6502	0	0	0	1	0	1.364805
636	6512	0	0	0	1	0	2.405424
637	6525	0	0	0	2	0	2.192295
638	6537	0	0	0	0	0	2.747861
639	6553	0	0	0	2	0	2.142361
640	6560	0	0	0	1	0	1.282531
641	6566	0	0	0	2	0	1.971731
642	6575	0	0	0	2	0	1.863272
643	6582	0	0	0	2	0	2.690823
644	6591	0	0	0	1	0	2.730642
645	6601	0	0	0	0	0	1.021857
646	6615	0	0	0	0	0	2.780596
647	6627	0	0	0	0	0	2.745095
648	6640	0	0	0	1	0	2.027691
649	6654	0	0	0	1	0	2.409514
650	6665	0	0	0	0	0	2.091923
651	6675	0	0	0	2	0	2.588792
652	6687	0	0	0	0	0	2.156398
653	6704	0	0	0	0	0	2.924963
654	6714	0	0	0	1	0	2.645152
655	6726	0	0	0	2	0	1.990763
656	6734	0	0	0	1	0	2.563205
657	6748	0	0	0	0	0	2.263868
658	6761	0	0	0	1	0	2.453046
659	6767	0	0	0	0	0	1.196971
660	6777	0	0	0	2	0	2.152918
661	6787	0	0	0	1	0	1.541348
662	6795	0	0	0	0	0	1.652716
663	6799	0	0	0	2	0	1.579033
664	6808	0	0	0	2	0	2.208193
665	6819	0	0	0	0	0	2.533474
666	6823	0	0	0	1	0	2.919680
667	6832	0	0	0	1	0	2.772237
668	6839	0	0	0	2	0	1.283439
669	6847	0	0	0	0	0	2.201147
670	6858	0	0	0	0	0	2.667722
671	6868	0	0	0	0	0	2.965695
672	6878	0	0	0	2	0	2.066796
673	6889	0	0	0	0	0	2.834297
674	6898	0	0	0	1	0	2.959022
675	6913	0	0	0	1	0	2.171613
676	6921	0	0	0	2	0	2.493926
677	6930	0	0	0	1	0	1.706558
678	6938	0	0	0	0	0	1.554604
679	6946	0	0	0	0	0	1.065755
680	6955	0	0	0	1	0	1.649525
681	6965	0	0	0	2	0	2.397836
682	6979	0	0	0	0	0	2.899480
683	6988	0	0	0	0	0	2.310856
684	6997	0	0	0	1	0	2.556926
685	7009	0	0	0	1	0	1.282843
686	7020	0	0	0	0	0	1.479370
687	7031	0	0	0	1	0	2.709711
688	7042	0	0	0	0	0	2.237735
689	7059	0	0	0	2	0	1.516487
690	7063	0	0	0	0	0	2.742939
691	7075	0	0	0	0	0	1.070007
692	7085	0	0	0	0	0	1.039041
693	7092	0	0	0	0	0	1.302756
694	7104	0	0	0	2	0	2.440185
695	7120	0	0	0	2	0	1.659522
696	7133	0	0	0	2	0	2.494240
697	7140	0	0	0	2	0	2.864020
698	7147	0	0	0	2	0	2.541098
699	7159	0	0	0	1	0	1.808913
700	7172	0	0	0	1	0	1.868614
701	7188	0	0	0	2	0	2.387921
702	7199	0	0	0	0	0	1.332531
703	7213	0	0	0	1	0	1.769239
704	7224	0	0	0	0	0	1.532342
705	7234	0	0	0	2	0	2.580860
706	7244	0	0	0	0	0	2.086408
707	7255	0	0	0	1	0	1.542912
708	7266	0	0	0	1	0	1.656929
709	7278	0	0	0	2	0	2.983064
710	7289	0	0	0	2	0	1.587073
711	7304	0	0	0	1	0	2.118479
712	7313	0	0	0	0	0	1.975120
713	7320	0	0	0	0	0	1.056476
714	7326	0	0	0	0	0	2.673402
715	7334	0	0	0	1	0	2.382824
716	7346	0	0	0	0	0	2.467587
717	7361	0	0	0	2	0	1.407060
718	7369	0	0	0	2	0	2.910954
719	7376	0	0	0	0	0	2.217005
720	7386	0	0	0	1	0	1.841699
721	7390	0	0	0	2	0	1.527976
722	7398	0	0	0	1	0	1.345841
723	7410	0	0	0	1	0	1.334336
724	7418	0	0	0	1	0	1.796216
725	7429	0	0	0	1	0	2.171667
726	7440	0	0	0	0	0	1.120212
727	7449	0	0	0	1	0	2.136089
728	7459	0	0	0	0	0	1.083319
729	7467	0	0	0	2	0	1.502999
730	7482	0	0	0	0	0	2.204043
731	7489	0	0	0	0	0	2.055063
732	7499	0	0	0	0	0	2.443982
733	7511	0	0	0	1	0	1.703331
734	7522	0	0	0	2	0	2.602348
735	7528	0	0	0	2	0	1.673377
736	7544	0	0	0	2	0	2.497276
737	7556	0	0	0	1	0	2.160455
738	7560	0	0	0	0	0	1.205826
739	7574	0	0	0	0	0	2.290316
740	7584	0	0	0	2	0	1.396990
741	7591	0	0	0	1	0	1.112921
742	7599	0	0	0	1	0	2.556587
743	7606	0	0	0	0	0	2.703111
744	7624	0	0	0	0	0	1.608966
745	7632	0	0	0	0	0	2.947555
746	7643	0	0	0	0	0	2.101702
747	7653	0	0	0	2	0	2.538995
748	7663	0	0	0	0	0	2.666491
749	7674	0	0	0	0	0	2.395148
750	7684	0	0	0	1	0	2.941968
751	7699	0	0	0	0	0	1.148652
752	7704	0	0	0	2	0	1.543176
753	7713	0	0	0	0	0	2.471380
754	7726	0	0	0	2	0	2.267600
755	7742	0	0	0	0	0	1.728052
756	7753	0	0	0	0	0	2.024403
757	7759	0	0	0	1	0	1.276864
758	7767	0	0	0	0	0	2.621526
759	7780	0	0	0	2	0	2.141706
760	7789	0	0	0	0	0	2.340403
761	7799	0	0	0	2	0	2.421660
762	7808	0	0	0	1	0	1.440541
763	7817	0	0	0	2	0	2.841026
764	7825	0	0	0	0	0	1.326448
765	7836	0	0	0	2	0	2.499153
766	7843	0	0	0	1	0	1.032520
767	7853	0	0	0	0	0	2.423824
768	7863	0	0	0	1	0	1.833521
769	7870	0	0	0	0	0	1.467437
770	7884	0	0	0	2	0	2.615887
771	7896	0	0	0	1	0	1.675861
772	7910	0	0	0	1	0	2.760280
773	7919	0	0	0	1	0	1.425731
774	7926	0	0	0	0	0	1.375325
775	7943	0	0	0	0	0	1.218029
776	7953	0	0	0	1	0	2.901396
777	7960	0	0	0	1	0	1.527131
778	7975	0	0	0	0	0	2.634226
779	7984	0	0	0	0	0	1.889174
780	7994	0	0	0	0	0	2.687123
781	8010	0	0	0	2	0	2.970039
782	8024	0	0	0	0	0	2.886576
783	8031	0	0	0	2	0	2.979910
784	8046	0	0	0	1	0	2.721420
785	8056	0	0	0	1	0	1.378706
786	8069	0	0	0	0	0	1.679821
787	8080	0	0	0	0	0	2.649166
788	8087	0	0	0	2	0	2.563606
789	8101	0	0	0	0	0	1.044667
790	8108	0	0	0	0	0	1.234055
791	8119	0	0	0	2	0	2.472171
792	8129	0	0	0	2	0	2.180678
793	8138	0	0	0	2	0	2.800115
794	8152	0	0	0	1	0	2.171508
795	8165	0	0	0	0	0	2.621307
796	8177	0	0	0	0	0	1.648663
797	8190	0	0	0	0	0	1.286097
798	8196	0	0	0	1	0	2.957433
799	8204	0	0	0	2	0	1.496192
800	8212	0	0	0	0	0	1.369811
801	8223	0	0	0	0	0	2.194176
802	8229	0	0	0	0	0	2.645149
803	8236	0	0	0	1	0	2.483009
804	8246	0	0	0	0	0	2.133487
805	8261	0	0	0	2	0	1.971909
806	8270	0	0	0	0	0	2.216304
807	8283	0	0	0	1	0	2.768068
808	8294	0	0	0	0	0	2.154331
809	8310	0	0	0	0	0	2.009319
810	8326	0	0	0	0	0	1.222208
811	8333	0	0	0	1	0	1.480119
812	8341	0	0	0	1	0	2.753093
813	8349	0	0	0	2	0	2.927704
814	8360	0	0	0	1	0	1.983863
815	8372	0	0	0	1	0	1.642990
816	8380	0	0	0	0	0	2.283790
817	8391	0	0	0	2	0	2.586083
818	8398	0	0	0	0	0	2.199037
819	8404	0	0	0	0	0	2.686256
820	8413	0	0	0	0	0	2.092408
821	8424	0	0	0	0	0	2.651548
822	8430	0	0	0	2	0	1.835846
823	8438	0	0	0	0	0	2.825980
824	8446	0	0	0	0	0	1.422065
825	8458	0	0	0	1	0	2.795609
826	8470	0	0	0	0	0	2.567920
827	8473	0	0	0	0	0	1.387659
828	8488	0	0	0	2	0	1.540924
829	8494	0	0	0	2	0	2.985148
830	8499	0	0	0	0	0	2.216522
831	8507	0	0	0	2	0	1.604858
832	8519	0	0	0	2	0	2.344332
833	8528	0	0	0	0	0	2.080093
834	8538	0	0	0	1	0	2.295150
835	8548	0	0	0	0	0	2.122989
836	8556	0	0	0	1	0	2.535521
837	8567	0	0	0	1	0	2.749049
838	8578	0	0	0	2	0	2.531642
839	8583	0	0	0	2	0	1.037628
840	8590	0	0	0	0	0	1.276329
841	8597	0	0	0	2	0	1.469951
842	8608	0	0	0	1	0	2.098614
843	8615	0	0	0	0	0	2.915410
844	8629	0	0	0	2	0	1.848044
845	8643	0	0	0	0	0	1.880379
846	8656	0	0	0	0	0	1.655403
847	8663	0	0	0	2	0	2.456908
848	8673	0	0	0	2	0	1.870976
849	8678	0	0	0	0	0	1.096644
850	8686	0	0	0	0	0	1.820169
851	8694	0	0	0	1	0	1.133957
852	8704	0	0	0	1	0	2.689558
853	8710	0	0	0	0	0	1.322815
854	8724	0	0	0	1	0	2.859710
855	8732	0	0	0	0	0	1.722308
856	8745	0	0	0	0	0	1.706216
857	8752	0	0	0	0	0	2.379357
858	8763	0	0	0	0	0	2.129387
859	8768	0	0	0	1	0	1.497231
860	8778	0	0	0	1	0	2.468037
861	8790	0	0	0	1	0	2.258326
862	8795	0	0	0	2	0	1.472956
863	8807	0	0	0	0	0	1.456260
864	8821	0	0	0	0	0	1.288330
865	8835	0	0	0	1	0	2.264316
866	8846	0	0	0	0	0	1.507207
867	8851	0	0	0	2	0	2.552524
868	8863	0	0	0	0	0	1.149316
869	8872	0	0	0	0	0	2.829226
870	8883	0	0	0	0	0	1.629882
871	8902	0	0	0	1	0	1.827612
872	8908	0	0	0	1	0	1.892367
873	8926	0	0	0	2	0	2.922762
874	8939	0	0	0	0	0	2.834207
875	8955	0	0	0	1	0	2.474745
876	8967	0	0	0	1	0	2.724757
877	8979	0	0	0	0	0	2.239644
878	8990	0	0	0	2	0	2.476315
879	8997	0	0	0	2	0	2.305746
880	9005	0	0	0	1	0	1.824582
881	9018	0	0	0	2	0	1.852992
882	9024	0	0	0	1	0	2.524931
883	9036	0	0	0	1	0	1.529958
884	9046	0	0	0	0	0	1.190888
885	9054	0	0	0	2	0	1.367432
886	9064	0	0	0	2	0	2.781896
887	9073	0	0	0	0	0	2.140498
888	9081	0	0	0	0	0	2.822594
889	9092	0	0	0	0	0	1.957570
890	9098	0	0	0	2	0	2.042658
891	9107	0	0	0	0	0	2.545895
892	9121	0	0	0	2	0	2.725605
893	9133	0	0	0	1	0	1.054745
894	9139	0	0	0	2	0	1.989574
895	9144	0	0	0	0	0	1.818424
896	9152	0	0	0	0	0	1.805609
897	9161	0	0	0	1	0	2.458337
898	9168	0	0	0	0	0	1.329131
899	9176	0	0	0	1	0	2.567309
900	9185	0	0	0	0	0	2.002096
901	9190	0	0	0	0	0	2.263373
902	9194	0	0	0	1	0	2.178754
903	9201	0	0	0	2	0	2.640604
904	9213	0	0	0	0	0	1.571687
905	9222	0	0	0	0	0	2.806208
906	9236	0	0	0	0	0	1.818915
907	9245	0	0	0	2	0	2.334562
908	9252	0	0	0	2	0	1.592794
909	9263	0	0	0	2	0	1.069926
910	9274	0	0	0	0	0	2.071704
911	9282	0	0	0	1	0	1.422710
912	9293	0	0	0	1	0	1.975935
913	9307	0	0	0	2	0	1.256311
914	9322	0	0	0	2	0	1.793796
915	9336	0	0	0	1	0	1.779278
916	9347	0	0	0	0	0	1.580188
917	9355	0	0	0	0	0	2.978423
918	9363	0	0	0	0	0	1.114481
919	9373	0	0	0	2	0	1.810956
920	9388	0	0	0	1	0	2.025418
921	9401	0	0	0	1	0	2.800525
922	9416	0	0	0	0	0	1.682171
923	9429	0	0	0	1	0	2.395962
924	9435	0	0	0	1	0	2.996641
925	9441	0	0	0	0	0	2.473784
926	9447	0	0	0	1	0	1.645813
927	9462	0	0	0	2	0	1.318338
928	9469	0	0	0	0	0	2.949696
929	9471	0	0	0	0	0	2.869018
930	9481	0	0	0	2	0	2.643614
931	9488	0	0	0	2	0	1.275578
932	9495	0	0	0	2	0	2.028285
933	9501	0	0	0	1	0	2.080488
934	9510	0	0	0	2	0	1.072792
935	9519	0	0	0	0	0	1.576882
936	9528	0	0	0	0	0	1.398967
937	9542	0	0	0	2	0	1.357963
938	9553	0	0	0	0	0	2.788430
939	9570	0	0	0	2	0	2.283163
940	9580	0	0	0	0	0	1.912089
941	9593	0	0	0	0	0	2.746910
942	9601	0	0	0	2	0	1.210338
943	9610	0	0	0	1	0	2.278305
944	9624	0	0	0	2	0	2.207125
945	9633	0	0	0	1	0	1.790592
946	9644	0	0	0	2	0	1.807985
947	9655	0	0	0	0	0	2.839492
948	9665	0	0	0	0	0	2.863536
949	9676	0	0	0	2	0	1.994599
950	9689	0	0	0	0	0	1.043636
951	9698	0	0	0	1	0	1.036066
952	9703	0	0	0	2	0	1.772414
953	9708	0	0	0	1	0	1.934850
954	9716	0	0	0	2	0	2.919336
955	9732	0	0	0	2	0	2.722514
956	9739	0	0	0	1	0	2.818168
957	9757	0	0	0	1	0	1.852110
958	9765	0	0	0	0	0	2.142679
959	9772	0	0	0	0	0	1.639571
960	9785	0	0	0	1	0	2.211804
961	9795	0	0	0	0	0	1.502992
962	9805	0	0	0	1	0	1.788714
963	9816	0	0	0	1	0	2.097255
964	9830	0	0	0	2	0	1.509103
965	9836	0	0	0	1	0	2.097050
966	9846	0	0	0	1	0	2.437977
967	9848	0	0	0	2	0	2.930851
968	9860	0	0	0	1	0	1.933636
969	9868	0	0	0	1	0	1.234761
970	9880	0	0	0	1	0	2.117390
971	9886	0	0	0	0	0	1.493611
972	9898	0	0	0	2	0	1.110335
973	9910	0	0	0	0	0	1.177900
974	9922	0	0	0	1	0	2.974610
975	9931	0	0	0	0	0	1.707590
976	9948	0	0	0	1	0	2.167433
977	9959	0	0	0	0	0	1.162124
978	9968	0	0	0	2	0	2.531153
979	9976	0	0	0	2	0	2.138058
980	9985	0	0	0	0	0	2.977436
981	10001	0	0	0	0	0	1.092924
982	10011	0	0	0	2	0	2.520588
983	10018	0	0	0	1	0	2.032842
984	10029	0	0	0	2	0	2.564537
985	10036	0	0	0	2	0	2.035008
986	10050	0	0	0	1	0	2.166769
987	10058	0	0	0	1	0	2.777990
988	10064	0	0	0	2	0	2.720778
989	10076	0	0	0	1	0	1.137814
990	10093	0	0	0	0	0	2.668666
991	10106	0	0	0	2	0	2.525141
992	10118	0	0	0	0	0	1.210228
993	10131	0	0	0	2	0	1.512644
994	10139	0	0	0	1	0	2.529642
995	10151	0	0	0	1	0	2.770327
996	10158	0	0	0	2	0	1.331748
997	10162	0	0	0	0	0	1.651882
998	10176	0	0	0	0	0	1.661579
999	10186	0	0	0	1	0	2.294477
