0	1	0	0	0	2	0	1.431696
1	9	0	0	0	0	0	2.132338
2	19	0	0	0	0	0	2.493248
3	26	0	0	0	0	0	2.461002
4	39	0	0	0	1	0	2.678991
5	48	0	0	0	2	0	2.297076
6	58	0	0	0	0	0	2.904094
7	61	0	0	0	1	0	1.245988
8	75	0	0	0	1	0	2.700240
9	84	0	0	0	1	0	2.581163
10	95	0	0	0	1	0	1.107793
11	103	0	0	0	0	0	1.213707
12	117	0	0	0	1	0	2.418707
13	126	0	0	0	0	0	2.617725
14	136	0	0	0	2	0	2.989058
15	144	0	0	0	0	0	1.981312
16	148	0	0	0	2	0	2.403093
17	157	0	0	0	0	0	2.951892
18	169	0	0	0	0	0	2.218219
19	185	0	0	0	1	0	1.625624
20	191	0	0	0	2	0	1.032025
21	196	0	0	0	1	0	1.358870
22	203	0	0	0	1	0	1.743383
23	216	0	0	0	1	0	1.437867
24	223	0	0	0	0	0	2.296329
25	234	0	0	0	2	0	1.937741
26	245	0	0	0	0	0	1.886583
27	255	0	0	0	0	0	1.231816
28	268	0	0	0	1	0	2.860141
29	276	0	0	0	0	0	2.788279
30	283	0	0	0	0	0	1.756198
31	298	0	0	0	2	0	2.195593
32	308	0	0	0	0	0	1.238802
33	320	0	0	0	1	0	2.379072
34	327	0	0	0	0	0	1.077407
35	341	0	0	0	2	0	1.012795
36	354	0	0	0	0	0	1.482313
37	363	0	0	0	1	0	2.390055
38	369	0	0	0	1	0	1.982008
39	377	0	0	0	1	0	1.958413
40	392	0	0	0	0	0	1.900433
41	395	0	0	0	0	0	1.915860
42	402	0	0	0	1	0	2.218402
43	413	0	0	0	2	0	2.226765
44	422	0	0	0	1	0	1.558674
45	428	0	0	0	0	0	2.203188
46	435	0	0	0	1	0	1.141618
47	444	0	0	0	1	0	1.777057
48	453	0	0	0	1	0	2.061398
49	472	0	0	0	0	0	1.212860
50	491	0	0	0	0	0	1.857067
51	499	0	0	0	2	0	2.026043
52	508	0	0	0	2	0	2.078658
53	515	0	0	0	0	0	2.758296
54	527	0	0	0	2	0	2.502825
55	535	0	0	0	1	0	2.608572
56	543	0	0	0	0	0	2.013278
57	553	0	0	0	2	0	1.603527
58	567	0	0	0	1	0	1.611134
59	580	0	0	0	0	0	1.896241
60	591	0	0	0	2	0	2.247126
61	607	0	0	0	1	0	1.419988
62	623	0	0	0	2	0	2.610420
63	632	0	0	0	1	0	2.057222
64	649	0	0	0	1	0	1.139468
65	662	0	0	0	1	0	1.934564
66	671	0	0	0	2	0	2.455305
67	684	0	0	0	2	0	1.184004
68	698	0	0	0	1	0	1.510716
69	712	0	0	0	2	0	2.417449
70	722	0	0	0	0	0	2.862617
71	730	0	0	0	2	0	1.746653
72	738	0	0	0	0	0	1.985417
73	747	0	0	0	2	0	2.797311
74	755	0	0	0	1	0	1.409101
75	763	0	0	0	1	0	2.379460
76	772	0	0	0	2	0	2.911576
77	783	0	0	0	1	0	1.147067
78	792	0	0	0	1	0	1.862991
79	804	0	0	0	0	0	2.120745
80	812	0	0	0	2	0	2.133189
81	820	0	0	0	1	0	2.757391
82	826	0	0	0	1	0	1.019392
83	837	0	0	0	0	0	1.997852
84	848	0	0	0	0	0	1.451065
85	861	0	0	0	0	0	2.881858
86	871	0	0	0	0	0	1.898801
87	880	0	0	0	1	0	1.515174
88	888	0	0	0	2	0	2.334501
89	895	0	0	0	0	0	2.967919
90	903	0	0	0	2	0	2.311667
91	913	0	0	0	1	0	1.612870
92	926	0	0	0	1	0	1.291519
93	943	0	0	0	1	0	2.958032
94	952	0	0	0	1	0	1.669632
95	964	0	0	0	0	0	1.565787
96	968	0	0	0	1	0	1.581062
97	978	0	0	0	0	0	1.170762
98	987	0	0	0	1	0	2.518891
99	996	0	0	0	0	0	2.136166
100	1004	0	0	0	0	0	1.440036
101	1015	0	0	0	1	0	2.293118
102	1023	0	0	0	0	0	1.442064
103	1034	0	0	0	2	0	1.872292
104	1052	0	0	0	0	0	1.381112
105	1058	0	0	0	1	0	2.377626
106	1065	0	0	0	0	0	2.241295
107	1072	0	0	0	0	0	2.883693
108	1080	0	0	0	1	0	2.451889
109	1089	0	0	0	2	0	1.808873
110	1093	0	0	0	2	0	2.075389
111	1101	0	0	0	1	0	2.384628
112	1117	0	0	0	2	0	2.493980
113	1128	0	0	0	0	0	2.422836
114	1142	0	0	0	2	0	1.169050
115	1152	0	0	0	0	0	1.183685
116	1160	0	0	0	0	0	2.348601
117	1167	0	0	0	1	0	1.562599
118	1178	0	0	0	2	0	1.340851
119	1196	0	0	0	1	0	1.017860
120	1207	0	0	0	2	0	2.561544
121	1214	0	0	0	0	0	1.283570
122	1223	0	0	0	0	0	1.796808
123	1230	0	0	0	2	0	2.392778
124	1240	0	0	0	0	0	1.029510
125	1253	0	0	0	1	0	2.376638
126	1262	0	0	0	2	0	2.999947
127	1267	0	0	0	0	0	1.480500
128	1279	0	0	0	1	0	1.989059
129	1288	0	0	0	1	0	2.044514
130	1302	0	0	0	2	0	2.783033
131	1318	0	0	0	0	0	2.644651
132	1328	0	0	0	0	0	2.922487
133	1338	0	0	0	1	0	2.058604
134	1353	0	0	0	1	0	2.925294
135	1360	0	0	0	0	0	1.903669
136	1368	0	0	0	0	0	2.371355
137	1380	0	0	0	2	0	1.569648
138	1389	0	0	0	2	0	1.382240
139	1403	0	0	0	2	0	1.261020
140	1412	0	0	0	1	0	2.014861
141	1421	0	0	0	1	0	2.719153
142	1433	0	0	0	2	0	2.758523
143	1442	0	0	0	0	0	1.626951
144	1456	0	0	0	2	0	2.747273
145	1463	0	0	0	0	0	2.288540
146	1479	0	0	0	2	0	2.434436
147	1490	0	0	0	1	0	2.533563
148	1497	0	0	0	1	0	1.148519
149	1508	0	0	0	1	0	2.620156
150	1516	0	0	0	0	0	2.966333
151	1533	0	0	0	0	0	1.748595
152	1548	0	0	0	1	0	1.250511
153	1558	0	0	0	1	0	2.268890
154	1570	0	0	0	2	0	2.196510
155	1577	0	0	0	1	0	1.062880
156	1589	0	0	0	1	0	2.244639
157	1601	0	0	0	1	0	1.741733
158	1612	0	0	0	2	0	2.034664
159	1620	0	0	0	0	0	2.112489
160	1630	0	0	0	1	0	1.019724
161	1638	0	0	0	0	0	2.539399
162	1646	0	0	0	2	0	2.316168
163	1655	0	0	0	0	0	2.272516
164	1666	0	0	0	1	0	1.467048
165	1679	0	0	0	1	0	1.825058
166	1691	0	0	0	0	0	2.250214
167	1696	0	0	0	1	0	2.113873
168	1705	0	0	0	1	0	1.985681
169	1712	0	0	0	2	0	2.247879
170	1717	0	0	0	2	0	1.161486
171	1730	0	0	0	0	0	1.741365
172	1741	0	0	0	1	0	1.706667
173	1748	0	0	0	0	0	2.815915
174	1757	0	0	0	1	0	1.696060
175	1765	0	0	0	2	0	2.094376
176	1780	0	0	0	1	0	1.299402
177	1788	0	0	0	0	0	2.745575
178	1801	0	0	0	2	0	1.966456
179	1808	0	0	0	2	0	1.110565
180	1820	0	0	0	0	0	1.798059
181	1830	0	0	0	0	0	1.995272
182	1838	0	0	0	1	0	2.450797
183	1845	0	0	0	1	0	1.415147
184	1852	0	0	0	1	0	2.157213
185	1859	0	0	0	2	0	1.873503
186	1870	0	0	0	2	0	2.626899
187	1879	0	0	0	0	0	1.662038
188	1893	0	0	0	0	0	1.720654
189	1905	0	0	0	1	0	1.837411
190	1914	0	0	0	1	0	1.124797
191	1925	0	0	0	1	0	1.602538
192	1933	0	0	0	2	0	2.810032
193	1946	0	0	0	0	0	2.063446
194	1955	0	0	0	0	0	2.635299
195	1962	0	0	0	0	0	2.992637
196	1972	0	0	0	2	0	1.960518
197	1984	0	0	0	0	0	2.789157
198	1990	0	0	0	1	0	2.592426
199	1998	0	0	0	0	0	2.356006
200	2013	0	0	0	1	0	1.327777
201	2028	0	0	0	1	0	1.669223
202	2040	0	0	0	1	0	2.121712
203	2048	0	0	0	0	0	1.391908
204	2055	0	0	0	0	0	1.295727
205	2069	0	0	0	1	0	2.529230
206	2084	0	0	0	0	0	2.186793
207	2093	0	0	0	0	0	2.567818
208	2099	0	0	0	0	0	1.417880
209	2108	0	0	0	2	0	1.703435
210	2118	0	0	0	2	0	1.535047
211	2130	0	0	0	0	0	1.710778
212	2139	0	0	0	2	0	1.225897
213	2145	0	0	0	1	0	1.531203
214	2162	0	0	0	1	0	1.041843
215	2174	0	0	0	2	0	2.915029
216	2179	0	0	0	1	0	2.024266
217	2191	0	0	0	1	0	1.996450
218	2200	0	0	0	2	0	1.493621
219	2211	0	0	0	0	0	1.236432
220	2220	0	0	0	0	0	2.062294
221	2236	0	0	0	2	0	2.096004
222	2247	0	0	0	1	0	1.940100
223	2255	0	0	0	1	0	1.404613
224	2264	0	0	0	0	0	1.552990
225	2273	0	0	0	1	0	2.020530
226	2278	0	0	0	2	0	2.799870
227	2286	0	0	0	1	0	2.851527
228	2300	0	0	0	1	0	1.964659
229	2310	0	0	0	1	0	1.731692
230	2321	0	0	0	2	0	1.508631
231	2332	0	0	0	1	0	1.623254
232	2345	0	0	0	1	0	2.744784
233	2355	0	0	0	0	0	1.994932
234	2369	0	0	0	1	0	1.765607
235	2380	0	0	0	0	0	2.352536
236	2389	0	0	0	2	0	1.284950
237	2397	0	0	0	1	0	1.749641
238	2404	0	0	0	0	0	1.314428
239	2415	0	0	0	2	0	2.397191
240	2423	0	0	0	0	0	1.701363
241	2433	0	0	0	0	0	1.761992
242	2447	0	0	0	0	0	1.289856
243	2455	0	0	0	0	0	2.510852
244	2463	0	0	0	1	0	1.956183
245	2477	0	0	0	2	0	1.667692
246	2487	0	0	0	1	0	1.560408
247	2508	0	0	0	0	0	2.658597
248	2523	0	0	0	2	0	1.958709
249	2541	0	0	0	1	0	1.954365
250	2551	0	0	0	2	0	2.881998
251	2563	0	0	0	0	0	1.803902
252	2570	0	0	0	0	0	1.816080
253	2584	0	0	0	1	0	1.858633
254	2594	0	0	0	1	0	2.336173
255	2612	0	0	0	2	0	1.801689
256	2630	0	0	0	0	0	1.275714
257	2642	0	0	0	1	0	2.558116
258	2657	0	0	0	1	0	1.500424
259	2664	0	0	0	1	0	1.067297
260	2673	0	0	0	1	0	1.990426
261	2680	0	0	0	1	0	2.778443
262	2689	0	0	0	0	0	2.054601
263	2701	0	0	0	2	0	1.563684
264	2713	0	0	0	1	0	2.300625
265	2719	0	0	0	0	0	1.031029
266	2725	0	0	0	0	0	1.107434
267	2732	0	0	0	2	0	2.814789
268	2744	0	0	0	0	0	2.902735
269	2761	0	0	0	0	0	1.685702
270	2774	0	0	0	2	0	2.560880
271	2785	0	0	0	0	0	2.229632
272	2791	0	0	0	1	0	1.453950
273	2800	0	0	0	2	0	2.523690
274	2813	0	0	0	0	0	2.949706
275	2825	0	0	0	0	0	1.688180
276	2838	0	0	0	1	0	1.406806
277	2847	0	0	0	0	0	2.665990
278	2858	0	0	0	0	0	1.124330
279	2869	0	0	0	2	0	1.740535
280	2873	0	0	0	2	0	1.468970
281	2882	0	0	0	2	0	2.191634
282	2896	0	0	0	2	0	2.712428
283	2911	0	0	0	1	0	1.847433
284	2914	0	0	0	1	0	2.455283
285	2926	0	0	0	1	0	1.872149
286	2936	0	0	0	0	0	2.899721
287	2944	0	0	0	0	0	1.813714
288	2955	0	0	0	1	0	2.172243
289	2967	0	0	0	1	0	2.475732
290	2973	0	0	0	0	0	2.791480
291	2981	0	0	0	0	0	2.109910
292	2990	0	0	0	2	0	2.209466
293	2998	0	0	0	0	0	2.144750
294	3007	0	0	0	0	0	2.479444
295	3016	0	0	0	2	0	2.514175
296	3020	0	0	0	0	0	2.279970
297	3033	0	0	0	0	0	1.884264
298	3044	0	0	0	1	0	1.141846
299	3057	0	0	0	1	0	1.955449
300	3059	0	0	0	0	0	1.010778
301	3077	0	0	0	1	0	1.868711
302	3086	0	0	0	1	0	1.758881
303	3096	0	0	0	2	0	1.135237
304	3107	0	0	0	1	0	1.521469
305	3122	0	0	0	0	0	2.867284
306	3133	0	0	0	2	0	1.860862
307	3152	0	0	0	0	0	2.909009
308	3164	0	0	0	1	0	1.677715
309	3174	0	0	0	2	0	2.291308
310	3185	0	0	0	2	0	1.490323
311	3198	0	0	0	0	0	1.743730
312	3210	0	0	0	0	0	2.243163
313	3221	0	0	0	1	0	2.701050
314	3238	0	0	0	2	0	1.964824
315	3252	0	0	0	1	0	1.489768
316	3265	0	0	0	0	0	2.148031
317	3272	0	0	0	1	0	1.839335
318	3278	0	0	0	0	0	1.377392
319	3283	0	0	0	1	0	1.934447
320	3288	0	0	0	2	0	2.986230
321	3295	0	0	0	2	0	2.324223
322	3305	0	0	0	0	0	1.058333
323	3318	0	0	0	2	0	2.398029
324	3328	0	0	0	0	0	1.488060
325	3338	0	0	0	1	0	1.807869
326	3348	0	0	0	0	0	2.871632
327	3358	0	0	0	1	0	1.959318
328	3375	0	0	0	1	0	1.955191
329	3382	0	0	0	0	0	1.001098
330	3396	0	0	0	0	0	2.052487
331	3411	0	0	0	0	0	1.120137
332	3419	0	0	0	0	0	1.072758
333	3430	0	0	0	2	0	2.669231
334	3447	0	0	0	2	0	2.044793
335	3457	0	0	0	1	0	1.720913
336	3474	0	0	0	1	0	1.564874
337	3487	0	0	0	1	0	2.437541
338	3501	0	0	0	0	0	2.247920
339	3515	0	0	0	0	0	1.673728
340	3525	0	0	0	0	0	2.006272
341	3536	0	0	0	0	0	1.735874
342	3545	0	0	0	2	0	1.606264
343	3557	0	0	0	0	0	2.860607
344	3566	0	0	0	2	0	1.199952
345	3578	0	0	0	2	0	1.589123
346	3594	0	0	0	1	0	2.517888
347	3601	0	0	0	0	0	1.134279
348	3614	0	0	0	1	0	2.277630
349	3624	0	0	0	0	0	2.325334
350	3635	0	0	0	1	0	2.211837
351	3647	0	0	0	1	0	1.923370
352	3659	0	0	0	2	0	2.784154
353	3670	0	0	0	1	0	2.852525
354	3686	0	0	0	2	0	1.526510
355	3696	0	0	0	1	0	1.294170
356	3707	0	0	0	2	0	2.963374
357	3712	0	0	0	0	0	2.405753
358	3723	0	0	0	2	0	2.580625
359	3734	0	0	0	0	0	2.443181
360	3739	0	0	0	2	0	1.994520
361	3752	0	0	0	0	0	2.287128
362	3759	0	0	0	0	0	1.441142
363	3764	0	0	0	2	0	1.529319
364	3777	0	0	0	2	0	2.220891
365	3789	0	0	0	0	0	2.560651
366	3798	0	0	0	1	0	1.269510
367	3811	0	0	0	1	0	2.912343
368	3823	0	0	0	1	0	2.926691
369	3835	0	0	0	0	0	2.560475
370	3848	0	0	0	1	0	2.487421
371	3859	0	0	0	0	0	1.713802
372	3863	0	0	0	1	0	2.975491
373	3870	0	0	0	0	0	2.878753
374	3881	0	0	0	0	0	1.284194
375	3889	0	0	0	1	0	2.391765
376	3906	0	0	0	0	0	2.790590
377	3918	0	0	0	1	0	1.998558
378	3927	0	0	0	0	0	2.149946
379	3941	0	0	0	0	0	2.522386
380	3950	0	0	0	2	0	2.441212
381	3955	0	0	0	0	0	1.118261
382	3967	0	0	0	0	0	1.476902
383	3974	0	0	0	0	0	1.301289
384	3989	0	0	0	1	0	2.443948
385	4001	0	0	0	0	0	1.431388
386	4015	0	0	0	0	0	2.557780
387	4023	0	0	0	1	0	1.786498
388	4036	0	0	0	0	0	2.523294
389	4048	0	0	0	2	0	2.348793
390	4060	0	0	0	1	0	2.706176
391	4069	0	0	0	1	0	2.589963
392	4087	0	0	0	2	0	1.287282
393	4099	0	0	0	0	0	1.239273
394	4111	0	0	0	0	0	2.975256
395	4120	0	0	0	1	0	1.716123
396	4128	0	0	0	0	0	1.022523
397	4135	0	0	0	2	0	1.163967
398	4147	0	0	0	1	0	2.052798
399	4157	0	0	0	0	0	1.615707
400	4166	0	0	0	0	0	1.413169
401	4179	0	0	0	2	0	2.932606
402	4194	0	0	0	0	0	2.887819
403	4203	0	0	0	1	0	1.254299
404	4218	0	0	0	2	0	1.910800
405	4229	0	0	0	0	0	1.141515
406	4238	0	0	0	1	0	2.338208
407	4248	0	0	0	1	0	1.291472
408	4255	0	0	0	2	0	2.999862
409	4270	0	0	0	2	0	2.613325
410	4274	0	0	0	1	0	1.654249
411	4281	0	0	0	0	0	1.563844
412	4292	0	0	0	1	0	2.460373
413	4297	0	0	0	0	0	2.820737
414	4300	0	0	0	1	0	2.946224
415	4307	0	0	0	0	0	2.280782
416	4316	0	0	0	0	0	1.255800
417	4325	0	0	0	1	0	1.429056
418	4330	0	0	0	0	0	1.587050
419	4340	0	0	0	0	0	1.253075
420	4353	0	0	0	0	0	1.775923
421	4361	0	0	0	2	0	2.861772
422	4375	0	0	0	0	0	2.100583
423	4389	0	0	0	2	0	1.779639
424	4401	0	0	0	1	0	2.138213
425	4415	0	0	0	2	0	1.151561
426	4431	0	0	0	1	0	1.535806
427	4439	0	0	0	1	0	1.313470
428	4448	0	0	0	2	0	2.648522
429	4452	0	0	0	0	0	2.593757
430	4464	0	0	0	0	0	1.764885
431	4474	0	0	0	1	0	2.575074
432	4488	0	0	0	0	0	2.956930
433	4494	0	0	0	1	0	2.798272
434	4501	0	0	0	1	0	2.353399
435	4504	0	0	0	1	0	2.533111
436	4511	0	0	0	2	0	1.478922
437	4520	0	0	0	0	0	2.529041
438	4530	0	0	0	0	0	1.974939
439	4547	0	0	0	1	0	1.816479
440	4561	0	0	0	0	0	1.666985
441	4573	0	0	0	0	0	2.180706
442	4583	0	0	0	0	0	1.921488
443	4587	0	0	0	1	0	2.349703
444	4596	0	0	0	1	0	1.286087
445	4605	0	0	0	1	0	2.676865
446	4617	0	0	0	0	0	1.802818
447	4631	0	0	0	0	0	2.919746
448	4641	0	0	0	0	0	2.456706
449	4651	0	0	0	1	0	1.000747
450	4656	0	0	0	2	0	2.804945
451	4663	0	0	0	1	0	2.645222
452	4671	0	0	0	2	0	2.383351
453	4676	0	0	0	0	0	1.119914
454	4687	0	0	0	0	0	1.634551
455	4698	0	0	0	0	0	1.065475
456	4706	0	0	0	0	0	1.564249
457	4711	0	0	0	2	0	1.666677
458	4720	0	0	0	2	0	1.686230
459	4727	0	0	0	0	0	1.271430
460	4740	0	0	0	1	0	2.016035
461	4747	0	0	0	0	0	2.684928
462	4757	0	0	0	0	0	2.853185
463	4764	0	0	0	1	0	2.477736
464	4771	0	0	0	0	0	1.356853
465	4780	0	0	0	0	0	2.843937
466	4788	0	0	0	0	0	2.472097
467	4801	0	0	0	0	0	2.720256
468	4810	0	0	0	0	0	1.117455
469	4820	0	0	0	2	0	2.638635
470	4828	0	0	0	0	0	2.100273
471	4838	0	0	0	0	0	2.169354
472	4845	0	0	0	2	0	2.026584
473	4857	0	0	0	2	0	2.593452
474	4870	0	0	0	2	0	1.219661
475	4880	0	0	0	2	0	2.191297
476	4895	0	0	0	0	0	1.185225
477	4907	0	0	0	0	0	1.004263
478	4918	0	0	0	1	0	1.568158
479	4926	0	0	0	2	0	2.333616
480	4935	0	0	0	2	0	1.301383
481	4947	0	0	0	2	0	2.276406
482	4957	0	0	0	0	0	2.903906
483	4964	0	0	0	2	0	2.567233
484	4976	0	0	0	1	0	1.386302
485	4988	0	0	0	0	0	1.995664
486	5003	0	0	0	0	0	2.460794
487	5012	0	0	0	0	0	1.345940
488	5021	0	0	0	1	0	1.317779
489	5030	0	0	0	1	0	1.062542
490	5043	0	0	0	0	0	2.851659
491	5055	0	0	0	0	0	1.701165
492	5069	0	0	0	2	0	1.295987
493	5080	0	0	0	1	0	1.489311
494	5099	0	0	0	1	0	1.758872
495	5110	0	0	0	2	0	2.461526
496	5120	0	0	0	1	0	1.441207
497	5128	0	0	0	0	0	2.170012
498	5141	0	0	0	0	0	2.368198
499	5149	0	0	0	2	0	2.153220
500	5160	0	0	0	1	0	1.163712
501	5172	0	0	0	0	0	2.499948
502	5187	0	0	0	1	0	1.331280
503	5193	0	0	0	1	0	2.684293
504	5205	0	0	0	1	0	2.152440
505	5213	0	0	0	0	0	1.955381
506	5222	0	0	0	1	0	1.284412
507	5231	0	0	0	0	0	2.324759
508	5242	0	0	0	2	0	1.080684
509	5248	0	0	0	2	0	2.120345
510	5270	0	0	0	1	0	2.777358
511	5280	0	0	0	0	0	1.353106
512	5295	0	0	0	1	0	1.123995
513	5303	0	0	0	1	0	1.993931
514	5314	0	0	0	2	0	1.530146
515	5320	0	0	0	0	0	2.118945
516	5325	0	0	0	2	0	2.755989
517	5334	0	0	0	0	0	2.902073
518	5342	0	0	0	0	0	2.903138
519	5353	0	0	0	2	0	1.076961
520	5359	0	0	0	1	0	1.486086
521	5371	0	0	0	0	0	1.982172
522	5380	0	0	0	1	0	1.266385
523	5389	0	0	0	2	0	1.634710
524	5395	0	0	0	1	0	1.576458
525	5402	0	0	0	2	0	1.850503
526	5412	0	0	0	0	0	1.918369
527	5423	0	0	0	1	0	2.221263
528	5432	0	0	0	1	0	1.929198
529	5440	0	0	0	1	0	2.410372
530	5447	0	0	0	1	0	2.818004
531	5457	0	0	0	1	0	1.315808
532	5466	0	0	0	2	0	1.403730
533	5475	0	0	0	0	0	1.413050
534	5483	0	0	0	2	0	1.028062
535	5493	0	0	0	0	0	1.401205
536	5503	0	0	0	1	0	1.487860
537	5507	0	0	0	1	0	1.572440
538	5523	0	0	0	1	0	2.979703
539	5535	0	0	0	1	0	1.790334
540	5547	0	0	0	0	0	1.124678
541	5556	0	0	0	0	0	2.760092
542	5567	0	0	0	0	0	1.049682
543	5580	0	0	0	1	0	2.117443
544	5586	0	0	0	0	0	2.957304
545	5599	0	0	0	2	0	2.099414
546	5611	0	0	0	2	0	2.662716
547	5622	0	0	0	0	0	2.403198
548	5631	0	0	0	0	0	1.222936
549	5635	0	0	0	0	0	1.025065
550	5646	0	0	0	0	0	1.886547
551	5652	0	0	0	0	0	2.293467
552	5665	0	0	0	1	0	1.227999
553	5677	0	0	0	0	0	2.956527
554	5688	0	0	0	1	0	2.113760
555	5696	0	0	0	2	0	1.276157
556	5710	0	0	0	2	0	1.294221
557	5719	0	0	0	1	0	1.086321
558	5725	0	0	0	1	0	1.873720
559	5738	0	0	0	1	0	2.585616
560	5747	0	0	0	0	0	2.632382
561	5757	0	0	0	0	0	1.832022
562	5768	0	0	0	0	0	2.500343
563	5778	0	0	0	2	0	1.041075
564	5790	0	0	0	1	0	1.867269
565	5798	0	0	0	2	0	1.006986
566	5806	0	0	0	0	0	2.861432
567	5817	0	0	0	0	0	1.918465
568	5826	0	0	0	2	0	2.750527
569	5835	0	0	0	1	0	1.337319
570	5847	0	0	0	2	0	2.469177
571	5857	0	0	0	0	0	2.270777
572	5870	0	0	0	0	0	2.502210
573	5878	0	0	0	2	0	1.213160
574	5890	0	0	0	0	0	1.521068
575	5896	0	0	0	0	0	1.383238
576	5906	0	0	0	2	0	1.899086
577	5917	0	0	0	2	0	2.731325
578	5927	0	0	0	1	0	1.283156
579	5943	0	0	0	1	0	1.777513
580	5952	0	0	0	0	0	2.239462
581	5961	0	0	0	1	0	1.555548
582	5978	0	0	0	0	0	1.019240
583	5986	0	0	0	1	0	2.858536
584	5994	0	0	0	0	0	1.029964
585	6005	0	0	0	0	0	2.647282
586	6019	0	0	0	0	0	1.986650
587	6027	0	0	0	0	0	1.342287
588	6034	0	0	0	1	0	2.800514
589	6043	0	0	0	2	0	1.235051
590	6048	0	0	0	1	0	2.231513
591	6058	0	0	0	1	0	1.422282
592	6072	0	0	0	0	0	1.639380
593	6083	0	0	0	0	0	2.383150
594	6095	0	0	0	0	0	1.694667
595	6104	0	0	0	2	0	2.441200
596	6120	0	0	0	2	0	2.629736
597	6131	0	0	0	0	0	2.121706
598	6145	0	0	0	0	0	1.835577
599	6154	0	0	0	2	0	1.521874
600	6163	0	0	0	2	0	1.517917
601	6175	0	0	0	2	0	1.292883
602	6193	0	0	0	1	0	2.117548
603	6204	0	0	0	0	0	1.494123
604	6215	0	0	0	0	0	1.635768
605	6218	0	0	0	0	0	1.063550
606	6228	0	0	0	2	0	2.160708
607	6244	0	0	0	0	0	1.826326
608	6255	0	0	0	2	0	1.791731
609	6263	0	0	0	0	0	2.340079
610	6277	0	0	0	2	0	2.248882
611	6286	0	0	0	1	0	2.757603
612	6299	0	0	0	0	0	2.421791
613	6313	0	0	0	0	0	1.260685
614	6320	0	0	0	1	0	1.132822
615	6331	0	0	0	2	0	2.068165
616	6341	0	0	0	0	0	1.713996
617	6351	0	0	0	1	0	1.056966
618	6362	0	0	0	0	0	2.439361
619	6372	0	0	0	1	0	1.661696
620	6383	0	0	0	0	0	2.959021
621	6395	0	0	0	2	0	1.562849
622	6405	0	0	0	1	0	1.895461
623	6413	0	0	0	0	0	2.596237
624	6424	0	0	0	2	0	1.048327
625	6438	0	0	0	2	0	1.946399
626	6454	0	0	0	2	0	2.731651
627	6461	0	0	0	0	0	1.033821
628	6469	0	0	0	0	0	1.974614
629	6484	0	0	0	2	0	2.389606
630	6495	0	0	0	0	0	2.800673
631	6502	0	0	0	2	0	1.725729
632	6509	0	0	0	2	0	1.457660
633	6516	0	0	0	0	0	1.114012
634	6524	0	0	0	1	0	1.188909
635	6532	0	0	0	1	0	2.318118
636	6541	0	0	0	0	0	2.565191
637	6552	0	0	0	0	0	1.090835
638	6562	0	0	0	1	0	2.721375
639	6573	0	0	0	0	0	2.248544
640	6588	0	0	0	0	0	1.012419
641	6593	0	0	0	0	0	2.261882
642	6602	0	0	0	1	0	1.754537
643	6611	0	0	0	1	0	2.912174
644	6619	0	0	0	0	0	1.995478
645	6632	0	0	0	1	0	1.137271
646	6649	0	0	0	1	0	1.405717
647	6664	0	0	0	0	0	1.514812
648	6676	0	0	0	0	0	1.521522
649	6691	0	0	0	0	0	2.865209
650	6703	0	0	0	1	0	2.207569
651	6710	0	0	0	0	0	1.507623
652	6721	0	0	0	2	0	1.328219
653	6735	0	0	0	1	0	2.564820
654	6749	0	0	0	0	0	2.813660
655	6763	0	0	0	1	0	2.123068
656	6772	0	0	0	0	0	1.439442
657	6784	0	0	0	1	0	2.494434
658	6793	0	0	0	0	0	1.321865
659	6800	0	0	0	0	0	2.896348
660	6817	0	0	0	0	0	2.607489
661	6828	0	0	0	1	0	2.255962
662	6836	0	0	0	1	0	2.567495
663	6856	0	0	0	1	0	1.999749
664	6863	0	0	0	0	0	2.666735
665	6884	0	0	0	0	0	2.757361
666	6888	0	0	0	2	0	1.589747
667	6895	0	0	0	1	0	2.729083
668	6901	0	0	0	2	0	2.266204
669	6910	0	0	0	2	0	1.922487
670	6921	0	0	0	1	0	2.946474
671	6928	0	0	0	2	0	1.350585
672	6935	0	0	0	0	0	2.396702
673	6949	0	0	0	0	0	2.839362
674	6959	0	0	0	1	0	2.590739
675	6963	0	0	0	1	0	2.646310
676	6971	0	0	0	0	0	1.143346
677	6982	0	0	0	1	0	2.487565
678	6993	0	0	0	0	0	1.193779
679	7005	0	0	0	1	0	1.783509
680	7014	0	0	0	2	0	2.121966
681	7026	0	0	0	2	0	1.416717
682	7037	0	0	0	1	0	2.175386
683	7042	0	0	0	1	0	2.726192
684	7046	0	0	0	0	0	2.633954
685	7058	0	0	0	1	0	1.712334
686	7062	0	0	0	0	0	1.084397
687	7076	0	0	0	1	0	1.189587
688	7089	0	0	0	2	0	1.522337
689	7095	0	0	0	2	0	2.404512
690	7108	0	0	0	0	0	1.732460
691	7117	0	0	0	1	0	1.113669
692	7126	0	0	0	0	0	1.804102
693	7133	0	0	0	1	0	1.371254
694	7144	0	0	0	0	0	2.814873
695	7153	0	0	0	0	0	1.801694
696	7157	0	0	0	1	0	2.089079
697	7165	0	0	0	0	0	2.266774
698	7173	0	0	0	1	0	2.063862
699	7186	0	0	0	0	0	2.746545
700	7194	0	0	0	0	0	1.237313
701	7200	0	0	0	0	0	1.482637
702	7205	0	0	0	0	0	1.833105
703	7212	0	0	0	2	0	1.685417
704	7223	0	0	0	2	0	2.878937
705	7230	0	0	0	0	0	1.004403
706	7238	0	0	0	2	0	1.708125
707	7244	0	0	0	1	0	1.133450
708	7251	0	0	0	1	0	2.767941
709	7258	0	0	0	2	0	2.805380
710	7273	0	0	0	0	0	2.029274
711	7284	0	0	0	1	0	1.561591
712	7293	0	0	0	2	0	1.819046
713	7304	0	0	0	0	0	1.977026
714	7315	0	0	0	0	0	1.761722
715	7325	0	0	0	1	0	2.807091
716	7338	0	0	0	1	0	1.825464
717	7348	0	0	0	2	0	2.901238
718	7353	0	0	0	2	0	2.224002
719	7360	0	0	0	2	0	2.316091
720	7367	0	0	0	0	0	2.582017
721	7381	0	0	0	1	0	1.754241
722	7392	0	0	0	0	0	1.946431
723	7403	0	0	0	1	0	1.962690
724	7410	0	0	0	1	0	2.174271
725	7415	0	0	0	1	0	2.396047
726	7422	0	0	0	2	0	1.429714
727	7436	0	0	0	0	0	2.364349
728	7441	0	0	0	0	0	2.466728
729	7450	0	0	0	0	0	2.800711
730	7460	0	0	0	1	0	1.112845
731	7471	0	0	0	2	0	1.640442
732	7484	0	0	0	1	0	2.866139
733	7492	0	0	0	0	0	1.623041
734	7506	0	0	0	1	0	2.596565
735	7517	0	0	0	0	0	1.665649
736	7525	0	0	0	1	0	2.834695
737	7539	0	0	0	2	0	2.811829
738	7552	0	0	0	1	0	1.730501
739	7563	0	0	0	1	0	1.358652
740	7574	0	0	0	0	0	1.501662
741	7585	0	0	0	2	0	1.188805
742	7599	0	0	0	2	0	2.981672
743	7609	0	0	0	1	0	1.699308
744	7619	0	0	0	1	0	2.318738
745	7627	0	0	0	0	0	1.601685
746	7645	0	0	0	1	0	1.355241
747	7653	0	0	0	2	0	2.404867
748	7665	0	0	0	0	0	2.651803
749	7680	0	0	0	1	0	1.320050
750	7693	0	0	0	0	0	1.725699
751	7701	0	0	0	2	0	1.450767
752	7711	0	0	0	0	0	1.249494
753	7720	0	0	0	1	0	2.068312
754	7727	0	0	0	1	0	2.869909
755	7734	0	0	0	0	0	2.828558
756	7748	0	0	0	2	0	1.340304
757	7765	0	0	0	1	0	2.834862
758	7770	0	0	0	1	0	2.676581
759	7779	0	0	0	0	0	2.332188
760	7791	0	0	0	1	0	1.602394
761	7798	0	0	0	1	0	2.600045
762	7805	0	0	0	2	0	1.965583
763	7809	0	0	0	1	0	1.565148
764	7819	0	0	0	2	0	2.021781
765	7830	0	0	0	2	0	2.932047
766	7846	0	0	0	1	0	2.961596
767	7854	0	0	0	0	0	1.945121
768	7862	0	0	0	0	0	1.694454
769	7874	0	0	0	1	0	2.940095
770	7882	0	0	0	0	0	2.040696
771	7890	0	0	0	1	0	1.497921
772	7902	0	0	0	0	0	1.500573
773	7920	0	0	0	2	0	2.030326
774	7931	0	0	0	1	0	1.786486
775	7941	0	0	0	0	0	2.087792
776	7949	0	0	0	0	0	1.535929
777	7956	0	0	0	1	0	2.486137
778	7972	0	0	0	1	0	2.343284
779	7985	0	0	0	1	0	2.759172
780	7991	0	0	0	0	0	2.053852
781	8002	0	0	0	2	0	2.953023
782	8016	0	0	0	0	0	1.907450
783	8024	0	0	0	2	0	1.166629
784	8034	0	0	0	1	0	1.798871
785	8047	0	0	0	2	0	1.674085
786	8052	0	0	0	2	0	2.620829
787	8062	0	0	0	1	0	2.979407
788	8069	0	0	0	2	0	2.584680
789	8081	0	0	0	0	0	1.113230
790	8093	0	0	0	2	0	1.897243
791	8106	0	0	0	0	0	1.539115
792	8117	0	0	0	1	0	1.638890
793	8126	0	0	0	1	0	1.162151
794	8134	0	0	0	1	0	2.674047
795	8143	0	0	0	2	0	1.196358
796	8158	0	0	0	0	0	2.661132
797	8166	0	0	0	1	0	1.029963
798	8179	0	0	0	0	0	1.247975
799	8187	0	0	0	0	0	2.009619
800	8195	0	0	0	0	0	1.254992
801	8207	0	0	0	1	0	2.024789
802	8213	0	0	0	0	0	2.816932
803	8223	0	0	0	2	0	2.131994
804	8228	0	0	0	0	0	1.000300
805	8237	0	0	0	1	0	2.208337
806	8248	0	0	0	0	0	2.843897
807	8257	0	0	0	1	0	1.442909
808	8264	0	0	0	0	0	1.491509
809	8281	0	0	0	1	0	2.332982
810	8289	0	0	0	0	0	1.726499
811	8298	0	0	0	0	0	2.725914
812	8310	0	0	0	1	0	1.284247
813	8325	0	0	0	1	0	2.308951
814	8330	0	0	0	1	0	1.966653
815	8340	0	0	0	1	0	1.056224
816	8348	0	0	0	1	0	2.251750
817	8352	0	0	0	0	0	1.174059
818	8356	0	0	0	2	0	1.802558
819	8364	0	0	0	2	0	1.721927
820	8374	0	0	0	0	0	1.045396
821	8392	0	0	0	0	0	2.670207
822	8398	0	0	0	0	0	1.135477
823	8407	0	0	0	2	0	1.080094
824	8422	0	0	0	1	0	2.666209
825	8432	0	0	0	1	0	1.567869
826	8439	0	0	0	0	0	1.981433
827	8450	0	0	0	0	0	1.568032
828	8458	0	0	0	2	0	2.357630
829	8469	0	0	0	2	0	2.598201
830	8478	0	0	0	1	0	1.299364
831	8492	0	0	0	0	0	2.716111
832	8503	0	0	0	0	0	1.873231
833	8512	0	0	0	1	0	2.587657
834	8518	0	0	0	2	0	1.991381
835	8528	0	0	0	1	0	2.084705
836	8537	0	0	0	2	0	2.075964
837	8544	0	0	0	0	0	1.809057
838	8559	0	0	0	0	0	1.726892
839	8568	0	0	0	0	0	2.320978
840	8578	0	0	0	2	0	2.924298
841	8589	0	0	0	1	0	2.263351
842	8593	0	0	0	1	0	2.064050
843	8600	0	0	0	2	0	2.610642
844	8615	0	0	0	0	0	1.212079
845	8625	0	0	0	1	0	2.835012
846	8634	0	0	0	0	0	1.535666
847	8648	0	0	0	2	0	2.565791
848	8658	0	0	0	1	0	2.099444
849	8663	0	0	0	0	0	2.939185
850	8674	0	0	0	0	0	1.806941
851	8683	0	0	0	2	0	2.748107
852	8699	0	0	0	2	0	1.432891
853	8710	0	0	0	1	0	1.996770
854	8719	0	0	0	0	0	2.519836
855	8732	0	0	0	0	0	2.668300
856	8739	0	0	0	0	0	1.010030
857	8746	0	0	0	0	0	2.526459
858	8755	0	0	0	0	0	1.785621
859	8763	0	0	0	2	0	2.145145
860	8774	0	0	0	0	0	1.203232
861	8787	0	0	0	1	0	1.259245
862	8796	0	0	0	2	0	2.029296
863	8804	0	0	0	0	0	2.386614
864	8811	0	0	0	1	0	1.918857
865	8816	0	0	0	2	0	1.617407
866	8819	0	0	0	0	0	2.566967
867	8828	0	0	0	0	0	1.843503
868	8844	0	0	0	1	0	2.256071
869	8851	0	0	0	0	0	2.531563
870	8858	0	0	0	2	0	1.990958
871	8865	0	0	0	1	0	2.558553
872	8873	0	0	0	2	0	1.497699
873	8885	0	0	0	1	0	1.872446
874	8895	0	0	0	2	0	1.293436
875	8907	0	0	0	0	0	1.972748
876	8911	0	0	0	1	0	1.745394
877	8918	0	0	0	2	0	1.147040
878	8926	0	0	0	0	0	1.743477
879	8938	0	0	0	0	0	2.634149
880	8950	0	0	0	0	0	1.758242
881	8962	0	0	0	0	0	1.922697
882	8969	0	0	0	0	0	2.875620
883	8976	0	0	0	1	0	1.049904
884	8985	0	0	0	0	0	1.442317
885	8997	0	0	0	1	0	1.572696
886	9013	0	0	0	1	0	1.109340
887	9026	0	0	0	1	0	2.062279
888	9040	0	0	0	0	0	1.957972
889	9052	0	0	0	1	0	1.582041
890	9063	0	0	0	0	0	2.079630
891	9070	0	0	0	0	0	1.653971
892	9082	0	0	0	0	0	2.564311
893	9094	0	0	0	2	0	1.839945
894	9104	0	0	0	0	0	2.867488
895	9108	0	0	0	0	0	2.565796
896	9113	0	0	0	1	0	1.552277
897	9119	0	0	0	0	0	1.393897
898	9126	0	0	0	0	0	2.934160
899	9131	0	0	0	1	0	1.429137
900	9134	0	0	0	0	0	2.410392
901	9138	0	0	0	0	0	2.868882
902	9150	0	0	0	1	0	2.363160
903	9161	0	0	0	1	0	1.390926
904	9168	0	0	0	1	0	2.824625
905	9171	0	0	0	1	0	2.957694
906	9180	0	0	0	0	0	2.762880
907	9185	0	0	0	1	0	2.985578
908	9195	0	0	0	1	0	1.772827
909	9202	0	0	0	1	0	1.868105
910	9212	0	0	0	1	0	2.905560
911	9225	0	0	0	1	0	1.643436
912	9232	0	0	0	0	0	1.004429
913	9241	0	0	0	1	0	2.864159
914	9252	0	0	0	1	0	1.272530
915	9266	0	0	0	0	0	2.671860
916	9272	0	0	0	1	0	1.634844
917	9277	0	0	0	2	0	2.270822
918	9284	0	0	0	0	0	1.642075
919	9289	0	0	0	1	0	2.706574
920	9297	0	0	0	0	0	2.046360
921	9309	0	0	0	0	0	2.741062
922	9323	0	0	0	0	0	1.444652
923	9340	0	0	0	0	0	1.721441
924	9353	0	0	0	0	0	2.411374
925	9359	0	0	0	1	0	1.381938
926	9374	0	0	0	0	0	2.198930
927	9386	0	0	0	1	0	1.414626
928	9395	0	0	0	0	0	1.422923
929	9408	0	0	0	1	0	2.157980
930	9419	0	0	0	1	0	2.048936
931	9432	0	0	0	1	0	2.506182
932	9441	0	0	0	1	0	1.398601
933	9453	0	0	0	2	0	2.089350
934	9464	0	0	0	0	0	2.969358
935	9477	0	0	0	2	0	1.863248
936	9491	0	0	0	1	0	2.728714
937	9497	0	0	0	1	0	1.328637
938	9507	0	0	0	0	0	1.648594
939	9511	0	0	0	0	0	2.461413
940	9517	0	0	0	2	0	2.635199
941	9527	0	0	0	0	0	2.075511
942	9531	0	0	0	1	0	1.425785
943	9545	0	0	0	0	0	2.690452
944	9552	0	0	0	0	0	1.733669
945	9563	0	0	0	0	0	2.827968
946	9572	0	0	0	1	0	1.645208
947	9583	0	0	0	0	0	2.820233
948	9594	0	0	0	2	0	1.623866
949	9600	0	0	0	2	0	2.698182
950	9617	0	0	0	2	0	1.749754
951	9622	0	0	0	1	0	1.824943
952	9635	0	0	0	0	0	2.664810
953	9645	0	0	0	0	0	2.714007
954	9653	0	0	0	1	0	2.693974
955	9668	0	0	0	0	0	2.016087
956	9682	0	0	0	1	0	1.062282
957	9695	0	0	0	0	0	1.031491
958	9703	0	0	0	0	0	2.338340
959	9713	0	0	0	0	0	1.405750
960	9721	0	0	0	0	0	1.391703
961	9730	0	0	0	0	0	1.345135
962	9742	0	0	0	2	0	2.772228
963	9752	0	0	0	2	0	2.071582
964	9763	0	0	0	1	0	2.332548
965	9770	0	0	0	2	0	1.524485
966	9774	0	0	0	0	0	2.510638
967	9788	0	0	0	1	0	1.019722
968	9802	0	0	0	1	0	1.380374
969	9812	0	0	0	1	0	2.241187
970	9824	0	0	0	1	0	1.063576
971	9832	0	0	0	0	0	1.482738
972	9840	0	0	0	0	0	2.574185
973	9849	0	0	0	0	0	2.763701
974	9859	0	0	0	0	0	1.741740
975	9868	0	0	0	0	0	2.241969
976	9876	0	0	0	1	0	2.092358
977	9893	0	0	0	1	0	1.938112
978	9904	0	0	0	2	0	1.599465
979	9915	0	0	0	0	0	1.700283
980	9919	0	0	0	2	0	1.938748
981	9926	0	0	0	1	0	1.064613
982	9933	0	0	0	0	0	1.902823
983	9944	0	0	0	2	0	2.118185
984	9961	0	0	0	1	0	1.424708
985	9972	0	0	0	2	0	1.516366
986	9981	0	0	0	1	0	1.409244
987	9999	0	0	0	1	0	1.165626
988	10009	0	0	0	0	0	2.817002
989	10016	0	0	0	0	0	1.701713
990	10025	0	0	0	1	0	2.225507
991	10035	0	0	0	1	0	2.780089
992	10045	0	0	0	0	0	1.710593
993	10051	0	0	0	0	0	2.789247
994	10062	0	0	0	0	0	1.087632
995	10076	0	0	0	1	0	1.938298
996	10084	0	0	0	1	0	1.865729
997	10090	0	0	0	0	0	2.380563
998	10098	0	0	0	0	0	1.502521
999	10106	0	0	0	0	0	1.611979
