0	1	0	0	0	0	0	1.304480
1	19	0	0	0	1	0	1.878595
2	28	0	0	0	0	0	2.442028
3	30	0	0	0	0	0	1.677770
4	38	0	0	0	0	0	1.469871
5	40	0	0	0	0	0	2.179205
6	49	0	0	0	2	0	1.799037
7	64	0	0	0	2	0	2.911429
8	70	0	0	0	0	0	2.173664
9	79	0	0	0	2	0	1.764180
10	95	0	0	0	1	0	2.034973
11	108	0	0	0	0	0	1.430547
12	119	0	0	0	1	0	2.311919
13	132	0	0	0	2	0	1.763839
14	144	0	0	0	0	0	2.489285
15	152	0	0	0	1	0	2.212937
16	161	0	0	0	2	0	2.854214
17	168	0	0	0	0	0	2.690223
18	178	0	0	0	0	0	1.435274
19	192	0	0	0	1	0	1.268197
20	199	0	0	0	1	0	2.420786
21	209	0	0	0	2	0	1.819942
22	218	0	0	0	0	0	2.667247
23	227	0	0	0	2	0	2.030762
24	233	0	0	0	0	0	1.998138
25	244	0	0	0	2	0	2.706183
26	251	0	0	0	2	0	1.755235
27	262	0	0	0	0	0	2.123497
28	275	0	0	0	1	0	1.760436
29	281	0	0	0	0	0	2.799871
30	288	0	0	0	2	0	1.919330
31	300	0	0	0	1	0	1.423292
32	314	0	0	0	0	0	2.190354
33	331	0	0	0	2	0	1.662541
34	341	0	0	0	0	0	2.517625
35	352	0	0	0	2	0	1.225476
36	362	0	0	0	0	0	2.965299
37	377	0	0	0	1	0	2.536132
38	383	0	0	0	2	0	1.849402
39	393	0	0	0	2	0	2.078774
40	407	0	0	0	2	0	1.988428
41	415	0	0	0	0	0	2.613336
42	425	0	0	0	0	0	2.384046
43	436	0	0	0	1	0	2.612479
44	442	0	0	0	1	0	2.062471
45	456	0	0	0	1	0	2.223309
46	465	0	0	0	0	0	2.307931
47	473	0	0	0	0	0	2.170550
48	480	0	0	0	1	0	1.501388
49	495	0	0	0	0	0	2.735722
50	503	0	0	0	1	0	2.141748
51	514	0	0	0	1	0	1.140251
52	522	0	0	0	0	0	2.551175
53	535	0	0	0	1	0	2.041765
54	548	0	0	0	1	0	2.642785
55	555	0	0	0	2	0	1.352371
56	565	0	0	0	1	0	1.876708
57	571	0	0	0	0	0	2.971029
58	582	0	0	0	0	0	1.758832
59	591	0	0	0	0	0	1.000552
60	600	0	0	0	1	0	2.496060
61	616	0	0	0	2	0	1.164686
62	626	0	0	0	2	0	1.429722
63	636	0	0	0	0	0	2.481521
64	646	0	0	0	2	0	2.982625
65	658	0	0	0	1	0	2.450657
66	667	0	0	0	0	0	1.111095
67	677	0	0	0	1	0	2.929236
68	687	0	0	0	1	0	1.441214
69	696	0	0	0	0	0	1.496429
70	707	0	0	0	2	0	2.173656
71	717	0	0	0	2	0	2.461322
72	732	0	0	0	0	0	1.972764
73	743	0	0	0	1	0	2.092027
74	754	0	0	0	2	0	2.431591
75	769	0	0	0	0	0	2.053926
76	775	0	0	0	0	0	2.182343
77	782	0	0	0	1	0	2.124771
78	794	0	0	0	0	0	1.051761
79	799	0	0	0	2	0	1.464701
80	805	0	0	0	1	0	1.099313
81	818	0	0	0	1	0	1.097344
82	830	0	0	0	2	0	1.599047
83	835	0	0	0	0	0	2.155597
84	846	0	0	0	1	0	1.808757
85	853	0	0	0	2	0	2.201314
86	857	0	0	0	0	0	1.685639
87	866	0	0	0	0	0	1.138438
88	876	0	0	0	0	0	2.530741
89	883	0	0	0	0	0	2.621381
90	898	0	0	0	1	0	1.410907
91	907	0	0	0	2	0	2.395383
92	922	0	0	0	2	0	1.739492
93	939	0	0	0	0	0	1.872959
94	947	0	0	0	1	0	2.277303
95	957	0	0	0	0	0	2.935151
96	966	0	0	0	2	0	1.297158
97	980	0	0	0	0	0	1.474421
98	990	0	0	0	2	0	1.396175
99	995	0	0	0	1	0	1.503635
100	1008	0	0	0	2	0	2.293229
101	1016	0	0	0	1	0	2.938613
102	1023	0	0	0	1	0	2.901110
103	1030	0	0	0	0	0	1.153483
104	1041	0	0	0	1	0	2.787760
105	1053	0	0	0	0	0	1.235532
106	1062	0	0	0	1	0	1.550725
107	1074	0	0	0	0	0	2.915682
108	1085	0	0	0	1	0	2.455174
109	1096	0	0	0	0	0	2.220962
110	1104	0	0	0	1	0	2.677746
111	1114	0	0	0	1	0	1.924839
112	1120	0	0	0	0	0	2.059585
113	1137	0	0	0	1	0	1.681032
114	1142	0	0	0	0	0	1.944776
115	1151	0	0	0	1	0	1.659574
116	1168	0	0	0	1	0	2.026742
117	1175	0	0	0	0	0	1.731917
118	1183	0	0	0	0	0	2.913537
119	1189	0	0	0	1	0	1.102345
120	1197	0	0	0	2	0	1.919720
121	1205	0	0	0	0	0	1.776570
122	1219	0	0	0	1	0	2.068277
123	1226	0	0	0	0	0	1.534335
124	1236	0	0	0	1	0	1.047701
125	1248	0	0	0	0	0	1.885679
126	1261	0	0	0	0	0	1.983421
127	1267	0	0	0	0	0	1.638083
128	1279	0	0	0	0	0	1.324089
129	1287	0	0	0	0	0	1.437611
130	1297	0	0	0	0	0	2.482287
131	1307	0	0	0	0	0	1.751343
132	1320	0	0	0	0	0	1.183394
133	1332	0	0	0	0	0	2.679548
134	1344	0	0	0	0	0	2.393289
135	1354	0	0	0	0	0	2.112377
136	1362	0	0	0	1	0	2.072343
137	1372	0	0	0	0	0	2.823913
138	1382	0	0	0	0	0	2.282768
139	1389	0	0	0	0	0	1.904082
140	1399	0	0	0	1	0	2.908816
141	1410	0	0	0	1	0	2.974718
142	1416	0	0	0	2	0	1.026625
143	1429	0	0	0	2	0	2.124122
144	1442	0	0	0	1	0	2.948242
145	1455	0	0	0	2	0	2.443760
146	1469	0	0	0	0	0	1.270252
147	1484	0	0	0	0	0	2.454457
148	1492	0	0	0	0	0	2.728295
149	1503	0	0	0	2	0	2.005300
150	1513	0	0	0	2	0	2.387819
151	1520	0	0	0	2	0	2.795570
152	1536	0	0	0	0	0	2.005124
153	1541	0	0	0	2	0	1.084758
154	1551	0	0	0	0	0	2.568806
155	1562	0	0	0	2	0	2.504969
156	1579	0	0	0	0	0	1.778928
157	1589	0	0	0	1	0	1.374103
158	1599	0	0	0	2	0	1.928576
159	1609	0	0	0	1	0	1.766437
160	1620	0	0	0	0	0	1.325297
161	1632	0	0	0	2	0	2.087443
162	1640	0	0	0	1	0	2.804219
163	1645	0	0	0	1	0	1.659017
164	1655	0	0	0	1	0	2.331387
165	1659	0	0	0	0	0	2.214617
166	1667	0	0	0	1	0	2.421084
167	1679	0	0	0	1	0	2.023132
168	1683	0	0	0	2	0	2.844672
169	1697	0	0	0	1	0	2.168472
170	1708	0	0	0	0	0	2.898614
171	1723	0	0	0	0	0	2.943915
172	1734	0	0	0	0	0	2.279092
173	1752	0	0	0	0	0	2.930769
174	1762	0	0	0	2	0	2.023070
175	1776	0	0	0	0	0	1.504236
176	1785	0	0	0	0	0	2.818027
177	1791	0	0	0	0	0	2.234695
178	1797	0	0	0	2	0	1.208697
179	1807	0	0	0	2	0	1.468329
180	1818	0	0	0	0	0	2.018890
181	1825	0	0	0	1	0	2.248198
182	1831	0	0	0	0	0	1.951824
183	1837	0	0	0	1	0	2.134893
184	1844	0	0	0	2	0	2.882161
185	1857	0	0	0	0	0	1.762434
186	1866	0	0	0	1	0	2.280682
187	1875	0	0	0	0	0	1.215832
188	1884	0	0	0	2	0	2.941988
189	1895	0	0	0	1	0	2.387724
190	1906	0	0	0	1	0	2.319479
191	1916	0	0	0	1	0	1.062549
192	1925	0	0	0	0	0	1.704378
193	1937	0	0	0	0	0	2.049184
194	1948	0	0	0	0	0	2.755984
195	1956	0	0	0	1	0	1.156166
196	1963	0	0	0	2	0	2.464347
197	1972	0	0	0	0	0	2.101612
198	1980	0	0	0	0	0	1.091091
199	1991	0	0	0	0	0	1.277457
200	2000	0	0	0	2	0	1.829181
201	2009	0	0	0	2	0	2.644878
202	2019	0	0	0	2	0	1.668464
203	2027	0	0	0	0	0	2.179029
204	2040	0	0	0	1	0	2.107343
205	2048	0	0	0	2	0	2.476477
206	2059	0	0	0	2	0	1.790665
207	2068	0	0	0	0	0	1.867936
208	2082	0	0	0	0	0	1.942983
209	2089	0	0	0	0	0	2.224504
210	2103	0	0	0	2	0	1.180828
211	2113	0	0	0	2	0	1.830845
212	2130	0	0	0	1	0	1.422753
213	2144	0	0	0	2	0	2.908376
214	2151	0	0	0	0	0	1.422606
215	2161	0	0	0	1	0	2.847605
216	2166	0	0	0	1	0	1.945808
217	2175	0	0	0	1	0	1.997895
218	2188	0	0	0	0	0	1.219699
219	2198	0	0	0	0	0	1.553208
220	2208	0	0	0	0	0	2.386146
221	2215	0	0	0	1	0	1.037992
222	2223	0	0	0	2	0	1.571296
223	2236	0	0	0	0	0	2.690434
224	2250	0	0	0	1	0	1.444591
225	2258	0	0	0	2	0	1.589751
226	2265	0	0	0	0	0	1.282080
227	2273	0	0	0	0	0	1.985926
228	2284	0	0	0	0	0	2.802900
229	2297	0	0	0	0	0	1.824094
230	2308	0	0	0	0	0	1.326964
231	2320	0	0	0	2	0	2.140692
232	2335	0	0	0	1	0	1.910156
233	2345	0	0	0	1	0	1.303819
234	2357	0	0	0	0	0	1.500710
235	2364	0	0	0	1	0	1.608173
236	2382	0	0	0	0	0	1.102683
237	2392	0	0	0	1	0	2.774906
238	2402	0	0	0	0	0	1.492778
239	2415	0	0	0	1	0	2.199280
240	2422	0	0	0	1	0	2.118917
241	2433	0	0	0	1	0	1.432518
242	2441	0	0	0	0	0	2.970926
243	2450	0	0	0	0	0	1.156895
244	2464	0	0	0	2	0	1.898801
245	2483	0	0	0	2	0	1.619249
246	2492	0	0	0	0	0	2.165845
247	2505	0	0	0	0	0	2.484397
248	2522	0	0	0	1	0	1.572800
249	2533	0	0	0	0	0	1.650753
250	2544	0	0	0	1	0	1.271465
251	2552	0	0	0	1	0	1.821080
252	2562	0	0	0	0	0	1.337593
253	2572	0	0	0	1	0	2.392298
254	2585	0	0	0	1	0	2.675630
255	2601	0	0	0	0	0	2.632181
256	2607	0	0	0	2	0	2.851701
257	2615	0	0	0	1	0	1.616270
258	2628	0	0	0	2	0	1.911816
259	2636	0	0	0	2	0	1.541239
260	2641	0	0	0	1	0	1.328632
261	2654	0	0	0	0	0	1.600961
262	2666	0	0	0	0	0	1.498917
263	2676	0	0	0	0	0	1.932656
264	2684	0	0	0	1	0	1.205997
265	2692	0	0	0	0	0	1.819650
266	2703	0	0	0	1	0	2.381789
267	2712	0	0	0	2	0	2.995095
268	2718	0	0	0	2	0	1.434476
269	2731	0	0	0	1	0	2.192709
270	2740	0	0	0	0	0	2.469074
271	2751	0	0	0	1	0	1.382489
272	2763	0	0	0	0	0	1.365472
273	2769	0	0	0	1	0	2.388948
274	2781	0	0	0	1	0	2.609811
275	2789	0	0	0	1	0	2.926864
276	2796	0	0	0	2	0	1.959354
277	2803	0	0	0	2	0	2.873127
278	2817	0	0	0	0	0	1.152580
279	2823	0	0	0	1	0	1.370514
280	2830	0	0	0	1	0	2.177681
281	2841	0	0	0	1	0	1.845547
282	2850	0	0	0	1	0	1.195192
283	2863	0	0	0	1	0	2.564209
284	2875	0	0	0	1	0	1.344895
285	2887	0	0	0	2	0	1.212882
286	2895	0	0	0	0	0	1.800349
287	2902	0	0	0	1	0	2.958998
288	2913	0	0	0	1	0	1.305099
289	2923	0	0	0	1	0	1.750469
290	2933	0	0	0	2	0	2.836346
291	2939	0	0	0	1	0	2.891363
292	2949	0	0	0	2	0	2.516482
293	2961	0	0	0	0	0	2.210619
294	2968	0	0	0	0	0	2.906430
295	2980	0	0	0	0	0	2.809913
296	2991	0	0	0	1	0	2.740719
297	2999	0	0	0	2	0	2.080635
298	3009	0	0	0	0	0	2.824757
299	3026	0	0	0	1	0	1.407560
300	3039	0	0	0	0	0	1.021754
301	3047	0	0	0	1	0	1.136412
302	3056	0	0	0	0	0	2.134024
303	3072	0	0	0	2	0	2.380062
304	3079	0	0	0	2	0	1.263472
305	3090	0	0	0	0	0	2.394068
306	3097	0	0	0	2	0	1.698712
307	3101	0	0	0	1	0	2.136758
308	3106	0	0	0	1	0	1.581333
309	3115	0	0	0	2	0	2.185018
310	3126	0	0	0	2	0	2.318324
311	3133	0	0	0	1	0	1.158935
312	3144	0	0	0	0	0	1.552397
313	3153	0	0	0	2	0	1.693902
314	3168	0	0	0	0	0	1.147661
315	3177	0	0	0	0	0	2.258568
316	3188	0	0	0	1	0	1.239505
317	3196	0	0	0	1	0	2.890822
318	3202	0	0	0	0	0	1.171517
319	3214	0	0	0	2	0	2.386689
320	3223	0	0	0	0	0	1.286808
321	3229	0	0	0	0	0	1.708220
322	3240	0	0	0	0	0	1.542288
323	3244	0	0	0	0	0	2.305495
324	3254	0	0	0	0	0	1.208457
325	3271	0	0	0	1	0	2.157607
326	3284	0	0	0	1	0	2.962856
327	3292	0	0	0	1	0	1.364923
328	3301	0	0	0	1	0	2.444444
329	3307	0	0	0	1	0	2.026175
330	3309	0	0	0	1	0	2.517676
331	3324	0	0	0	0	0	1.940701
332	3331	0	0	0	2	0	2.431664
333	3342	0	0	0	1	0	1.124587
334	3352	0	0	0	2	0	1.399533
335	3357	0	0	0	2	0	1.519974
336	3364	0	0	0	1	0	2.879978
337	3374	0	0	0	2	0	2.178257
338	3381	0	0	0	2	0	2.551568
339	3391	0	0	0	1	0	2.581246
340	3399	0	0	0	0	0	1.452307
341	3413	0	0	0	0	0	2.483076
342	3423	0	0	0	0	0	1.832487
343	3428	0	0	0	1	0	2.052938
344	3436	0	0	0	0	0	1.838331
345	3450	0	0	0	0	0	1.336327
346	3463	0	0	0	2	0	1.805493
347	3470	0	0	0	1	0	1.485336
348	3478	0	0	0	0	0	2.266676
349	3490	0	0	0	0	0	2.321031
350	3501	0	0	0	0	0	1.035090
351	3514	0	0	0	1	0	2.695662
352	3529	0	0	0	0	0	2.010968
353	3540	0	0	0	1	0	1.523295
354	3548	0	0	0	0	0	2.538138
355	3561	0	0	0	1	0	1.263955
356	3571	0	0	0	0	0	2.858353
357	3577	0	0	0	0	0	1.284186
358	3590	0	0	0	2	0	2.906380
359	3600	0	0	0	1	0	1.169377
360	3613	0	0	0	0	0	1.099351
361	3630	0	0	0	2	0	2.213980
362	3640	0	0	0	2	0	1.453963
363	3647	0	0	0	2	0	2.250964
364	3659	0	0	0	0	0	2.729572
365	3667	0	0	0	1	0	1.289319
366	3677	0	0	0	0	0	2.450179
367	3688	0	0	0	1	0	2.092130
368	3694	0	0	0	0	0	1.393431
369	3708	0	0	0	0	0	1.905647
370	3720	0	0	0	0	0	1.210027
371	3725	0	0	0	1	0	1.758875
372	3738	0	0	0	0	0	1.035268
373	3748	0	0	0	0	0	1.871694
374	3758	0	0	0	0	0	1.321089
375	3765	0	0	0	1	0	2.221786
376	3774	0	0	0	2	0	2.910112
377	3789	0	0	0	1	0	2.191559
378	3797	0	0	0	2	0	2.551464
379	3808	0	0	0	1	0	1.256502
380	3813	0	0	0	0	0	1.627705
381	3826	0	0	0	0	0	1.700161
382	3836	0	0	0	2	0	1.169534
383	3852	0	0	0	2	0	1.046792
384	3864	0	0	0	1	0	1.855228
385	3874	0	0	0	1	0	1.132980
386	3889	0	0	0	1	0	1.144005
387	3904	0	0	0	2	0	1.746653
388	3914	0	0	0	0	0	1.225112
389	3917	0	0	0	0	0	1.485762
390	3929	0	0	0	1	0	2.697978
391	3937	0	0	0	2	0	2.961114
392	3945	0	0	0	0	0	1.489147
393	3955	0	0	0	1	0	2.736042
394	3967	0	0	0	1	0	1.952761
395	3976	0	0	0	2	0	2.868876
396	3986	0	0	0	2	0	1.773708
397	3993	0	0	0	2	0	2.117433
398	4008	0	0	0	1	0	2.992182
399	4014	0	0	0	0	0	2.791387
400	4021	0	0	0	0	0	2.420694
401	4031	0	0	0	0	0	2.090130
402	4039	0	0	0	0	0	2.558570
403	4044	0	0	0	2	0	1.861284
404	4054	0	0	0	0	0	2.869964
405	4063	0	0	0	1	0	1.905699
406	4077	0	0	0	2	0	2.190276
407	4088	0	0	0	1	0	1.633807
408	4092	0	0	0	2	0	1.427849
409	4101	0	0	0	2	0	1.123868
410	4105	0	0	0	0	0	2.978365
411	4114	0	0	0	2	0	1.619045
412	4118	0	0	0	1	0	1.746071
413	4131	0	0	0	2	0	1.528975
414	4138	0	0	0	1	0	1.014549
415	4144	0	0	0	2	0	1.058022
416	4156	0	0	0	1	0	1.792373
417	4165	0	0	0	0	0	1.361608
418	4170	0	0	0	1	0	2.512379
419	4179	0	0	0	0	0	1.469798
420	4193	0	0	0	2	0	2.719629
421	4203	0	0	0	1	0	1.959848
422	4213	0	0	0	1	0	1.151570
423	4226	0	0	0	0	0	2.783942
424	4234	0	0	0	1	0	2.593006
425	4247	0	0	0	1	0	1.531523
426	4256	0	0	0	1	0	1.468368
427	4265	0	0	0	2	0	1.177249
428	4278	0	0	0	1	0	1.775600
429	4290	0	0	0	0	0	1.255602
430	4300	0	0	0	1	0	1.408643
431	4305	0	0	0	1	0	1.655415
432	4312	0	0	0	0	0	1.086049
433	4326	0	0	0	0	0	1.259115
434	4337	0	0	0	1	0	1.035897
435	4344	0	0	0	1	0	2.286359
436	4356	0	0	0	2	0	1.916200
437	4365	0	0	0	0	0	1.115696
438	4374	0	0	0	1	0	2.518653
439	4380	0	0	0	1	0	2.552921
440	4386	0	0	0	0	0	1.342368
441	4396	0	0	0	1	0	2.865358
442	4404	0	0	0	0	0	1.740936
443	4414	0	0	0	1	0	2.715174
444	4424	0	0	0	2	0	2.317046
445	4432	0	0	0	0	0	2.561100
446	4442	0	0	0	1	0	1.505359
447	4452	0	0	0	0	0	1.942196
448	4459	0	0	0	0	0	2.233219
449	4472	0	0	0	1	0	1.890806
450	4490	0	0	0	2	0	1.384755
451	4502	0	0	0	1	0	2.434696
452	4513	0	0	0	1	0	2.000476
453	4530	0	0	0	0	0	2.233666
454	4539	0	0	0	0	0	2.918207
455	4556	0	0	0	0	0	1.647107
456	4567	0	0	0	0	0	2.951887
457	4577	0	0	0	1	0	1.300916
458	4592	0	0	0	0	0	2.871442
459	4601	0	0	0	0	0	2.439066
460	4612	0	0	0	0	0	2.259389
461	4619	0	0	0	1	0	2.741054
462	4632	0	0	0	0	0	2.539476
463	4638	0	0	0	1	0	1.740704
464	4653	0	0	0	1	0	2.603854
465	4661	0	0	0	0	0	1.164821
466	4673	0	0	0	1	0	2.709966
467	4681	0	0	0	1	0	2.155488
468	4690	0	0	0	1	0	1.617083
469	4701	0	0	0	0	0	2.613404
470	4709	0	0	0	0	0	2.697372
471	4716	0	0	0	1	0	2.211356
472	4731	0	0	0	2	0	1.020712
473	4741	0	0	0	1	0	1.866377
474	4751	0	0	0	1	0	2.463526
475	4761	0	0	0	2	0	2.129203
476	4770	0	0	0	2	0	2.424510
477	4780	0	0	0	1	0	1.854804
478	4793	0	0	0	2	0	1.362284
479	4804	0	0	0	0	0	2.180167
480	4815	0	0	0	2	0	1.199259
481	4825	0	0	0	0	0	2.804317
482	4831	0	0	0	0	0	2.430036
483	4840	0	0	0	0	0	1.076892
484	4846	0	0	0	0	0	1.978551
485	4859	0	0	0	2	0	1.053221
486	4870	0	0	0	0	0	2.948007
487	4883	0	0	0	1	0	1.614796
488	4893	0	0	0	2	0	1.354504
489	4901	0	0	0	0	0	2.038574
490	4915	0	0	0	2	0	1.106070
491	4927	0	0	0	0	0	1.816382
492	4937	0	0	0	1	0	1.910563
493	4950	0	0	0	1	0	2.928092
494	4960	0	0	0	1	0	1.609671
495	4967	0	0	0	0	0	1.559154
496	4974	0	0	0	2	0	2.941363
497	4991	0	0	0	0	0	1.466263
498	5005	0	0	0	1	0	2.289342
499	5015	0	0	0	1	0	2.027685
500	5025	0	0	0	0	0	2.294694
501	5038	0	0	0	2	0	2.787743
502	5052	0	0	0	1	0	2.718187
503	5058	0	0	0	1	0	2.106738
504	5069	0	0	0	0	0	1.819773
505	5081	0	0	0	2	0	1.320818
506	5087	0	0	0	1	0	1.739075
507	5097	0	0	0	2	0	2.499055
508	5103	0	0	0	2	0	2.455562
509	5107	0	0	0	0	0	1.970878
510	5114	0	0	0	1	0	2.225172
511	5127	0	0	0	0	0	1.417701
512	5140	0	0	0	1	0	1.352783
513	5150	0	0	0	2	0	1.460455
514	5156	0	0	0	1	0	1.817607
515	5162	0	0	0	1	0	1.402793
516	5170	0	0	0	0	0	2.269232
517	5184	0	0	0	0	0	2.364931
518	5191	0	0	0	1	0	2.304686
519	5202	0	0	0	2	0	2.443002
520	5217	0	0	0	2	0	1.818451
521	5223	0	0	0	0	0	2.537104
522	5230	0	0	0	0	0	1.415343
523	5238	0	0	0	2	0	1.363730
524	5250	0	0	0	2	0	2.310357
525	5258	0	0	0	1	0	2.864896
526	5272	0	0	0	0	0	1.586499
527	5281	0	0	0	0	0	2.416529
528	5293	0	0	0	0	0	1.821250
529	5305	0	0	0	0	0	1.090004
530	5311	0	0	0	1	0	1.250474
531	5322	0	0	0	1	0	1.597355
532	5331	0	0	0	2	0	1.918391
533	5342	0	0	0	2	0	1.931769
534	5351	0	0	0	1	0	2.744226
535	5360	0	0	0	0	0	1.175537
536	5369	0	0	0	0	0	1.546519
537	5379	0	0	0	1	0	2.596246
538	5393	0	0	0	0	0	1.823774
539	5404	0	0	0	1	0	2.684665
540	5418	0	0	0	0	0	2.149797
541	5425	0	0	0	1	0	1.444341
542	5438	0	0	0	2	0	2.985998
543	5454	0	0	0	0	0	1.127552
544	5464	0	0	0	2	0	2.329457
545	5473	0	0	0	1	0	1.409321
546	5481	0	0	0	1	0	2.769936
547	5484	0	0	0	1	0	1.680534
548	5496	0	0	0	0	0	1.506047
549	5505	0	0	0	0	0	1.551160
550	5516	0	0	0	0	0	1.258874
551	5533	0	0	0	2	0	1.447641
552	5545	0	0	0	2	0	1.654565
553	5556	0	0	0	0	0	2.294989
554	5565	0	0	0	0	0	1.732643
555	5579	0	0	0	1	0	1.277883
556	5593	0	0	0	2	0	2.795606
557	5602	0	0	0	2	0	2.872310
558	5616	0	0	0	0	0	2.924525
559	5626	0	0	0	0	0	1.773501
560	5639	0	0	0	1	0	1.509241
561	5648	0	0	0	0	0	2.382219
562	5662	0	0	0	1	0	2.989791
563	5671	0	0	0	1	0	2.250348
564	5682	0	0	0	0	0	1.095658
565	5690	0	0	0	2	0	1.269949
566	5700	0	0	0	2	0	2.948757
567	5710	0	0	0	2	0	2.678601
568	5719	0	0	0	2	0	2.055727
569	5725	0	0	0	1	0	1.903909
570	5733	0	0	0	1	0	1.907813
571	5742	0	0	0	2	0	1.217235
572	5753	0	0	0	0	0	2.276517
573	5760	0	0	0	0	0	1.071657
574	5768	0	0	0	2	0	1.730206
575	5775	0	0	0	1	0	1.581622
576	5784	0	0	0	1	0	1.035226
577	5796	0	0	0	1	0	1.860953
578	5805	0	0	0	1	0	2.739338
579	5817	0	0	0	1	0	2.176428
580	5821	0	0	0	2	0	2.723383
581	5828	0	0	0	0	0	2.639075
582	5842	0	0	0	0	0	2.371147
583	5850	0	0	0	0	0	2.574162
584	5857	0	0	0	0	0	2.543111
585	5875	0	0	0	0	0	1.010636
586	5886	0	0	0	1	0	2.254619
587	5898	0	0	0	1	0	2.070668
588	5909	0	0	0	0	0	2.331092
589	5920	0	0	0	0	0	2.960417
590	5934	0	0	0	0	0	2.732143
591	5945	0	0	0	2	0	2.155513
592	5961	0	0	0	0	0	2.612743
593	5971	0	0	0	2	0	2.093627
594	5983	0	0	0	0	0	1.848511
595	5989	0	0	0	0	0	1.973054
596	5996	0	0	0	1	0	2.737204
597	6008	0	0	0	0	0	2.089718
598	6017	0	0	0	2	0	1.709198
599	6029	0	0	0	0	0	2.651370
600	6040	0	0	0	0	0	1.820144
601	6051	0	0	0	2	0	2.123333
602	6062	0	0	0	1	0	1.778173
603	6068	0	0	0	2	0	2.061180
604	6080	0	0	0	1	0	1.044012
605	6092	0	0	0	1	0	1.456873
606	6103	0	0	0	1	0	1.881386
607	6106	0	0	0	2	0	2.352777
608	6115	0	0	0	1	0	1.731998
609	6127	0	0	0	0	0	1.758388
610	6140	0	0	0	1	0	1.608375
611	6156	0	0	0	2	0	1.005341
612	6169	0	0	0	0	0	1.588362
613	6175	0	0	0	1	0	2.728585
614	6178	0	0	0	2	0	2.000171
615	6192	0	0	0	2	0	2.946233
616	6202	0	0	0	2	0	1.577405
617	6216	0	0	0	0	0	1.148307
618	6224	0	0	0	2	0	2.729608
619	6239	0	0	0	0	0	1.652397
620	6248	0	0	0	0	0	1.877093
621	6258	0	0	0	1	0	1.135838
622	6268	0	0	0	0	0	2.584146
623	6278	0	0	0	0	0	1.834759
624	6294	0	0	0	0	0	1.981305
625	6310	0	0	0	0	0	1.872295
626	6314	0	0	0	1	0	2.480782
627	6328	0	0	0	1	0	1.543970
628	6337	0	0	0	0	0	2.151577
629	6344	0	0	0	2	0	1.012801
630	6351	0	0	0	1	0	1.779011
631	6362	0	0	0	1	0	1.270353
632	6371	0	0	0	2	0	2.610160
633	6383	0	0	0	0	0	2.576603
634	6391	0	0	0	2	0	2.230865
635	6403	0	0	0	2	0	1.616955
636	6419	0	0	0	0	0	1.191748
637	6424	0	0	0	1	0	1.836629
638	6436	0	0	0	1	0	2.904375
639	6442	0	0	0	1	0	1.126985
640	6449	0	0	0	2	0	1.262847
641	6458	0	0	0	1	0	1.920336
642	6465	0	0	0	0	0	1.104793
643	6476	0	0	0	0	0	1.404581
644	6485	0	0	0	1	0	2.548284
645	6501	0	0	0	1	0	1.536075
646	6517	0	0	0	2	0	2.314184
647	6528	0	0	0	2	0	1.460018
648	6536	0	0	0	0	0	1.121884
649	6546	0	0	0	0	0	1.029390
650	6555	0	0	0	2	0	1.834932
651	6563	0	0	0	1	0	2.415603
652	6579	0	0	0	2	0	2.907242
653	6595	0	0	0	1	0	2.893995
654	6605	0	0	0	0	0	1.210619
655	6613	0	0	0	0	0	2.838421
656	6621	0	0	0	1	0	2.649694
657	6635	0	0	0	0	0	2.125220
658	6641	0	0	0	1	0	1.808970
659	6654	0	0	0	0	0	2.852518
660	6662	0	0	0	2	0	1.268667
661	6671	0	0	0	2	0	1.836428
662	6678	0	0	0	0	0	2.826154
663	6683	0	0	0	2	0	1.848004
664	6688	0	0	0	0	0	2.478582
665	6695	0	0	0	0	0	1.948753
666	6711	0	0	0	0	0	2.875471
667	6718	0	0	0	2	0	1.450486
668	6723	0	0	0	0	0	2.510425
669	6733	0	0	0	0	0	1.959663
670	6740	0	0	0	0	0	1.925187
671	6751	0	0	0	1	0	2.669842
672	6759	0	0	0	0	0	1.113964
673	6770	0	0	0	1	0	1.362346
674	6783	0	0	0	0	0	1.819569
675	6797	0	0	0	0	0	2.033917
676	6808	0	0	0	0	0	2.541465
677	6815	0	0	0	0	0	2.656398
678	6826	0	0	0	1	0	2.838733
679	6839	0	0	0	0	0	1.210356
680	6847	0	0	0	1	0	1.800656
681	6856	0	0	0	2	0	1.444564
682	6868	0	0	0	0	0	1.557684
683	6878	0	0	0	1	0	2.047258
684	6889	0	0	0	0	0	2.807280
685	6897	0	0	0	2	0	2.048372
686	6904	0	0	0	0	0	1.608952
687	6918	0	0	0	1	0	1.138716
688	6927	0	0	0	0	0	1.762884
689	6933	0	0	0	1	0	2.290425
690	6940	0	0	0	0	0	2.573858
691	6951	0	0	0	1	0	2.881850
692	6960	0	0	0	0	0	2.050830
693	6970	0	0	0	0	0	1.906950
694	6980	0	0	0	0	0	1.298216
695	6995	0	0	0	0	0	1.703209
696	7005	0	0	0	0	0	2.070683
697	7013	0	0	0	1	0	2.276107
698	7023	0	0	0	0	0	2.769968
699	7033	0	0	0	0	0	1.062691
700	7043	0	0	0	2	0	2.113938
701	7055	0	0	0	2	0	2.848897
702	7058	0	0	0	0	0	2.937410
703	7067	0	0	0	0	0	2.493440
704	7079	0	0	0	1	0	1.879333
705	7093	0	0	0	2	0	1.914659
706	7102	0	0	0	1	0	1.633334
707	7110	0	0	0	0	0	2.576823
708	7118	0	0	0	1	0	2.401525
709	7128	0	0	0	0	0	2.946173
710	7135	0	0	0	0	0	2.421122
711	7147	0	0	0	0	0	1.627030
712	7157	0	0	0	0	0	1.008458
713	7165	0	0	0	0	0	1.123092
714	7172	0	0	0	0	0	1.018188
715	7178	0	0	0	0	0	2.501028
716	7181	0	0	0	0	0	2.619982
717	7189	0	0	0	2	0	1.984003
718	7199	0	0	0	0	0	2.731806
719	7209	0	0	0	1	0	1.626275
720	7221	0	0	0	2	0	1.957835
721	7227	0	0	0	2	0	1.300344
722	7237	0	0	0	1	0	1.535652
723	7243	0	0	0	2	0	1.714590
724	7255	0	0	0	0	0	2.744107
725	7264	0	0	0	0	0	2.922420
726	7273	0	0	0	0	0	2.952738
727	7282	0	0	0	0	0	1.905744
728	7291	0	0	0	2	0	1.057544
729	7301	0	0	0	1	0	2.178107
730	7310	0	0	0	1	0	1.330124
731	7323	0	0	0	1	0	1.627532
732	7337	0	0	0	2	0	2.919230
733	7344	0	0	0	0	0	1.142626
734	7359	0	0	0	2	0	1.791160
735	7370	0	0	0	0	0	1.744166
736	7379	0	0	0	1	0	1.916302
737	7387	0	0	0	0	0	2.940902
738	7393	0	0	0	0	0	2.394788
739	7406	0	0	0	1	0	1.679487
740	7416	0	0	0	0	0	2.741171
741	7429	0	0	0	0	0	1.000962
742	7438	0	0	0	1	0	1.085889
743	7446	0	0	0	1	0	1.004412
744	7455	0	0	0	0	0	2.879622
745	7469	0	0	0	0	0	2.729707
746	7477	0	0	0	1	0	2.055695
747	7485	0	0	0	1	0	2.477568
748	7491	0	0	0	0	0	2.979329
749	7500	0	0	0	0	0	1.292782
750	7506	0	0	0	1	0	2.044203
751	7515	0	0	0	1	0	2.191426
752	7525	0	0	0	2	0	2.034795
753	7543	0	0	0	0	0	2.109962
754	7548	0	0	0	1	0	1.131517
755	7555	0	0	0	2	0	2.843567
756	7564	0	0	0	0	0	1.168532
757	7572	0	0	0	2	0	2.059150
758	7585	0	0	0	2	0	2.421165
759	7598	0	0	0	1	0	2.312121
760	7609	0	0	0	2	0	2.910126
761	7621	0	0	0	0	0	2.545303
762	7636	0	0	0	0	0	1.845186
763	7647	0	0	0	1	0	2.729003
764	7661	0	0	0	0	0	1.339380
765	7671	0	0	0	0	0	2.467478
766	7685	0	0	0	0	0	2.857462
767	7698	0	0	0	0	0	1.425635
768	7706	0	0	0	0	0	2.112897
769	7714	0	0	0	0	0	2.314038
770	7726	0	0	0	0	0	2.708544
771	7736	0	0	0	0	0	1.037586
772	7747	0	0	0	2	0	1.302126
773	7763	0	0	0	0	0	1.588052
774	7771	0	0	0	2	0	1.899778
775	7777	0	0	0	1	0	2.116925
776	7782	0	0	0	0	0	1.969199
777	7792	0	0	0	1	0	2.512297
778	7805	0	0	0	1	0	1.223786
779	7810	0	0	0	1	0	2.082995
780	7819	0	0	0	0	0	1.382707
781	7831	0	0	0	0	0	2.167123
782	7842	0	0	0	0	0	1.627670
783	7849	0	0	0	2	0	2.799144
784	7854	0	0	0	0	0	2.791505
785	7861	0	0	0	0	0	1.736270
786	7874	0	0	0	0	0	1.477007
787	7886	0	0	0	1	0	2.182247
788	7896	0	0	0	0	0	2.911140
789	7905	0	0	0	0	0	1.084850
790	7917	0	0	0	0	0	2.015499
791	7925	0	0	0	0	0	1.613213
792	7931	0	0	0	0	0	1.423294
793	7942	0	0	0	2	0	2.290930
794	7952	0	0	0	0	0	1.945121
795	7960	0	0	0	1	0	2.725250
796	7973	0	0	0	1	0	2.098792
797	7986	0	0	0	0	0	1.923211
798	7997	0	0	0	0	0	2.624141
799	8010	0	0	0	1	0	1.314480
800	8015	0	0	0	2	0	1.308265
801	8021	0	0	0	0	0	2.314040
802	8030	0	0	0	0	0	2.369391
803	8041	0	0	0	0	0	1.776443
804	8055	0	0	0	2	0	1.123249
805	8065	0	0	0	2	0	1.309587
806	8081	0	0	0	2	0	1.452382
807	8092	0	0	0	0	0	2.520833
808	8097	0	0	0	1	0	2.027236
809	8109	0	0	0	0	0	2.195380
810	8116	0	0	0	1	0	2.108257
811	8122	0	0	0	0	0	2.148576
812	8134	0	0	0	2	0	1.483460
813	8142	0	0	0	2	0	2.740578
814	8149	0	0	0	1	0	1.719075
815	8160	0	0	0	1	0	2.210455
816	8168	0	0	0	1	0	2.950989
817	8178	0	0	0	2	0	2.417684
818	8192	0	0	0	2	0	1.792788
819	8197	0	0	0	1	0	2.987439
820	8205	0	0	0	0	0	2.086489
821	8219	0	0	0	0	0	2.105436
822	8225	0	0	0	1	0	1.657492
823	8232	0	0	0	0	0	1.165953
824	8243	0	0	0	0	0	1.921748
825	8248	0	0	0	0	0	2.869998
826	8253	0	0	0	2	0	1.735952
827	8264	0	0	0	2	0	1.618404
828	8270	0	0	0	0	0	1.440562
829	8283	0	0	0	1	0	2.826569
830	8288	0	0	0	0	0	2.090905
831	8297	0	0	0	1	0	1.541834
832	8310	0	0	0	0	0	2.493396
833	8322	0	0	0	1	0	2.314982
834	8333	0	0	0	0	0	1.783036
835	8347	0	0	0	1	0	1.020807
836	8356	0	0	0	1	0	2.337882
837	8365	0	0	0	2	0	2.186643
838	8378	0	0	0	0	0	2.087922
839	8387	0	0	0	0	0	1.068956
840	8395	0	0	0	0	0	2.325125
841	8405	0	0	0	0	0	2.964685
842	8421	0	0	0	0	0	2.136215
843	8428	0	0	0	0	0	2.323172
844	8440	0	0	0	1	0	1.266136
845	8450	0	0	0	1	0	1.684182
846	8461	0	0	0	0	0	2.787764
847	8471	0	0	0	1	0	2.527872
848	8484	0	0	0	0	0	2.322191
849	8493	0	0	0	1	0	2.963508
850	8497	0	0	0	0	0	2.439262
851	8508	0	0	0	1	0	1.835942
852	8527	0	0	0	1	0	2.258983
853	8536	0	0	0	1	0	2.365878
854	8547	0	0	0	0	0	2.322579
855	8562	0	0	0	1	0	1.050836
856	8564	0	0	0	2	0	2.420646
857	8581	0	0	0	0	0	1.167962
858	8587	0	0	0	0	0	1.911187
859	8599	0	0	0	1	0	1.090883
860	8610	0	0	0	2	0	2.533620
861	8618	0	0	0	2	0	1.330302
862	8627	0	0	0	0	0	2.022763
863	8636	0	0	0	2	0	2.104398
864	8645	0	0	0	2	0	2.890190
865	8660	0	0	0	1	0	1.163175
866	8667	0	0	0	2	0	2.944158
867	8676	0	0	0	1	0	1.571023
868	8688	0	0	0	1	0	2.230412
869	8698	0	0	0	1	0	2.010246
870	8710	0	0	0	0	0	2.979482
871	8719	0	0	0	0	0	2.463244
872	8726	0	0	0	2	0	2.426217
873	8736	0	0	0	0	0	2.004616
874	8745	0	0	0	1	0	2.521614
875	8758	0	0	0	2	0	2.243346
876	8766	0	0	0	1	0	1.853994
877	8778	0	0	0	2	0	1.141322
878	8788	0	0	0	2	0	1.633202
879	8798	0	0	0	1	0	2.651826
880	8808	0	0	0	0	0	2.160701
881	8824	0	0	0	0	0	1.599090
882	8831	0	0	0	0	0	1.802936
883	8842	0	0	0	1	0	2.031221
884	8852	0	0	0	0	0	1.649823
885	8863	0	0	0	1	0	1.981322
886	8873	0	0	0	2	0	1.076553
887	8883	0	0	0	0	0	2.356162
888	8895	0	0	0	2	0	1.988112
889	8907	0	0	0	2	0	2.883590
890	8923	0	0	0	0	0	1.133478
891	8941	0	0	0	2	0	2.271398
892	8954	0	0	0	1	0	2.627651
893	8966	0	0	0	2	0	1.225001
894	8971	0	0	0	0	0	1.167846
895	8981	0	0	0	1	0	2.346376
896	8994	0	0	0	0	0	2.923767
897	8998	0	0	0	1	0	2.844176
898	9005	0	0	0	0	0	2.678626
899	9011	0	0	0	2	0	1.657530
900	9022	0	0	0	0	0	2.791134
901	9031	0	0	0	1	0	2.058920
902	9042	0	0	0	1	0	2.924132
903	9055	0	0	0	2	0	2.812986
904	9065	0	0	0	1	0	2.730098
905	9069	0	0	0	1	0	2.197084
906	9080	0	0	0	1	0	2.457288
907	9089	0	0	0	0	0	2.364706
908	9095	0	0	0	0	0	2.060659
909	9110	0	0	0	1	0	2.178351
910	9117	0	0	0	2	0	2.369607
911	9125	0	0	0	2	0	1.795127
912	9129	0	0	0	0	0	1.054003
913	9146	0	0	0	2	0	2.949171
914	9154	0	0	0	1	0	2.511851
915	9169	0	0	0	1	0	2.391867
916	9182	0	0	0	1	0	1.570540
917	9192	0	0	0	2	0	2.124425
918	9206	0	0	0	0	0	1.409682
919	9221	0	0	0	0	0	2.414425
920	9234	0	0	0	0	0	1.022244
921	9245	0	0	0	2	0	1.366615
922	9257	0	0	0	2	0	2.718937
923	9268	0	0	0	1	0	2.706861
924	9275	0	0	0	2	0	1.555388
925	9288	0	0	0	0	0	1.432362
926	9298	0	0	0	2	0	1.684161
927	9310	0	0	0	0	0	2.234551
928	9315	0	0	0	0	0	2.927708
929	9325	0	0	0	0	0	1.442259
930	9335	0	0	0	1	0	2.435734
931	9347	0	0	0	0	0	1.699268
932	9352	0	0	0	2	0	2.291780
933	9358	0	0	0	0	0	2.137403
934	9365	0	0	0	0	0	1.049122
935	9376	0	0	0	2	0	2.757036
936	9391	0	0	0	2	0	2.458230
937	9398	0	0	0	2	0	1.609989
938	9409	0	0	0	0	0	1.577022
939	9417	0	0	0	1	0	1.419986
940	9423	0	0	0	2	0	2.317232
941	9438	0	0	0	1	0	1.638367
942	9449	0	0	0	2	0	2.178519
943	9457	0	0	0	0	0	1.991691
944	9469	0	0	0	2	0	1.027053
945	9477	0	0	0	1	0	2.796457
946	9487	0	0	0	2	0	2.691768
947	9501	0	0	0	1	0	1.283529
948	9514	0	0	0	2	0	1.696162
949	9524	0	0	0	0	0	2.339350
950	9536	0	0	0	0	0	2.627519
951	9541	0	0	0	0	0	2.582913
952	9549	0	0	0	1	0	2.572147
953	9558	0	0	0	2	0	2.314157
954	9569	0	0	0	0	0	1.515805
955	9576	0	0	0	1	0	2.732479
956	9590	0	0	0	0	0	2.396541
957	9598	0	0	0	2	0	1.192152
958	9605	0	0	0	1	0	2.353862
959	9611	0	0	0	0	0	1.809379
960	9618	0	0	0	0	0	2.000963
961	9634	0	0	0	2	0	2.364348
962	9650	0	0	0	1	0	1.598802
963	9660	0	0	0	1	0	2.996105
964	9668	0	0	0	2	0	1.693659
965	9680	0	0	0	1	0	1.740586
966	9686	0	0	0	2	0	2.893923
967	9691	0	0	0	0	0	2.611898
968	9699	0	0	0	2	0	1.504503
969	9704	0	0	0	1	0	2.148757
970	9709	0	0	0	0	0	2.964648
971	9718	0	0	0	0	0	1.269406
972	9728	0	0	0	0	0	1.701399
973	9737	0	0	0	1	0	1.439146
974	9750	0	0	0	0	0	1.474337
975	9762	0	0	0	1	0	1.834026
976	9769	0	0	0	1	0	2.314669
977	9778	0	0	0	2	0	2.608035
978	9792	0	0	0	1	0	2.997651
979	9805	0	0	0	2	0	2.179681
980	9812	0	0	0	2	0	1.493473
981	9823	0	0	0	1	0	2.566547
982	9835	0	0	0	1	0	2.981817
983	9846	0	0	0	2	0	2.311428
984	9855	0	0	0	0	0	1.869538
985	9869	0	0	0	0	0	2.171951
986	9879	0	0	0	1	0	2.951148
987	9889	0	0	0	1	0	1.603668
988	9899	0	0	0	0	0	2.321665
989	9909	0	0	0	1	0	2.458999
990	9918	0	0	0	1	0	2.825049
991	9933	0	0	0	0	0	2.420779
992	9947	0	0	0	0	0	2.610536
993	9954	0	0	0	2	0	1.993124
994	9958	0	0	0	0	0	2.564647
995	9960	0	0	0	1	0	1.018764
996	9969	0	0	0	1	0	2.096061
997	9984	0	0	0	0	0	1.690462
998	9990	0	0	0	2	0	1.413863
999	10000	0	0	0	0	0	1.770769
