0	1	0	0	0	0	0	1.208192
1	8	0	0	0	1	0	2.015209
2	20	0	0	0	1	0	1.469738
3	30	0	0	0	2	0	2.095955
4	41	0	0	0	1	0	1.049641
5	47	0	0	0	2	0	2.295540
6	57	0	0	0	0	0	2.080624
7	67	0	0	0	1	0	2.927451
8	83	0	0	0	0	0	1.757163
9	95	0	0	0	1	0	2.122720
10	109	0	0	0	0	0	1.380006
11	113	0	0	0	1	0	2.722946
12	127	0	0	0	2	0	1.153882
13	138	0	0	0	2	0	2.015480
14	146	0	0	0	1	0	2.091667
15	153	0	0	0	1	0	1.132587
16	168	0	0	0	0	0	2.175075
17	179	0	0	0	1	0	2.288886
18	191	0	0	0	0	0	2.020271
19	199	0	0	0	1	0	1.035205
20	211	0	0	0	1	0	1.838782
21	220	0	0	0	1	0	2.594061
22	226	0	0	0	2	0	1.380626
23	232	0	0	0	0	0	2.549852
24	246	0	0	0	0	0	1.749326
25	256	0	0	0	1	0	2.792538
26	266	0	0	0	0	0	2.019030
27	281	0	0	0	0	0	1.506325
28	287	0	0	0	1	0	1.761674
29	297	0	0	0	0	0	1.339185
30	307	0	0	0	2	0	2.246415
31	318	0	0	0	2	0	2.691556
32	327	0	0	0	1	0	1.689818
33	334	0	0	0	2	0	1.710937
34	342	0	0	0	1	0	1.850870
35	353	0	0	0	0	0	2.159257
36	363	0	0	0	2	0	1.931638
37	373	0	0	0	2	0	2.248638
38	383	0	0	0	0	0	1.037707
39	389	0	0	0	2	0	1.056010
40	396	0	0	0	1	0	1.426266
41	406	0	0	0	1	0	2.528480
42	419	0	0	0	2	0	2.085598
43	425	0	0	0	1	0	2.251503
44	436	0	0	0	2	0	2.041674
45	447	0	0	0	2	0	2.547779
46	458	0	0	0	0	0	1.902405
47	464	0	0	0	1	0	1.280626
48	474	0	0	0	2	0	1.971328
49	484	0	0	0	0	0	2.994784
50	500	0	0	0	1	0	2.386198
51	505	0	0	0	1	0	2.984352
52	519	0	0	0	0	0	2.383307
53	528	0	0	0	2	0	2.963688
54	539	0	0	0	1	0	2.275349
55	547	0	0	0	2	0	1.067615
56	558	0	0	0	1	0	1.133024
57	567	0	0	0	0	0	1.490604
58	576	0	0	0	1	0	2.646683
59	585	0	0	0	2	0	1.362932
60	599	0	0	0	2	0	1.978538
61	612	0	0	0	1	0	1.739915
62	625	0	0	0	1	0	2.338620
63	633	0	0	0	0	0	2.464470
64	643	0	0	0	1	0	2.828402
65	653	0	0	0	2	0	2.281287
66	659	0	0	0	1	0	1.982381
67	670	0	0	0	1	0	2.863323
68	687	0	0	0	0	0	2.172750
69	696	0	0	0	2	0	1.948371
70	703	0	0	0	1	0	2.246194
71	717	0	0	0	0	0	1.492486
72	726	0	0	0	2	0	1.215726
73	737	0	0	0	1	0	2.501513
74	748	0	0	0	0	0	2.601349
75	756	0	0	0	0	0	2.556909
76	771	0	0	0	2	0	1.915972
77	781	0	0	0	1	0	1.580942
78	789	0	0	0	1	0	1.832446
79	798	0	0	0	0	0	1.641812
80	805	0	0	0	2	0	1.003824
81	815	0	0	0	1	0	1.304679
82	823	0	0	0	1	0	2.528730
83	832	0	0	0	1	0	2.059284
84	838	0	0	0	0	0	1.860029
85	845	0	0	0	0	0	1.206314
86	854	0	0	0	1	0	2.165754
87	866	0	0	0	0	0	2.871373
88	879	0	0	0	0	0	1.813775
89	886	0	0	0	0	0	2.639644
90	896	0	0	0	1	0	1.711911
91	905	0	0	0	2	0	2.009114
92	915	0	0	0	0	0	2.271170
93	928	0	0	0	0	0	1.836698
94	942	0	0	0	0	0	2.170169
95	959	0	0	0	1	0	1.099984
96	966	0	0	0	0	0	1.907430
97	979	0	0	0	1	0	1.574889
98	994	0	0	0	0	0	1.965685
99	1002	0	0	0	1	0	2.252566
100	1012	0	0	0	2	0	1.383905
101	1020	0	0	0	2	0	2.605894
102	1030	0	0	0	2	0	2.411021
103	1035	0	0	0	0	0	1.015010
104	1042	0	0	0	2	0	1.919376
105	1056	0	0	0	0	0	2.725467
106	1062	0	0	0	0	0	2.990193
107	1068	0	0	0	1	0	1.629526
108	1078	0	0	0	1	0	1.224407
109	1089	0	0	0	0	0	2.607283
110	1093	0	0	0	1	0	2.419966
111	1104	0	0	0	0	0	2.666279
112	1114	0	0	0	0	0	1.650901
113	1121	0	0	0	0	0	2.902564
114	1131	0	0	0	0	0	1.480551
115	1143	0	0	0	1	0	2.244891
116	1152	0	0	0	1	0	1.401898
117	1165	0	0	0	1	0	2.117326
118	1176	0	0	0	0	0	2.262547
119	1191	0	0	0	0	0	2.651337
120	1207	0	0	0	0	0	2.923339
121	1212	0	0	0	0	0	1.790465
122	1219	0	0	0	0	0	2.261829
123	1232	0	0	0	2	0	1.608601
124	1247	0	0	0	0	0	2.667480
125	1268	0	0	0	2	0	2.608633
126	1274	0	0	0	1	0	1.532045
127	1282	0	0	0	1	0	2.345146
128	1294	0	0	0	2	0	1.622824
129	1305	0	0	0	0	0	2.330765
130	1315	0	0	0	0	0	1.721535
131	1328	0	0	0	0	0	2.179039
132	1335	0	0	0	1	0	1.309171
133	1345	0	0	0	1	0	2.522951
134	1355	0	0	0	1	0	1.835390
135	1364	0	0	0	0	0	2.165863
136	1375	0	0	0	1	0	1.239838
137	1384	0	0	0	2	0	1.047508
138	1393	0	0	0	0	0	2.218399
139	1406	0	0	0	1	0	2.976919
140	1420	0	0	0	0	0	2.930351
141	1433	0	0	0	1	0	1.498661
142	1446	0	0	0	0	0	2.348127
143	1451	0	0	0	1	0	2.129650
144	1456	0	0	0	2	0	2.745794
145	1465	0	0	0	1	0	2.677110
146	1476	0	0	0	1	0	1.168490
147	1491	0	0	0	1	0	2.621831
148	1499	0	0	0	2	0	2.154459
149	1506	0	0	0	1	0	1.028921
150	1517	0	0	0	0	0	2.896554
151	1529	0	0	0	1	0	1.680698
152	1536	0	0	0	0	0	2.171816
153	1545	0	0	0	0	0	1.631740
154	1552	0	0	0	2	0	2.669070
155	1562	0	0	0	1	0	2.951285
156	1577	0	0	0	0	0	2.087019
157	1583	0	0	0	2	0	2.608317
158	1591	0	0	0	0	0	1.860325
159	1607	0	0	0	2	0	2.465867
160	1615	0	0	0	0	0	1.755709
161	1625	0	0	0	2	0	2.451385
162	1634	0	0	0	2	0	1.731936
163	1640	0	0	0	1	0	1.906530
164	1652	0	0	0	0	0	2.498120
165	1661	0	0	0	0	0	2.342095
166	1679	0	0	0	2	0	2.604316
167	1687	0	0	0	0	0	1.524623
168	1690	0	0	0	1	0	1.150523
169	1697	0	0	0	0	0	2.700416
170	1704	0	0	0	1	0	2.151219
171	1716	0	0	0	0	0	1.433285
172	1727	0	0	0	2	0	1.045275
173	1735	0	0	0	2	0	2.335315
174	1745	0	0	0	0	0	2.433055
175	1749	0	0	0	2	0	1.084289
176	1756	0	0	0	0	0	1.966127
177	1761	0	0	0	1	0	1.247058
178	1770	0	0	0	2	0	2.548914
179	1778	0	0	0	2	0	1.026153
180	1783	0	0	0	0	0	2.707697
181	1794	0	0	0	0	0	1.490100
182	1810	0	0	0	2	0	2.054059
183	1822	0	0	0	0	0	1.571391
184	1830	0	0	0	0	0	2.673835
185	1836	0	0	0	2	0	1.030462
186	1849	0	0	0	0	0	2.592557
187	1866	0	0	0	0	0	2.447138
188	1884	0	0	0	0	0	2.202523
189	1895	0	0	0	0	0	2.719039
190	1904	0	0	0	1	0	1.462551
191	1915	0	0	0	0	0	1.188769
192	1930	0	0	0	1	0	1.349078
193	1935	0	0	0	0	0	2.675414
194	1945	0	0	0	2	0	2.074307
195	1956	0	0	0	0	0	1.043878
196	1965	0	0	0	1	0	2.926221
197	1975	0	0	0	0	0	1.325652
198	1981	0	0	0	0	0	2.766795
199	1988	0	0	0	1	0	1.400173
200	2002	0	0	0	2	0	2.926202
201	2016	0	0	0	2	0	2.496101
202	2027	0	0	0	2	0	2.543155
203	2034	0	0	0	0	0	1.112640
204	2039	0	0	0	2	0	1.539871
205	2049	0	0	0	2	0	1.257903
206	2056	0	0	0	0	0	2.351026
207	2069	0	0	0	2	0	1.785365
208	2080	0	0	0	2	0	1.807980
209	2093	0	0	0	1	0	1.967785
210	2109	0	0	0	0	0	2.290932
211	2117	0	0	0	1	0	2.485120
212	2125	0	0	0	0	0	1.040447
213	2135	0	0	0	0	0	1.010973
214	2146	0	0	0	0	0	2.968089
215	2154	0	0	0	1	0	2.585629
216	2165	0	0	0	0	0	1.894056
217	2174	0	0	0	1	0	2.485926
218	2184	0	0	0	1	0	1.808378
219	2196	0	0	0	1	0	1.063934
220	2203	0	0	0	2	0	1.971633
221	2217	0	0	0	1	0	2.994026
222	2231	0	0	0	2	0	2.319882
223	2236	0	0	0	2	0	2.298279
224	2241	0	0	0	1	0	2.604630
225	2252	0	0	0	2	0	2.313243
226	2263	0	0	0	2	0	1.467996
227	2270	0	0	0	1	0	1.995110
228	2282	0	0	0	1	0	2.220237
229	2291	0	0	0	0	0	1.910171
230	2298	0	0	0	2	0	1.465086
231	2308	0	0	0	0	0	2.811182
232	2317	0	0	0	0	0	1.444561
233	2327	0	0	0	0	0	2.908378
234	2340	0	0	0	2	0	1.315273
235	2347	0	0	0	0	0	1.205117
236	2364	0	0	0	2	0	2.835813
237	2372	0	0	0	0	0	1.558387
238	2381	0	0	0	1	0	2.158205
239	2389	0	0	0	2	0	1.443246
240	2399	0	0	0	0	0	2.381296
241	2413	0	0	0	1	0	2.263287
242	2422	0	0	0	0	0	2.574339
243	2432	0	0	0	0	0	1.354899
244	2443	0	0	0	0	0	2.615941
245	2450	0	0	0	2	0	2.325552
246	2466	0	0	0	0	0	2.069363
247	2474	0	0	0	2	0	2.741428
248	2482	0	0	0	0	0	1.827674
249	2496	0	0	0	0	0	2.136479
250	2505	0	0	0	2	0	1.731777
251	2512	0	0	0	1	0	1.585200
252	2521	0	0	0	2	0	1.690776
253	2530	0	0	0	0	0	1.368387
254	2546	0	0	0	1	0	1.916311
255	2554	0	0	0	2	0	2.939178
256	2562	0	0	0	0	0	1.750230
257	2569	0	0	0	1	0	2.817463
258	2577	0	0	0	1	0	1.135989
259	2587	0	0	0	0	0	1.926043
260	2598	0	0	0	1	0	2.097798
261	2605	0	0	0	0	0	2.116340
262	2616	0	0	0	1	0	1.792850
263	2628	0	0	0	1	0	1.571889
264	2635	0	0	0	2	0	1.361835
265	2649	0	0	0	0	0	1.477961
266	2658	0	0	0	0	0	2.125383
267	2667	0	0	0	0	0	1.139914
268	2677	0	0	0	2	0	1.079942
269	2688	0	0	0	0	0	1.103671
270	2701	0	0	0	2	0	1.654347
271	2710	0	0	0	1	0	2.113266
272	2717	0	0	0	0	0	1.743716
273	2734	0	0	0	0	0	2.120035
274	2745	0	0	0	1	0	1.597122
275	2759	0	0	0	1	0	1.790919
276	2776	0	0	0	1	0	2.026978
277	2782	0	0	0	1	0	1.374660
278	2793	0	0	0	2	0	1.575395
279	2802	0	0	0	0	0	1.456856
280	2816	0	0	0	0	0	2.155522
281	2823	0	0	0	1	0	2.403168
282	2837	0	0	0	0	0	2.784997
283	2849	0	0	0	0	0	1.991783
284	2861	0	0	0	1	0	2.391915
285	2865	0	0	0	0	0	2.901702
286	2875	0	0	0	1	0	1.460324
287	2885	0	0	0	2	0	2.818009
288	2894	0	0	0	1	0	2.792221
289	2904	0	0	0	0	0	1.518947
290	2916	0	0	0	2	0	1.924232
291	2930	0	0	0	0	0	1.105874
292	2940	0	0	0	0	0	2.180213
293	2946	0	0	0	1	0	1.940097
294	2957	0	0	0	0	0	2.957417
295	2967	0	0	0	0	0	1.594007
296	2974	0	0	0	2	0	2.327828
297	2986	0	0	0	2	0	2.284263
298	3000	0	0	0	0	0	1.603225
299	3012	0	0	0	1	0	2.364657
300	3026	0	0	0	1	0	2.672230
301	3037	0	0	0	0	0	1.180291
302	3048	0	0	0	1	0	1.002106
303	3060	0	0	0	1	0	2.881392
304	3074	0	0	0	1	0	1.938182
305	3085	0	0	0	2	0	2.769600
306	3096	0	0	0	0	0	2.166563
307	3109	0	0	0	0	0	1.156049
308	3119	0	0	0	0	0	2.112719
309	3127	0	0	0	2	0	1.611969
310	3141	0	0	0	0	0	2.110653
311	3148	0	0	0	1	0	2.764293
312	3163	0	0	0	1	0	2.976059
313	3177	0	0	0	0	0	2.530946
314	3188	0	0	0	0	0	2.420738
315	3202	0	0	0	0	0	2.037350
316	3214	0	0	0	0	0	1.282484
317	3220	0	0	0	1	0	2.616464
318	3227	0	0	0	2	0	1.857299
319	3238	0	0	0	1	0	2.797210
320	3246	0	0	0	1	0	1.955145
321	3255	0	0	0	0	0	2.255335
322	3262	0	0	0	0	0	1.803654
323	3273	0	0	0	1	0	1.780316
324	3285	0	0	0	2	0	1.125417
325	3294	0	0	0	0	0	1.796375
326	3308	0	0	0	0	0	2.387197
327	3322	0	0	0	0	0	2.225712
328	3332	0	0	0	2	0	2.596181
329	3349	0	0	0	2	0	2.101831
330	3354	0	0	0	2	0	2.107317
331	3365	0	0	0	1	0	2.284871
332	3378	0	0	0	0	0	2.814783
333	3385	0	0	0	0	0	1.699159
334	3391	0	0	0	2	0	2.819392
335	3400	0	0	0	2	0	1.113664
336	3411	0	0	0	2	0	2.351575
337	3428	0	0	0	0	0	1.699686
338	3438	0	0	0	1	0	1.314048
339	3451	0	0	0	2	0	2.307380
340	3452	0	0	0	2	0	1.291650
341	3461	0	0	0	2	0	1.377511
342	3470	0	0	0	0	0	2.329256
343	3474	0	0	0	2	0	2.122945
344	3486	0	0	0	1	0	2.289523
345	3495	0	0	0	0	0	2.249728
346	3502	0	0	0	2	0	1.040910
347	3516	0	0	0	2	0	2.945553
348	3522	0	0	0	1	0	1.580120
349	3529	0	0	0	1	0	1.801912
350	3536	0	0	0	2	0	1.408137
351	3547	0	0	0	2	0	1.353942
352	3562	0	0	0	1	0	2.894661
353	3580	0	0	0	0	0	2.833947
354	3585	0	0	0	0	0	1.952117
355	3599	0	0	0	0	0	2.374589
356	3614	0	0	0	1	0	2.897736
357	3624	0	0	0	1	0	2.908756
358	3638	0	0	0	2	0	1.633362
359	3649	0	0	0	0	0	2.667735
360	3657	0	0	0	0	0	1.113705
361	3665	0	0	0	0	0	2.078589
362	3675	0	0	0	2	0	2.847259
363	3687	0	0	0	2	0	1.234497
364	3696	0	0	0	1	0	1.939463
365	3705	0	0	0	0	0	2.781548
366	3715	0	0	0	0	0	1.874416
367	3727	0	0	0	2	0	2.569642
368	3739	0	0	0	2	0	1.566913
369	3745	0	0	0	2	0	1.180276
370	3754	0	0	0	0	0	2.717111
371	3766	0	0	0	2	0	2.469069
372	3772	0	0	0	1	0	2.813660
373	3783	0	0	0	0	0	1.080141
374	3793	0	0	0	1	0	2.391457
375	3801	0	0	0	1	0	2.037130
376	3806	0	0	0	2	0	1.266890
377	3815	0	0	0	1	0	2.121647
378	3819	0	0	0	2	0	2.546953
379	3826	0	0	0	2	0	1.122929
380	3838	0	0	0	0	0	2.651487
381	3850	0	0	0	2	0	1.540764
382	3862	0	0	0	0	0	2.144702
383	3871	0	0	0	2	0	2.357961
384	3885	0	0	0	2	0	2.014490
385	3895	0	0	0	0	0	2.066406
386	3912	0	0	0	1	0	1.888296
387	3920	0	0	0	1	0	1.377897
388	3935	0	0	0	0	0	2.443966
389	3949	0	0	0	0	0	1.719863
390	3961	0	0	0	0	0	2.873324
391	3975	0	0	0	1	0	2.018054
392	3990	0	0	0	0	0	2.232641
393	4002	0	0	0	2	0	1.364345
394	4014	0	0	0	1	0	1.647664
395	4027	0	0	0	2	0	2.022059
396	4041	0	0	0	0	0	2.269080
397	4052	0	0	0	0	0	1.263141
398	4067	0	0	0	1	0	2.573884
399	4079	0	0	0	0	0	2.768222
400	4089	0	0	0	2	0	2.026430
401	4099	0	0	0	0	0	2.065621
402	4110	0	0	0	1	0	2.354862
403	4119	0	0	0	2	0	2.707815
404	4132	0	0	0	2	0	1.204620
405	4143	0	0	0	0	0	1.236733
406	4155	0	0	0	1	0	1.841286
407	4160	0	0	0	2	0	1.285168
408	4167	0	0	0	0	0	2.690026
409	4180	0	0	0	1	0	1.602812
410	4186	0	0	0	0	0	2.146457
411	4195	0	0	0	2	0	1.972445
412	4203	0	0	0	0	0	1.621542
413	4218	0	0	0	0	0	2.238449
414	4227	0	0	0	2	0	1.181126
415	4232	0	0	0	1	0	1.464064
416	4241	0	0	0	0	0	2.153670
417	4258	0	0	0	1	0	2.138238
418	4271	0	0	0	0	0	1.795666
419	4277	0	0	0	0	0	2.569921
420	4286	0	0	0	2	0	1.180864
421	4299	0	0	0	0	0	1.501820
422	4308	0	0	0	0	0	2.550843
423	4325	0	0	0	1	0	1.560575
424	4338	0	0	0	0	0	2.895360
425	4351	0	0	0	1	0	1.202862
426	4363	0	0	0	0	0	1.505141
427	4378	0	0	0	0	0	1.071277
428	4385	0	0	0	2	0	2.164410
429	4391	0	0	0	0	0	2.358423
430	4409	0	0	0	2	0	1.421540
431	4416	0	0	0	1	0	2.380189
432	4426	0	0	0	1	0	2.299992
433	4432	0	0	0	0	0	2.535811
434	4440	0	0	0	2	0	2.795461
435	4448	0	0	0	1	0	1.283561
436	4457	0	0	0	0	0	2.236844
437	4464	0	0	0	1	0	2.496598
438	4479	0	0	0	0	0	2.347988
439	4484	0	0	0	1	0	1.481041
440	4495	0	0	0	0	0	2.498569
441	4504	0	0	0	0	0	2.547028
442	4510	0	0	0	1	0	2.598864
443	4517	0	0	0	0	0	1.275619
444	4527	0	0	0	2	0	1.815741
445	4532	0	0	0	0	0	2.400357
446	4542	0	0	0	1	0	1.493530
447	4548	0	0	0	0	0	2.248930
448	4557	0	0	0	0	0	1.804795
449	4562	0	0	0	0	0	2.956791
450	4571	0	0	0	1	0	1.274839
451	4580	0	0	0	2	0	2.939803
452	4589	0	0	0	1	0	2.453502
453	4596	0	0	0	1	0	1.366781
454	4607	0	0	0	0	0	2.240214
455	4618	0	0	0	2	0	2.969160
456	4628	0	0	0	1	0	1.756483
457	4641	0	0	0	0	0	1.107322
458	4652	0	0	0	1	0	1.092955
459	4665	0	0	0	0	0	2.877791
460	4672	0	0	0	1	0	1.820254
461	4682	0	0	0	2	0	2.341884
462	4694	0	0	0	2	0	1.822868
463	4702	0	0	0	2	0	1.563201
464	4709	0	0	0	1	0	1.098692
465	4718	0	0	0	1	0	2.224801
466	4730	0	0	0	1	0	1.225091
467	4738	0	0	0	1	0	1.336405
468	4748	0	0	0	1	0	2.055341
469	4763	0	0	0	2	0	2.729886
470	4775	0	0	0	0	0	1.841082
471	4786	0	0	0	2	0	2.887497
472	4799	0	0	0	2	0	1.416159
473	4807	0	0	0	2	0	1.025931
474	4810	0	0	0	1	0	1.992433
475	4814	0	0	0	1	0	1.131406
476	4821	0	0	0	0	0	1.843206
477	4838	0	0	0	1	0	2.621365
478	4849	0	0	0	0	0	2.714812
479	4856	0	0	0	1	0	2.928343
480	4861	0	0	0	1	0	1.218750
481	4871	0	0	0	1	0	1.860872
482	4884	0	0	0	2	0	2.794511
483	4897	0	0	0	1	0	1.473170
484	4907	0	0	0	2	0	2.263630
485	4913	0	0	0	1	0	2.406105
486	4921	0	0	0	1	0	1.869755
487	4931	0	0	0	1	0	1.411063
488	4938	0	0	0	2	0	1.137350
489	4946	0	0	0	2	0	1.141573
490	4955	0	0	0	0	0	1.301521
491	4960	0	0	0	2	0	2.437450
492	4968	0	0	0	0	0	1.891242
493	4988	0	0	0	1	0	2.485767
494	4998	0	0	0	0	0	2.784225
495	5004	0	0	0	0	0	2.885307
496	5016	0	0	0	2	0	2.013816
497	5030	0	0	0	0	0	2.394842
498	5040	0	0	0	0	0	2.364790
499	5047	0	0	0	1	0	2.979002
500	5056	0	0	0	2	0	1.967362
501	5066	0	0	0	2	0	2.170955
502	5074	0	0	0	0	0	1.477277
503	5088	0	0	0	0	0	2.302487
504	5101	0	0	0	0	0	2.672516
505	5110	0	0	0	1	0	1.579799
506	5117	0	0	0	0	0	1.155740
507	5127	0	0	0	1	0	2.243545
508	5136	0	0	0	1	0	2.464580
509	5149	0	0	0	0	0	1.533656
510	5162	0	0	0	1	0	1.379116
511	5170	0	0	0	1	0	2.219711
512	5179	0	0	0	0	0	2.916312
513	5189	0	0	0	2	0	1.263430
514	5202	0	0	0	0	0	1.734235
515	5212	0	0	0	0	0	1.592358
516	5223	0	0	0	0	0	2.243903
517	5230	0	0	0	0	0	2.558627
518	5238	0	0	0	0	0	2.947591
519	5249	0	0	0	1	0	1.548147
520	5263	0	0	0	2	0	2.501866
521	5272	0	0	0	1	0	2.110271
522	5278	0	0	0	1	0	1.810811
523	5291	0	0	0	1	0	2.494727
524	5303	0	0	0	0	0	1.647788
525	5315	0	0	0	1	0	1.054218
526	5327	0	0	0	1	0	2.599323
527	5335	0	0	0	0	0	1.296920
528	5344	0	0	0	1	0	2.541852
529	5353	0	0	0	2	0	1.698907
530	5359	0	0	0	1	0	2.747088
531	5367	0	0	0	0	0	2.653757
532	5378	0	0	0	2	0	2.589870
533	5384	0	0	0	2	0	1.032702
534	5397	0	0	0	2	0	1.284741
535	5410	0	0	0	2	0	1.018503
536	5424	0	0	0	1	0	2.813787
537	5438	0	0	0	2	0	2.826333
538	5445	0	0	0	2	0	2.299685
539	5458	0	0	0	2	0	2.698424
540	5463	0	0	0	1	0	2.556205
541	5474	0	0	0	2	0	2.252144
542	5487	0	0	0	0	0	1.005951
543	5494	0	0	0	1	0	2.733938
544	5503	0	0	0	0	0	1.699535
545	5516	0	0	0	2	0	2.636977
546	5525	0	0	0	0	0	2.138620
547	5538	0	0	0	1	0	1.448370
548	5543	0	0	0	2	0	2.124852
549	5556	0	0	0	1	0	2.115659
550	5569	0	0	0	0	0	1.968936
551	5576	0	0	0	1	0	1.186550
552	5587	0	0	0	1	0	2.878772
553	5605	0	0	0	0	0	1.856413
554	5615	0	0	0	1	0	1.614200
555	5622	0	0	0	0	0	2.799921
556	5632	0	0	0	0	0	1.467794
557	5643	0	0	0	0	0	1.217142
558	5658	0	0	0	0	0	2.344885
559	5669	0	0	0	0	0	2.392875
560	5676	0	0	0	1	0	2.060019
561	5685	0	0	0	1	0	1.093406
562	5692	0	0	0	2	0	1.146793
563	5704	0	0	0	2	0	1.810049
564	5711	0	0	0	0	0	1.115878
565	5722	0	0	0	0	0	1.349018
566	5730	0	0	0	2	0	2.527973
567	5742	0	0	0	0	0	2.466529
568	5752	0	0	0	2	0	2.991020
569	5760	0	0	0	2	0	1.401131
570	5772	0	0	0	2	0	1.395286
571	5782	0	0	0	1	0	2.529689
572	5792	0	0	0	2	0	2.056486
573	5803	0	0	0	2	0	1.981626
574	5810	0	0	0	1	0	2.039048
575	5817	0	0	0	1	0	2.928288
576	5831	0	0	0	1	0	2.286322
577	5843	0	0	0	1	0	1.251770
578	5849	0	0	0	0	0	2.273002
579	5862	0	0	0	0	0	2.474870
580	5872	0	0	0	1	0	2.973034
581	5877	0	0	0	1	0	2.736428
582	5884	0	0	0	2	0	1.951603
583	5889	0	0	0	1	0	2.497330
584	5899	0	0	0	1	0	1.230023
585	5904	0	0	0	0	0	2.763882
586	5919	0	0	0	1	0	2.898827
587	5928	0	0	0	0	0	2.102653
588	5943	0	0	0	1	0	2.592502
589	5953	0	0	0	2	0	1.713257
590	5961	0	0	0	0	0	2.857794
591	5968	0	0	0	1	0	1.086131
592	5980	0	0	0	0	0	2.491675
593	5993	0	0	0	0	0	1.221218
594	6000	0	0	0	0	0	2.084809
595	6006	0	0	0	2	0	1.198326
596	6026	0	0	0	1	0	2.910788
597	6035	0	0	0	0	0	2.750166
598	6046	0	0	0	2	0	2.182991
599	6056	0	0	0	1	0	1.200282
600	6069	0	0	0	1	0	2.203171
601	6076	0	0	0	1	0	1.586943
602	6090	0	0	0	0	0	2.881289
603	6103	0	0	0	1	0	1.142693
604	6115	0	0	0	1	0	1.352781
605	6128	0	0	0	1	0	2.550604
606	6137	0	0	0	0	0	2.664447
607	6153	0	0	0	0	0	2.980634
608	6158	0	0	0	2	0	1.750934
609	6170	0	0	0	1	0	2.248348
610	6178	0	0	0	0	0	1.947747
611	6190	0	0	0	1	0	2.822165
612	6203	0	0	0	1	0	2.608028
613	6211	0	0	0	2	0	2.256941
614	6222	0	0	0	1	0	1.266233
615	6231	0	0	0	1	0	1.865927
616	6238	0	0	0	2	0	1.819906
617	6247	0	0	0	2	0	1.026997
618	6258	0	0	0	0	0	2.589854
619	6267	0	0	0	2	0	2.100978
620	6271	0	0	0	0	0	2.273625
621	6281	0	0	0	1	0	2.965590
622	6290	0	0	0	1	0	2.263003
623	6297	0	0	0	2	0	1.657540
624	6307	0	0	0	2	0	1.370419
625	6321	0	0	0	0	0	2.486448
626	6338	0	0	0	1	0	1.203954
627	6351	0	0	0	2	0	1.433726
628	6360	0	0	0	0	0	2.925927
629	6368	0	0	0	1	0	2.863551
630	6380	0	0	0	2	0	1.446877
631	6390	0	0	0	0	0	1.879078
632	6399	0	0	0	2	0	2.747096
633	6416	0	0	0	1	0	1.932220
634	6426	0	0	0	0	0	1.577143
635	6437	0	0	0	1	0	2.034646
636	6447	0	0	0	0	0	2.855333
637	6460	0	0	0	2	0	1.703650
638	6475	0	0	0	0	0	2.560232
639	6482	0	0	0	0	0	2.176012
640	6492	0	0	0	0	0	1.799339
641	6512	0	0	0	0	0	2.377959
642	6521	0	0	0	2	0	1.734037
643	6532	0	0	0	1	0	1.475601
644	6541	0	0	0	1	0	2.859593
645	6552	0	0	0	1	0	2.152246
646	6565	0	0	0	2	0	2.219485
647	6573	0	0	0	1	0	1.881218
648	6585	0	0	0	2	0	1.164442
649	6596	0	0	0	0	0	1.659011
650	6610	0	0	0	0	0	2.465903
651	6619	0	0	0	2	0	2.858742
652	6629	0	0	0	1	0	2.803119
653	6643	0	0	0	0	0	1.562036
654	6653	0	0	0	1	0	1.793034
655	6665	0	0	0	0	0	1.866531
656	6672	0	0	0	1	0	1.268975
657	6679	0	0	0	2	0	2.204322
658	6687	0	0	0	1	0	1.106296
659	6693	0	0	0	0	0	1.900825
660	6698	0	0	0	1	0	2.451459
661	6708	0	0	0	0	0	1.205077
662	6719	0	0	0	2	0	1.040757
663	6726	0	0	0	0	0	1.705594
664	6736	0	0	0	1	0	2.131810
665	6751	0	0	0	2	0	2.896547
666	6760	0	0	0	2	0	1.034452
667	6767	0	0	0	2	0	2.400857
668	6775	0	0	0	2	0	1.699413
669	6784	0	0	0	1	0	2.490351
670	6795	0	0	0	1	0	1.949683
671	6803	0	0	0	1	0	2.876749
672	6817	0	0	0	2	0	2.649507
673	6823	0	0	0	2	0	2.001994
674	6833	0	0	0	1	0	1.409811
675	6843	0	0	0	0	0	2.732552
676	6853	0	0	0	1	0	1.122463
677	6865	0	0	0	0	0	1.799028
678	6876	0	0	0	0	0	1.643465
679	6882	0	0	0	2	0	2.820216
680	6893	0	0	0	0	0	1.988291
681	6899	0	0	0	1	0	2.613593
682	6903	0	0	0	0	0	2.554864
683	6912	0	0	0	0	0	1.615223
684	6920	0	0	0	0	0	2.356707
685	6930	0	0	0	2	0	1.572349
686	6940	0	0	0	0	0	2.128680
687	6948	0	0	0	1	0	2.294676
688	6963	0	0	0	2	0	1.274658
689	6969	0	0	0	2	0	1.174922
690	6976	0	0	0	1	0	2.896292
691	6986	0	0	0	1	0	1.890228
692	7001	0	0	0	0	0	2.361807
693	7014	0	0	0	0	0	2.351785
694	7026	0	0	0	2	0	2.565757
695	7037	0	0	0	0	0	2.135533
696	7045	0	0	0	0	0	2.957658
697	7056	0	0	0	0	0	1.066586
698	7063	0	0	0	2	0	1.863172
699	7074	0	0	0	1	0	2.046830
700	7080	0	0	0	1	0	1.107910
701	7091	0	0	0	0	0	1.996096
702	7103	0	0	0	0	0	2.588136
703	7112	0	0	0	0	0	2.533538
704	7121	0	0	0	0	0	2.834294
705	7133	0	0	0	2	0	1.900216
706	7142	0	0	0	0	0	1.463855
707	7150	0	0	0	0	0	1.647676
708	7155	0	0	0	2	0	1.250706
709	7167	0	0	0	2	0	2.916409
710	7179	0	0	0	0	0	2.465001
711	7189	0	0	0	0	0	2.884773
712	7203	0	0	0	1	0	1.789317
713	7210	0	0	0	1	0	2.733498
714	7214	0	0	0	1	0	2.332537
715	7224	0	0	0	1	0	1.943142
716	7227	0	0	0	0	0	2.137662
717	7238	0	0	0	1	0	2.044777
718	7254	0	0	0	1	0	2.959163
719	7264	0	0	0	0	0	1.155479
720	7274	0	0	0	0	0	2.808646
721	7283	0	0	0	0	0	1.814957
722	7287	0	0	0	2	0	1.064641
723	7299	0	0	0	1	0	1.919503
724	7305	0	0	0	0	0	1.731331
725	7317	0	0	0	1	0	2.065880
726	7333	0	0	0	1	0	2.058684
727	7343	0	0	0	1	0	1.667401
728	7348	0	0	0	2	0	2.958616
729	7361	0	0	0	1	0	2.795503
730	7365	0	0	0	1	0	2.224891
731	7372	0	0	0	2	0	1.354691
732	7381	0	0	0	0	0	1.180998
733	7394	0	0	0	0	0	1.291949
734	7405	0	0	0	1	0	1.221082
735	7416	0	0	0	0	0	2.802690
736	7422	0	0	0	0	0	2.936989
737	7433	0	0	0	0	0	2.087834
738	7447	0	0	0	2	0	2.902901
739	7459	0	0	0	2	0	1.632896
740	7470	0	0	0	0	0	2.194228
741	7480	0	0	0	2	0	2.051897
742	7496	0	0	0	1	0	1.090677
743	7510	0	0	0	0	0	2.099884
744	7521	0	0	0	1	0	2.813016
745	7531	0	0	0	1	0	2.562611
746	7538	0	0	0	2	0	2.291809
747	7547	0	0	0	2	0	1.138275
748	7561	0	0	0	0	0	2.146783
749	7569	0	0	0	2	0	1.276496
750	7579	0	0	0	1	0	2.682895
751	7591	0	0	0	2	0	2.174623
752	7604	0	0	0	0	0	2.566639
753	7615	0	0	0	2	0	1.923583
754	7620	0	0	0	0	0	1.164958
755	7631	0	0	0	1	0	1.022096
756	7639	0	0	0	1	0	2.560876
757	7651	0	0	0	0	0	2.839983
758	7660	0	0	0	2	0	2.526816
759	7672	0	0	0	1	0	1.579992
760	7683	0	0	0	0	0	1.795015
761	7694	0	0	0	2	0	2.396775
762	7702	0	0	0	0	0	1.739964
763	7709	0	0	0	0	0	2.005580
764	7718	0	0	0	2	0	1.485573
765	7727	0	0	0	1	0	2.401023
766	7738	0	0	0	0	0	2.554622
767	7746	0	0	0	0	0	1.883359
768	7755	0	0	0	1	0	1.475067
769	7764	0	0	0	1	0	1.232649
770	7772	0	0	0	0	0	1.788999
771	7783	0	0	0	2	0	2.338347
772	7788	0	0	0	2	0	1.932590
773	7793	0	0	0	2	0	2.662404
774	7802	0	0	0	0	0	1.627672
775	7808	0	0	0	2	0	2.641412
776	7823	0	0	0	1	0	1.266233
777	7829	0	0	0	0	0	2.793944
778	7843	0	0	0	1	0	1.362821
779	7853	0	0	0	2	0	2.119646
780	7862	0	0	0	0	0	1.340916
781	7874	0	0	0	1	0	2.709524
782	7884	0	0	0	1	0	1.400094
783	7891	0	0	0	1	0	2.979265
784	7899	0	0	0	0	0	2.370619
785	7906	0	0	0	2	0	1.739115
786	7913	0	0	0	0	0	1.106849
787	7926	0	0	0	0	0	2.034696
788	7933	0	0	0	0	0	2.362641
789	7938	0	0	0	2	0	1.617498
790	7944	0	0	0	2	0	2.379259
791	7953	0	0	0	0	0	1.442939
792	7972	0	0	0	2	0	2.205313
793	7979	0	0	0	1	0	1.406345
794	7985	0	0	0	1	0	2.051616
795	7993	0	0	0	1	0	2.626698
796	8005	0	0	0	0	0	2.532615
797	8015	0	0	0	0	0	1.323989
798	8023	0	0	0	1	0	1.884179
799	8029	0	0	0	0	0	2.688252
800	8039	0	0	0	1	0	1.968858
801	8049	0	0	0	0	0	2.514994
802	8052	0	0	0	1	0	1.665009
803	8060	0	0	0	0	0	2.351493
804	8072	0	0	0	0	0	2.236848
805	8079	0	0	0	0	0	1.948747
806	8087	0	0	0	1	0	1.128602
807	8092	0	0	0	0	0	2.042645
808	8102	0	0	0	2	0	2.484821
809	8111	0	0	0	0	0	2.817952
810	8117	0	0	0	0	0	2.161683
811	8126	0	0	0	0	0	2.856930
812	8133	0	0	0	0	0	2.613217
813	8140	0	0	0	2	0	1.830637
814	8149	0	0	0	0	0	2.488457
815	8161	0	0	0	1	0	1.957294
816	8168	0	0	0	1	0	2.976264
817	8181	0	0	0	1	0	1.652216
818	8197	0	0	0	0	0	1.019845
819	8210	0	0	0	0	0	2.441793
820	8224	0	0	0	1	0	2.535558
821	8230	0	0	0	2	0	2.680398
822	8241	0	0	0	0	0	1.319253
823	8253	0	0	0	0	0	1.657435
824	8265	0	0	0	2	0	2.101289
825	8277	0	0	0	1	0	1.702430
826	8287	0	0	0	2	0	2.087557
827	8302	0	0	0	0	0	2.789283
828	8313	0	0	0	0	0	2.131599
829	8322	0	0	0	1	0	2.998683
830	8332	0	0	0	1	0	1.078787
831	8342	0	0	0	1	0	1.340769
832	8351	0	0	0	1	0	1.299625
833	8360	0	0	0	2	0	1.620362
834	8374	0	0	0	0	0	1.654474
835	8388	0	0	0	0	0	2.638809
836	8399	0	0	0	1	0	1.522112
837	8408	0	0	0	2	0	2.432986
838	8420	0	0	0	1	0	2.414076
839	8427	0	0	0	2	0	2.950203
840	8433	0	0	0	2	0	1.859319
841	8439	0	0	0	0	0	2.303107
842	8446	0	0	0	0	0	2.138497
843	8457	0	0	0	2	0	2.978705
844	8472	0	0	0	1	0	1.654368
845	8478	0	0	0	0	0	1.653944
846	8486	0	0	0	0	0	1.934727
847	8494	0	0	0	1	0	2.472980
848	8507	0	0	0	0	0	1.920919
849	8516	0	0	0	0	0	2.298390
850	8521	0	0	0	1	0	1.047185
851	8529	0	0	0	0	0	1.702861
852	8541	0	0	0	0	0	1.945817
853	8552	0	0	0	2	0	2.095305
854	8565	0	0	0	1	0	2.808762
855	8576	0	0	0	2	0	1.187474
856	8585	0	0	0	1	0	1.933874
857	8597	0	0	0	1	0	2.135516
858	8607	0	0	0	0	0	1.581686
859	8613	0	0	0	1	0	1.403980
860	8620	0	0	0	0	0	1.601083
861	8629	0	0	0	1	0	2.251781
862	8636	0	0	0	0	0	1.696842
863	8647	0	0	0	2	0	2.235893
864	8655	0	0	0	2	0	2.489295
865	8659	0	0	0	2	0	1.111521
866	8671	0	0	0	1	0	1.741381
867	8680	0	0	0	1	0	2.900986
868	8689	0	0	0	0	0	2.023323
869	8694	0	0	0	1	0	2.522467
870	8706	0	0	0	0	0	2.348621
871	8719	0	0	0	1	0	2.361105
872	8727	0	0	0	0	0	1.863025
873	8735	0	0	0	0	0	1.992878
874	8749	0	0	0	1	0	2.729368
875	8761	0	0	0	0	0	2.726865
876	8771	0	0	0	1	0	2.639312
877	8775	0	0	0	1	0	1.401435
878	8787	0	0	0	2	0	2.486216
879	8796	0	0	0	0	0	2.814573
880	8805	0	0	0	1	0	1.684897
881	8815	0	0	0	2	0	1.144371
882	8826	0	0	0	2	0	1.895858
883	8836	0	0	0	2	0	2.885174
884	8849	0	0	0	0	0	1.207624
885	8857	0	0	0	1	0	2.671971
886	8867	0	0	0	1	0	1.465689
887	8876	0	0	0	2	0	2.522651
888	8889	0	0	0	0	0	2.978373
889	8899	0	0	0	1	0	1.414543
890	8913	0	0	0	0	0	2.235139
891	8926	0	0	0	0	0	2.041245
892	8938	0	0	0	1	0	2.084642
893	8946	0	0	0	2	0	1.062171
894	8959	0	0	0	0	0	2.209726
895	8966	0	0	0	2	0	1.016602
896	8972	0	0	0	0	0	1.594319
897	8977	0	0	0	0	0	2.684258
898	8983	0	0	0	1	0	2.187405
899	8996	0	0	0	0	0	1.127083
900	9003	0	0	0	2	0	1.025759
901	9018	0	0	0	1	0	1.232053
902	9032	0	0	0	1	0	1.107070
903	9046	0	0	0	0	0	1.513834
904	9056	0	0	0	1	0	1.445223
905	9067	0	0	0	1	0	2.630606
906	9079	0	0	0	1	0	2.796847
907	9083	0	0	0	0	0	1.583258
908	9092	0	0	0	1	0	1.391275
909	9106	0	0	0	0	0	1.707114
910	9115	0	0	0	2	0	2.345347
911	9128	0	0	0	0	0	1.990872
912	9140	0	0	0	0	0	2.788059
913	9153	0	0	0	0	0	1.632766
914	9160	0	0	0	0	0	2.410168
915	9171	0	0	0	0	0	1.327888
916	9185	0	0	0	2	0	2.057899
917	9188	0	0	0	0	0	1.065888
918	9197	0	0	0	2	0	1.874506
919	9203	0	0	0	1	0	2.462127
920	9216	0	0	0	0	0	1.243294
921	9224	0	0	0	2	0	1.453146
922	9231	0	0	0	1	0	2.132927
923	9240	0	0	0	1	0	2.367281
924	9255	0	0	0	1	0	2.218379
925	9272	0	0	0	0	0	2.895946
926	9289	0	0	0	0	0	2.416586
927	9301	0	0	0	0	0	1.374617
928	9310	0	0	0	0	0	1.454297
929	9318	0	0	0	1	0	1.843031
930	9336	0	0	0	1	0	2.667904
931	9347	0	0	0	1	0	1.954674
932	9362	0	0	0	1	0	1.935393
933	9371	0	0	0	1	0	2.717132
934	9384	0	0	0	2	0	2.813725
935	9398	0	0	0	2	0	2.670395
936	9409	0	0	0	1	0	1.917748
937	9421	0	0	0	1	0	2.352631
938	9437	0	0	0	1	0	2.558303
939	9442	0	0	0	0	0	2.926038
940	9448	0	0	0	0	0	2.162951
941	9460	0	0	0	2	0	1.614389
942	9472	0	0	0	1	0	2.271223
943	9481	0	0	0	0	0	1.921511
944	9494	0	0	0	2	0	1.198020
945	9509	0	0	0	0	0	1.510917
946	9516	0	0	0	1	0	1.188091
947	9533	0	0	0	0	0	1.287440
948	9542	0	0	0	2	0	1.874853
949	9550	0	0	0	2	0	1.824835
950	9555	0	0	0	1	0	2.599515
951	9564	0	0	0	0	0	2.442185
952	9580	0	0	0	2	0	1.805993
953	9591	0	0	0	1	0	1.823865
954	9598	0	0	0	2	0	1.863082
955	9610	0	0	0	2	0	1.142024
956	9625	0	0	0	0	0	1.556637
957	9636	0	0	0	0	0	2.523507
958	9648	0	0	0	2	0	2.417251
959	9653	0	0	0	1	0	1.692166
960	9663	0	0	0	0	0	1.191283
961	9672	0	0	0	2	0	2.582506
962	9678	0	0	0	2	0	2.820508
963	9694	0	0	0	0	0	2.840683
964	9710	0	0	0	2	0	2.360163
965	9721	0	0	0	0	0	1.192673
966	9735	0	0	0	1	0	1.008610
967	9744	0	0	0	2	0	2.725719
968	9752	0	0	0	0	0	1.696634
969	9764	0	0	0	2	0	1.479656
970	9776	0	0	0	0	0	2.000824
971	9788	0	0	0	1	0	2.423088
972	9801	0	0	0	0	0	1.360838
973	9813	0	0	0	1	0	2.085296
974	9827	0	0	0	2	0	1.517973
975	9836	0	0	0	0	0	1.856889
976	9842	0	0	0	0	0	1.612960
977	9859	0	0	0	0	0	2.974277
978	9871	0	0	0	1	0	2.228281
979	9884	0	0	0	0	0	2.249824
980	9893	0	0	0	2	0	1.863741
981	9905	0	0	0	1	0	2.669547
982	9912	0	0	0	1	0	2.109427
983	9920	0	0	0	1	0	2.989374
984	9930	0	0	0	2	0	2.133252
985	9939	0	0	0	1	0	2.404145
986	9946	0	0	0	2	0	1.944075
987	9960	0	0	0	0	0	1.309679
988	9971	0	0	0	0	0	2.024466
989	9982	0	0	0	0	0	1.505685
990	9990	0	0	0	0	0	2.445503
991	10005	0	0	0	2	0	1.035203
992	10019	0	0	0	2	0	2.857290
993	10024	0	0	0	2	0	1.732273
994	10031	0	0	0	0	0	1.500833
995	10042	0	0	0	0	0	1.523135
996	10054	0	0	0	1	0	1.991851
997	10072	0	0	0	0	0	2.915591
998	10080	0	0	0	0	0	2.020074
999	10093	0	0	0	1	0	2.001935
