0	1	0	0	0	1	0	2.745674
1	13	0	0	0	0	0	2.845736
2	23	0	0	0	1	0	1.931752
3	29	0	0	0	2	0	2.581065
4	40	0	0	0	0	0	1.305765
5	50	0	0	0	2	0	1.920381
6	55	0	0	0	0	0	2.082630
7	64	0	0	0	0	0	2.568633
8	74	0	0	0	2	0	2.921472
9	86	0	0	0	2	0	2.379114
10	94	0	0	0	1	0	1.077610
11	101	0	0	0	0	0	2.276369
12	109	0	0	0	1	0	2.456828
13	115	0	0	0	2	0	2.065428
14	126	0	0	0	0	0	1.706273
15	137	0	0	0	0	0	2.679104
16	157	0	0	0	2	0	1.210030
17	165	0	0	0	1	0	1.668811
18	175	0	0	0	1	0	2.008217
19	186	0	0	0	0	0	2.467154
20	191	0	0	0	0	0	1.688610
21	201	0	0	0	0	0	2.909217
22	214	0	0	0	2	0	1.065387
23	229	0	0	0	1	0	2.249095
24	238	0	0	0	1	0	2.245417
25	248	0	0	0	0	0	2.238687
26	259	0	0	0	1	0	1.031745
27	273	0	0	0	1	0	2.598468
28	283	0	0	0	0	0	2.541746
29	294	0	0	0	2	0	1.377719
30	309	0	0	0	0	0	1.348386
31	328	0	0	0	0	0	2.199421
32	335	0	0	0	0	0	1.776560
33	347	0	0	0	2	0	1.011556
34	357	0	0	0	2	0	1.485473
35	364	0	0	0	1	0	1.504076
36	371	0	0	0	0	0	1.987745
37	379	0	0	0	2	0	2.019111
38	387	0	0	0	0	0	1.166806
39	399	0	0	0	2	0	1.352303
40	411	0	0	0	0	0	1.954715
41	418	0	0	0	0	0	1.051652
42	428	0	0	0	1	0	1.919483
43	432	0	0	0	2	0	2.015036
44	441	0	0	0	0	0	2.403739
45	453	0	0	0	1	0	1.791865
46	467	0	0	0	1	0	1.858517
47	478	0	0	0	1	0	2.813727
48	487	0	0	0	0	0	1.326304
49	502	0	0	0	1	0	2.404466
50	511	0	0	0	0	0	1.515366
51	522	0	0	0	0	0	1.347615
52	530	0	0	0	0	0	1.810428
53	540	0	0	0	1	0	2.969195
54	550	0	0	0	1	0	2.073008
55	558	0	0	0	2	0	2.367287
56	567	0	0	0	1	0	1.090717
57	579	0	0	0	0	0	2.275045
58	594	0	0	0	1	0	1.518739
59	602	0	0	0	1	0	2.363544
60	610	0	0	0	1	0	1.187179
61	617	0	0	0	1	0	2.338030
62	627	0	0	0	1	0	1.015518
63	631	0	0	0	2	0	1.996203
64	639	0	0	0	0	0	1.291643
65	647	0	0	0	2	0	1.387308
66	657	0	0	0	0	0	2.787277
67	669	0	0	0	0	0	2.479292
68	676	0	0	0	1	0	1.482466
69	689	0	0	0	1	0	1.963605
70	697	0	0	0	2	0	2.275012
71	708	0	0	0	0	0	1.371401
72	716	0	0	0	0	0	1.304424
73	729	0	0	0	1	0	2.993565
74	742	0	0	0	1	0	1.453860
75	749	0	0	0	1	0	2.089047
76	761	0	0	0	1	0	1.690992
77	773	0	0	0	1	0	1.118212
78	778	0	0	0	0	0	2.184434
79	782	0	0	0	1	0	1.215962
80	798	0	0	0	0	0	1.617262
81	811	0	0	0	1	0	1.903700
82	816	0	0	0	1	0	2.422890
83	828	0	0	0	2	0	1.985261
84	835	0	0	0	0	0	2.560008
85	842	0	0	0	0	0	1.220139
86	851	0	0	0	1	0	1.332940
87	860	0	0	0	0	0	2.989130
88	866	0	0	0	0	0	1.463753
89	881	0	0	0	2	0	1.275549
90	890	0	0	0	2	0	1.788062
91	901	0	0	0	0	0	1.188469
92	915	0	0	0	1	0	2.814802
93	927	0	0	0	2	0	2.682578
94	935	0	0	0	1	0	1.788000
95	946	0	0	0	0	0	2.422711
96	953	0	0	0	1	0	2.974019
97	959	0	0	0	1	0	1.229201
98	967	0	0	0	1	0	2.667551
99	980	0	0	0	0	0	1.771533
100	989	0	0	0	1	0	1.504753
101	1004	0	0	0	0	0	1.142224
102	1008	0	0	0	2	0	1.055345
103	1018	0	0	0	0	0	1.548541
104	1030	0	0	0	2	0	2.615378
105	1041	0	0	0	1	0	2.709714
106	1050	0	0	0	2	0	2.920598
107	1055	0	0	0	1	0	1.939022
108	1065	0	0	0	2	0	1.883196
109	1069	0	0	0	2	0	1.937555
110	1079	0	0	0	2	0	2.318062
111	1089	0	0	0	0	0	1.641976
112	1100	0	0	0	1	0	2.812999
113	1111	0	0	0	0	0	1.254021
114	1116	0	0	0	1	0	1.950301
115	1125	0	0	0	2	0	2.461848
116	1136	0	0	0	2	0	1.008802
117	1146	0	0	0	0	0	1.924102
118	1155	0	0	0	2	0	1.196878
119	1164	0	0	0	0	0	1.290884
120	1177	0	0	0	0	0	2.481670
121	1190	0	0	0	0	0	1.557297
122	1195	0	0	0	1	0	2.706234
123	1209	0	0	0	1	0	1.743284
124	1223	0	0	0	0	0	2.351024
125	1233	0	0	0	0	0	1.317453
126	1241	0	0	0	0	0	2.065283
127	1250	0	0	0	1	0	2.568533
128	1257	0	0	0	0	0	1.056403
129	1266	0	0	0	0	0	1.196445
130	1274	0	0	0	0	0	1.760191
131	1285	0	0	0	0	0	1.252394
132	1299	0	0	0	2	0	1.815279
133	1309	0	0	0	0	0	1.504189
134	1324	0	0	0	0	0	2.867667
135	1340	0	0	0	1	0	1.521090
136	1350	0	0	0	2	0	1.174173
137	1365	0	0	0	1	0	1.747514
138	1374	0	0	0	0	0	2.180135
139	1378	0	0	0	1	0	1.355231
140	1389	0	0	0	1	0	2.210358
141	1400	0	0	0	0	0	2.063577
142	1404	0	0	0	1	0	1.556866
143	1416	0	0	0	0	0	2.503222
144	1431	0	0	0	1	0	1.156667
145	1442	0	0	0	0	0	2.467502
146	1459	0	0	0	0	0	1.897575
147	1473	0	0	0	1	0	1.455687
148	1484	0	0	0	1	0	2.065939
149	1493	0	0	0	1	0	1.925211
150	1505	0	0	0	1	0	1.324387
151	1523	0	0	0	0	0	1.745136
152	1532	0	0	0	0	0	1.744755
153	1542	0	0	0	0	0	1.029479
154	1552	0	0	0	1	0	2.342591
155	1558	0	0	0	1	0	1.035116
156	1565	0	0	0	2	0	1.424506
157	1571	0	0	0	1	0	2.576044
158	1582	0	0	0	1	0	2.058265
159	1590	0	0	0	2	0	1.927571
160	1599	0	0	0	2	0	2.380408
161	1608	0	0	0	0	0	2.176966
162	1613	0	0	0	1	0	1.569640
163	1626	0	0	0	0	0	1.373708
164	1632	0	0	0	2	0	2.093360
165	1641	0	0	0	0	0	1.596262
166	1653	0	0	0	2	0	2.403505
167	1662	0	0	0	0	0	2.689262
168	1675	0	0	0	1	0	1.201048
169	1686	0	0	0	1	0	1.118995
170	1693	0	0	0	2	0	2.798336
171	1699	0	0	0	1	0	1.449429
172	1707	0	0	0	1	0	2.135850
173	1716	0	0	0	0	0	1.414465
174	1731	0	0	0	1	0	2.788497
175	1740	0	0	0	1	0	2.414612
176	1751	0	0	0	0	0	1.760314
177	1762	0	0	0	0	0	1.723176
178	1769	0	0	0	2	0	2.758886
179	1780	0	0	0	0	0	1.933382
180	1794	0	0	0	2	0	2.171876
181	1803	0	0	0	0	0	1.798755
182	1813	0	0	0	0	0	1.559155
183	1825	0	0	0	1	0	2.197830
184	1834	0	0	0	2	0	1.744260
185	1846	0	0	0	0	0	1.541037
186	1857	0	0	0	1	0	1.623276
187	1865	0	0	0	2	0	2.415482
188	1878	0	0	0	0	0	1.493700
189	1895	0	0	0	1	0	1.916195
190	1901	0	0	0	0	0	2.610538
191	1910	0	0	0	0	0	2.957137
192	1924	0	0	0	0	0	2.132958
193	1931	0	0	0	2	0	2.707639
194	1938	0	0	0	0	0	1.054890
195	1947	0	0	0	2	0	2.268071
196	1954	0	0	0	0	0	2.943442
197	1959	0	0	0	2	0	2.484510
198	1968	0	0	0	0	0	2.580537
199	1985	0	0	0	0	0	1.432571
200	1995	0	0	0	0	0	1.159606
201	2009	0	0	0	0	0	1.559979
202	2016	0	0	0	1	0	1.083118
203	2024	0	0	0	2	0	2.864874
204	2033	0	0	0	0	0	1.319710
205	2041	0	0	0	1	0	2.236124
206	2057	0	0	0	0	0	1.028728
207	2065	0	0	0	2	0	2.457836
208	2070	0	0	0	0	0	1.246625
209	2080	0	0	0	0	0	1.153980
210	2087	0	0	0	1	0	1.113283
211	2093	0	0	0	2	0	2.296411
212	2105	0	0	0	1	0	1.502118
213	2111	0	0	0	1	0	1.289558
214	2116	0	0	0	2	0	2.856563
215	2128	0	0	0	0	0	2.947391
216	2136	0	0	0	0	0	2.103081
217	2140	0	0	0	1	0	2.946908
218	2149	0	0	0	1	0	2.894354
219	2157	0	0	0	1	0	2.439120
220	2172	0	0	0	0	0	2.497400
221	2185	0	0	0	0	0	2.679734
222	2205	0	0	0	1	0	2.943259
223	2214	0	0	0	2	0	2.420931
224	2220	0	0	0	0	0	2.820392
225	2236	0	0	0	0	0	2.196530
226	2246	0	0	0	0	0	1.817417
227	2256	0	0	0	2	0	1.626495
228	2262	0	0	0	0	0	1.108273
229	2278	0	0	0	0	0	1.843289
230	2290	0	0	0	2	0	2.264114
231	2301	0	0	0	1	0	2.530352
232	2312	0	0	0	2	0	1.201984
233	2320	0	0	0	0	0	2.362127
234	2332	0	0	0	2	0	1.875655
235	2344	0	0	0	0	0	2.062278
236	2358	0	0	0	0	0	2.158120
237	2373	0	0	0	0	0	2.191909
238	2382	0	0	0	0	0	1.621479
239	2399	0	0	0	2	0	2.693458
240	2414	0	0	0	1	0	1.561823
241	2418	0	0	0	0	0	2.339859
242	2432	0	0	0	0	0	2.323976
243	2443	0	0	0	1	0	2.016293
244	2455	0	0	0	2	0	1.706368
245	2465	0	0	0	2	0	1.250763
246	2473	0	0	0	1	0	2.596869
247	2483	0	0	0	1	0	2.847767
248	2491	0	0	0	0	0	1.950365
249	2503	0	0	0	0	0	1.799017
250	2516	0	0	0	2	0	1.832843
251	2529	0	0	0	2	0	1.549243
252	2535	0	0	0	2	0	2.627952
253	2547	0	0	0	1	0	1.012227
254	2552	0	0	0	0	0	2.123001
255	2562	0	0	0	1	0	1.780664
256	2575	0	0	0	1	0	1.181746
257	2585	0	0	0	2	0	1.143665
258	2591	0	0	0	2	0	2.292916
259	2604	0	0	0	1	0	2.737770
260	2609	0	0	0	0	0	1.321517
261	2622	0	0	0	1	0	1.308271
262	2635	0	0	0	2	0	2.228384
263	2644	0	0	0	1	0	2.283839
264	2661	0	0	0	1	0	2.836765
265	2671	0	0	0	0	0	2.762816
266	2680	0	0	0	0	0	1.124272
267	2691	0	0	0	1	0	1.079251
268	2703	0	0	0	1	0	1.819662
269	2714	0	0	0	0	0	1.966986
270	2725	0	0	0	1	0	1.214679
271	2738	0	0	0	1	0	2.124565
272	2746	0	0	0	2	0	2.036503
273	2753	0	0	0	2	0	2.274468
274	2761	0	0	0	2	0	1.854755
275	2769	0	0	0	1	0	1.483730
276	2778	0	0	0	0	0	1.412156
277	2785	0	0	0	0	0	1.236903
278	2790	0	0	0	0	0	2.805737
279	2797	0	0	0	1	0	1.069024
280	2809	0	0	0	0	0	2.825780
281	2820	0	0	0	1	0	2.908849
282	2829	0	0	0	1	0	1.867475
283	2839	0	0	0	0	0	1.329609
284	2852	0	0	0	1	0	1.307479
285	2866	0	0	0	0	0	2.924084
286	2874	0	0	0	0	0	2.960090
287	2887	0	0	0	0	0	1.597241
288	2895	0	0	0	0	0	2.979203
289	2904	0	0	0	1	0	2.398892
290	2911	0	0	0	0	0	1.594078
291	2928	0	0	0	0	0	2.886277
292	2940	0	0	0	1	0	2.583760
293	2950	0	0	0	0	0	1.914911
294	2953	0	0	0	0	0	2.163569
295	2963	0	0	0	1	0	1.166499
296	2970	0	0	0	1	0	2.686518
297	2984	0	0	0	2	0	2.847898
298	2994	0	0	0	1	0	1.729888
299	3006	0	0	0	0	0	2.152152
300	3021	0	0	0	2	0	1.081674
301	3034	0	0	0	1	0	2.733136
302	3049	0	0	0	0	0	2.231101
303	3058	0	0	0	0	0	2.612073
304	3082	0	0	0	0	0	1.150522
305	3093	0	0	0	2	0	2.701200
306	3101	0	0	0	0	0	1.747839
307	3109	0	0	0	2	0	2.702594
308	3118	0	0	0	2	0	1.802368
309	3128	0	0	0	2	0	2.852898
310	3140	0	0	0	0	0	1.923209
311	3150	0	0	0	2	0	2.839080
312	3159	0	0	0	0	0	1.509359
313	3161	0	0	0	1	0	2.801523
314	3171	0	0	0	0	0	1.045179
315	3185	0	0	0	1	0	2.547807
316	3194	0	0	0	2	0	1.233491
317	3205	0	0	0	2	0	1.062320
318	3213	0	0	0	2	0	2.631536
319	3222	0	0	0	1	0	1.920340
320	3231	0	0	0	1	0	2.327625
321	3240	0	0	0	1	0	2.447470
322	3254	0	0	0	1	0	2.166150
323	3260	0	0	0	1	0	1.067426
324	3266	0	0	0	2	0	2.066209
325	3275	0	0	0	1	0	2.326067
326	3284	0	0	0	0	0	2.013502
327	3296	0	0	0	0	0	2.815029
328	3310	0	0	0	1	0	2.578548
329	3317	0	0	0	0	0	2.033947
330	3328	0	0	0	1	0	2.333377
331	3338	0	0	0	0	0	1.558511
332	3343	0	0	0	0	0	1.442487
333	3351	0	0	0	0	0	1.216404
334	3362	0	0	0	2	0	2.492336
335	3370	0	0	0	0	0	1.420805
336	3379	0	0	0	0	0	1.703011
337	3395	0	0	0	1	0	2.086792
338	3409	0	0	0	2	0	2.274742
339	3416	0	0	0	0	0	1.069228
340	3423	0	0	0	0	0	2.323150
341	3428	0	0	0	2	0	2.959717
342	3438	0	0	0	2	0	2.818007
343	3448	0	0	0	0	0	2.407379
344	3465	0	0	0	0	0	1.529358
345	3481	0	0	0	1	0	2.229121
346	3487	0	0	0	0	0	2.054476
347	3497	0	0	0	0	0	1.238914
348	3509	0	0	0	1	0	1.844755
349	3520	0	0	0	1	0	1.503535
350	3528	0	0	0	2	0	1.135593
351	3537	0	0	0	2	0	2.068556
352	3545	0	0	0	0	0	1.749892
353	3554	0	0	0	0	0	1.345752
354	3563	0	0	0	0	0	2.923560
355	3572	0	0	0	0	0	1.549527
356	3579	0	0	0	2	0	2.549719
357	3595	0	0	0	0	0	2.937638
358	3608	0	0	0	0	0	2.528313
359	3618	0	0	0	1	0	2.900292
360	3629	0	0	0	1	0	1.087523
361	3641	0	0	0	0	0	2.423382
362	3647	0	0	0	1	0	1.466381
363	3656	0	0	0	0	0	2.659005
364	3662	0	0	0	1	0	2.217660
365	3666	0	0	0	0	0	1.634682
366	3675	0	0	0	0	0	1.330874
367	3681	0	0	0	2	0	2.009248
368	3691	0	0	0	1	0	2.756595
369	3703	0	0	0	1	0	2.847658
370	3711	0	0	0	2	0	2.351663
371	3718	0	0	0	2	0	2.591762
372	3727	0	0	0	2	0	1.527671
373	3733	0	0	0	0	0	2.977397
374	3739	0	0	0	2	0	2.348319
375	3746	0	0	0	2	0	2.169795
376	3758	0	0	0	0	0	1.670946
377	3768	0	0	0	2	0	1.906248
378	3779	0	0	0	2	0	1.114616
379	3792	0	0	0	1	0	2.140804
380	3803	0	0	0	1	0	1.488346
381	3814	0	0	0	0	0	1.292837
382	3829	0	0	0	1	0	2.622832
383	3835	0	0	0	0	0	2.228223
384	3850	0	0	0	0	0	2.454762
385	3859	0	0	0	1	0	1.226008
386	3872	0	0	0	1	0	1.091490
387	3881	0	0	0	0	0	1.600925
388	3895	0	0	0	1	0	2.691954
389	3900	0	0	0	1	0	1.892887
390	3909	0	0	0	0	0	1.104017
391	3926	0	0	0	1	0	2.412867
392	3938	0	0	0	1	0	1.242820
393	3955	0	0	0	1	0	2.060255
394	3970	0	0	0	0	0	2.524179
395	3981	0	0	0	1	0	1.852251
396	3996	0	0	0	1	0	2.679153
397	4007	0	0	0	1	0	1.335760
398	4021	0	0	0	2	0	2.831319
399	4026	0	0	0	0	0	2.922427
400	4036	0	0	0	0	0	1.456740
401	4046	0	0	0	1	0	1.785922
402	4057	0	0	0	2	0	1.501735
403	4068	0	0	0	0	0	1.131849
404	4079	0	0	0	0	0	2.653663
405	4086	0	0	0	0	0	1.415494
406	4092	0	0	0	0	0	2.587138
407	4098	0	0	0	0	0	2.839541
408	4108	0	0	0	1	0	1.078951
409	4121	0	0	0	2	0	1.419984
410	4130	0	0	0	0	0	1.003444
411	4137	0	0	0	1	0	2.317677
412	4149	0	0	0	0	0	1.655520
413	4160	0	0	0	1	0	2.639806
414	4177	0	0	0	2	0	2.498759
415	4184	0	0	0	1	0	2.687140
416	4202	0	0	0	2	0	1.430956
417	4214	0	0	0	1	0	2.821698
418	4227	0	0	0	1	0	1.460291
419	4237	0	0	0	0	0	1.038689
420	4250	0	0	0	2	0	2.449778
421	4259	0	0	0	2	0	1.797575
422	4266	0	0	0	0	0	2.494948
423	4277	0	0	0	2	0	2.784716
424	4289	0	0	0	0	0	1.727136
425	4296	0	0	0	2	0	2.846385
426	4306	0	0	0	1	0	2.994716
427	4312	0	0	0	2	0	1.851280
428	4319	0	0	0	0	0	1.751839
429	4332	0	0	0	2	0	2.527711
430	4340	0	0	0	2	0	2.101324
431	4354	0	0	0	2	0	2.929417
432	4371	0	0	0	1	0	1.797913
433	4387	0	0	0	0	0	1.208546
434	4395	0	0	0	1	0	1.293164
435	4403	0	0	0	2	0	1.705432
436	4414	0	0	0	0	0	2.860843
437	4427	0	0	0	1	0	2.346535
438	4442	0	0	0	2	0	2.002050
439	4453	0	0	0	1	0	1.906339
440	4458	0	0	0	2	0	2.479386
441	4469	0	0	0	1	0	1.724636
442	4479	0	0	0	1	0	2.959764
443	4489	0	0	0	0	0	2.840291
444	4499	0	0	0	1	0	1.006023
445	4515	0	0	0	0	0	2.955719
446	4530	0	0	0	2	0	2.376520
447	4543	0	0	0	1	0	1.699380
448	4553	0	0	0	2	0	2.745998
449	4560	0	0	0	0	0	1.976667
450	4570	0	0	0	1	0	1.430073
451	4580	0	0	0	2	0	2.555996
452	4595	0	0	0	1	0	2.152010
453	4605	0	0	0	0	0	1.713062
454	4616	0	0	0	1	0	1.023869
455	4625	0	0	0	0	0	2.811567
456	4634	0	0	0	2	0	2.922541
457	4647	0	0	0	1	0	1.351506
458	4655	0	0	0	2	0	2.949744
459	4665	0	0	0	0	0	2.469094
460	4676	0	0	0	0	0	1.437265
461	4682	0	0	0	0	0	2.955584
462	4690	0	0	0	1	0	2.953465
463	4696	0	0	0	1	0	2.228823
464	4708	0	0	0	1	0	2.990203
465	4714	0	0	0	2	0	1.530768
466	4729	0	0	0	1	0	2.555952
467	4739	0	0	0	1	0	1.926597
468	4746	0	0	0	1	0	2.989237
469	4758	0	0	0	1	0	2.745923
470	4765	0	0	0	1	0	2.102993
471	4779	0	0	0	0	0	2.539834
472	4787	0	0	0	2	0	2.781081
473	4796	0	0	0	0	0	2.786499
474	4803	0	0	0	1	0	2.396377
475	4811	0	0	0	0	0	1.616738
476	4824	0	0	0	1	0	2.403302
477	4833	0	0	0	0	0	2.132588
478	4840	0	0	0	1	0	1.503976
479	4855	0	0	0	1	0	2.263464
480	4862	0	0	0	0	0	1.387720
481	4870	0	0	0	2	0	1.306816
482	4880	0	0	0	1	0	1.576747
483	4889	0	0	0	2	0	1.349525
484	4900	0	0	0	0	0	1.338210
485	4908	0	0	0	2	0	1.566671
486	4921	0	0	0	1	0	1.846477
487	4933	0	0	0	2	0	2.100166
488	4942	0	0	0	0	0	2.679246
489	4954	0	0	0	1	0	1.533460
490	4963	0	0	0	1	0	2.131902
491	4972	0	0	0	2	0	2.911838
492	4985	0	0	0	0	0	1.828850
493	4995	0	0	0	0	0	2.836405
494	5004	0	0	0	1	0	1.163325
495	5015	0	0	0	1	0	2.799812
496	5028	0	0	0	2	0	2.276636
497	5038	0	0	0	1	0	1.149748
498	5049	0	0	0	1	0	2.345745
499	5057	0	0	0	2	0	1.853865
500	5068	0	0	0	1	0	1.420029
501	5074	0	0	0	1	0	2.147232
502	5085	0	0	0	2	0	1.575308
503	5097	0	0	0	1	0	1.485337
504	5105	0	0	0	0	0	1.663819
505	5109	0	0	0	1	0	1.507131
506	5123	0	0	0	1	0	1.632010
507	5133	0	0	0	0	0	1.441759
508	5147	0	0	0	0	0	2.068965
509	5156	0	0	0	2	0	2.017605
510	5172	0	0	0	0	0	2.551143
511	5178	0	0	0	1	0	2.057299
512	5187	0	0	0	2	0	2.842888
513	5197	0	0	0	2	0	1.484657
514	5207	0	0	0	2	0	2.332132
515	5215	0	0	0	0	0	1.723521
516	5222	0	0	0	0	0	2.225497
517	5231	0	0	0	0	0	2.684534
518	5239	0	0	0	0	0	2.200801
519	5254	0	0	0	0	0	2.453542
520	5266	0	0	0	2	0	1.976216
521	5276	0	0	0	2	0	1.900727
522	5290	0	0	0	2	0	2.138910
523	5296	0	0	0	0	0	1.519618
524	5307	0	0	0	1	0	1.879254
525	5311	0	0	0	1	0	1.381145
526	5323	0	0	0	1	0	1.825101
527	5336	0	0	0	0	0	2.487761
528	5349	0	0	0	0	0	1.518870
529	5362	0	0	0	0	0	2.264176
530	5376	0	0	0	0	0	1.577542
531	5385	0	0	0	1	0	1.878999
532	5395	0	0	0	1	0	2.315779
533	5406	0	0	0	2	0	1.463189
534	5421	0	0	0	0	0	1.806567
535	5432	0	0	0	0	0	2.009732
536	5445	0	0	0	1	0	2.579814
537	5456	0	0	0	0	0	2.148825
538	5468	0	0	0	1	0	1.158521
539	5476	0	0	0	1	0	2.677870
540	5487	0	0	0	1	0	1.724477
541	5500	0	0	0	2	0	1.849483
542	5509	0	0	0	1	0	2.110189
543	5524	0	0	0	0	0	2.349483
544	5526	0	0	0	0	0	1.052021
545	5540	0	0	0	1	0	1.549935
546	5552	0	0	0	2	0	2.566747
547	5562	0	0	0	1	0	1.327954
548	5574	0	0	0	1	0	1.518090
549	5588	0	0	0	0	0	2.337955
550	5605	0	0	0	0	0	1.241092
551	5612	0	0	0	1	0	1.203717
552	5623	0	0	0	0	0	1.126557
553	5632	0	0	0	1	0	2.148522
554	5642	0	0	0	2	0	2.789230
555	5649	0	0	0	1	0	1.927936
556	5658	0	0	0	1	0	1.945784
557	5664	0	0	0	0	0	1.667876
558	5675	0	0	0	0	0	2.581972
559	5683	0	0	0	0	0	1.206942
560	5699	0	0	0	0	0	2.806963
561	5704	0	0	0	0	0	1.959577
562	5712	0	0	0	2	0	1.543783
563	5725	0	0	0	2	0	2.875360
564	5731	0	0	0	2	0	2.417497
565	5747	0	0	0	0	0	2.976762
566	5753	0	0	0	2	0	1.562884
567	5763	0	0	0	1	0	1.755679
568	5775	0	0	0	0	0	2.703972
569	5783	0	0	0	1	0	2.566283
570	5797	0	0	0	0	0	1.020484
571	5812	0	0	0	0	0	2.791050
572	5824	0	0	0	0	0	2.727465
573	5836	0	0	0	0	0	1.939918
574	5844	0	0	0	0	0	1.777892
575	5854	0	0	0	1	0	2.293408
576	5865	0	0	0	0	0	2.036400
577	5869	0	0	0	0	0	2.573616
578	5881	0	0	0	1	0	2.233009
579	5897	0	0	0	2	0	1.532670
580	5905	0	0	0	2	0	1.810554
581	5913	0	0	0	0	0	1.307751
582	5929	0	0	0	2	0	2.227980
583	5938	0	0	0	1	0	2.697797
584	5953	0	0	0	1	0	1.865725
585	5963	0	0	0	1	0	1.520993
586	5974	0	0	0	2	0	2.591538
587	5985	0	0	0	1	0	2.023144
588	5992	0	0	0	0	0	2.483687
589	6003	0	0	0	0	0	1.555138
590	6011	0	0	0	2	0	1.444441
591	6019	0	0	0	0	0	1.958557
592	6022	0	0	0	0	0	2.057066
593	6029	0	0	0	0	0	2.283748
594	6038	0	0	0	0	0	2.513965
595	6051	0	0	0	2	0	2.165215
596	6058	0	0	0	0	0	1.214258
597	6071	0	0	0	1	0	2.223979
598	6073	0	0	0	1	0	1.950057
599	6087	0	0	0	2	0	2.096465
600	6096	0	0	0	0	0	2.229486
601	6101	0	0	0	0	0	2.369602
602	6110	0	0	0	0	0	2.307865
603	6122	0	0	0	2	0	1.771738
604	6130	0	0	0	2	0	1.701141
605	6137	0	0	0	1	0	2.873964
606	6146	0	0	0	0	0	2.583617
607	6158	0	0	0	0	0	1.866499
608	6165	0	0	0	0	0	2.296226
609	6174	0	0	0	1	0	1.105806
610	6189	0	0	0	0	0	2.827911
611	6197	0	0	0	0	0	2.273093
612	6203	0	0	0	0	0	1.749104
613	6206	0	0	0	1	0	2.483924
614	6215	0	0	0	1	0	2.175350
615	6224	0	0	0	1	0	1.689108
616	6237	0	0	0	1	0	1.546190
617	6246	0	0	0	0	0	1.338134
618	6259	0	0	0	0	0	2.088086
619	6269	0	0	0	0	0	1.279732
620	6276	0	0	0	0	0	1.468209
621	6284	0	0	0	2	0	1.097959
622	6293	0	0	0	0	0	1.127540
623	6303	0	0	0	0	0	2.614016
624	6313	0	0	0	1	0	2.841136
625	6320	0	0	0	1	0	1.322865
626	6330	0	0	0	0	0	1.224417
627	6345	0	0	0	2	0	2.760051
628	6355	0	0	0	2	0	1.153744
629	6361	0	0	0	2	0	1.355553
630	6370	0	0	0	1	0	2.461945
631	6387	0	0	0	1	0	1.702403
632	6397	0	0	0	1	0	2.446532
633	6411	0	0	0	2	0	2.002195
634	6422	0	0	0	1	0	1.141131
635	6430	0	0	0	2	0	2.564480
636	6438	0	0	0	1	0	2.146209
637	6447	0	0	0	1	0	1.469933
638	6457	0	0	0	0	0	1.402152
639	6461	0	0	0	1	0	1.239092
640	6468	0	0	0	1	0	1.086560
641	6475	0	0	0	0	0	2.772466
642	6479	0	0	0	0	0	1.569905
643	6488	0	0	0	1	0	2.227979
644	6500	0	0	0	2	0	2.230614
645	6507	0	0	0	2	0	2.753160
646	6519	0	0	0	1	0	2.484725
647	6530	0	0	0	0	0	1.971497
648	6543	0	0	0	2	0	1.551613
649	6555	0	0	0	0	0	2.313157
650	6562	0	0	0	1	0	2.535861
651	6570	0	0	0	1	0	2.687936
652	6584	0	0	0	2	0	2.867339
653	6592	0	0	0	0	0	1.201611
654	6598	0	0	0	0	0	1.304768
655	6605	0	0	0	0	0	1.017947
656	6614	0	0	0	2	0	2.664011
657	6628	0	0	0	0	0	2.467379
658	6634	0	0	0	1	0	2.188100
659	6640	0	0	0	1	0	1.979919
660	6656	0	0	0	0	0	2.198389
661	6672	0	0	0	0	0	2.305455
662	6678	0	0	0	2	0	1.003520
663	6688	0	0	0	2	0	1.739116
664	6703	0	0	0	0	0	1.514437
665	6711	0	0	0	1	0	2.470615
666	6719	0	0	0	1	0	2.172128
667	6726	0	0	0	1	0	1.765188
668	6737	0	0	0	0	0	1.719725
669	6754	0	0	0	2	0	2.437893
670	6763	0	0	0	1	0	2.158784
671	6772	0	0	0	1	0	2.968958
672	6779	0	0	0	0	0	2.640881
673	6791	0	0	0	1	0	1.744459
674	6799	0	0	0	1	0	1.507671
675	6807	0	0	0	0	0	1.161130
676	6818	0	0	0	1	0	2.457997
677	6824	0	0	0	1	0	2.882997
678	6832	0	0	0	1	0	1.407627
679	6843	0	0	0	1	0	2.583500
680	6851	0	0	0	0	0	1.723772
681	6859	0	0	0	0	0	2.364306
682	6869	0	0	0	0	0	2.193036
683	6876	0	0	0	1	0	1.077302
684	6890	0	0	0	1	0	1.218714
685	6902	0	0	0	2	0	2.922041
686	6913	0	0	0	1	0	2.205229
687	6919	0	0	0	0	0	2.732289
688	6928	0	0	0	1	0	1.970600
689	6936	0	0	0	2	0	1.108261
690	6946	0	0	0	1	0	1.125192
691	6962	0	0	0	1	0	1.219782
692	6969	0	0	0	2	0	2.697487
693	6980	0	0	0	0	0	1.561827
694	6993	0	0	0	0	0	2.551917
695	7000	0	0	0	1	0	2.182196
696	7011	0	0	0	1	0	1.923277
697	7019	0	0	0	0	0	2.947291
698	7026	0	0	0	1	0	2.019423
699	7035	0	0	0	1	0	1.859399
700	7044	0	0	0	1	0	1.905113
701	7054	0	0	0	0	0	1.315347
702	7066	0	0	0	2	0	2.059060
703	7076	0	0	0	0	0	1.777134
704	7091	0	0	0	1	0	1.214027
705	7099	0	0	0	1	0	2.877411
706	7108	0	0	0	1	0	2.928416
707	7117	0	0	0	1	0	2.825039
708	7127	0	0	0	1	0	2.450277
709	7131	0	0	0	2	0	2.211758
710	7138	0	0	0	1	0	1.692982
711	7144	0	0	0	0	0	1.617720
712	7153	0	0	0	0	0	1.350280
713	7164	0	0	0	0	0	2.083697
714	7179	0	0	0	2	0	1.895275
715	7194	0	0	0	0	0	1.003726
716	7208	0	0	0	2	0	1.331093
717	7224	0	0	0	1	0	2.082604
718	7237	0	0	0	0	0	2.990550
719	7244	0	0	0	0	0	1.025529
720	7261	0	0	0	2	0	2.295804
721	7272	0	0	0	1	0	2.926565
722	7281	0	0	0	1	0	1.137595
723	7288	0	0	0	2	0	2.626380
724	7299	0	0	0	0	0	1.954748
725	7306	0	0	0	1	0	2.674616
726	7311	0	0	0	1	0	1.968178
727	7319	0	0	0	1	0	2.758714
728	7331	0	0	0	0	0	2.993512
729	7347	0	0	0	0	0	1.691997
730	7355	0	0	0	0	0	1.713567
731	7362	0	0	0	1	0	1.963334
732	7374	0	0	0	0	0	2.756646
733	7383	0	0	0	0	0	1.152563
734	7389	0	0	0	0	0	1.928219
735	7404	0	0	0	0	0	1.297640
736	7411	0	0	0	1	0	1.138238
737	7424	0	0	0	1	0	1.378428
738	7445	0	0	0	0	0	1.843250
739	7462	0	0	0	0	0	1.982981
740	7477	0	0	0	0	0	1.009379
741	7487	0	0	0	1	0	1.615425
742	7500	0	0	0	0	0	2.418840
743	7509	0	0	0	2	0	1.769904
744	7520	0	0	0	0	0	2.752315
745	7527	0	0	0	1	0	2.261346
746	7537	0	0	0	0	0	2.300724
747	7547	0	0	0	1	0	1.201542
748	7556	0	0	0	0	0	2.046403
749	7569	0	0	0	2	0	2.825857
750	7577	0	0	0	0	0	1.565433
751	7585	0	0	0	0	0	1.560936
752	7596	0	0	0	2	0	2.738930
753	7601	0	0	0	0	0	1.237010
754	7606	0	0	0	2	0	2.681555
755	7615	0	0	0	1	0	2.027315
756	7629	0	0	0	1	0	2.948904
757	7644	0	0	0	0	0	2.414501
758	7649	0	0	0	2	0	2.182821
759	7658	0	0	0	1	0	2.247374
760	7669	0	0	0	2	0	1.300158
761	7677	0	0	0	0	0	2.054740
762	7690	0	0	0	2	0	1.474453
763	7702	0	0	0	2	0	1.315944
764	7710	0	0	0	2	0	1.731776
765	7715	0	0	0	0	0	1.650167
766	7728	0	0	0	1	0	1.368758
767	7736	0	0	0	0	0	1.025786
768	7750	0	0	0	0	0	2.999679
769	7760	0	0	0	0	0	2.133688
770	7769	0	0	0	0	0	1.410793
771	7780	0	0	0	0	0	2.840373
772	7787	0	0	0	2	0	1.037853
773	7802	0	0	0	1	0	1.422072
774	7815	0	0	0	2	0	2.762935
775	7832	0	0	0	2	0	2.812756
776	7840	0	0	0	0	0	2.832881
777	7851	0	0	0	1	0	2.124035
778	7870	0	0	0	1	0	2.887760
779	7887	0	0	0	0	0	2.170458
780	7897	0	0	0	1	0	1.797986
781	7908	0	0	0	1	0	2.335779
782	7922	0	0	0	0	0	2.344771
783	7931	0	0	0	2	0	1.563892
784	7939	0	0	0	1	0	2.230153
785	7954	0	0	0	0	0	2.025109
786	7966	0	0	0	1	0	1.976073
787	7976	0	0	0	0	0	2.031950
788	7979	0	0	0	0	0	1.607241
789	7991	0	0	0	0	0	1.884766
790	7998	0	0	0	1	0	2.111900
791	8009	0	0	0	2	0	2.588801
792	8017	0	0	0	1	0	2.370207
793	8025	0	0	0	2	0	1.930572
794	8035	0	0	0	0	0	1.585840
795	8044	0	0	0	1	0	2.067787
796	8050	0	0	0	2	0	2.026579
797	8060	0	0	0	2	0	1.830975
798	8072	0	0	0	2	0	1.506762
799	8085	0	0	0	1	0	1.053618
800	8096	0	0	0	1	0	1.605233
801	8110	0	0	0	2	0	1.572398
802	8121	0	0	0	0	0	2.795487
803	8131	0	0	0	1	0	1.312352
804	8138	0	0	0	1	0	1.545067
805	8151	0	0	0	1	0	1.256565
806	8161	0	0	0	0	0	2.259604
807	8165	0	0	0	2	0	2.387064
808	8181	0	0	0	0	0	2.762981
809	8191	0	0	0	1	0	1.275114
810	8200	0	0	0	2	0	1.093923
811	8215	0	0	0	0	0	1.017392
812	8222	0	0	0	0	0	2.381301
813	8229	0	0	0	2	0	2.530420
814	8235	0	0	0	0	0	2.028642
815	8242	0	0	0	0	0	2.106120
816	8256	0	0	0	2	0	1.787962
817	8261	0	0	0	1	0	2.050241
818	8268	0	0	0	1	0	1.924908
819	8278	0	0	0	2	0	2.019202
820	8286	0	0	0	0	0	1.217890
821	8294	0	0	0	0	0	2.632872
822	8306	0	0	0	2	0	1.852948
823	8313	0	0	0	0	0	2.248326
824	8327	0	0	0	0	0	2.749577
825	8337	0	0	0	2	0	1.942542
826	8351	0	0	0	1	0	2.895008
827	8364	0	0	0	2	0	2.633555
828	8373	0	0	0	2	0	1.989156
829	8378	0	0	0	2	0	1.468574
830	8386	0	0	0	0	0	1.125428
831	8391	0	0	0	0	0	1.564949
832	8394	0	0	0	2	0	1.359538
833	8404	0	0	0	0	0	2.304679
834	8412	0	0	0	1	0	2.712726
835	8426	0	0	0	0	0	1.128745
836	8432	0	0	0	2	0	1.809302
837	8443	0	0	0	1	0	2.013999
838	8458	0	0	0	1	0	1.129902
839	8470	0	0	0	1	0	2.919991
840	8482	0	0	0	1	0	1.659379
841	8493	0	0	0	1	0	1.441990
842	8503	0	0	0	0	0	2.285215
843	8508	0	0	0	1	0	1.570357
844	8518	0	0	0	1	0	2.827835
845	8526	0	0	0	1	0	1.086291
846	8534	0	0	0	0	0	1.451846
847	8543	0	0	0	1	0	2.712460
848	8556	0	0	0	2	0	1.918375
849	8564	0	0	0	1	0	1.994500
850	8574	0	0	0	1	0	1.960037
851	8585	0	0	0	1	0	2.032876
852	8598	0	0	0	1	0	1.845889
853	8608	0	0	0	2	0	2.252025
854	8617	0	0	0	1	0	2.499610
855	8625	0	0	0	0	0	2.338220
856	8637	0	0	0	0	0	2.710396
857	8649	0	0	0	1	0	1.511149
858	8658	0	0	0	0	0	2.374031
859	8665	0	0	0	1	0	2.288200
860	8683	0	0	0	1	0	1.722228
861	8692	0	0	0	2	0	2.801544
862	8706	0	0	0	1	0	2.091096
863	8715	0	0	0	2	0	1.950423
864	8724	0	0	0	1	0	1.684204
865	8735	0	0	0	0	0	1.005164
866	8741	0	0	0	2	0	2.042048
867	8750	0	0	0	2	0	1.604158
868	8758	0	0	0	1	0	2.705494
869	8765	0	0	0	1	0	1.475957
870	8776	0	0	0	0	0	1.835538
871	8790	0	0	0	0	0	2.443617
872	8805	0	0	0	0	0	1.742183
873	8811	0	0	0	0	0	1.016451
874	8821	0	0	0	1	0	2.836780
875	8837	0	0	0	0	0	1.031002
876	8845	0	0	0	2	0	1.685410
877	8856	0	0	0	2	0	1.251850
878	8862	0	0	0	0	0	1.442781
879	8874	0	0	0	1	0	1.176579
880	8886	0	0	0	2	0	1.447743
881	8893	0	0	0	0	0	1.216310
882	8904	0	0	0	2	0	1.515156
883	8914	0	0	0	0	0	1.190169
884	8927	0	0	0	0	0	1.493376
885	8935	0	0	0	1	0	1.924386
886	8947	0	0	0	0	0	1.821419
887	8957	0	0	0	0	0	2.894871
888	8970	0	0	0	1	0	1.655891
889	8978	0	0	0	1	0	1.478509
890	8986	0	0	0	0	0	1.650926
891	9001	0	0	0	0	0	2.895369
892	9014	0	0	0	2	0	1.013382
893	9026	0	0	0	0	0	1.096060
894	9032	0	0	0	0	0	2.093828
895	9046	0	0	0	2	0	2.690889
896	9055	0	0	0	0	0	2.892405
897	9063	0	0	0	1	0	1.740426
898	9069	0	0	0	2	0	1.839108
899	9076	0	0	0	2	0	2.893946
900	9086	0	0	0	0	0	1.380897
901	9098	0	0	0	1	0	2.135499
902	9109	0	0	0	1	0	2.601369
903	9117	0	0	0	0	0	1.520690
904	9126	0	0	0	1	0	2.909915
905	9141	0	0	0	1	0	2.605821
906	9151	0	0	0	1	0	2.639412
907	9159	0	0	0	0	0	1.696097
908	9167	0	0	0	0	0	2.027728
909	9179	0	0	0	0	0	2.077085
910	9186	0	0	0	2	0	2.020747
911	9196	0	0	0	0	0	2.306457
912	9204	0	0	0	2	0	1.150524
913	9215	0	0	0	1	0	1.068105
914	9221	0	0	0	0	0	2.249368
915	9228	0	0	0	1	0	1.187690
916	9244	0	0	0	0	0	2.807458
917	9254	0	0	0	0	0	1.930090
918	9263	0	0	0	2	0	2.450457
919	9273	0	0	0	0	0	1.024451
920	9281	0	0	0	1	0	2.130581
921	9289	0	0	0	1	0	2.419771
922	9296	0	0	0	0	0	1.787390
923	9307	0	0	0	0	0	2.246821
924	9314	0	0	0	1	0	1.894123
925	9325	0	0	0	2	0	1.823125
926	9341	0	0	0	0	0	1.724716
927	9349	0	0	0	2	0	1.491300
928	9363	0	0	0	2	0	1.863303
929	9377	0	0	0	2	0	1.679834
930	9390	0	0	0	1	0	2.834839
931	9403	0	0	0	2	0	1.709214
932	9412	0	0	0	1	0	1.438459
933	9420	0	0	0	2	0	1.623944
934	9433	0	0	0	1	0	2.786357
935	9450	0	0	0	1	0	2.835615
936	9458	0	0	0	2	0	1.377539
937	9468	0	0	0	0	0	2.051538
938	9482	0	0	0	0	0	1.553712
939	9491	0	0	0	2	0	2.911788
940	9497	0	0	0	2	0	1.202850
941	9505	0	0	0	2	0	1.447645
942	9518	0	0	0	2	0	2.952631
943	9533	0	0	0	0	0	1.868331
944	9542	0	0	0	1	0	2.262850
945	9552	0	0	0	0	0	1.385558
946	9568	0	0	0	2	0	1.424143
947	9579	0	0	0	1	0	2.186063
948	9587	0	0	0	0	0	2.601409
949	9596	0	0	0	0	0	2.120638
950	9604	0	0	0	1	0	2.768200
951	9611	0	0	0	2	0	1.674678
952	9620	0	0	0	0	0	2.259840
953	9628	0	0	0	0	0	1.311077
954	9644	0	0	0	2	0	2.075210
955	9655	0	0	0	0	0	1.446362
956	9665	0	0	0	0	0	2.247657
957	9677	0	0	0	1	0	1.203812
958	9686	0	0	0	2	0	2.806126
959	9695	0	0	0	0	0	1.917902
960	9709	0	0	0	1	0	1.218976
961	9715	0	0	0	1	0	2.544185
962	9726	0	0	0	0	0	2.602744
963	9735	0	0	0	2	0	1.833111
964	9742	0	0	0	0	0	2.859231
965	9752	0	0	0	2	0	1.467460
966	9762	0	0	0	2	0	1.493415
967	9773	0	0	0	1	0	1.314634
968	9781	0	0	0	2	0	1.982654
969	9796	0	0	0	2	0	2.051190
970	9804	0	0	0	1	0	1.432027
971	9813	0	0	0	2	0	2.328017
972	9825	0	0	0	1	0	1.186804
973	9830	0	0	0	1	0	1.961020
974	9839	0	0	0	2	0	1.518994
975	9847	0	0	0	0	0	1.123578
976	9858	0	0	0	2	0	1.160330
977	9870	0	0	0	1	0	2.053391
978	9878	0	0	0	0	0	2.988826
979	9892	0	0	0	2	0	1.568043
980	9907	0	0	0	0	0	2.911680
981	9921	0	0	0	2	0	2.787937
982	9935	0	0	0	0	0	1.871492
983	9945	0	0	0	0	0	1.422184
984	9949	0	0	0	0	0	1.751091
985	9961	0	0	0	1	0	1.933422
986	9975	0	0	0	0	0	2.415540
987	9985	0	0	0	1	0	2.445101
988	9992	0	0	0	0	0	2.225916
989	10005	0	0	0	1	0	1.564112
990	10011	0	0	0	1	0	1.377591
991	10022	0	0	0	1	0	1.885328
992	10033	0	0	0	1	0	2.631510
993	10044	0	0	0	1	0	1.218879
994	10053	0	0	0	1	0	2.480548
995	10061	0	0	0	1	0	2.275748
996	10068	0	0	0	2	0	1.071938
997	10076	0	0	0	0	0	1.362535
998	10089	0	0	0	2	0	1.462171
999	10098	0	0	0	0	0	2.353501
