0	1	0	0	0	2	0	1.062169
1	13	0	0	0	1	0	2.562017
2	27	0	0	0	1	0	1.373633
3	35	0	0	0	1	0	1.705179
4	46	0	0	0	2	0	1.937508
5	53	0	0	0	0	0	2.549898
6	62	0	0	0	0	0	2.269047
7	75	0	0	0	0	0	2.901382
8	87	0	0	0	1	0	1.155741
9	101	0	0	0	2	0	2.193942
10	108	0	0	0	0	0	2.069277
11	117	0	0	0	1	0	1.367267
12	130	0	0	0	0	0	2.531319
13	143	0	0	0	0	0	2.559769
14	154	0	0	0	0	0	1.482988
15	164	0	0	0	2	0	2.452381
16	170	0	0	0	0	0	2.112168
17	176	0	0	0	1	0	2.505068
18	180	0	0	0	0	0	2.946898
19	189	0	0	0	1	0	1.492794
20	197	0	0	0	0	0	1.571791
21	206	0	0	0	1	0	1.736778
22	223	0	0	0	1	0	1.724534
23	230	0	0	0	1	0	1.467984
24	242	0	0	0	0	0	1.684663
25	252	0	0	0	0	0	1.125755
26	262	0	0	0	1	0	2.874070
27	277	0	0	0	1	0	2.790127
28	292	0	0	0	2	0	2.194876
29	304	0	0	0	2	0	2.105909
30	311	0	0	0	0	0	2.269501
31	321	0	0	0	0	0	2.747822
32	325	0	0	0	1	0	1.102889
33	329	0	0	0	1	0	1.708333
34	337	0	0	0	2	0	1.269335
35	345	0	0	0	1	0	2.723403
36	355	0	0	0	0	0	1.620434
37	368	0	0	0	2	0	1.229476
38	374	0	0	0	0	0	1.451910
39	386	0	0	0	1	0	2.443478
40	397	0	0	0	1	0	1.398121
41	407	0	0	0	0	0	1.385116
42	414	0	0	0	0	0	2.771730
43	420	0	0	0	2	0	1.089283
44	428	0	0	0	2	0	1.897543
45	436	0	0	0	0	0	1.679499
46	444	0	0	0	0	0	1.887533
47	457	0	0	0	1	0	1.633812
48	466	0	0	0	0	0	2.423406
49	473	0	0	0	0	0	2.203211
50	482	0	0	0	2	0	1.466022
51	492	0	0	0	1	0	2.783631
52	497	0	0	0	0	0	2.892814
53	509	0	0	0	2	0	2.518107
54	519	0	0	0	0	0	2.127492
55	528	0	0	0	1	0	2.405633
56	533	0	0	0	1	0	1.478285
57	546	0	0	0	2	0	1.219518
58	555	0	0	0	0	0	1.419459
59	569	0	0	0	1	0	1.272985
60	578	0	0	0	1	0	1.886004
61	584	0	0	0	2	0	2.528018
62	590	0	0	0	2	0	2.946849
63	602	0	0	0	1	0	1.245386
64	614	0	0	0	0	0	2.131962
65	624	0	0	0	2	0	1.875911
66	636	0	0	0	0	0	2.200638
67	646	0	0	0	0	0	1.726577
68	657	0	0	0	1	0	2.683204
69	668	0	0	0	1	0	1.522429
70	678	0	0	0	2	0	1.687729
71	685	0	0	0	2	0	1.577226
72	697	0	0	0	0	0	1.576036
73	704	0	0	0	0	0	1.455887
74	714	0	0	0	2	0	1.306064
75	727	0	0	0	1	0	2.024110
76	735	0	0	0	0	0	2.289523
77	744	0	0	0	1	0	2.989836
78	756	0	0	0	0	0	2.758863
79	765	0	0	0	1	0	1.020008
80	773	0	0	0	0	0	2.976484
81	784	0	0	0	1	0	1.094311
82	791	0	0	0	1	0	1.157121
83	799	0	0	0	2	0	1.057727
84	808	0	0	0	0	0	2.314236
85	819	0	0	0	1	0	2.054140
86	832	0	0	0	1	0	1.683072
87	845	0	0	0	0	0	1.679316
88	857	0	0	0	0	0	2.262390
89	866	0	0	0	0	0	1.851754
90	876	0	0	0	0	0	2.720391
91	887	0	0	0	0	0	1.754308
92	898	0	0	0	2	0	2.481520
93	904	0	0	0	2	0	2.848879
94	921	0	0	0	1	0	1.101768
95	927	0	0	0	2	0	2.372151
96	937	0	0	0	0	0	1.535937
97	951	0	0	0	1	0	1.793767
98	967	0	0	0	1	0	1.872215
99	981	0	0	0	0	0	1.454488
100	994	0	0	0	0	0	1.063013
101	1002	0	0	0	1	0	1.385521
102	1012	0	0	0	1	0	2.999237
103	1023	0	0	0	2	0	2.480197
104	1032	0	0	0	0	0	2.284289
105	1045	0	0	0	1	0	2.717576
106	1056	0	0	0	0	0	2.804170
107	1072	0	0	0	1	0	1.833591
108	1082	0	0	0	0	0	1.795678
109	1089	0	0	0	1	0	2.449293
110	1104	0	0	0	0	0	1.814444
111	1113	0	0	0	2	0	1.867615
112	1118	0	0	0	0	0	2.703117
113	1128	0	0	0	0	0	2.478071
114	1146	0	0	0	2	0	1.250203
115	1152	0	0	0	1	0	2.333750
116	1166	0	0	0	0	0	2.782851
117	1179	0	0	0	2	0	1.280579
118	1191	0	0	0	2	0	2.506249
119	1198	0	0	0	0	0	1.722252
120	1209	0	0	0	1	0	1.780340
121	1219	0	0	0	1	0	2.400905
122	1227	0	0	0	0	0	2.338256
123	1236	0	0	0	0	0	1.073911
124	1248	0	0	0	2	0	2.456751
125	1262	0	0	0	2	0	2.588543
126	1269	0	0	0	2	0	2.841438
127	1284	0	0	0	2	0	1.751373
128	1298	0	0	0	1	0	2.112116
129	1306	0	0	0	0	0	2.795881
130	1317	0	0	0	0	0	2.257157
131	1324	0	0	0	1	0	2.558956
132	1336	0	0	0	1	0	2.086799
133	1341	0	0	0	0	0	2.839924
134	1347	0	0	0	1	0	2.298526
135	1354	0	0	0	0	0	1.746894
136	1366	0	0	0	1	0	2.902605
137	1383	0	0	0	1	0	1.569829
138	1390	0	0	0	1	0	2.582156
139	1402	0	0	0	0	0	2.735266
140	1413	0	0	0	0	0	1.478451
141	1425	0	0	0	1	0	1.626154
142	1437	0	0	0	0	0	2.045992
143	1448	0	0	0	1	0	2.441080
144	1454	0	0	0	1	0	2.289489
145	1464	0	0	0	2	0	1.841423
146	1474	0	0	0	1	0	2.430632
147	1488	0	0	0	1	0	1.839966
148	1503	0	0	0	0	0	2.350006
149	1512	0	0	0	0	0	1.467000
150	1519	0	0	0	0	0	1.913200
151	1532	0	0	0	0	0	2.468947
152	1543	0	0	0	1	0	2.535146
153	1553	0	0	0	1	0	1.450052
154	1570	0	0	0	1	0	1.287577
155	1590	0	0	0	1	0	1.504471
156	1596	0	0	0	2	0	1.689278
157	1605	0	0	0	2	0	1.683434
158	1618	0	0	0	0	0	2.238314
159	1629	0	0	0	1	0	2.466032
160	1644	0	0	0	2	0	2.162470
161	1653	0	0	0	1	0	2.584785
162	1664	0	0	0	0	0	1.291934
163	1674	0	0	0	1	0	1.370714
164	1684	0	0	0	0	0	2.661051
165	1693	0	0	0	1	0	2.461469
166	1704	0	0	0	1	0	1.518863
167	1718	0	0	0	0	0	1.735838
168	1732	0	0	0	1	0	1.682223
169	1739	0	0	0	1	0	2.940174
170	1754	0	0	0	2	0	1.244957
171	1763	0	0	0	0	0	1.075023
172	1775	0	0	0	2	0	1.056526
173	1786	0	0	0	1	0	2.235457
174	1795	0	0	0	1	0	2.052897
175	1807	0	0	0	1	0	1.798334
176	1818	0	0	0	2	0	2.313192
177	1824	0	0	0	1	0	1.028102
178	1832	0	0	0	2	0	2.783032
179	1843	0	0	0	1	0	2.927987
180	1857	0	0	0	2	0	1.929968
181	1866	0	0	0	1	0	2.702174
182	1871	0	0	0	2	0	2.713553
183	1879	0	0	0	0	0	1.499250
184	1893	0	0	0	2	0	1.509317
185	1910	0	0	0	1	0	1.031332
186	1922	0	0	0	0	0	2.569765
187	1933	0	0	0	0	0	2.813895
188	1951	0	0	0	0	0	2.447156
189	1961	0	0	0	0	0	2.707862
190	1971	0	0	0	0	0	1.062044
191	1983	0	0	0	1	0	2.672173
192	1992	0	0	0	1	0	1.123034
193	1999	0	0	0	0	0	2.706560
194	2015	0	0	0	2	0	1.793467
195	2025	0	0	0	0	0	2.044805
196	2030	0	0	0	2	0	2.922044
197	2039	0	0	0	2	0	2.944047
198	2049	0	0	0	0	0	2.846653
199	2063	0	0	0	0	0	1.312085
200	2074	0	0	0	2	0	2.280516
201	2082	0	0	0	1	0	1.996905
202	2090	0	0	0	2	0	2.536272
203	2110	0	0	0	1	0	1.955145
204	2125	0	0	0	0	0	1.488980
205	2138	0	0	0	1	0	2.190675
206	2143	0	0	0	0	0	2.858561
207	2157	0	0	0	2	0	2.805832
208	2172	0	0	0	1	0	2.060589
209	2180	0	0	0	0	0	2.405865
210	2190	0	0	0	2	0	1.769646
211	2200	0	0	0	1	0	1.081901
212	2211	0	0	0	2	0	2.044803
213	2223	0	0	0	0	0	2.371906
214	2234	0	0	0	2	0	2.562458
215	2245	0	0	0	0	0	1.125778
216	2257	0	0	0	1	0	2.093198
217	2265	0	0	0	1	0	1.034483
218	2272	0	0	0	2	0	1.763528
219	2278	0	0	0	2	0	1.727489
220	2289	0	0	0	0	0	2.634230
221	2300	0	0	0	0	0	2.545794
222	2306	0	0	0	0	0	1.134353
223	2313	0	0	0	1	0	2.522942
224	2317	0	0	0	1	0	2.418120
225	2328	0	0	0	0	0	1.613355
226	2335	0	0	0	1	0	1.153451
227	2344	0	0	0	0	0	2.960453
228	2353	0	0	0	2	0	2.978408
229	2364	0	0	0	1	0	1.053970
230	2377	0	0	0	0	0	1.499223
231	2386	0	0	0	1	0	1.594684
232	2395	0	0	0	0	0	2.337258
233	2407	0	0	0	0	0	1.263216
234	2418	0	0	0	0	0	1.327703
235	2433	0	0	0	0	0	1.019701
236	2450	0	0	0	2	0	1.529884
237	2458	0	0	0	0	0	2.716813
238	2468	0	0	0	1	0	2.386320
239	2476	0	0	0	1	0	1.598995
240	2489	0	0	0	1	0	1.760701
241	2500	0	0	0	2	0	1.641086
242	2509	0	0	0	0	0	1.322050
243	2519	0	0	0	0	0	1.848396
244	2527	0	0	0	1	0	2.592030
245	2538	0	0	0	2	0	1.115410
246	2554	0	0	0	0	0	1.544315
247	2572	0	0	0	0	0	2.971943
248	2579	0	0	0	1	0	1.432776
249	2588	0	0	0	2	0	1.690342
250	2594	0	0	0	1	0	2.472129
251	2602	0	0	0	0	0	1.412369
252	2615	0	0	0	0	0	2.056855
253	2619	0	0	0	2	0	2.539940
254	2630	0	0	0	1	0	2.384565
255	2640	0	0	0	2	0	1.008850
256	2648	0	0	0	0	0	1.026152
257	2658	0	0	0	2	0	2.589920
258	2673	0	0	0	2	0	1.660607
259	2685	0	0	0	0	0	2.216622
260	2690	0	0	0	0	0	2.311936
261	2698	0	0	0	0	0	2.445771
262	2700	0	0	0	0	0	1.212811
263	2707	0	0	0	0	0	1.950314
264	2725	0	0	0	1	0	2.921496
265	2734	0	0	0	2	0	2.454060
266	2742	0	0	0	2	0	2.567707
267	2753	0	0	0	0	0	1.792321
268	2759	0	0	0	0	0	1.844716
269	2771	0	0	0	1	0	2.111211
270	2782	0	0	0	1	0	1.190802
271	2790	0	0	0	1	0	1.844189
272	2799	0	0	0	1	0	2.712459
273	2810	0	0	0	1	0	2.117662
274	2817	0	0	0	1	0	2.908194
275	2828	0	0	0	2	0	2.676085
276	2832	0	0	0	2	0	1.536746
277	2836	0	0	0	1	0	2.034491
278	2841	0	0	0	2	0	2.141264
279	2852	0	0	0	0	0	2.289840
280	2870	0	0	0	0	0	1.170562
281	2883	0	0	0	0	0	2.255559
282	2890	0	0	0	2	0	1.957199
283	2899	0	0	0	0	0	1.332339
284	2907	0	0	0	1	0	1.920917
285	2922	0	0	0	2	0	1.107498
286	2930	0	0	0	0	0	2.900933
287	2939	0	0	0	2	0	1.327373
288	2947	0	0	0	2	0	1.976739
289	2956	0	0	0	1	0	1.509636
290	2967	0	0	0	0	0	1.142689
291	2977	0	0	0	1	0	2.187831
292	2985	0	0	0	2	0	2.090835
293	2991	0	0	0	0	0	1.064511
294	3003	0	0	0	0	0	2.059173
295	3011	0	0	0	2	0	2.996318
296	3025	0	0	0	0	0	1.330004
297	3031	0	0	0	1	0	2.627939
298	3041	0	0	0	0	0	1.682443
299	3054	0	0	0	0	0	1.338233
300	3063	0	0	0	0	0	2.706518
301	3079	0	0	0	2	0	1.978102
302	3087	0	0	0	1	0	1.997172
303	3095	0	0	0	2	0	2.476187
304	3105	0	0	0	2	0	2.532811
305	3120	0	0	0	2	0	2.075236
306	3132	0	0	0	0	0	2.779548
307	3147	0	0	0	2	0	1.182492
308	3162	0	0	0	2	0	2.318560
309	3171	0	0	0	0	0	1.329014
310	3180	0	0	0	0	0	1.503696
311	3190	0	0	0	0	0	1.013168
312	3200	0	0	0	0	0	1.112988
313	3206	0	0	0	1	0	2.760356
314	3217	0	0	0	0	0	2.287610
315	3233	0	0	0	2	0	2.615667
316	3243	0	0	0	2	0	1.852024
317	3252	0	0	0	0	0	1.897616
318	3264	0	0	0	1	0	1.079814
319	3273	0	0	0	2	0	2.375358
320	3285	0	0	0	0	0	2.293885
321	3296	0	0	0	0	0	2.978082
322	3304	0	0	0	1	0	1.615781
323	3313	0	0	0	1	0	1.297818
324	3323	0	0	0	2	0	2.088702
325	3328	0	0	0	0	0	1.047609
326	3347	0	0	0	0	0	2.170854
327	3351	0	0	0	1	0	1.788441
328	3361	0	0	0	1	0	1.528310
329	3374	0	0	0	1	0	2.072904
330	3388	0	0	0	1	0	1.760454
331	3393	0	0	0	0	0	2.297481
332	3407	0	0	0	1	0	2.662084
333	3417	0	0	0	0	0	1.851438
334	3426	0	0	0	1	0	1.341728
335	3432	0	0	0	1	0	2.665766
336	3444	0	0	0	1	0	2.898787
337	3453	0	0	0	2	0	1.820339
338	3461	0	0	0	0	0	1.612915
339	3470	0	0	0	2	0	1.595074
340	3483	0	0	0	0	0	2.095829
341	3490	0	0	0	0	0	1.618878
342	3503	0	0	0	0	0	2.177388
343	3511	0	0	0	0	0	1.884349
344	3521	0	0	0	2	0	2.500115
345	3529	0	0	0	0	0	1.312296
346	3537	0	0	0	0	0	1.936561
347	3542	0	0	0	0	0	1.224933
348	3550	0	0	0	0	0	2.075027
349	3559	0	0	0	1	0	2.566658
350	3573	0	0	0	2	0	2.075184
351	3584	0	0	0	1	0	1.894489
352	3598	0	0	0	0	0	2.002654
353	3606	0	0	0	0	0	1.015462
354	3614	0	0	0	1	0	1.230729
355	3622	0	0	0	1	0	1.737159
356	3627	0	0	0	0	0	2.582359
357	3634	0	0	0	0	0	2.937184
358	3641	0	0	0	1	0	1.590075
359	3651	0	0	0	0	0	1.069341
360	3655	0	0	0	1	0	2.447886
361	3666	0	0	0	1	0	2.486165
362	3673	0	0	0	1	0	2.481658
363	3684	0	0	0	1	0	2.096450
364	3695	0	0	0	0	0	2.181979
365	3709	0	0	0	1	0	1.079971
366	3720	0	0	0	0	0	2.456194
367	3729	0	0	0	2	0	2.209433
368	3740	0	0	0	2	0	1.160028
369	3754	0	0	0	0	0	1.920894
370	3768	0	0	0	2	0	1.087106
371	3781	0	0	0	2	0	1.754492
372	3790	0	0	0	0	0	2.541930
373	3804	0	0	0	0	0	2.626809
374	3811	0	0	0	1	0	2.893477
375	3828	0	0	0	0	0	2.842049
376	3837	0	0	0	0	0	2.784821
377	3848	0	0	0	2	0	1.658355
378	3857	0	0	0	1	0	1.687583
379	3864	0	0	0	0	0	1.947532
380	3879	0	0	0	2	0	2.004861
381	3887	0	0	0	1	0	2.934755
382	3894	0	0	0	2	0	1.631700
383	3903	0	0	0	0	0	1.098352
384	3911	0	0	0	0	0	1.350173
385	3917	0	0	0	0	0	2.617891
386	3926	0	0	0	1	0	1.638666
387	3942	0	0	0	0	0	1.994858
388	3952	0	0	0	0	0	1.623650
389	3955	0	0	0	2	0	1.115116
390	3964	0	0	0	1	0	2.538599
391	3970	0	0	0	0	0	1.341983
392	3981	0	0	0	2	0	1.011434
393	3991	0	0	0	0	0	1.028610
394	4002	0	0	0	2	0	2.489962
395	4013	0	0	0	2	0	2.577468
396	4027	0	0	0	0	0	1.371100
397	4039	0	0	0	1	0	2.327051
398	4049	0	0	0	0	0	2.654754
399	4060	0	0	0	1	0	2.514238
400	4069	0	0	0	1	0	2.826396
401	4078	0	0	0	0	0	1.678335
402	4090	0	0	0	2	0	1.824546
403	4100	0	0	0	2	0	2.806959
404	4108	0	0	0	0	0	2.252384
405	4117	0	0	0	1	0	2.054296
406	4122	0	0	0	0	0	2.054746
407	4133	0	0	0	1	0	2.038554
408	4141	0	0	0	1	0	2.664075
409	4151	0	0	0	2	0	2.618892
410	4157	0	0	0	1	0	2.850536
411	4169	0	0	0	1	0	2.363870
412	4177	0	0	0	0	0	1.093647
413	4186	0	0	0	0	0	1.671568
414	4200	0	0	0	1	0	2.195986
415	4209	0	0	0	1	0	1.017072
416	4215	0	0	0	0	0	1.752719
417	4220	0	0	0	1	0	1.041591
418	4227	0	0	0	2	0	1.878548
419	4240	0	0	0	2	0	2.887238
420	4247	0	0	0	2	0	2.182777
421	4257	0	0	0	2	0	1.303766
422	4266	0	0	0	0	0	2.592187
423	4271	0	0	0	0	0	2.059475
424	4281	0	0	0	2	0	1.734238
425	4288	0	0	0	2	0	1.106441
426	4300	0	0	0	0	0	1.753549
427	4316	0	0	0	0	0	2.046663
428	4330	0	0	0	1	0	1.312834
429	4334	0	0	0	1	0	1.206816
430	4342	0	0	0	0	0	1.242847
431	4350	0	0	0	1	0	1.247324
432	4358	0	0	0	0	0	1.898581
433	4366	0	0	0	2	0	2.021164
434	4377	0	0	0	1	0	1.422032
435	4383	0	0	0	2	0	1.353568
436	4391	0	0	0	1	0	2.870070
437	4406	0	0	0	1	0	1.026282
438	4413	0	0	0	2	0	2.860759
439	4423	0	0	0	2	0	2.037576
440	4430	0	0	0	2	0	2.175623
441	4439	0	0	0	1	0	1.125438
442	4453	0	0	0	2	0	2.250889
443	4463	0	0	0	0	0	1.645624
444	4470	0	0	0	1	0	1.981211
445	4483	0	0	0	2	0	2.453637
446	4489	0	0	0	1	0	1.079973
447	4499	0	0	0	1	0	2.612938
448	4506	0	0	0	1	0	1.094123
449	4512	0	0	0	2	0	1.402077
450	4523	0	0	0	1	0	1.424036
451	4542	0	0	0	1	0	2.342778
452	4554	0	0	0	0	0	2.462069
453	4567	0	0	0	0	0	1.374097
454	4573	0	0	0	2	0	2.138336
455	4583	0	0	0	2	0	1.489024
456	4596	0	0	0	0	0	1.532603
457	4603	0	0	0	0	0	1.022621
458	4615	0	0	0	0	0	1.005740
459	4629	0	0	0	0	0	1.794796
460	4632	0	0	0	0	0	1.596603
461	4640	0	0	0	0	0	2.654009
462	4652	0	0	0	1	0	1.214338
463	4665	0	0	0	1	0	2.176170
464	4678	0	0	0	2	0	2.560669
465	4686	0	0	0	0	0	2.789868
466	4700	0	0	0	2	0	1.217333
467	4714	0	0	0	0	0	1.713134
468	4722	0	0	0	2	0	2.303554
469	4730	0	0	0	0	0	2.849352
470	4739	0	0	0	0	0	2.388104
471	4747	0	0	0	2	0	2.095431
472	4758	0	0	0	0	0	2.096773
473	4767	0	0	0	0	0	1.643019
474	4780	0	0	0	1	0	1.379792
475	4785	0	0	0	2	0	2.288305
476	4793	0	0	0	0	0	1.822193
477	4802	0	0	0	2	0	2.061431
478	4816	0	0	0	2	0	2.618956
479	4826	0	0	0	1	0	1.588891
480	4830	0	0	0	0	0	1.373313
481	4844	0	0	0	1	0	2.396258
482	4853	0	0	0	2	0	2.000504
483	4864	0	0	0	1	0	1.648121
484	4878	0	0	0	1	0	1.713206
485	4882	0	0	0	0	0	1.334094
486	4894	0	0	0	0	0	2.999811
487	4907	0	0	0	1	0	1.242959
488	4916	0	0	0	2	0	2.086159
489	4926	0	0	0	1	0	1.535151
490	4938	0	0	0	2	0	2.384732
491	4949	0	0	0	1	0	1.231504
492	4962	0	0	0	0	0	1.729476
493	4973	0	0	0	1	0	2.092986
494	4982	0	0	0	0	0	1.498205
495	4997	0	0	0	2	0	1.505801
496	5002	0	0	0	1	0	1.905642
497	5009	0	0	0	0	0	2.915061
498	5017	0	0	0	0	0	1.247191
499	5031	0	0	0	0	0	2.205587
500	5037	0	0	0	0	0	1.639602
501	5042	0	0	0	2	0	2.937339
502	5052	0	0	0	0	0	1.194230
503	5064	0	0	0	2	0	1.507047
504	5074	0	0	0	0	0	2.518810
505	5090	0	0	0	0	0	2.609311
506	5094	0	0	0	0	0	1.066855
507	5105	0	0	0	0	0	2.713635
508	5117	0	0	0	0	0	2.611082
509	5130	0	0	0	1	0	2.378153
510	5140	0	0	0	0	0	2.603737
511	5154	0	0	0	0	0	1.661148
512	5166	0	0	0	0	0	2.946644
513	5178	0	0	0	2	0	1.460728
514	5186	0	0	0	1	0	1.851523
515	5194	0	0	0	1	0	2.832234
516	5200	0	0	0	0	0	2.736955
517	5214	0	0	0	0	0	1.565497
518	5228	0	0	0	1	0	1.560819
519	5245	0	0	0	0	0	1.809080
520	5257	0	0	0	1	0	2.845431
521	5266	0	0	0	2	0	2.054604
522	5277	0	0	0	2	0	1.668102
523	5286	0	0	0	1	0	2.415401
524	5300	0	0	0	2	0	1.389488
525	5311	0	0	0	2	0	1.088567
526	5317	0	0	0	0	0	2.018440
527	5334	0	0	0	1	0	1.084750
528	5342	0	0	0	0	0	2.202556
529	5353	0	0	0	0	0	1.619049
530	5361	0	0	0	0	0	2.539818
531	5372	0	0	0	1	0	1.604464
532	5384	0	0	0	0	0	2.750327
533	5398	0	0	0	1	0	2.171638
534	5413	0	0	0	0	0	2.375442
535	5423	0	0	0	0	0	2.880550
536	5436	0	0	0	1	0	1.296273
537	5450	0	0	0	0	0	1.689465
538	5463	0	0	0	2	0	1.773761
539	5470	0	0	0	0	0	1.160243
540	5484	0	0	0	2	0	1.227064
541	5492	0	0	0	1	0	1.577959
542	5497	0	0	0	0	0	2.874078
543	5513	0	0	0	2	0	1.062064
544	5523	0	0	0	1	0	2.602644
545	5535	0	0	0	1	0	2.347343
546	5544	0	0	0	0	0	2.128393
547	5556	0	0	0	0	0	1.682750
548	5564	0	0	0	2	0	1.575910
549	5573	0	0	0	0	0	2.368694
550	5580	0	0	0	2	0	2.870180
551	5587	0	0	0	1	0	2.925802
552	5594	0	0	0	1	0	1.590161
553	5604	0	0	0	0	0	1.531361
554	5618	0	0	0	1	0	2.164802
555	5629	0	0	0	0	0	1.879971
556	5645	0	0	0	0	0	2.765437
557	5658	0	0	0	0	0	1.839638
558	5663	0	0	0	0	0	1.187325
559	5669	0	0	0	0	0	2.011053
560	5677	0	0	0	1	0	2.929872
561	5681	0	0	0	2	0	1.483598
562	5688	0	0	0	1	0	2.276697
563	5700	0	0	0	0	0	1.059495
564	5713	0	0	0	0	0	1.003630
565	5721	0	0	0	0	0	1.484544
566	5730	0	0	0	1	0	2.382786
567	5744	0	0	0	0	0	1.994630
568	5758	0	0	0	1	0	1.009541
569	5766	0	0	0	1	0	2.201279
570	5779	0	0	0	0	0	1.730089
571	5786	0	0	0	2	0	1.823034
572	5796	0	0	0	1	0	1.058073
573	5802	0	0	0	0	0	1.309285
574	5814	0	0	0	1	0	2.638733
575	5822	0	0	0	0	0	2.649062
576	5831	0	0	0	1	0	2.687614
577	5840	0	0	0	1	0	1.882782
578	5846	0	0	0	0	0	2.917317
579	5851	0	0	0	1	0	2.367129
580	5861	0	0	0	0	0	1.600912
581	5868	0	0	0	1	0	2.488845
582	5875	0	0	0	0	0	2.956732
583	5888	0	0	0	2	0	1.594733
584	5903	0	0	0	2	0	2.934209
585	5911	0	0	0	2	0	2.139961
586	5919	0	0	0	2	0	2.091962
587	5921	0	0	0	1	0	2.555648
588	5934	0	0	0	2	0	2.370658
589	5945	0	0	0	0	0	1.724316
590	5954	0	0	0	2	0	1.627676
591	5965	0	0	0	0	0	2.010609
592	5974	0	0	0	1	0	1.356715
593	5987	0	0	0	0	0	2.942689
594	5992	0	0	0	1	0	2.828028
595	6001	0	0	0	0	0	1.016361
596	6013	0	0	0	2	0	1.992231
597	6021	0	0	0	0	0	1.138425
598	6035	0	0	0	2	0	1.449573
599	6047	0	0	0	1	0	2.935215
600	6053	0	0	0	1	0	2.796630
601	6062	0	0	0	1	0	1.763908
602	6071	0	0	0	1	0	2.660082
603	6082	0	0	0	0	0	1.543226
604	6095	0	0	0	1	0	2.722624
605	6102	0	0	0	0	0	1.837010
606	6111	0	0	0	2	0	2.535444
607	6124	0	0	0	0	0	2.505542
608	6138	0	0	0	1	0	2.630085
609	6147	0	0	0	0	0	2.826389
610	6160	0	0	0	1	0	2.461585
611	6171	0	0	0	2	0	2.136583
612	6185	0	0	0	2	0	1.340229
613	6192	0	0	0	2	0	2.029254
614	6195	0	0	0	1	0	2.798393
615	6205	0	0	0	1	0	1.581854
616	6217	0	0	0	2	0	1.519598
617	6223	0	0	0	1	0	1.703587
618	6233	0	0	0	1	0	1.689470
619	6243	0	0	0	1	0	2.847905
620	6252	0	0	0	1	0	1.903207
621	6260	0	0	0	0	0	1.483052
622	6271	0	0	0	0	0	2.598049
623	6283	0	0	0	0	0	1.604913
624	6296	0	0	0	1	0	2.446333
625	6310	0	0	0	1	0	2.950336
626	6317	0	0	0	1	0	1.133284
627	6327	0	0	0	1	0	1.987408
628	6340	0	0	0	0	0	1.651133
629	6344	0	0	0	0	0	2.574032
630	6351	0	0	0	0	0	2.691319
631	6358	0	0	0	1	0	1.799627
632	6372	0	0	0	1	0	2.662862
633	6385	0	0	0	0	0	2.941107
634	6395	0	0	0	0	0	1.177587
635	6402	0	0	0	1	0	1.094928
636	6411	0	0	0	2	0	1.530137
637	6421	0	0	0	0	0	2.018661
638	6436	0	0	0	2	0	2.066040
639	6442	0	0	0	2	0	1.302360
640	6453	0	0	0	1	0	1.554010
641	6464	0	0	0	1	0	2.282575
642	6482	0	0	0	2	0	2.624638
643	6495	0	0	0	1	0	2.920428
644	6502	0	0	0	0	0	2.199198
645	6511	0	0	0	1	0	2.259342
646	6524	0	0	0	0	0	1.682714
647	6536	0	0	0	1	0	2.988913
648	6544	0	0	0	2	0	2.881524
649	6557	0	0	0	1	0	2.050020
650	6566	0	0	0	2	0	2.342304
651	6574	0	0	0	1	0	2.661583
652	6587	0	0	0	2	0	1.490912
653	6604	0	0	0	1	0	2.428338
654	6619	0	0	0	0	0	2.078775
655	6626	0	0	0	0	0	1.888556
656	6630	0	0	0	0	0	1.808017
657	6638	0	0	0	2	0	1.970442
658	6652	0	0	0	0	0	1.363240
659	6663	0	0	0	0	0	2.637543
660	6676	0	0	0	1	0	1.367384
661	6680	0	0	0	2	0	1.244081
662	6687	0	0	0	1	0	1.067262
663	6693	0	0	0	1	0	2.499789
664	6705	0	0	0	0	0	1.482767
665	6722	0	0	0	1	0	2.193784
666	6731	0	0	0	2	0	2.727768
667	6741	0	0	0	2	0	1.614856
668	6752	0	0	0	1	0	1.873709
669	6765	0	0	0	1	0	2.570367
670	6778	0	0	0	1	0	2.007190
671	6785	0	0	0	0	0	2.738188
672	6796	0	0	0	1	0	2.045936
673	6810	0	0	0	1	0	1.555072
674	6820	0	0	0	2	0	1.186024
675	6829	0	0	0	1	0	2.137991
676	6841	0	0	0	2	0	1.670312
677	6857	0	0	0	0	0	2.465704
678	6863	0	0	0	2	0	2.513079
679	6871	0	0	0	0	0	1.693962
680	6879	0	0	0	1	0	1.058371
681	6897	0	0	0	1	0	1.948610
682	6903	0	0	0	0	0	2.026264
683	6910	0	0	0	1	0	1.782243
684	6921	0	0	0	1	0	2.644886
685	6930	0	0	0	2	0	1.692968
686	6940	0	0	0	0	0	1.815045
687	6953	0	0	0	0	0	1.819134
688	6961	0	0	0	0	0	2.675677
689	6965	0	0	0	0	0	2.747914
690	6974	0	0	0	1	0	1.673388
691	6984	0	0	0	0	0	1.819483
692	6993	0	0	0	0	0	1.430279
693	7001	0	0	0	1	0	2.573040
694	7009	0	0	0	0	0	2.747553
695	7018	0	0	0	0	0	2.436586
696	7028	0	0	0	0	0	2.833921
697	7037	0	0	0	0	0	1.667327
698	7048	0	0	0	1	0	1.551660
699	7059	0	0	0	1	0	1.360627
700	7070	0	0	0	0	0	2.664597
701	7080	0	0	0	1	0	2.470758
702	7088	0	0	0	0	0	2.517299
703	7100	0	0	0	1	0	1.850155
704	7110	0	0	0	0	0	1.024398
705	7122	0	0	0	2	0	2.226052
706	7131	0	0	0	1	0	2.593108
707	7137	0	0	0	0	0	2.795878
708	7146	0	0	0	2	0	2.300067
709	7157	0	0	0	0	0	2.618755
710	7166	0	0	0	1	0	2.445901
711	7175	0	0	0	0	0	1.839878
712	7182	0	0	0	2	0	1.749296
713	7193	0	0	0	0	0	1.200418
714	7203	0	0	0	1	0	2.975488
715	7214	0	0	0	0	0	2.719392
716	7220	0	0	0	1	0	1.125098
717	7231	0	0	0	0	0	1.007651
718	7237	0	0	0	0	0	1.186185
719	7248	0	0	0	2	0	1.336377
720	7261	0	0	0	0	0	1.206142
721	7276	0	0	0	1	0	1.468869
722	7285	0	0	0	2	0	2.944039
723	7297	0	0	0	1	0	2.061933
724	7307	0	0	0	1	0	2.395591
725	7316	0	0	0	0	0	1.692566
726	7320	0	0	0	2	0	1.389444
727	7331	0	0	0	0	0	1.320145
728	7343	0	0	0	0	0	2.151999
729	7352	0	0	0	0	0	2.436664
730	7360	0	0	0	2	0	2.534767
731	7373	0	0	0	0	0	2.110906
732	7385	0	0	0	0	0	2.635839
733	7395	0	0	0	0	0	1.626865
734	7402	0	0	0	1	0	1.934140
735	7407	0	0	0	2	0	1.582062
736	7418	0	0	0	2	0	1.796682
737	7425	0	0	0	0	0	2.171110
738	7434	0	0	0	0	0	2.501223
739	7447	0	0	0	1	0	2.087089
740	7460	0	0	0	0	0	2.547462
741	7474	0	0	0	0	0	1.328244
742	7487	0	0	0	0	0	1.269313
743	7494	0	0	0	1	0	1.119964
744	7503	0	0	0	2	0	1.080617
745	7510	0	0	0	0	0	1.126758
746	7518	0	0	0	1	0	2.977780
747	7525	0	0	0	0	0	2.758782
748	7544	0	0	0	2	0	2.477415
749	7552	0	0	0	1	0	2.319863
750	7558	0	0	0	2	0	2.622504
751	7566	0	0	0	0	0	1.591480
752	7576	0	0	0	0	0	1.695660
753	7582	0	0	0	0	0	2.879084
754	7589	0	0	0	0	0	2.203685
755	7594	0	0	0	2	0	1.065054
756	7602	0	0	0	0	0	2.155756
757	7607	0	0	0	1	0	1.865235
758	7615	0	0	0	0	0	2.513637
759	7621	0	0	0	0	0	1.252961
760	7625	0	0	0	0	0	1.519870
761	7638	0	0	0	0	0	2.849131
762	7648	0	0	0	0	0	2.351650
763	7661	0	0	0	2	0	1.663265
764	7675	0	0	0	2	0	1.410842
765	7691	0	0	0	1	0	2.528520
766	7703	0	0	0	2	0	1.598361
767	7711	0	0	0	1	0	1.417048
768	7719	0	0	0	0	0	1.155691
769	7729	0	0	0	0	0	2.315512
770	7739	0	0	0	0	0	1.983601
771	7750	0	0	0	0	0	1.707420
772	7756	0	0	0	2	0	1.815212
773	7763	0	0	0	1	0	2.576291
774	7772	0	0	0	0	0	2.110622
775	7781	0	0	0	2	0	2.498820
776	7787	0	0	0	1	0	1.867645
777	7796	0	0	0	0	0	2.194875
778	7806	0	0	0	2	0	1.239294
779	7820	0	0	0	0	0	2.478316
780	7828	0	0	0	0	0	1.231804
781	7838	0	0	0	2	0	1.122261
782	7848	0	0	0	1	0	2.741167
783	7863	0	0	0	1	0	2.784184
784	7869	0	0	0	0	0	1.130394
785	7877	0	0	0	0	0	2.983484
786	7892	0	0	0	0	0	2.408506
787	7894	0	0	0	0	0	2.561216
788	7905	0	0	0	1	0	2.306851
789	7914	0	0	0	2	0	1.159047
790	7926	0	0	0	2	0	1.370765
791	7935	0	0	0	2	0	1.461875
792	7948	0	0	0	0	0	1.281510
793	7957	0	0	0	0	0	2.181320
794	7964	0	0	0	0	0	2.824569
795	7974	0	0	0	2	0	1.622100
796	7980	0	0	0	1	0	2.102434
797	7993	0	0	0	1	0	2.863931
798	8000	0	0	0	2	0	2.323639
799	8010	0	0	0	0	0	2.637251
800	8019	0	0	0	0	0	1.120278
801	8035	0	0	0	1	0	2.756322
802	8048	0	0	0	0	0	2.252803
803	8060	0	0	0	0	0	2.424931
804	8070	0	0	0	1	0	2.849000
805	8080	0	0	0	1	0	2.635631
806	8083	0	0	0	1	0	1.283645
807	8089	0	0	0	0	0	1.660686
808	8100	0	0	0	1	0	2.961630
809	8110	0	0	0	0	0	1.425769
810	8123	0	0	0	1	0	2.531421
811	8136	0	0	0	2	0	2.510388
812	8144	0	0	0	1	0	1.484932
813	8154	0	0	0	0	0	1.196220
814	8166	0	0	0	1	0	1.428435
815	8174	0	0	0	0	0	2.311972
816	8179	0	0	0	1	0	1.830313
817	8187	0	0	0	2	0	1.391965
818	8200	0	0	0	0	0	2.558144
819	8212	0	0	0	1	0	2.635701
820	8222	0	0	0	0	0	1.783683
821	8229	0	0	0	2	0	2.372854
822	8244	0	0	0	0	0	2.865089
823	8253	0	0	0	1	0	1.541900
824	8270	0	0	0	1	0	1.584605
825	8274	0	0	0	2	0	2.817775
826	8279	0	0	0	0	0	1.863509
827	8287	0	0	0	2	0	1.824241
828	8305	0	0	0	1	0	2.563901
829	8312	0	0	0	0	0	1.406130
830	8316	0	0	0	0	0	1.988178
831	8325	0	0	0	0	0	2.430324
832	8337	0	0	0	0	0	2.488889
833	8352	0	0	0	0	0	1.416677
834	8364	0	0	0	0	0	2.638619
835	8368	0	0	0	0	0	2.003716
836	8382	0	0	0	2	0	1.147598
837	8394	0	0	0	0	0	2.353911
838	8404	0	0	0	2	0	2.283341
839	8416	0	0	0	2	0	2.897518
840	8431	0	0	0	2	0	2.622211
841	8442	0	0	0	1	0	2.988840
842	8448	0	0	0	1	0	1.507795
843	8460	0	0	0	1	0	2.664007
844	8472	0	0	0	1	0	2.653697
845	8481	0	0	0	1	0	1.905300
846	8489	0	0	0	1	0	1.730787
847	8499	0	0	0	0	0	2.960472
848	8508	0	0	0	1	0	1.986320
849	8523	0	0	0	2	0	2.366474
850	8538	0	0	0	1	0	1.736637
851	8547	0	0	0	1	0	2.880491
852	8555	0	0	0	0	0	1.170890
853	8568	0	0	0	0	0	2.472924
854	8578	0	0	0	0	0	1.328492
855	8589	0	0	0	0	0	2.322201
856	8598	0	0	0	2	0	1.271824
857	8609	0	0	0	1	0	1.040870
858	8623	0	0	0	1	0	2.453580
859	8629	0	0	0	0	0	1.073856
860	8642	0	0	0	2	0	1.307827
861	8656	0	0	0	0	0	2.143672
862	8667	0	0	0	1	0	1.011714
863	8676	0	0	0	1	0	1.400844
864	8688	0	0	0	0	0	1.727738
865	8706	0	0	0	1	0	1.631015
866	8723	0	0	0	0	0	2.114392
867	8726	0	0	0	0	0	1.325466
868	8737	0	0	0	2	0	2.618147
869	8745	0	0	0	0	0	1.275777
870	8756	0	0	0	0	0	1.195873
871	8766	0	0	0	2	0	2.000647
872	8776	0	0	0	1	0	1.678938
873	8781	0	0	0	0	0	2.738542
874	8792	0	0	0	2	0	2.843467
875	8805	0	0	0	2	0	1.647410
876	8815	0	0	0	2	0	2.055670
877	8821	0	0	0	0	0	2.799036
878	8838	0	0	0	0	0	1.837980
879	8850	0	0	0	1	0	2.158821
880	8862	0	0	0	2	0	1.128033
881	8874	0	0	0	1	0	1.482255
882	8879	0	0	0	1	0	1.101976
883	8885	0	0	0	1	0	2.158085
884	8892	0	0	0	2	0	2.123508
885	8901	0	0	0	2	0	1.326735
886	8910	0	0	0	1	0	1.089967
887	8920	0	0	0	2	0	1.685028
888	8931	0	0	0	0	0	1.152789
889	8938	0	0	0	0	0	2.946828
890	8946	0	0	0	1	0	1.141002
891	8953	0	0	0	0	0	2.043138
892	8958	0	0	0	0	0	2.796907
893	8970	0	0	0	1	0	1.414024
894	8984	0	0	0	0	0	2.295332
895	8993	0	0	0	1	0	2.168570
896	9002	0	0	0	0	0	1.664752
897	9013	0	0	0	1	0	1.898270
898	9020	0	0	0	2	0	1.194590
899	9030	0	0	0	2	0	1.171860
900	9046	0	0	0	1	0	2.105855
901	9055	0	0	0	0	0	2.192449
902	9076	0	0	0	1	0	2.432288
903	9080	0	0	0	2	0	1.504311
904	9094	0	0	0	1	0	1.147060
905	9101	0	0	0	0	0	1.204003
906	9108	0	0	0	0	0	2.322548
907	9117	0	0	0	2	0	1.558367
908	9132	0	0	0	1	0	2.710494
909	9142	0	0	0	1	0	2.616911
910	9151	0	0	0	1	0	2.436436
911	9158	0	0	0	0	0	2.297104
912	9168	0	0	0	2	0	2.681170
913	9178	0	0	0	0	0	1.690609
914	9188	0	0	0	2	0	2.483506
915	9199	0	0	0	1	0	2.183370
916	9210	0	0	0	0	0	1.116934
917	9220	0	0	0	0	0	1.374166
918	9231	0	0	0	1	0	1.640094
919	9239	0	0	0	2	0	2.067506
920	9249	0	0	0	2	0	2.603231
921	9257	0	0	0	2	0	1.388270
922	9265	0	0	0	2	0	1.465760
923	9275	0	0	0	1	0	2.632610
924	9284	0	0	0	2	0	1.302843
925	9292	0	0	0	1	0	2.771791
926	9300	0	0	0	1	0	2.208024
927	9311	0	0	0	2	0	2.276292
928	9319	0	0	0	0	0	1.874867
929	9331	0	0	0	0	0	1.198339
930	9347	0	0	0	0	0	2.418566
931	9353	0	0	0	1	0	2.641405
932	9360	0	0	0	0	0	1.059303
933	9368	0	0	0	2	0	1.104550
934	9380	0	0	0	2	0	1.281455
935	9390	0	0	0	0	0	1.737081
936	9401	0	0	0	1	0	2.675428
937	9409	0	0	0	0	0	1.419046
938	9417	0	0	0	0	0	2.526301
939	9419	0	0	0	0	0	1.707687
940	9429	0	0	0	2	0	2.580115
941	9437	0	0	0	0	0	2.580021
942	9448	0	0	0	2	0	1.004508
943	9468	0	0	0	0	0	1.534748
944	9481	0	0	0	1	0	2.861348
945	9495	0	0	0	2	0	2.467816
946	9500	0	0	0	1	0	1.537522
947	9516	0	0	0	0	0	2.187398
948	9528	0	0	0	0	0	2.791611
949	9535	0	0	0	0	0	1.990254
950	9541	0	0	0	1	0	2.850834
951	9544	0	0	0	2	0	2.976581
952	9552	0	0	0	1	0	2.755765
953	9568	0	0	0	1	0	2.654145
954	9581	0	0	0	1	0	2.304333
955	9594	0	0	0	1	0	2.009172
956	9602	0	0	0	1	0	1.540452
957	9618	0	0	0	2	0	2.106197
958	9628	0	0	0	0	0	2.982699
959	9639	0	0	0	0	0	1.044826
960	9651	0	0	0	0	0	2.490917
961	9663	0	0	0	2	0	2.739537
962	9678	0	0	0	0	0	1.432092
963	9686	0	0	0	1	0	2.627883
964	9694	0	0	0	0	0	2.431462
965	9703	0	0	0	0	0	1.124283
966	9713	0	0	0	2	0	1.443427
967	9725	0	0	0	0	0	1.064322
968	9741	0	0	0	0	0	2.406015
969	9747	0	0	0	1	0	2.994807
970	9756	0	0	0	0	0	1.538385
971	9764	0	0	0	1	0	1.616863
972	9775	0	0	0	2	0	2.810263
973	9787	0	0	0	0	0	1.123092
974	9791	0	0	0	0	0	1.090099
975	9799	0	0	0	0	0	2.572631
976	9805	0	0	0	2	0	1.038505
977	9819	0	0	0	0	0	1.025244
978	9831	0	0	0	2	0	1.720243
979	9840	0	0	0	2	0	2.915115
980	9849	0	0	0	2	0	1.600113
981	9861	0	0	0	0	0	1.626071
982	9873	0	0	0	1	0	2.969572
983	9880	0	0	0	0	0	1.386379
984	9896	0	0	0	2	0	2.530639
985	9904	0	0	0	1	0	1.706684
986	9921	0	0	0	2	0	1.923686
987	9933	0	0	0	2	0	1.722098
988	9951	0	0	0	0	0	2.208116
989	9956	0	0	0	0	0	1.364439
990	9961	0	0	0	0	0	1.235895
991	9975	0	0	0	1	0	1.313398
992	9990	0	0	0	0	0	1.336488
993	9992	0	0	0	2	0	1.737254
994	10005	0	0	0	0	0	2.143581
995	10015	0	0	0	0	0	1.986931
996	10019	0	0	0	1	0	1.391586
997	10032	0	0	0	0	0	2.800974
998	10042	0	0	0	1	0	2.279416
999	10050	0	0	0	0	0	1.232927
