0	1	0	0	0	1	0	1.012741
1	8	0	0	0	1	0	2.149857
2	22	0	0	0	1	0	2.269005
3	37	0	0	0	2	0	2.473468
4	42	0	0	0	0	0	1.112883
5	50	0	0	0	2	0	2.273511
6	60	0	0	0	1	0	1.832571
7	67	0	0	0	0	0	2.491870
8	75	0	0	0	0	0	1.975890
9	86	0	0	0	0	0	2.935695
10	96	0	0	0	0	0	1.553204
11	109	0	0	0	2	0	1.174913
12	118	0	0	0	1	0	1.443468
13	123	0	0	0	1	0	2.288312
14	134	0	0	0	2	0	2.182599
15	143	0	0	0	0	0	2.527177
16	154	0	0	0	2	0	1.958267
17	162	0	0	0	1	0	1.303874
18	168	0	0	0	1	0	2.169650
19	180	0	0	0	2	0	2.876445
20	192	0	0	0	0	0	2.950972
21	195	0	0	0	1	0	1.711961
22	208	0	0	0	0	0	1.078444
23	213	0	0	0	0	0	2.510902
24	221	0	0	0	1	0	2.394802
25	230	0	0	0	2	0	2.315622
26	237	0	0	0	0	0	2.684730
27	248	0	0	0	0	0	1.143000
28	261	0	0	0	0	0	1.505073
29	270	0	0	0	0	0	1.472034
30	283	0	0	0	0	0	2.381990
31	293	0	0	0	2	0	2.247684
32	303	0	0	0	0	0	2.218970
33	314	0	0	0	0	0	1.564855
34	325	0	0	0	1	0	1.758807
35	334	0	0	0	0	0	2.913708
36	341	0	0	0	2	0	2.303069
37	355	0	0	0	1	0	2.759463
38	363	0	0	0	1	0	1.774759
39	374	0	0	0	1	0	2.324847
40	384	0	0	0	1	0	2.345423
41	393	0	0	0	2	0	2.389689
42	401	0	0	0	1	0	2.632561
43	406	0	0	0	0	0	1.517505
44	415	0	0	0	0	0	2.332835
45	420	0	0	0	0	0	2.261149
46	427	0	0	0	1	0	2.829624
47	435	0	0	0	0	0	2.996529
48	448	0	0	0	1	0	1.065736
49	460	0	0	0	0	0	2.206896
50	471	0	0	0	1	0	2.296452
51	480	0	0	0	0	0	1.285377
52	490	0	0	0	1	0	1.885632
53	498	0	0	0	1	0	2.175658
54	508	0	0	0	2	0	1.666360
55	515	0	0	0	2	0	1.752539
56	524	0	0	0	2	0	1.749817
57	535	0	0	0	2	0	1.342925
58	544	0	0	0	1	0	2.674862
59	550	0	0	0	0	0	2.250701
60	554	0	0	0	2	0	2.542476
61	564	0	0	0	0	0	2.932177
62	575	0	0	0	0	0	2.667488
63	588	0	0	0	1	0	2.967379
64	592	0	0	0	1	0	2.396704
65	600	0	0	0	0	0	1.714272
66	619	0	0	0	0	0	2.833788
67	633	0	0	0	0	0	1.058324
68	646	0	0	0	1	0	2.147341
69	655	0	0	0	1	0	2.875598
70	669	0	0	0	1	0	2.567944
71	684	0	0	0	1	0	2.569799
72	692	0	0	0	2	0	2.270854
73	703	0	0	0	2	0	1.303670
74	712	0	0	0	1	0	2.185752
75	720	0	0	0	0	0	2.249934
76	728	0	0	0	2	0	2.757366
77	741	0	0	0	2	0	1.537672
78	756	0	0	0	2	0	2.587381
79	764	0	0	0	1	0	1.972230
80	771	0	0	0	1	0	2.899115
81	777	0	0	0	2	0	2.664487
82	792	0	0	0	2	0	1.553724
83	798	0	0	0	2	0	2.452458
84	808	0	0	0	1	0	2.536347
85	822	0	0	0	1	0	2.471752
86	833	0	0	0	0	0	1.011211
87	844	0	0	0	0	0	2.904541
88	851	0	0	0	0	0	2.494669
89	858	0	0	0	1	0	1.456454
90	874	0	0	0	0	0	1.040599
91	882	0	0	0	0	0	2.789578
92	891	0	0	0	1	0	2.635568
93	905	0	0	0	1	0	2.246059
94	913	0	0	0	2	0	1.588428
95	921	0	0	0	0	0	2.059379
96	934	0	0	0	1	0	2.373186
97	942	0	0	0	2	0	2.363635
98	951	0	0	0	1	0	2.089051
99	959	0	0	0	0	0	2.696774
100	968	0	0	0	2	0	2.062403
101	975	0	0	0	0	0	1.753880
102	986	0	0	0	1	0	1.341005
103	998	0	0	0	2	0	2.094632
104	1004	0	0	0	2	0	2.318432
105	1012	0	0	0	1	0	1.198156
106	1020	0	0	0	1	0	1.983739
107	1024	0	0	0	0	0	2.432546
108	1030	0	0	0	0	0	1.082248
109	1044	0	0	0	1	0	1.520228
110	1053	0	0	0	2	0	2.718716
111	1063	0	0	0	1	0	2.576826
112	1066	0	0	0	1	0	2.759044
113	1079	0	0	0	2	0	1.819096
114	1085	0	0	0	0	0	1.209439
115	1097	0	0	0	0	0	2.466420
116	1111	0	0	0	1	0	1.061791
117	1119	0	0	0	1	0	1.006763
118	1122	0	0	0	0	0	2.205878
119	1133	0	0	0	1	0	2.153802
120	1144	0	0	0	2	0	1.306991
121	1151	0	0	0	1	0	1.706044
122	1156	0	0	0	0	0	1.140537
123	1166	0	0	0	0	0	1.246039
124	1177	0	0	0	2	0	1.268610
125	1183	0	0	0	1	0	1.796675
126	1196	0	0	0	1	0	1.889615
127	1205	0	0	0	1	0	2.920615
128	1218	0	0	0	2	0	2.253311
129	1229	0	0	0	0	0	2.976754
130	1237	0	0	0	1	0	2.787719
131	1256	0	0	0	2	0	2.748609
132	1265	0	0	0	1	0	1.613302
133	1275	0	0	0	1	0	1.722805
134	1283	0	0	0	1	0	2.171749
135	1294	0	0	0	1	0	2.278566
136	1301	0	0	0	2	0	2.241413
137	1312	0	0	0	2	0	1.044029
138	1320	0	0	0	0	0	2.118959
139	1329	0	0	0	2	0	1.548452
140	1343	0	0	0	2	0	1.852736
141	1349	0	0	0	2	0	2.750527
142	1367	0	0	0	2	0	1.818651
143	1381	0	0	0	0	0	2.816153
144	1388	0	0	0	0	0	2.562128
145	1401	0	0	0	1	0	1.266014
146	1414	0	0	0	0	0	2.394232
147	1421	0	0	0	0	0	2.008574
148	1436	0	0	0	0	0	2.115802
149	1451	0	0	0	1	0	1.921794
150	1460	0	0	0	0	0	2.580352
151	1473	0	0	0	0	0	2.398468
152	1481	0	0	0	0	0	2.082186
153	1490	0	0	0	0	0	1.772042
154	1499	0	0	0	1	0	1.714077
155	1506	0	0	0	0	0	2.176899
156	1516	0	0	0	1	0	1.957185
157	1524	0	0	0	0	0	1.944547
158	1533	0	0	0	1	0	2.059601
159	1544	0	0	0	0	0	1.555659
160	1551	0	0	0	1	0	2.409474
161	1561	0	0	0	1	0	2.408767
162	1568	0	0	0	1	0	1.302144
163	1581	0	0	0	0	0	1.702910
164	1594	0	0	0	2	0	2.333869
165	1603	0	0	0	2	0	2.366769
166	1606	0	0	0	0	0	1.080177
167	1616	0	0	0	0	0	1.715505
168	1627	0	0	0	1	0	2.316782
169	1642	0	0	0	2	0	2.002966
170	1656	0	0	0	0	0	1.322510
171	1668	0	0	0	2	0	1.128149
172	1680	0	0	0	1	0	1.170410
173	1688	0	0	0	0	0	2.267946
174	1702	0	0	0	1	0	2.236908
175	1714	0	0	0	0	0	2.639425
176	1723	0	0	0	1	0	1.741511
177	1736	0	0	0	1	0	2.937398
178	1742	0	0	0	2	0	1.235659
179	1752	0	0	0	1	0	1.752096
180	1763	0	0	0	1	0	1.408503
181	1774	0	0	0	0	0	1.785232
182	1788	0	0	0	0	0	2.280750
183	1799	0	0	0	0	0	1.977244
184	1809	0	0	0	0	0	1.646756
185	1817	0	0	0	2	0	2.003362
186	1829	0	0	0	1	0	2.223963
187	1846	0	0	0	0	0	1.265741
188	1860	0	0	0	2	0	2.073246
189	1867	0	0	0	0	0	1.706077
190	1873	0	0	0	1	0	2.719894
191	1880	0	0	0	2	0	2.524171
192	1891	0	0	0	2	0	2.527676
193	1906	0	0	0	2	0	1.032552
194	1919	0	0	0	1	0	2.741710
195	1934	0	0	0	1	0	2.989018
196	1946	0	0	0	2	0	1.141247
197	1958	0	0	0	1	0	1.278573
198	1963	0	0	0	0	0	2.116502
199	1974	0	0	0	2	0	2.971814
200	1977	0	0	0	0	0	2.847475
201	1989	0	0	0	1	0	2.065996
202	2005	0	0	0	0	0	2.755525
203	2017	0	0	0	0	0	1.086473
204	2023	0	0	0	0	0	2.326786
205	2037	0	0	0	0	0	1.713371
206	2049	0	0	0	1	0	2.885655
207	2064	0	0	0	1	0	2.585148
208	2075	0	0	0	1	0	2.749247
209	2084	0	0	0	0	0	1.613612
210	2098	0	0	0	1	0	1.930338
211	2107	0	0	0	0	0	2.107929
212	2121	0	0	0	0	0	2.931617
213	2124	0	0	0	0	0	1.682152
214	2136	0	0	0	0	0	1.336778
215	2149	0	0	0	1	0	2.542252
216	2162	0	0	0	0	0	2.301936
217	2175	0	0	0	2	0	1.839792
218	2187	0	0	0	0	0	1.421563
219	2193	0	0	0	2	0	2.120493
220	2203	0	0	0	0	0	2.642660
221	2209	0	0	0	2	0	2.707958
222	2220	0	0	0	0	0	1.840557
223	2229	0	0	0	2	0	1.568134
224	2243	0	0	0	0	0	1.923240
225	2254	0	0	0	2	0	2.647585
226	2263	0	0	0	0	0	1.730187
227	2273	0	0	0	0	0	1.312293
228	2291	0	0	0	1	0	1.672477
229	2298	0	0	0	1	0	1.927239
230	2311	0	0	0	0	0	2.048394
231	2321	0	0	0	2	0	1.883417
232	2331	0	0	0	1	0	2.498304
233	2336	0	0	0	2	0	1.648580
234	2347	0	0	0	0	0	1.420718
235	2356	0	0	0	0	0	1.141506
236	2367	0	0	0	0	0	1.524313
237	2382	0	0	0	0	0	2.454795
238	2391	0	0	0	0	0	1.518101
239	2401	0	0	0	2	0	2.463476
240	2416	0	0	0	1	0	1.904534
241	2419	0	0	0	0	0	2.771610
242	2434	0	0	0	0	0	2.172636
243	2446	0	0	0	1	0	2.039227
244	2457	0	0	0	1	0	1.053535
245	2471	0	0	0	0	0	1.552338
246	2478	0	0	0	0	0	1.077888
247	2492	0	0	0	0	0	2.932119
248	2503	0	0	0	0	0	1.954825
249	2512	0	0	0	0	0	2.567567
250	2527	0	0	0	0	0	1.890840
251	2536	0	0	0	0	0	1.567303
252	2547	0	0	0	2	0	1.304915
253	2556	0	0	0	0	0	1.944231
254	2566	0	0	0	0	0	2.053387
255	2576	0	0	0	0	0	2.555620
256	2589	0	0	0	2	0	1.098517
257	2601	0	0	0	1	0	2.412263
258	2607	0	0	0	0	0	2.809153
259	2618	0	0	0	2	0	2.961662
260	2630	0	0	0	2	0	1.797029
261	2641	0	0	0	1	0	2.363650
262	2651	0	0	0	0	0	1.544940
263	2657	0	0	0	0	0	2.839204
264	2663	0	0	0	2	0	2.895021
265	2668	0	0	0	1	0	2.133110
266	2675	0	0	0	0	0	2.694977
267	2681	0	0	0	1	0	1.104934
268	2695	0	0	0	1	0	2.817777
269	2704	0	0	0	2	0	2.351606
270	2710	0	0	0	1	0	1.169898
271	2721	0	0	0	1	0	2.177188
272	2735	0	0	0	1	0	1.145084
273	2747	0	0	0	0	0	1.246223
274	2755	0	0	0	1	0	1.519831
275	2767	0	0	0	1	0	2.019445
276	2775	0	0	0	0	0	1.297402
277	2783	0	0	0	0	0	1.431589
278	2794	0	0	0	0	0	2.354126
279	2798	0	0	0	0	0	1.019838
280	2807	0	0	0	1	0	2.996291
281	2819	0	0	0	1	0	1.174327
282	2830	0	0	0	1	0	2.121248
283	2840	0	0	0	1	0	2.141969
284	2848	0	0	0	0	0	2.180722
285	2858	0	0	0	0	0	1.290894
286	2867	0	0	0	1	0	1.028104
287	2880	0	0	0	0	0	1.490869
288	2888	0	0	0	1	0	2.091452
289	2900	0	0	0	2	0	2.639007
290	2913	0	0	0	2	0	1.095195
291	2931	0	0	0	2	0	2.257046
292	2944	0	0	0	0	0	1.488208
293	2956	0	0	0	0	0	1.333622
294	2966	0	0	0	0	0	1.632491
295	2976	0	0	0	1	0	2.279837
296	2982	0	0	0	0	0	2.408770
297	2993	0	0	0	1	0	1.714267
298	2999	0	0	0	0	0	2.301262
299	3010	0	0	0	0	0	1.987531
300	3021	0	0	0	2	0	2.124681
301	3026	0	0	0	0	0	2.882609
302	3039	0	0	0	0	0	1.438505
303	3046	0	0	0	1	0	1.937450
304	3053	0	0	0	2	0	2.625669
305	3064	0	0	0	0	0	2.022992
306	3076	0	0	0	2	0	1.148865
307	3088	0	0	0	2	0	2.300689
308	3096	0	0	0	0	0	1.910053
309	3107	0	0	0	0	0	1.331083
310	3122	0	0	0	0	0	2.583617
311	3130	0	0	0	1	0	1.663945
312	3140	0	0	0	1	0	2.746395
313	3149	0	0	0	2	0	2.952215
314	3162	0	0	0	1	0	1.423372
315	3167	0	0	0	1	0	1.340590
316	3178	0	0	0	2	0	2.994763
317	3184	0	0	0	0	0	2.413993
318	3191	0	0	0	1	0	2.089150
319	3201	0	0	0	1	0	1.111686
320	3208	0	0	0	2	0	1.120609
321	3215	0	0	0	0	0	2.211112
322	3222	0	0	0	0	0	1.640242
323	3235	0	0	0	2	0	1.896207
324	3241	0	0	0	1	0	1.312628
325	3249	0	0	0	0	0	2.521998
326	3254	0	0	0	0	0	2.804152
327	3263	0	0	0	2	0	1.567863
328	3272	0	0	0	1	0	1.527396
329	3283	0	0	0	1	0	1.984013
330	3288	0	0	0	1	0	1.925245
331	3299	0	0	0	2	0	2.475773
332	3310	0	0	0	0	0	1.518206
333	3326	0	0	0	0	0	1.491049
334	3330	0	0	0	1	0	1.331751
335	3343	0	0	0	0	0	2.665982
336	3354	0	0	0	0	0	2.516735
337	3365	0	0	0	1	0	1.032873
338	3373	0	0	0	1	0	1.515087
339	3381	0	0	0	1	0	2.873428
340	3397	0	0	0	0	0	1.438980
341	3404	0	0	0	2	0	2.795358
342	3415	0	0	0	1	0	1.606509
343	3426	0	0	0	2	0	1.618827
344	3439	0	0	0	0	0	2.784528
345	3444	0	0	0	1	0	1.526984
346	3450	0	0	0	0	0	2.186784
347	3459	0	0	0	2	0	2.758692
348	3468	0	0	0	1	0	2.656701
349	3477	0	0	0	1	0	2.969960
350	3493	0	0	0	0	0	1.810156
351	3499	0	0	0	0	0	1.297898
352	3506	0	0	0	0	0	2.644298
353	3513	0	0	0	1	0	2.489599
354	3524	0	0	0	1	0	1.730007
355	3534	0	0	0	1	0	2.678151
356	3541	0	0	0	0	0	2.856028
357	3547	0	0	0	0	0	2.067791
358	3553	0	0	0	2	0	2.881302
359	3563	0	0	0	1	0	1.823958
360	3570	0	0	0	2	0	1.879770
361	3582	0	0	0	0	0	1.973985
362	3594	0	0	0	2	0	1.582375
363	3610	0	0	0	2	0	1.223147
364	3620	0	0	0	1	0	1.387348
365	3629	0	0	0	2	0	2.406730
366	3639	0	0	0	2	0	1.947276
367	3651	0	0	0	0	0	1.525718
368	3661	0	0	0	0	0	1.174932
369	3675	0	0	0	0	0	1.410004
370	3689	0	0	0	0	0	2.104362
371	3698	0	0	0	1	0	1.696985
372	3703	0	0	0	0	0	1.983232
373	3711	0	0	0	1	0	1.569612
374	3718	0	0	0	2	0	1.074951
375	3729	0	0	0	0	0	2.283778
376	3740	0	0	0	1	0	1.723076
377	3749	0	0	0	2	0	2.579631
378	3759	0	0	0	1	0	2.612134
379	3768	0	0	0	2	0	1.477285
380	3780	0	0	0	0	0	1.145045
381	3799	0	0	0	1	0	2.425569
382	3806	0	0	0	0	0	1.616755
383	3813	0	0	0	2	0	2.362903
384	3828	0	0	0	1	0	2.153611
385	3833	0	0	0	1	0	1.718887
386	3844	0	0	0	2	0	2.736881
387	3847	0	0	0	1	0	1.063621
388	3861	0	0	0	2	0	1.766899
389	3877	0	0	0	0	0	2.728016
390	3885	0	0	0	2	0	2.770929
391	3889	0	0	0	0	0	2.775410
392	3898	0	0	0	1	0	1.715444
393	3906	0	0	0	0	0	2.173405
394	3919	0	0	0	1	0	2.372440
395	3928	0	0	0	2	0	2.699899
396	3937	0	0	0	1	0	2.562510
397	3947	0	0	0	2	0	2.907551
398	3954	0	0	0	0	0	2.260738
399	3964	0	0	0	2	0	2.797005
400	3970	0	0	0	0	0	2.926356
401	3976	0	0	0	0	0	1.753153
402	3992	0	0	0	1	0	1.974381
403	4003	0	0	0	0	0	2.573272
404	4010	0	0	0	1	0	2.119439
405	4023	0	0	0	2	0	2.687832
406	4037	0	0	0	0	0	1.562228
407	4047	0	0	0	0	0	1.465703
408	4059	0	0	0	2	0	1.977890
409	4069	0	0	0	0	0	2.710921
410	4073	0	0	0	0	0	2.142082
411	4086	0	0	0	1	0	2.416417
412	4095	0	0	0	0	0	2.959495
413	4104	0	0	0	1	0	2.388071
414	4109	0	0	0	0	0	2.065049
415	4123	0	0	0	1	0	1.144041
416	4132	0	0	0	1	0	2.343932
417	4139	0	0	0	1	0	1.401605
418	4151	0	0	0	1	0	2.380680
419	4160	0	0	0	2	0	2.048056
420	4166	0	0	0	1	0	2.131749
421	4182	0	0	0	0	0	2.402688
422	4193	0	0	0	0	0	2.636284
423	4201	0	0	0	0	0	1.547980
424	4217	0	0	0	1	0	2.311182
425	4228	0	0	0	1	0	2.298328
426	4239	0	0	0	0	0	1.209319
427	4247	0	0	0	0	0	2.606664
428	4260	0	0	0	0	0	2.397913
429	4271	0	0	0	1	0	1.843806
430	4278	0	0	0	1	0	2.741347
431	4289	0	0	0	1	0	1.016891
432	4299	0	0	0	1	0	1.423592
433	4311	0	0	0	1	0	2.935830
434	4324	0	0	0	0	0	1.126877
435	4334	0	0	0	1	0	1.116172
436	4348	0	0	0	0	0	2.591547
437	4356	0	0	0	1	0	2.115229
438	4359	0	0	0	0	0	2.152922
439	4368	0	0	0	0	0	1.682516
440	4377	0	0	0	0	0	2.414932
441	4388	0	0	0	2	0	1.492253
442	4396	0	0	0	1	0	2.330894
443	4401	0	0	0	2	0	2.890351
444	4413	0	0	0	2	0	2.558695
445	4428	0	0	0	2	0	2.400976
446	4437	0	0	0	2	0	2.561234
447	4447	0	0	0	1	0	2.383401
448	4453	0	0	0	0	0	2.269083
449	4463	0	0	0	1	0	1.598959
450	4473	0	0	0	2	0	1.421085
451	4481	0	0	0	2	0	2.867210
452	4495	0	0	0	1	0	1.340022
453	4501	0	0	0	1	0	2.475806
454	4515	0	0	0	0	0	2.822542
455	4527	0	0	0	0	0	1.691412
456	4535	0	0	0	1	0	2.380744
457	4545	0	0	0	1	0	1.099856
458	4550	0	0	0	1	0	1.455412
459	4567	0	0	0	0	0	2.845326
460	4575	0	0	0	2	0	2.113402
461	4585	0	0	0	1	0	1.000989
462	4596	0	0	0	0	0	1.524978
463	4608	0	0	0	2	0	2.108960
464	4619	0	0	0	1	0	2.688766
465	4638	0	0	0	0	0	1.391271
466	4650	0	0	0	0	0	2.332649
467	4653	0	0	0	0	0	1.104445
468	4663	0	0	0	2	0	2.821889
469	4669	0	0	0	0	0	2.637904
470	4679	0	0	0	1	0	1.235006
471	4688	0	0	0	1	0	2.028128
472	4703	0	0	0	1	0	1.509521
473	4712	0	0	0	0	0	1.010080
474	4720	0	0	0	0	0	2.420156
475	4729	0	0	0	0	0	1.298442
476	4738	0	0	0	0	0	1.045916
477	4747	0	0	0	1	0	1.223809
478	4750	0	0	0	0	0	1.215525
479	4764	0	0	0	2	0	2.290144
480	4772	0	0	0	0	0	1.046627
481	4783	0	0	0	1	0	1.906058
482	4794	0	0	0	1	0	2.735646
483	4804	0	0	0	0	0	1.875414
484	4812	0	0	0	0	0	2.801168
485	4822	0	0	0	0	0	1.335450
486	4833	0	0	0	2	0	2.169673
487	4840	0	0	0	2	0	2.684580
488	4850	0	0	0	1	0	2.980029
489	4863	0	0	0	1	0	1.511431
490	4875	0	0	0	0	0	2.124112
491	4884	0	0	0	1	0	1.931474
492	4898	0	0	0	1	0	2.934507
493	4909	0	0	0	2	0	1.658189
494	4914	0	0	0	2	0	1.211479
495	4920	0	0	0	0	0	1.283144
496	4930	0	0	0	2	0	2.264454
497	4942	0	0	0	0	0	1.488059
498	4950	0	0	0	1	0	1.058403
499	4956	0	0	0	1	0	2.797375
500	4968	0	0	0	1	0	2.342879
501	4979	0	0	0	0	0	1.929923
502	4985	0	0	0	0	0	2.586633
503	4995	0	0	0	1	0	2.822531
504	5006	0	0	0	2	0	2.647698
505	5018	0	0	0	0	0	1.482288
506	5027	0	0	0	1	0	1.624745
507	5040	0	0	0	1	0	1.120984
508	5052	0	0	0	2	0	2.194815
509	5057	0	0	0	1	0	1.061762
510	5068	0	0	0	2	0	1.011969
511	5080	0	0	0	2	0	2.092063
512	5082	0	0	0	0	0	1.208104
513	5088	0	0	0	0	0	2.095737
514	5095	0	0	0	0	0	1.630376
515	5101	0	0	0	2	0	1.613189
516	5113	0	0	0	0	0	2.379628
517	5127	0	0	0	2	0	1.099363
518	5142	0	0	0	2	0	1.456977
519	5153	0	0	0	2	0	1.432497
520	5165	0	0	0	2	0	1.537356
521	5178	0	0	0	2	0	2.895664
522	5187	0	0	0	2	0	2.438896
523	5193	0	0	0	0	0	2.101560
524	5202	0	0	0	2	0	2.541842
525	5212	0	0	0	1	0	1.971223
526	5223	0	0	0	1	0	2.672847
527	5231	0	0	0	2	0	1.911167
528	5242	0	0	0	1	0	2.174243
529	5259	0	0	0	1	0	1.520477
530	5268	0	0	0	2	0	1.747244
531	5278	0	0	0	0	0	2.197424
532	5284	0	0	0	0	0	1.800940
533	5294	0	0	0	2	0	2.144425
534	5305	0	0	0	1	0	1.050411
535	5320	0	0	0	0	0	2.166595
536	5329	0	0	0	0	0	1.975266
537	5343	0	0	0	0	0	1.101168
538	5358	0	0	0	0	0	1.665288
539	5363	0	0	0	0	0	2.862438
540	5376	0	0	0	0	0	2.754382
541	5384	0	0	0	0	0	1.353087
542	5390	0	0	0	0	0	1.750618
543	5400	0	0	0	0	0	2.155077
544	5411	0	0	0	1	0	1.662203
545	5418	0	0	0	1	0	2.902370
546	5424	0	0	0	1	0	2.488768
547	5435	0	0	0	0	0	1.801024
548	5448	0	0	0	2	0	2.938503
549	5454	0	0	0	1	0	2.358181
550	5458	0	0	0	1	0	2.492554
551	5470	0	0	0	0	0	1.878979
552	5482	0	0	0	0	0	2.413120
553	5492	0	0	0	0	0	1.533872
554	5500	0	0	0	1	0	2.342796
555	5514	0	0	0	0	0	2.381734
556	5520	0	0	0	1	0	2.621909
557	5526	0	0	0	1	0	2.736169
558	5539	0	0	0	1	0	1.635679
559	5549	0	0	0	0	0	2.494682
560	5558	0	0	0	1	0	1.833656
561	5568	0	0	0	1	0	2.399844
562	5585	0	0	0	0	0	1.390670
563	5596	0	0	0	2	0	1.607076
564	5603	0	0	0	2	0	2.193487
565	5615	0	0	0	1	0	1.200313
566	5629	0	0	0	0	0	1.794150
567	5638	0	0	0	1	0	2.950263
568	5647	0	0	0	0	0	2.769821
569	5654	0	0	0	2	0	1.918111
570	5665	0	0	0	1	0	2.257570
571	5669	0	0	0	0	0	1.542582
572	5683	0	0	0	1	0	2.126233
573	5691	0	0	0	0	0	2.759141
574	5697	0	0	0	0	0	2.596382
575	5708	0	0	0	2	0	2.300160
576	5722	0	0	0	0	0	1.772843
577	5731	0	0	0	1	0	2.503201
578	5740	0	0	0	1	0	1.292256
579	5750	0	0	0	0	0	2.078512
580	5759	0	0	0	1	0	2.220150
581	5765	0	0	0	0	0	1.209724
582	5777	0	0	0	1	0	1.926213
583	5786	0	0	0	0	0	1.782736
584	5804	0	0	0	0	0	1.313166
585	5817	0	0	0	1	0	1.860299
586	5823	0	0	0	0	0	2.805868
587	5831	0	0	0	0	0	1.771783
588	5843	0	0	0	0	0	2.494213
589	5847	0	0	0	0	0	1.608838
590	5854	0	0	0	0	0	2.610338
591	5867	0	0	0	0	0	2.332371
592	5875	0	0	0	0	0	2.174780
593	5890	0	0	0	0	0	2.528236
594	5896	0	0	0	1	0	1.999814
595	5910	0	0	0	2	0	1.783003
596	5916	0	0	0	1	0	2.078116
597	5929	0	0	0	0	0	1.679302
598	5941	0	0	0	2	0	2.536825
599	5946	0	0	0	2	0	2.420507
600	5966	0	0	0	0	0	2.248458
601	5973	0	0	0	0	0	1.278248
602	5983	0	0	0	2	0	2.052460
603	5995	0	0	0	0	0	1.697327
604	6002	0	0	0	0	0	1.971990
605	6011	0	0	0	0	0	2.472831
606	6022	0	0	0	2	0	2.500010
607	6031	0	0	0	0	0	2.826370
608	6038	0	0	0	1	0	2.955112
609	6050	0	0	0	0	0	1.178491
610	6060	0	0	0	2	0	2.575021
611	6069	0	0	0	0	0	2.364850
612	6084	0	0	0	0	0	2.757703
613	6096	0	0	0	1	0	2.679792
614	6111	0	0	0	1	0	2.913855
615	6125	0	0	0	0	0	1.773058
616	6138	0	0	0	1	0	2.117699
617	6144	0	0	0	0	0	1.753646
618	6154	0	0	0	0	0	1.452684
619	6160	0	0	0	1	0	2.709024
620	6169	0	0	0	2	0	2.131506
621	6185	0	0	0	0	0	1.330467
622	6194	0	0	0	1	0	1.638277
623	6199	0	0	0	0	0	2.229717
624	6215	0	0	0	1	0	2.633022
625	6224	0	0	0	1	0	1.848007
626	6232	0	0	0	0	0	2.657675
627	6251	0	0	0	0	0	2.140141
628	6259	0	0	0	2	0	2.974708
629	6265	0	0	0	1	0	2.698200
630	6278	0	0	0	1	0	2.731126
631	6292	0	0	0	0	0	2.321941
632	6306	0	0	0	1	0	1.748894
633	6310	0	0	0	0	0	2.064446
634	6323	0	0	0	2	0	1.965923
635	6331	0	0	0	1	0	2.425314
636	6340	0	0	0	1	0	2.915452
637	6354	0	0	0	0	0	2.936345
638	6362	0	0	0	1	0	2.314363
639	6374	0	0	0	0	0	1.004617
640	6388	0	0	0	1	0	1.185600
641	6400	0	0	0	0	0	2.432331
642	6412	0	0	0	1	0	2.109661
643	6427	0	0	0	0	0	1.975293
644	6438	0	0	0	2	0	1.709018
645	6449	0	0	0	1	0	1.224692
646	6468	0	0	0	2	0	1.295373
647	6478	0	0	0	0	0	1.038760
648	6489	0	0	0	1	0	1.208498
649	6499	0	0	0	0	0	2.257271
650	6510	0	0	0	0	0	1.894104
651	6519	0	0	0	0	0	1.250504
652	6532	0	0	0	0	0	2.656936
653	6537	0	0	0	2	0	2.751677
654	6546	0	0	0	1	0	2.764445
655	6557	0	0	0	1	0	2.328261
656	6564	0	0	0	0	0	2.291131
657	6576	0	0	0	2	0	2.310732
658	6586	0	0	0	1	0	1.527204
659	6595	0	0	0	1	0	1.915255
660	6604	0	0	0	2	0	1.173085
661	6613	0	0	0	1	0	1.031821
662	6629	0	0	0	0	0	2.813402
663	6639	0	0	0	0	0	1.266724
664	6655	0	0	0	0	0	1.456231
665	6666	0	0	0	1	0	2.347847
666	6675	0	0	0	0	0	1.366886
667	6686	0	0	0	1	0	2.428799
668	6698	0	0	0	1	0	1.469931
669	6710	0	0	0	0	0	1.804645
670	6722	0	0	0	0	0	1.437558
671	6733	0	0	0	0	0	2.554269
672	6744	0	0	0	1	0	2.587109
673	6752	0	0	0	1	0	2.645740
674	6759	0	0	0	1	0	1.705455
675	6766	0	0	0	1	0	2.475271
676	6782	0	0	0	1	0	1.179882
677	6795	0	0	0	1	0	2.114659
678	6808	0	0	0	0	0	1.318364
679	6816	0	0	0	1	0	2.999494
680	6826	0	0	0	0	0	2.415319
681	6836	0	0	0	0	0	2.459944
682	6847	0	0	0	1	0	1.383873
683	6855	0	0	0	1	0	2.844041
684	6868	0	0	0	1	0	2.592126
685	6876	0	0	0	1	0	2.392571
686	6882	0	0	0	0	0	1.573639
687	6893	0	0	0	1	0	1.426459
688	6908	0	0	0	0	0	1.261765
689	6919	0	0	0	1	0	1.606761
690	6927	0	0	0	0	0	1.376701
691	6938	0	0	0	0	0	2.744671
692	6943	0	0	0	0	0	1.742491
693	6950	0	0	0	1	0	2.183565
694	6965	0	0	0	0	0	2.334615
695	6977	0	0	0	1	0	2.651873
696	6984	0	0	0	0	0	2.483185
697	6993	0	0	0	2	0	2.195439
698	7001	0	0	0	2	0	1.217433
699	7009	0	0	0	0	0	2.019098
700	7019	0	0	0	1	0	1.405079
701	7033	0	0	0	0	0	1.812935
702	7037	0	0	0	0	0	2.796934
703	7046	0	0	0	2	0	1.944187
704	7055	0	0	0	1	0	2.900432
705	7060	0	0	0	1	0	2.371125
706	7074	0	0	0	1	0	1.831538
707	7085	0	0	0	0	0	1.461550
708	7097	0	0	0	1	0	2.375823
709	7106	0	0	0	0	0	2.892720
710	7115	0	0	0	0	0	1.011736
711	7123	0	0	0	1	0	2.148189
712	7137	0	0	0	1	0	1.762025
713	7147	0	0	0	2	0	2.237115
714	7154	0	0	0	0	0	1.417502
715	7164	0	0	0	0	0	2.895310
716	7173	0	0	0	0	0	2.063112
717	7184	0	0	0	0	0	1.494545
718	7195	0	0	0	2	0	1.616069
719	7199	0	0	0	2	0	2.689450
720	7205	0	0	0	0	0	1.321447
721	7213	0	0	0	1	0	1.888761
722	7219	0	0	0	1	0	2.136063
723	7226	0	0	0	0	0	2.805844
724	7238	0	0	0	0	0	1.081669
725	7249	0	0	0	0	0	2.298152
726	7259	0	0	0	0	0	2.107166
727	7269	0	0	0	1	0	1.991896
728	7279	0	0	0	2	0	1.147782
729	7288	0	0	0	1	0	1.792256
730	7292	0	0	0	0	0	2.944416
731	7302	0	0	0	0	0	1.009340
732	7305	0	0	0	0	0	2.799964
733	7320	0	0	0	0	0	2.113222
734	7332	0	0	0	0	0	1.893300
735	7342	0	0	0	1	0	2.040631
736	7359	0	0	0	0	0	1.926339
737	7368	0	0	0	0	0	2.381963
738	7383	0	0	0	2	0	1.869052
739	7401	0	0	0	2	0	1.763429
740	7410	0	0	0	0	0	1.957816
741	7420	0	0	0	0	0	2.463947
742	7431	0	0	0	1	0	2.430012
743	7441	0	0	0	1	0	2.618036
744	7448	0	0	0	2	0	2.265134
745	7456	0	0	0	1	0	1.788807
746	7467	0	0	0	1	0	1.084365
747	7476	0	0	0	0	0	1.214920
748	7490	0	0	0	0	0	2.675018
749	7497	0	0	0	2	0	2.080727
750	7503	0	0	0	2	0	1.121498
751	7512	0	0	0	2	0	2.118776
752	7522	0	0	0	0	0	1.961324
753	7532	0	0	0	0	0	1.785203
754	7539	0	0	0	2	0	1.396258
755	7546	0	0	0	0	0	2.876157
756	7551	0	0	0	1	0	1.523054
757	7556	0	0	0	2	0	2.444112
758	7572	0	0	0	1	0	2.631230
759	7582	0	0	0	1	0	2.232189
760	7592	0	0	0	0	0	2.039245
761	7599	0	0	0	1	0	1.996815
762	7607	0	0	0	0	0	2.114239
763	7613	0	0	0	1	0	2.191480
764	7624	0	0	0	1	0	1.341760
765	7635	0	0	0	2	0	2.458379
766	7647	0	0	0	1	0	2.581968
767	7656	0	0	0	2	0	2.638866
768	7663	0	0	0	0	0	2.011034
769	7674	0	0	0	2	0	1.567526
770	7689	0	0	0	0	0	2.071770
771	7699	0	0	0	1	0	2.481581
772	7704	0	0	0	0	0	2.260908
773	7711	0	0	0	2	0	2.839762
774	7714	0	0	0	0	0	1.836181
775	7723	0	0	0	0	0	2.515297
776	7730	0	0	0	2	0	1.665917
777	7738	0	0	0	1	0	1.372406
778	7752	0	0	0	1	0	1.849685
779	7764	0	0	0	1	0	2.772772
780	7769	0	0	0	1	0	1.222393
781	7785	0	0	0	0	0	1.320046
782	7792	0	0	0	0	0	2.184509
783	7802	0	0	0	0	0	2.777104
784	7814	0	0	0	0	0	1.883034
785	7822	0	0	0	0	0	1.898558
786	7830	0	0	0	1	0	2.699832
787	7837	0	0	0	2	0	2.809909
788	7847	0	0	0	0	0	1.672903
789	7854	0	0	0	0	0	2.920043
790	7862	0	0	0	1	0	1.783518
791	7869	0	0	0	0	0	1.302573
792	7879	0	0	0	0	0	2.474023
793	7883	0	0	0	2	0	2.412108
794	7898	0	0	0	2	0	2.308306
795	7905	0	0	0	0	0	2.504378
796	7922	0	0	0	1	0	2.458702
797	7935	0	0	0	1	0	1.753247
798	7941	0	0	0	0	0	2.026877
799	7954	0	0	0	2	0	2.290628
800	7963	0	0	0	0	0	1.112026
801	7974	0	0	0	0	0	1.562839
802	7986	0	0	0	1	0	1.124649
803	7996	0	0	0	2	0	1.058364
804	8009	0	0	0	1	0	1.203747
805	8017	0	0	0	1	0	2.396978
806	8032	0	0	0	0	0	2.153353
807	8036	0	0	0	1	0	1.138790
808	8047	0	0	0	1	0	1.725695
809	8054	0	0	0	1	0	2.763752
810	8068	0	0	0	1	0	2.025735
811	8081	0	0	0	1	0	1.734034
812	8099	0	0	0	2	0	2.208697
813	8112	0	0	0	0	0	2.634232
814	8119	0	0	0	2	0	2.787744
815	8133	0	0	0	0	0	1.552267
816	8141	0	0	0	1	0	1.826359
817	8152	0	0	0	0	0	1.309851
818	8166	0	0	0	0	0	1.812653
819	8179	0	0	0	2	0	2.007667
820	8189	0	0	0	2	0	1.814937
821	8199	0	0	0	0	0	2.017980
822	8206	0	0	0	1	0	2.919368
823	8212	0	0	0	2	0	1.993125
824	8225	0	0	0	0	0	2.651359
825	8236	0	0	0	0	0	2.202376
826	8246	0	0	0	2	0	2.150554
827	8252	0	0	0	0	0	1.954595
828	8262	0	0	0	2	0	2.367744
829	8277	0	0	0	0	0	2.416881
830	8283	0	0	0	1	0	1.392632
831	8294	0	0	0	1	0	1.407024
832	8306	0	0	0	1	0	1.022896
833	8314	0	0	0	0	0	2.364898
834	8325	0	0	0	2	0	1.491392
835	8333	0	0	0	0	0	2.606128
836	8347	0	0	0	0	0	1.106081
837	8354	0	0	0	1	0	2.144606
838	8372	0	0	0	0	0	1.860493
839	8387	0	0	0	2	0	2.979436
840	8403	0	0	0	2	0	1.265188
841	8411	0	0	0	0	0	1.743483
842	8421	0	0	0	2	0	1.148355
843	8432	0	0	0	1	0	2.688501
844	8443	0	0	0	0	0	1.998153
845	8454	0	0	0	1	0	2.865054
846	8459	0	0	0	1	0	1.841472
847	8468	0	0	0	1	0	1.753766
848	8482	0	0	0	1	0	2.911787
849	8493	0	0	0	0	0	2.128188
850	8511	0	0	0	2	0	2.410637
851	8526	0	0	0	0	0	2.574070
852	8539	0	0	0	1	0	1.636468
853	8549	0	0	0	0	0	1.517199
854	8558	0	0	0	1	0	1.209388
855	8566	0	0	0	2	0	2.364394
856	8579	0	0	0	2	0	2.184595
857	8589	0	0	0	2	0	1.820545
858	8600	0	0	0	2	0	2.226837
859	8611	0	0	0	0	0	2.771216
860	8624	0	0	0	2	0	2.870563
861	8638	0	0	0	0	0	2.917510
862	8648	0	0	0	0	0	1.319082
863	8658	0	0	0	0	0	2.098174
864	8666	0	0	0	2	0	2.619684
865	8676	0	0	0	2	0	1.375005
866	8684	0	0	0	0	0	1.970264
867	8691	0	0	0	0	0	2.511542
868	8698	0	0	0	0	0	2.143447
869	8718	0	0	0	1	0	1.726470
870	8727	0	0	0	0	0	1.240048
871	8743	0	0	0	2	0	2.949369
872	8757	0	0	0	2	0	1.597917
873	8769	0	0	0	0	0	1.334046
874	8780	0	0	0	1	0	1.846258
875	8800	0	0	0	2	0	2.132706
876	8812	0	0	0	1	0	2.058444
877	8817	0	0	0	0	0	2.464943
878	8827	0	0	0	1	0	2.105969
879	8832	0	0	0	2	0	2.893310
880	8841	0	0	0	2	0	1.955152
881	8853	0	0	0	0	0	2.702133
882	8862	0	0	0	0	0	2.708323
883	8871	0	0	0	2	0	2.610189
884	8881	0	0	0	2	0	2.924930
885	8890	0	0	0	0	0	1.861933
886	8899	0	0	0	1	0	2.785594
887	8909	0	0	0	1	0	2.880507
888	8917	0	0	0	2	0	2.967217
889	8928	0	0	0	1	0	2.272561
890	8935	0	0	0	0	0	2.567754
891	8943	0	0	0	0	0	1.723360
892	8948	0	0	0	0	0	1.656888
893	8964	0	0	0	0	0	2.687420
894	8981	0	0	0	1	0	1.913131
895	8992	0	0	0	1	0	2.953704
896	9000	0	0	0	1	0	2.184145
897	9003	0	0	0	0	0	2.574718
898	9020	0	0	0	1	0	1.636965
899	9031	0	0	0	0	0	2.514333
900	9042	0	0	0	0	0	1.933292
901	9047	0	0	0	0	0	2.133890
902	9060	0	0	0	0	0	1.065495
903	9070	0	0	0	0	0	1.326025
904	9076	0	0	0	2	0	1.249526
905	9083	0	0	0	2	0	1.682256
906	9093	0	0	0	1	0	1.756922
907	9099	0	0	0	0	0	2.531967
908	9116	0	0	0	1	0	1.472334
909	9128	0	0	0	0	0	1.683993
910	9135	0	0	0	1	0	1.060252
911	9145	0	0	0	0	0	2.556264
912	9154	0	0	0	1	0	1.874163
913	9162	0	0	0	0	0	2.722270
914	9171	0	0	0	1	0	2.710775
915	9184	0	0	0	0	0	1.764606
916	9196	0	0	0	2	0	2.745698
917	9208	0	0	0	1	0	1.439645
918	9221	0	0	0	2	0	1.726953
919	9231	0	0	0	1	0	1.574841
920	9244	0	0	0	2	0	2.255868
921	9251	0	0	0	1	0	1.337790
922	9258	0	0	0	0	0	1.543967
923	9264	0	0	0	0	0	1.531286
924	9278	0	0	0	0	0	2.987169
925	9290	0	0	0	0	0	2.824745
926	9300	0	0	0	0	0	2.997720
927	9310	0	0	0	0	0	2.690237
928	9319	0	0	0	1	0	1.477015
929	9331	0	0	0	1	0	1.995019
930	9341	0	0	0	2	0	1.758580
931	9350	0	0	0	0	0	1.700993
932	9362	0	0	0	1	0	2.956146
933	9375	0	0	0	1	0	1.589533
934	9384	0	0	0	0	0	1.927181
935	9398	0	0	0	1	0	2.218613
936	9410	0	0	0	2	0	1.146087
937	9419	0	0	0	0	0	1.466523
938	9429	0	0	0	0	0	2.711889
939	9437	0	0	0	1	0	1.354517
940	9446	0	0	0	1	0	2.078402
941	9458	0	0	0	0	0	2.943794
942	9470	0	0	0	2	0	1.506958
943	9477	0	0	0	0	0	2.642056
944	9479	0	0	0	2	0	2.071359
945	9489	0	0	0	1	0	1.505640
946	9499	0	0	0	2	0	1.709507
947	9506	0	0	0	0	0	2.428657
948	9520	0	0	0	2	0	2.102735
949	9527	0	0	0	0	0	1.458696
950	9537	0	0	0	1	0	1.071378
951	9546	0	0	0	0	0	2.196652
952	9552	0	0	0	0	0	1.172305
953	9562	0	0	0	0	0	2.542306
954	9569	0	0	0	0	0	2.837941
955	9581	0	0	0	0	0	2.046377
956	9593	0	0	0	0	0	1.992361
957	9602	0	0	0	1	0	2.673611
958	9618	0	0	0	0	0	1.780365
959	9627	0	0	0	2	0	1.789637
960	9634	0	0	0	2	0	1.696446
961	9644	0	0	0	1	0	2.259373
962	9648	0	0	0	2	0	2.179411
963	9658	0	0	0	2	0	1.412705
964	9666	0	0	0	0	0	2.548788
965	9676	0	0	0	0	0	2.514841
966	9692	0	0	0	2	0	2.529478
967	9706	0	0	0	1	0	2.738784
968	9715	0	0	0	0	0	1.609284
969	9731	0	0	0	1	0	2.852865
970	9738	0	0	0	0	0	2.824046
971	9744	0	0	0	2	0	2.601229
972	9751	0	0	0	1	0	2.128206
973	9764	0	0	0	0	0	1.911937
974	9772	0	0	0	0	0	1.594476
975	9781	0	0	0	2	0	2.247184
976	9789	0	0	0	2	0	2.375699
977	9796	0	0	0	0	0	2.689530
978	9802	0	0	0	0	0	2.617332
979	9813	0	0	0	2	0	1.261841
980	9824	0	0	0	0	0	1.081752
981	9837	0	0	0	1	0	2.148444
982	9846	0	0	0	2	0	1.658569
983	9859	0	0	0	1	0	1.784432
984	9869	0	0	0	2	0	2.068339
985	9874	0	0	0	2	0	2.348231
986	9882	0	0	0	0	0	1.670485
987	9886	0	0	0	1	0	1.027462
988	9895	0	0	0	2	0	2.092773
989	9903	0	0	0	0	0	1.646783
990	9912	0	0	0	0	0	2.479129
991	9925	0	0	0	0	0	1.286257
992	9934	0	0	0	0	0	1.327541
993	9944	0	0	0	2	0	1.782392
994	9952	0	0	0	2	0	1.063515
995	9969	0	0	0	0	0	2.719697
996	9983	0	0	0	2	0	2.265780
997	9992	0	0	0	2	0	1.231241
998	10003	0	0	0	1	0	1.354865
999	10011	0	0	0	1	0	1.245934
