0	1	0	0	0	0	0	2.829246
1	13	0	0	0	1	0	2.475415
2	26	0	0	0	2	0	1.102607
3	32	0	0	0	1	0	1.445591
4	41	0	0	0	0	0	2.063404
5	47	0	0	0	0	0	2.860254
6	59	0	0	0	1	0	2.268259
7	70	0	0	0	1	0	2.720677
8	77	0	0	0	0	0	1.237380
9	87	0	0	0	2	0	2.822760
10	95	0	0	0	0	0	2.920270
11	105	0	0	0	0	0	1.148261
12	114	0	0	0	1	0	1.189781
13	119	0	0	0	1	0	2.095150
14	127	0	0	0	2	0	1.304929
15	135	0	0	0	0	0	2.745416
16	139	0	0	0	0	0	2.155558
17	150	0	0	0	1	0	2.728150
18	153	0	0	0	1	0	2.482325
19	160	0	0	0	0	0	2.759703
20	172	0	0	0	1	0	2.558242
21	183	0	0	0	0	0	1.967534
22	192	0	0	0	1	0	1.152620
23	203	0	0	0	2	0	1.916473
24	214	0	0	0	1	0	1.545016
25	221	0	0	0	0	0	2.974359
26	230	0	0	0	2	0	1.018312
27	242	0	0	0	0	0	2.984751
28	247	0	0	0	0	0	1.241424
29	257	0	0	0	0	0	2.285711
30	273	0	0	0	2	0	1.979663
31	283	0	0	0	2	0	2.152526
32	299	0	0	0	1	0	2.279714
33	314	0	0	0	2	0	2.463835
34	323	0	0	0	1	0	1.150480
35	339	0	0	0	1	0	1.403052
36	348	0	0	0	0	0	1.081806
37	357	0	0	0	0	0	1.455000
38	372	0	0	0	2	0	2.243312
39	388	0	0	0	2	0	1.684120
40	393	0	0	0	0	0	1.600186
41	405	0	0	0	0	0	1.911777
42	421	0	0	0	0	0	2.767156
43	429	0	0	0	1	0	2.356103
44	435	0	0	0	2	0	1.773768
45	444	0	0	0	1	0	1.325081
46	456	0	0	0	0	0	2.755457
47	460	0	0	0	0	0	1.220454
48	469	0	0	0	1	0	2.448223
49	482	0	0	0	1	0	1.921088
50	492	0	0	0	0	0	1.398752
51	505	0	0	0	0	0	2.439458
52	512	0	0	0	2	0	2.010739
53	526	0	0	0	0	0	2.265215
54	532	0	0	0	2	0	2.119361
55	543	0	0	0	0	0	2.118193
56	549	0	0	0	1	0	2.236068
57	556	0	0	0	0	0	2.491300
58	561	0	0	0	1	0	2.868639
59	570	0	0	0	2	0	1.609509
60	580	0	0	0	1	0	1.999622
61	591	0	0	0	2	0	1.018640
62	601	0	0	0	0	0	1.819088
63	609	0	0	0	1	0	1.680682
64	619	0	0	0	0	0	2.067256
65	630	0	0	0	0	0	1.129291
66	640	0	0	0	2	0	1.269838
67	645	0	0	0	2	0	2.570705
68	655	0	0	0	2	0	1.486890
69	665	0	0	0	2	0	1.261707
70	678	0	0	0	0	0	2.579275
71	691	0	0	0	1	0	2.039780
72	704	0	0	0	0	0	2.554999
73	712	0	0	0	2	0	1.892088
74	718	0	0	0	2	0	1.407150
75	733	0	0	0	1	0	1.873951
76	740	0	0	0	0	0	1.617574
77	749	0	0	0	2	0	2.393475
78	757	0	0	0	0	0	2.422108
79	768	0	0	0	0	0	1.151695
80	778	0	0	0	2	0	1.503325
81	788	0	0	0	0	0	1.875749
82	798	0	0	0	0	0	1.708424
83	807	0	0	0	2	0	2.012091
84	824	0	0	0	1	0	2.051963
85	833	0	0	0	0	0	2.947402
86	841	0	0	0	0	0	1.816602
87	850	0	0	0	1	0	1.895629
88	859	0	0	0	1	0	2.675784
89	865	0	0	0	0	0	2.025706
90	873	0	0	0	0	0	2.554903
91	878	0	0	0	1	0	1.262998
92	886	0	0	0	1	0	2.168630
93	896	0	0	0	1	0	2.090887
94	905	0	0	0	0	0	1.710453
95	917	0	0	0	2	0	2.094583
96	927	0	0	0	2	0	1.372569
97	938	0	0	0	0	0	1.814248
98	947	0	0	0	1	0	2.990325
99	951	0	0	0	0	0	1.387691
100	961	0	0	0	1	0	1.268052
101	967	0	0	0	2	0	2.210683
102	975	0	0	0	0	0	1.255365
103	985	0	0	0	0	0	1.957096
104	994	0	0	0	1	0	1.207965
105	1004	0	0	0	0	0	1.415122
106	1013	0	0	0	0	0	1.452518
107	1027	0	0	0	0	0	1.937727
108	1031	0	0	0	0	0	2.264224
109	1039	0	0	0	0	0	1.854118
110	1046	0	0	0	2	0	2.859104
111	1053	0	0	0	1	0	1.782506
112	1064	0	0	0	0	0	1.500074
113	1078	0	0	0	0	0	2.720231
114	1086	0	0	0	0	0	2.455069
115	1089	0	0	0	1	0	1.756550
116	1096	0	0	0	0	0	2.572077
117	1107	0	0	0	1	0	1.718252
118	1120	0	0	0	0	0	2.090704
119	1133	0	0	0	2	0	1.365217
120	1140	0	0	0	0	0	2.567497
121	1146	0	0	0	1	0	1.252448
122	1156	0	0	0	1	0	1.683068
123	1164	0	0	0	0	0	1.027985
124	1177	0	0	0	1	0	2.378088
125	1195	0	0	0	0	0	2.443829
126	1202	0	0	0	1	0	2.319792
127	1209	0	0	0	1	0	2.378546
128	1225	0	0	0	0	0	1.434338
129	1231	0	0	0	0	0	1.477495
130	1240	0	0	0	0	0	2.895706
131	1244	0	0	0	2	0	1.957024
132	1257	0	0	0	0	0	1.872132
133	1265	0	0	0	1	0	2.896396
134	1273	0	0	0	2	0	1.986910
135	1279	0	0	0	0	0	1.351641
136	1294	0	0	0	0	0	1.405709
137	1305	0	0	0	0	0	2.601632
138	1311	0	0	0	2	0	1.877137
139	1325	0	0	0	0	0	2.496448
140	1332	0	0	0	0	0	1.313684
141	1338	0	0	0	1	0	2.187947
142	1346	0	0	0	0	0	1.901745
143	1358	0	0	0	2	0	2.955150
144	1366	0	0	0	1	0	1.068394
145	1374	0	0	0	1	0	1.696546
146	1387	0	0	0	0	0	1.596155
147	1393	0	0	0	1	0	2.339300
148	1399	0	0	0	0	0	2.644231
149	1407	0	0	0	1	0	1.601654
150	1417	0	0	0	1	0	1.576784
151	1425	0	0	0	0	0	2.137119
152	1441	0	0	0	1	0	1.535107
153	1452	0	0	0	2	0	2.453816
154	1461	0	0	0	2	0	2.921232
155	1472	0	0	0	1	0	2.315441
156	1483	0	0	0	2	0	2.080274
157	1492	0	0	0	2	0	1.535521
158	1500	0	0	0	1	0	2.059730
159	1508	0	0	0	1	0	2.087238
160	1515	0	0	0	0	0	2.095540
161	1523	0	0	0	0	0	1.980343
162	1532	0	0	0	0	0	2.698668
163	1543	0	0	0	0	0	1.122650
164	1552	0	0	0	0	0	1.148683
165	1562	0	0	0	0	0	1.763678
166	1577	0	0	0	0	0	1.319275
167	1584	0	0	0	2	0	2.221183
168	1594	0	0	0	1	0	2.071034
169	1599	0	0	0	0	0	1.745965
170	1611	0	0	0	0	0	2.742423
171	1620	0	0	0	0	0	1.374093
172	1633	0	0	0	2	0	2.828921
173	1646	0	0	0	0	0	2.008652
174	1665	0	0	0	2	0	2.868437
175	1676	0	0	0	0	0	1.476670
176	1682	0	0	0	1	0	2.529896
177	1696	0	0	0	2	0	2.624270
178	1707	0	0	0	0	0	1.099092
179	1717	0	0	0	1	0	1.598594
180	1721	0	0	0	0	0	2.724428
181	1733	0	0	0	0	0	1.053378
182	1739	0	0	0	0	0	1.722563
183	1746	0	0	0	1	0	1.267090
184	1754	0	0	0	0	0	1.140774
185	1770	0	0	0	2	0	1.264849
186	1777	0	0	0	1	0	2.954756
187	1790	0	0	0	0	0	1.290767
188	1797	0	0	0	0	0	2.808405
189	1810	0	0	0	1	0	2.567399
190	1828	0	0	0	1	0	1.654987
191	1836	0	0	0	0	0	1.166708
192	1845	0	0	0	2	0	2.082905
193	1854	0	0	0	1	0	2.102247
194	1859	0	0	0	2	0	1.347383
195	1868	0	0	0	0	0	1.966998
196	1883	0	0	0	0	0	2.724767
197	1890	0	0	0	0	0	1.939967
198	1904	0	0	0	1	0	2.833780
199	1915	0	0	0	0	0	2.477240
200	1925	0	0	0	1	0	1.616312
201	1941	0	0	0	2	0	1.993420
202	1950	0	0	0	2	0	1.982655
203	1958	0	0	0	2	0	1.412938
204	1972	0	0	0	0	0	1.292921
205	1979	0	0	0	2	0	1.491042
206	1990	0	0	0	0	0	2.483969
207	1996	0	0	0	2	0	1.801598
208	2013	0	0	0	1	0	1.068199
209	2022	0	0	0	2	0	2.382865
210	2030	0	0	0	0	0	2.344189
211	2043	0	0	0	1	0	2.676601
212	2053	0	0	0	0	0	1.433476
213	2063	0	0	0	1	0	1.337380
214	2073	0	0	0	0	0	2.655401
215	2077	0	0	0	0	0	1.528313
216	2085	0	0	0	0	0	2.220966
217	2090	0	0	0	2	0	2.688115
218	2108	0	0	0	2	0	1.220527
219	2114	0	0	0	0	0	1.626608
220	2120	0	0	0	1	0	1.473757
221	2133	0	0	0	1	0	1.416960
222	2145	0	0	0	0	0	1.622925
223	2154	0	0	0	1	0	1.174558
224	2166	0	0	0	2	0	1.174105
225	2176	0	0	0	1	0	1.968949
226	2190	0	0	0	0	0	2.526088
227	2195	0	0	0	2	0	2.570290
228	2206	0	0	0	1	0	1.041520
229	2214	0	0	0	0	0	1.773558
230	2222	0	0	0	1	0	2.243645
231	2233	0	0	0	1	0	1.068092
232	2241	0	0	0	1	0	1.240319
233	2260	0	0	0	1	0	1.742981
234	2269	0	0	0	0	0	2.989016
235	2280	0	0	0	1	0	1.271345
236	2287	0	0	0	0	0	1.081010
237	2297	0	0	0	0	0	1.901981
238	2305	0	0	0	0	0	2.535853
239	2315	0	0	0	0	0	1.050826
240	2321	0	0	0	0	0	2.829766
241	2330	0	0	0	0	0	1.216861
242	2341	0	0	0	1	0	1.888713
243	2349	0	0	0	0	0	1.278796
244	2353	0	0	0	2	0	1.724492
245	2360	0	0	0	1	0	2.881201
246	2372	0	0	0	1	0	1.277236
247	2381	0	0	0	0	0	2.133562
248	2393	0	0	0	0	0	1.138295
249	2404	0	0	0	2	0	2.511962
250	2413	0	0	0	0	0	2.881169
251	2419	0	0	0	1	0	2.719675
252	2431	0	0	0	0	0	2.444439
253	2442	0	0	0	2	0	2.678387
254	2452	0	0	0	1	0	1.596076
255	2464	0	0	0	1	0	1.371611
256	2476	0	0	0	0	0	2.973941
257	2481	0	0	0	2	0	1.929154
258	2490	0	0	0	0	0	1.807540
259	2505	0	0	0	2	0	2.650619
260	2515	0	0	0	0	0	1.231948
261	2522	0	0	0	0	0	2.795174
262	2529	0	0	0	0	0	1.408387
263	2540	0	0	0	0	0	1.311906
264	2552	0	0	0	2	0	1.248711
265	2556	0	0	0	0	0	1.207819
266	2572	0	0	0	0	0	1.460574
267	2584	0	0	0	0	0	2.087987
268	2593	0	0	0	0	0	1.992037
269	2598	0	0	0	0	0	2.708579
270	2611	0	0	0	1	0	2.288438
271	2618	0	0	0	0	0	2.561381
272	2625	0	0	0	2	0	1.744269
273	2633	0	0	0	1	0	2.725815
274	2644	0	0	0	1	0	1.784816
275	2652	0	0	0	0	0	1.645763
276	2664	0	0	0	2	0	2.189858
277	2670	0	0	0	1	0	1.694336
278	2679	0	0	0	1	0	1.292761
279	2687	0	0	0	2	0	1.123428
280	2687	0	0	0	0	0	2.698297
281	2695	0	0	0	1	0	1.898539
282	2712	0	0	0	2	0	2.443828
283	2723	0	0	0	0	0	1.778605
284	2729	0	0	0	1	0	1.581256
285	2739	0	0	0	0	0	2.447857
286	2753	0	0	0	2	0	2.750020
287	2762	0	0	0	0	0	2.461687
288	2769	0	0	0	1	0	2.512011
289	2790	0	0	0	0	0	1.708532
290	2802	0	0	0	1	0	1.701870
291	2808	0	0	0	2	0	2.723973
292	2818	0	0	0	2	0	2.570014
293	2828	0	0	0	1	0	1.648381
294	2837	0	0	0	0	0	2.270978
295	2850	0	0	0	0	0	2.686517
296	2857	0	0	0	1	0	1.102817
297	2866	0	0	0	1	0	1.980451
298	2875	0	0	0	1	0	2.407407
299	2886	0	0	0	0	0	1.375722
300	2894	0	0	0	2	0	2.593974
301	2903	0	0	0	0	0	1.350603
302	2911	0	0	0	1	0	1.206989
303	2924	0	0	0	2	0	2.907401
304	2936	0	0	0	0	0	2.177656
305	2948	0	0	0	1	0	1.802568
306	2961	0	0	0	1	0	2.427901
307	2970	0	0	0	1	0	1.243511
308	2980	0	0	0	1	0	2.943735
309	2985	0	0	0	2	0	1.821334
310	2992	0	0	0	2	0	1.999736
311	3004	0	0	0	0	0	1.177238
312	3018	0	0	0	2	0	2.252378
313	3021	0	0	0	0	0	2.668985
314	3029	0	0	0	1	0	1.205662
315	3040	0	0	0	0	0	2.443667
316	3049	0	0	0	0	0	1.830855
317	3057	0	0	0	1	0	1.117248
318	3064	0	0	0	0	0	1.764532
319	3078	0	0	0	2	0	1.284718
320	3088	0	0	0	0	0	2.386338
321	3101	0	0	0	1	0	1.771261
322	3114	0	0	0	1	0	1.163460
323	3125	0	0	0	2	0	2.132951
324	3141	0	0	0	2	0	1.328112
325	3151	0	0	0	1	0	2.019922
326	3167	0	0	0	1	0	1.894899
327	3174	0	0	0	2	0	1.055858
328	3186	0	0	0	0	0	2.483250
329	3192	0	0	0	0	0	1.584483
330	3199	0	0	0	1	0	2.735279
331	3211	0	0	0	2	0	1.529612
332	3219	0	0	0	1	0	2.318085
333	3231	0	0	0	1	0	1.307685
334	3241	0	0	0	2	0	2.405816
335	3246	0	0	0	0	0	2.790132
336	3256	0	0	0	2	0	1.263201
337	3263	0	0	0	2	0	1.252925
338	3275	0	0	0	2	0	1.002813
339	3284	0	0	0	2	0	2.456601
340	3288	0	0	0	0	0	2.435623
341	3301	0	0	0	0	0	1.939614
342	3306	0	0	0	0	0	1.145813
343	3318	0	0	0	1	0	1.306599
344	3328	0	0	0	1	0	2.090955
345	3335	0	0	0	2	0	1.704544
346	3346	0	0	0	1	0	1.591032
347	3355	0	0	0	1	0	2.581275
348	3368	0	0	0	0	0	2.792521
349	3376	0	0	0	1	0	2.989301
350	3388	0	0	0	0	0	1.456335
351	3396	0	0	0	2	0	1.579960
352	3405	0	0	0	1	0	2.131436
353	3412	0	0	0	0	0	1.274223
354	3420	0	0	0	1	0	2.141273
355	3432	0	0	0	0	0	1.060698
356	3441	0	0	0	1	0	1.052419
357	3456	0	0	0	0	0	1.011336
358	3465	0	0	0	1	0	2.993306
359	3473	0	0	0	2	0	2.481579
360	3482	0	0	0	0	0	2.060640
361	3491	0	0	0	1	0	1.465766
362	3502	0	0	0	1	0	1.226570
363	3521	0	0	0	0	0	2.661136
364	3526	0	0	0	0	0	2.077151
365	3531	0	0	0	2	0	2.880429
366	3539	0	0	0	0	0	2.861103
367	3550	0	0	0	1	0	2.282374
368	3561	0	0	0	2	0	1.397166
369	3574	0	0	0	0	0	2.208294
370	3581	0	0	0	1	0	2.172357
371	3590	0	0	0	0	0	2.724979
372	3599	0	0	0	2	0	2.805773
373	3608	0	0	0	2	0	2.560553
374	3617	0	0	0	2	0	2.295918
375	3629	0	0	0	1	0	1.102822
376	3640	0	0	0	2	0	1.685809
377	3650	0	0	0	0	0	2.635911
378	3661	0	0	0	1	0	1.534404
379	3667	0	0	0	0	0	2.173807
380	3680	0	0	0	2	0	2.543423
381	3694	0	0	0	1	0	1.099586
382	3708	0	0	0	1	0	2.422255
383	3714	0	0	0	0	0	1.642868
384	3728	0	0	0	1	0	1.035646
385	3737	0	0	0	2	0	1.741864
386	3744	0	0	0	1	0	1.822219
387	3755	0	0	0	1	0	1.329129
388	3765	0	0	0	2	0	2.273931
389	3775	0	0	0	1	0	2.649931
390	3783	0	0	0	2	0	1.938708
391	3798	0	0	0	0	0	1.200902
392	3811	0	0	0	1	0	2.902278
393	3821	0	0	0	0	0	1.269406
394	3836	0	0	0	0	0	1.963424
395	3848	0	0	0	0	0	2.061481
396	3864	0	0	0	0	0	1.444007
397	3875	0	0	0	0	0	1.972106
398	3887	0	0	0	1	0	2.928152
399	3895	0	0	0	0	0	2.709310
400	3904	0	0	0	1	0	2.523876
401	3912	0	0	0	1	0	1.544205
402	3921	0	0	0	0	0	1.495276
403	3927	0	0	0	2	0	2.182863
404	3938	0	0	0	0	0	1.167517
405	3948	0	0	0	0	0	1.745158
406	3953	0	0	0	2	0	2.018605
407	3959	0	0	0	2	0	2.673669
408	3968	0	0	0	2	0	1.346261
409	3971	0	0	0	0	0	2.570785
410	3981	0	0	0	1	0	1.521048
411	3993	0	0	0	0	0	1.740473
412	4013	0	0	0	1	0	1.328645
413	4023	0	0	0	0	0	1.707820
414	4032	0	0	0	1	0	1.520866
415	4039	0	0	0	1	0	2.803429
416	4052	0	0	0	0	0	2.297372
417	4059	0	0	0	2	0	2.824915
418	4070	0	0	0	2	0	2.715186
419	4074	0	0	0	1	0	1.242117
420	4091	0	0	0	0	0	2.055639
421	4100	0	0	0	0	0	2.094459
422	4113	0	0	0	0	0	1.559480
423	4121	0	0	0	1	0	2.352979
424	4134	0	0	0	0	0	2.744362
425	4140	0	0	0	1	0	1.697052
426	4148	0	0	0	0	0	2.272531
427	4167	0	0	0	1	0	2.914806
428	4185	0	0	0	0	0	2.595983
429	4192	0	0	0	2	0	1.244214
430	4204	0	0	0	2	0	2.568808
431	4211	0	0	0	0	0	2.093642
432	4219	0	0	0	0	0	2.362920
433	4224	0	0	0	1	0	1.871919
434	4232	0	0	0	2	0	1.803501
435	4238	0	0	0	0	0	2.325184
436	4246	0	0	0	2	0	2.182125
437	4255	0	0	0	0	0	2.392930
438	4268	0	0	0	0	0	2.631268
439	4278	0	0	0	2	0	1.243399
440	4285	0	0	0	0	0	1.800110
441	4294	0	0	0	1	0	2.822447
442	4307	0	0	0	1	0	1.050883
443	4318	0	0	0	0	0	2.814063
444	4334	0	0	0	1	0	2.819807
445	4340	0	0	0	0	0	1.588982
446	4352	0	0	0	0	0	2.925017
447	4360	0	0	0	2	0	2.125283
448	4367	0	0	0	1	0	1.014696
449	4380	0	0	0	1	0	1.308441
450	4389	0	0	0	0	0	1.248637
451	4395	0	0	0	1	0	1.890921
452	4406	0	0	0	1	0	2.329754
453	4413	0	0	0	0	0	1.124616
454	4425	0	0	0	0	0	1.628485
455	4431	0	0	0	2	0	1.585722
456	4444	0	0	0	1	0	1.693381
457	4456	0	0	0	0	0	1.223992
458	4463	0	0	0	2	0	2.092362
459	4475	0	0	0	0	0	1.894474
460	4484	0	0	0	0	0	2.874541
461	4491	0	0	0	0	0	2.601371
462	4507	0	0	0	2	0	2.168608
463	4516	0	0	0	1	0	2.939171
464	4528	0	0	0	1	0	1.784979
465	4535	0	0	0	0	0	1.509533
466	4541	0	0	0	1	0	1.438016
467	4552	0	0	0	1	0	2.752555
468	4560	0	0	0	0	0	2.846077
469	4568	0	0	0	2	0	1.349852
470	4581	0	0	0	1	0	2.507278
471	4588	0	0	0	0	0	1.118466
472	4593	0	0	0	0	0	1.005861
473	4597	0	0	0	0	0	2.220349
474	4607	0	0	0	0	0	2.575990
475	4616	0	0	0	1	0	1.892593
476	4627	0	0	0	0	0	2.759140
477	4637	0	0	0	2	0	1.100648
478	4643	0	0	0	0	0	2.042399
479	4652	0	0	0	2	0	1.599089
480	4670	0	0	0	0	0	2.079159
481	4684	0	0	0	0	0	1.731247
482	4693	0	0	0	0	0	1.446273
483	4710	0	0	0	0	0	2.553991
484	4718	0	0	0	0	0	1.179019
485	4723	0	0	0	1	0	1.949840
486	4728	0	0	0	0	0	1.452177
487	4739	0	0	0	2	0	2.379411
488	4744	0	0	0	1	0	2.955534
489	4755	0	0	0	2	0	2.272908
490	4767	0	0	0	0	0	1.226007
491	4778	0	0	0	0	0	1.689372
492	4797	0	0	0	1	0	1.264374
493	4808	0	0	0	2	0	1.119620
494	4818	0	0	0	2	0	1.194282
495	4828	0	0	0	2	0	2.273338
496	4841	0	0	0	1	0	2.866321
497	4849	0	0	0	0	0	1.411247
498	4856	0	0	0	1	0	1.660671
499	4866	0	0	0	1	0	1.460671
500	4874	0	0	0	0	0	1.161099
501	4883	0	0	0	1	0	2.269233
502	4893	0	0	0	0	0	2.903537
503	4901	0	0	0	0	0	1.069875
504	4905	0	0	0	0	0	1.988594
505	4916	0	0	0	0	0	1.235684
506	4924	0	0	0	2	0	1.703740
507	4933	0	0	0	0	0	1.151901
508	4947	0	0	0	1	0	1.680815
509	4957	0	0	0	2	0	2.332882
510	4966	0	0	0	0	0	1.707191
511	4978	0	0	0	1	0	2.882900
512	4988	0	0	0	0	0	2.591257
513	5001	0	0	0	2	0	1.278534
514	5009	0	0	0	1	0	2.498722
515	5021	0	0	0	0	0	2.430841
516	5032	0	0	0	0	0	2.024731
517	5045	0	0	0	2	0	1.732568
518	5048	0	0	0	1	0	2.933764
519	5054	0	0	0	1	0	1.583851
520	5069	0	0	0	2	0	2.955739
521	5076	0	0	0	2	0	1.275433
522	5084	0	0	0	2	0	1.232307
523	5094	0	0	0	2	0	1.090734
524	5108	0	0	0	0	0	2.970334
525	5118	0	0	0	1	0	1.065389
526	5130	0	0	0	0	0	2.649237
527	5144	0	0	0	0	0	1.588199
528	5157	0	0	0	0	0	2.293521
529	5168	0	0	0	2	0	1.425875
530	5180	0	0	0	2	0	1.445933
531	5198	0	0	0	1	0	2.514793
532	5207	0	0	0	1	0	1.901688
533	5218	0	0	0	0	0	1.510155
534	5226	0	0	0	1	0	1.410069
535	5235	0	0	0	2	0	2.590024
536	5244	0	0	0	1	0	1.285705
537	5256	0	0	0	0	0	2.200852
538	5265	0	0	0	2	0	1.487364
539	5281	0	0	0	2	0	1.826058
540	5289	0	0	0	0	0	2.549815
541	5300	0	0	0	0	0	2.365826
542	5306	0	0	0	1	0	1.156991
543	5319	0	0	0	0	0	2.514566
544	5321	0	0	0	0	0	2.717085
545	5333	0	0	0	0	0	1.263271
546	5346	0	0	0	2	0	1.583965
547	5359	0	0	0	1	0	2.703898
548	5368	0	0	0	1	0	1.355638
549	5382	0	0	0	1	0	1.472949
550	5388	0	0	0	1	0	1.639683
551	5398	0	0	0	0	0	1.811578
552	5407	0	0	0	2	0	2.264068
553	5418	0	0	0	2	0	1.229459
554	5434	0	0	0	2	0	2.798488
555	5439	0	0	0	0	0	2.941486
556	5445	0	0	0	0	0	1.723844
557	5462	0	0	0	1	0	2.794798
558	5467	0	0	0	1	0	2.742547
559	5476	0	0	0	1	0	2.860612
560	5484	0	0	0	0	0	1.574867
561	5493	0	0	0	0	0	1.331246
562	5501	0	0	0	0	0	1.644541
563	5515	0	0	0	2	0	1.416440
564	5530	0	0	0	1	0	1.157097
565	5542	0	0	0	2	0	1.276582
566	5553	0	0	0	2	0	1.364918
567	5569	0	0	0	0	0	1.707812
568	5584	0	0	0	1	0	1.506115
569	5593	0	0	0	2	0	1.247192
570	5604	0	0	0	0	0	1.757101
571	5613	0	0	0	2	0	2.585656
572	5628	0	0	0	0	0	1.098685
573	5632	0	0	0	2	0	1.453178
574	5643	0	0	0	2	0	1.163699
575	5654	0	0	0	0	0	1.947336
576	5666	0	0	0	1	0	2.067358
577	5677	0	0	0	1	0	2.107731
578	5689	0	0	0	0	0	1.772354
579	5707	0	0	0	0	0	1.416864
580	5719	0	0	0	1	0	1.514209
581	5736	0	0	0	2	0	2.704073
582	5742	0	0	0	0	0	1.798033
583	5754	0	0	0	1	0	2.060156
584	5762	0	0	0	1	0	1.719902
585	5776	0	0	0	0	0	2.575759
586	5786	0	0	0	0	0	2.569213
587	5797	0	0	0	2	0	2.424106
588	5811	0	0	0	0	0	1.935238
589	5819	0	0	0	0	0	2.845153
590	5834	0	0	0	1	0	1.014465
591	5849	0	0	0	0	0	1.018041
592	5854	0	0	0	0	0	1.187125
593	5861	0	0	0	1	0	2.166260
594	5873	0	0	0	0	0	2.371886
595	5889	0	0	0	2	0	1.961100
596	5896	0	0	0	2	0	1.210483
597	5907	0	0	0	0	0	2.484955
598	5924	0	0	0	1	0	2.492327
599	5936	0	0	0	0	0	1.738715
600	5948	0	0	0	2	0	2.471311
601	5958	0	0	0	0	0	1.447214
602	5964	0	0	0	2	0	2.252082
603	5979	0	0	0	0	0	2.984600
604	5991	0	0	0	2	0	2.097945
605	6001	0	0	0	1	0	1.755816
606	6014	0	0	0	2	0	2.905550
607	6020	0	0	0	0	0	2.614503
608	6024	0	0	0	2	0	1.990407
609	6036	0	0	0	0	0	1.805617
610	6049	0	0	0	1	0	2.476995
611	6062	0	0	0	0	0	2.518750
612	6070	0	0	0	0	0	1.634957
613	6084	0	0	0	1	0	2.623646
614	6087	0	0	0	1	0	2.544975
615	6100	0	0	0	0	0	2.118845
616	6109	0	0	0	0	0	2.921015
617	6116	0	0	0	0	0	2.520699
618	6127	0	0	0	0	0	2.342002
619	6138	0	0	0	2	0	1.320162
620	6150	0	0	0	2	0	1.300333
621	6161	0	0	0	2	0	2.296980
622	6170	0	0	0	2	0	2.328143
623	6176	0	0	0	2	0	1.580948
624	6184	0	0	0	0	0	1.221655
625	6198	0	0	0	1	0	2.622149
626	6209	0	0	0	1	0	2.743532
627	6220	0	0	0	1	0	1.796286
628	6231	0	0	0	2	0	1.265367
629	6241	0	0	0	1	0	2.643102
630	6247	0	0	0	1	0	2.668206
631	6254	0	0	0	1	0	2.811990
632	6266	0	0	0	1	0	1.521668
633	6274	0	0	0	0	0	2.049323
634	6282	0	0	0	1	0	2.379554
635	6290	0	0	0	0	0	1.610306
636	6299	0	0	0	2	0	2.497397
637	6307	0	0	0	2	0	2.946375
638	6318	0	0	0	0	0	2.571744
639	6328	0	0	0	0	0	2.363910
640	6344	0	0	0	1	0	1.128492
641	6355	0	0	0	1	0	2.342482
642	6360	0	0	0	0	0	1.524632
643	6373	0	0	0	1	0	1.309898
644	6388	0	0	0	1	0	1.321926
645	6405	0	0	0	0	0	1.105692
646	6420	0	0	0	0	0	1.780039
647	6432	0	0	0	2	0	1.265983
648	6448	0	0	0	0	0	1.084222
649	6454	0	0	0	0	0	2.576759
650	6463	0	0	0	0	0	2.063755
651	6473	0	0	0	2	0	1.845543
652	6487	0	0	0	0	0	1.219105
653	6493	0	0	0	2	0	1.512583
654	6509	0	0	0	1	0	1.306925
655	6514	0	0	0	2	0	2.823785
656	6526	0	0	0	1	0	1.685314
657	6537	0	0	0	0	0	1.635043
658	6542	0	0	0	1	0	1.469257
659	6548	0	0	0	1	0	1.453325
660	6554	0	0	0	0	0	1.230347
661	6570	0	0	0	2	0	2.468530
662	6581	0	0	0	2	0	2.979864
663	6589	0	0	0	1	0	1.286017
664	6597	0	0	0	0	0	2.436311
665	6609	0	0	0	1	0	1.810300
666	6620	0	0	0	1	0	2.018291
667	6629	0	0	0	1	0	2.557680
668	6639	0	0	0	1	0	1.374841
669	6648	0	0	0	0	0	2.041519
670	6657	0	0	0	0	0	1.921624
671	6669	0	0	0	2	0	1.143647
672	6677	0	0	0	0	0	1.050070
673	6690	0	0	0	0	0	2.165527
674	6704	0	0	0	0	0	2.799913
675	6714	0	0	0	0	0	1.275156
676	6730	0	0	0	1	0	1.696948
677	6736	0	0	0	1	0	2.845327
678	6743	0	0	0	0	0	2.986277
679	6757	0	0	0	1	0	2.204021
680	6766	0	0	0	2	0	2.075317
681	6774	0	0	0	1	0	1.663919
682	6786	0	0	0	0	0	1.815372
683	6801	0	0	0	0	0	2.748780
684	6809	0	0	0	1	0	2.976725
685	6818	0	0	0	2	0	2.806133
686	6824	0	0	0	0	0	2.060789
687	6835	0	0	0	0	0	1.426007
688	6840	0	0	0	2	0	1.536829
689	6856	0	0	0	0	0	2.862513
690	6863	0	0	0	1	0	1.856385
691	6875	0	0	0	0	0	2.748791
692	6889	0	0	0	0	0	1.008262
693	6898	0	0	0	0	0	2.614661
694	6913	0	0	0	1	0	1.854005
695	6920	0	0	0	2	0	2.162606
696	6927	0	0	0	2	0	2.350763
697	6931	0	0	0	0	0	1.436767
698	6947	0	0	0	0	0	2.978299
699	6956	0	0	0	2	0	1.350200
700	6965	0	0	0	0	0	1.593989
701	6975	0	0	0	1	0	2.631289
702	6985	0	0	0	2	0	2.605748
703	6992	0	0	0	0	0	1.567435
704	7001	0	0	0	0	0	2.681877
705	7015	0	0	0	1	0	1.748987
706	7026	0	0	0	0	0	1.043922
707	7035	0	0	0	0	0	1.263630
708	7041	0	0	0	0	0	2.253437
709	7046	0	0	0	1	0	1.999623
710	7051	0	0	0	2	0	1.706207
711	7067	0	0	0	1	0	2.448506
712	7079	0	0	0	2	0	2.890439
713	7087	0	0	0	1	0	1.847378
714	7096	0	0	0	0	0	1.068103
715	7103	0	0	0	1	0	2.529338
716	7108	0	0	0	0	0	2.037218
717	7115	0	0	0	0	0	2.652530
718	7126	0	0	0	2	0	2.801282
719	7130	0	0	0	0	0	1.020301
720	7138	0	0	0	1	0	1.172102
721	7152	0	0	0	1	0	2.113070
722	7162	0	0	0	1	0	1.591995
723	7171	0	0	0	1	0	1.617140
724	7182	0	0	0	1	0	1.803165
725	7186	0	0	0	2	0	1.004076
726	7195	0	0	0	1	0	2.382479
727	7208	0	0	0	0	0	1.289136
728	7221	0	0	0	2	0	2.160814
729	7234	0	0	0	2	0	2.975812
730	7242	0	0	0	0	0	2.084331
731	7260	0	0	0	1	0	2.080359
732	7275	0	0	0	1	0	2.595186
733	7284	0	0	0	0	0	1.234559
734	7298	0	0	0	2	0	2.565914
735	7308	0	0	0	2	0	2.271128
736	7315	0	0	0	2	0	1.099187
737	7325	0	0	0	1	0	1.094012
738	7337	0	0	0	2	0	2.519234
739	7351	0	0	0	1	0	2.628291
740	7360	0	0	0	1	0	2.420803
741	7367	0	0	0	1	0	2.602979
742	7375	0	0	0	1	0	2.623324
743	7385	0	0	0	0	0	2.372276
744	7394	0	0	0	0	0	2.697213
745	7405	0	0	0	1	0	1.666239
746	7415	0	0	0	2	0	2.808692
747	7430	0	0	0	1	0	1.161789
748	7439	0	0	0	1	0	2.378060
749	7449	0	0	0	1	0	2.258788
750	7460	0	0	0	0	0	2.824274
751	7476	0	0	0	2	0	2.246619
752	7486	0	0	0	1	0	1.638893
753	7499	0	0	0	1	0	1.593091
754	7507	0	0	0	0	0	2.726353
755	7518	0	0	0	1	0	1.841844
756	7533	0	0	0	0	0	2.943641
757	7538	0	0	0	2	0	1.414221
758	7556	0	0	0	0	0	1.542721
759	7568	0	0	0	0	0	2.489954
760	7577	0	0	0	0	0	2.231732
761	7584	0	0	0	0	0	1.852386
762	7594	0	0	0	1	0	2.432275
763	7605	0	0	0	1	0	1.566585
764	7615	0	0	0	1	0	1.489873
765	7628	0	0	0	0	0	1.768056
766	7638	0	0	0	2	0	1.672261
767	7644	0	0	0	1	0	1.301674
768	7651	0	0	0	1	0	2.750308
769	7657	0	0	0	0	0	1.537397
770	7669	0	0	0	1	0	1.291232
771	7683	0	0	0	0	0	1.432616
772	7697	0	0	0	1	0	1.564528
773	7709	0	0	0	0	0	1.310291
774	7717	0	0	0	2	0	2.042183
775	7728	0	0	0	0	0	1.457414
776	7739	0	0	0	1	0	2.222226
777	7749	0	0	0	0	0	2.145310
778	7764	0	0	0	1	0	1.388454
779	7774	0	0	0	1	0	1.329718
780	7779	0	0	0	2	0	1.227892
781	7788	0	0	0	2	0	2.907248
782	7798	0	0	0	0	0	1.614405
783	7808	0	0	0	1	0	1.988256
784	7820	0	0	0	2	0	2.621892
785	7831	0	0	0	0	0	1.241666
786	7843	0	0	0	0	0	2.689421
787	7857	0	0	0	0	0	2.908799
788	7868	0	0	0	0	0	2.314021
789	7878	0	0	0	2	0	1.447807
790	7891	0	0	0	2	0	1.800110
791	7900	0	0	0	0	0	2.602665
792	7909	0	0	0	1	0	2.707856
793	7923	0	0	0	1	0	1.547959
794	7937	0	0	0	0	0	1.689559
795	7949	0	0	0	1	0	1.622530
796	7958	0	0	0	0	0	2.114926
797	7967	0	0	0	1	0	1.839010
798	7981	0	0	0	0	0	1.096454
799	7990	0	0	0	2	0	1.637567
800	7998	0	0	0	0	0	1.999746
801	8004	0	0	0	2	0	2.474223
802	8019	0	0	0	1	0	1.493614
803	8030	0	0	0	1	0	1.622447
804	8038	0	0	0	1	0	1.171014
805	8053	0	0	0	0	0	1.181497
806	8065	0	0	0	2	0	2.111311
807	8072	0	0	0	2	0	1.182681
808	8081	0	0	0	2	0	1.540918
809	8088	0	0	0	1	0	1.574476
810	8092	0	0	0	2	0	1.613072
811	8100	0	0	0	1	0	1.884599
812	8108	0	0	0	2	0	2.296305
813	8120	0	0	0	0	0	1.462593
814	8126	0	0	0	0	0	2.371722
815	8133	0	0	0	1	0	2.645582
816	8148	0	0	0	1	0	2.525839
817	8159	0	0	0	1	0	1.701915
818	8171	0	0	0	2	0	2.082609
819	8182	0	0	0	0	0	2.981941
820	8194	0	0	0	0	0	2.847717
821	8204	0	0	0	1	0	2.480049
822	8210	0	0	0	0	0	1.481602
823	8218	0	0	0	0	0	1.560230
824	8227	0	0	0	2	0	1.263893
825	8235	0	0	0	0	0	1.282150
826	8246	0	0	0	0	0	2.237532
827	8255	0	0	0	2	0	1.244964
828	8267	0	0	0	0	0	1.143456
829	8273	0	0	0	0	0	2.029462
830	8285	0	0	0	1	0	2.540547
831	8292	0	0	0	0	0	1.676459
832	8301	0	0	0	1	0	2.911419
833	8311	0	0	0	2	0	2.739041
834	8321	0	0	0	2	0	1.781774
835	8330	0	0	0	0	0	2.210630
836	8340	0	0	0	2	0	2.207107
837	8349	0	0	0	1	0	2.882516
838	8365	0	0	0	0	0	2.419538
839	8378	0	0	0	1	0	1.359090
840	8391	0	0	0	0	0	2.275648
841	8401	0	0	0	1	0	1.782285
842	8410	0	0	0	1	0	2.763600
843	8423	0	0	0	2	0	2.515898
844	8433	0	0	0	0	0	1.501772
845	8441	0	0	0	1	0	1.092944
846	8451	0	0	0	1	0	2.934995
847	8461	0	0	0	0	0	2.553766
848	8467	0	0	0	2	0	2.651170
849	8479	0	0	0	1	0	2.309818
850	8491	0	0	0	0	0	1.511649
851	8505	0	0	0	1	0	2.104380
852	8513	0	0	0	1	0	1.568061
853	8522	0	0	0	1	0	2.384294
854	8531	0	0	0	2	0	1.113308
855	8552	0	0	0	2	0	2.018996
856	8559	0	0	0	1	0	1.383508
857	8564	0	0	0	1	0	2.444377
858	8573	0	0	0	0	0	1.446567
859	8582	0	0	0	1	0	2.533535
860	8594	0	0	0	0	0	2.734741
861	8607	0	0	0	2	0	1.590734
862	8627	0	0	0	0	0	1.777972
863	8638	0	0	0	0	0	1.207874
864	8651	0	0	0	0	0	1.619481
865	8668	0	0	0	1	0	1.794567
866	8677	0	0	0	1	0	2.943763
867	8687	0	0	0	2	0	2.274175
868	8696	0	0	0	0	0	1.668321
869	8707	0	0	0	2	0	2.545737
870	8720	0	0	0	0	0	1.265513
871	8730	0	0	0	0	0	1.103298
872	8743	0	0	0	1	0	2.841377
873	8750	0	0	0	2	0	2.243350
874	8761	0	0	0	2	0	2.825114
875	8765	0	0	0	0	0	1.088442
876	8775	0	0	0	1	0	1.126278
877	8785	0	0	0	0	0	2.873616
878	8795	0	0	0	2	0	1.884223
879	8807	0	0	0	2	0	1.809269
880	8815	0	0	0	0	0	1.958571
881	8825	0	0	0	1	0	2.843780
882	8837	0	0	0	2	0	1.569274
883	8847	0	0	0	2	0	2.703115
884	8851	0	0	0	1	0	1.629598
885	8865	0	0	0	0	0	2.462030
886	8876	0	0	0	1	0	2.219408
887	8881	0	0	0	2	0	1.285239
888	8893	0	0	0	1	0	1.103902
889	8907	0	0	0	2	0	2.121963
890	8921	0	0	0	2	0	1.872956
891	8929	0	0	0	2	0	2.091623
892	8938	0	0	0	1	0	1.368698
893	8952	0	0	0	2	0	2.482153
894	8970	0	0	0	0	0	1.639861
895	8985	0	0	0	0	0	1.461302
896	8997	0	0	0	1	0	2.741044
897	9008	0	0	0	2	0	1.422850
898	9018	0	0	0	1	0	2.780895
899	9029	0	0	0	0	0	1.483500
900	9041	0	0	0	1	0	1.076401
901	9057	0	0	0	0	0	1.825112
902	9066	0	0	0	1	0	1.832930
903	9076	0	0	0	2	0	2.941234
904	9080	0	0	0	1	0	2.393372
905	9089	0	0	0	0	0	2.014460
906	9098	0	0	0	1	0	1.892939
907	9112	0	0	0	0	0	2.155088
908	9116	0	0	0	2	0	2.674522
909	9126	0	0	0	1	0	2.335464
910	9134	0	0	0	2	0	1.947184
911	9144	0	0	0	2	0	2.468252
912	9158	0	0	0	0	0	1.742448
913	9169	0	0	0	0	0	2.339046
914	9181	0	0	0	1	0	1.961160
915	9190	0	0	0	2	0	1.238389
916	9196	0	0	0	0	0	1.632761
917	9209	0	0	0	2	0	2.363687
918	9217	0	0	0	0	0	1.716404
919	9225	0	0	0	1	0	1.794814
920	9236	0	0	0	2	0	1.720881
921	9245	0	0	0	0	0	2.367561
922	9256	0	0	0	1	0	2.826476
923	9269	0	0	0	0	0	1.466325
924	9274	0	0	0	0	0	1.769262
925	9284	0	0	0	1	0	2.375146
926	9296	0	0	0	1	0	1.745280
927	9305	0	0	0	2	0	1.620708
928	9313	0	0	0	2	0	2.424280
929	9320	0	0	0	1	0	1.936890
930	9331	0	0	0	1	0	2.642041
931	9345	0	0	0	1	0	2.616132
932	9352	0	0	0	2	0	2.684276
933	9364	0	0	0	0	0	1.679403
934	9366	0	0	0	0	0	1.542747
935	9379	0	0	0	0	0	1.667680
936	9391	0	0	0	1	0	1.068661
937	9401	0	0	0	0	0	2.638631
938	9407	0	0	0	1	0	1.532677
939	9413	0	0	0	2	0	1.425319
940	9424	0	0	0	1	0	1.652024
941	9432	0	0	0	2	0	1.159975
942	9441	0	0	0	0	0	1.417424
943	9454	0	0	0	0	0	1.166820
944	9465	0	0	0	1	0	1.747208
945	9472	0	0	0	1	0	2.119749
946	9478	0	0	0	2	0	2.522831
947	9482	0	0	0	2	0	1.589216
948	9488	0	0	0	0	0	2.682591
949	9496	0	0	0	1	0	2.519359
950	9508	0	0	0	1	0	1.894334
951	9517	0	0	0	2	0	1.528397
952	9532	0	0	0	2	0	2.789110
953	9545	0	0	0	0	0	1.502947
954	9556	0	0	0	0	0	2.136235
955	9563	0	0	0	1	0	1.458234
956	9572	0	0	0	1	0	2.844091
957	9583	0	0	0	2	0	1.039086
958	9596	0	0	0	0	0	2.663928
959	9607	0	0	0	1	0	1.142896
960	9618	0	0	0	1	0	1.412881
961	9633	0	0	0	1	0	1.115922
962	9645	0	0	0	0	0	1.868154
963	9658	0	0	0	1	0	1.353850
964	9670	0	0	0	0	0	2.252416
965	9681	0	0	0	0	0	1.106597
966	9693	0	0	0	1	0	2.584073
967	9707	0	0	0	0	0	2.753506
968	9716	0	0	0	0	0	1.253527
969	9726	0	0	0	1	0	2.616812
970	9731	0	0	0	2	0	1.268681
971	9746	0	0	0	1	0	1.861157
972	9752	0	0	0	2	0	2.554216
973	9762	0	0	0	1	0	1.765282
974	9773	0	0	0	0	0	1.661173
975	9777	0	0	0	1	0	2.989098
976	9784	0	0	0	1	0	2.868805
977	9795	0	0	0	2	0	2.823126
978	9806	0	0	0	0	0	1.441278
979	9817	0	0	0	0	0	2.405850
980	9833	0	0	0	1	0	1.236203
981	9846	0	0	0	1	0	2.826670
982	9858	0	0	0	0	0	1.705648
983	9874	0	0	0	1	0	1.662246
984	9880	0	0	0	2	0	1.199413
985	9892	0	0	0	1	0	1.453382
986	9896	0	0	0	1	0	2.882387
987	9906	0	0	0	0	0	1.330519
988	9914	0	0	0	0	0	2.836865
989	9924	0	0	0	1	0	1.065352
990	9934	0	0	0	1	0	2.158878
991	9940	0	0	0	0	0	2.530322
992	9954	0	0	0	2	0	2.295608
993	9962	0	0	0	1	0	2.322888
994	9975	0	0	0	1	0	2.966014
995	9985	0	0	0	1	0	1.477400
996	9998	0	0	0	1	0	1.963645
997	10004	0	0	0	0	0	2.008821
998	10013	0	0	0	0	0	1.366436
999	10020	0	0	0	0	0	2.290015
