0	1	0	0	0	0	0	1.619562
1	6	0	0	0	1	0	1.811954
2	12	0	0	0	2	0	2.665832
3	27	0	0	0	0	0	1.496339
4	36	0	0	0	0	0	1.737544
5	44	0	0	0	1	0	1.721448
6	52	0	0	0	1	0	1.482100
7	62	0	0	0	0	0	1.034127
8	74	0	0	0	1	0	2.459781
9	79	0	0	0	2	0	2.720241
10	81	0	0	0	0	0	1.773240
11	95	0	0	0	0	0	1.280775
12	103	0	0	0	0	0	1.722565
13	118	0	0	0	1	0	1.873046
14	127	0	0	0	2	0	1.943546
15	138	0	0	0	2	0	1.857732
16	142	0	0	0	1	0	1.322073
17	154	0	0	0	2	0	1.669948
18	166	0	0	0	0	0	1.079165
19	173	0	0	0	2	0	1.953389
20	184	0	0	0	0	0	2.680303
21	195	0	0	0	0	0	2.411639
22	204	0	0	0	1	0	1.039907
23	222	0	0	0	0	0	2.476387
24	240	0	0	0	1	0	2.676287
25	252	0	0	0	0	0	1.909828
26	265	0	0	0	0	0	2.301179
27	268	0	0	0	0	0	2.274729
28	277	0	0	0	2	0	1.166852
29	282	0	0	0	2	0	2.201181
30	292	0	0	0	1	0	1.597470
31	297	0	0	0	1	0	1.975281
32	304	0	0	0	0	0	2.146567
33	316	0	0	0	2	0	1.777161
34	324	0	0	0	0	0	1.363401
35	337	0	0	0	0	0	1.642832
36	348	0	0	0	1	0	1.336901
37	357	0	0	0	0	0	2.927710
38	364	0	0	0	0	0	2.449384
39	376	0	0	0	0	0	1.361706
40	385	0	0	0	0	0	1.384915
41	395	0	0	0	1	0	1.292252
42	407	0	0	0	0	0	1.364491
43	417	0	0	0	0	0	2.324199
44	424	0	0	0	1	0	1.044420
45	440	0	0	0	0	0	2.468702
46	453	0	0	0	2	0	1.454774
47	463	0	0	0	1	0	2.324711
48	477	0	0	0	0	0	1.748460
49	491	0	0	0	0	0	1.805186
50	499	0	0	0	0	0	1.448279
51	512	0	0	0	0	0	2.358042
52	522	0	0	0	1	0	1.946113
53	531	0	0	0	1	0	2.252400
54	537	0	0	0	1	0	2.753290
55	549	0	0	0	0	0	1.125070
56	560	0	0	0	0	0	2.277568
57	569	0	0	0	0	0	1.511963
58	574	0	0	0	0	0	2.102984
59	585	0	0	0	1	0	2.217482
60	595	0	0	0	2	0	1.056640
61	606	0	0	0	1	0	1.217927
62	613	0	0	0	2	0	1.676624
63	628	0	0	0	1	0	1.579300
64	637	0	0	0	0	0	1.703113
65	649	0	0	0	2	0	2.411466
66	667	0	0	0	0	0	2.347189
67	678	0	0	0	0	0	1.847185
68	687	0	0	0	2	0	2.839162
69	697	0	0	0	0	0	2.772505
70	707	0	0	0	0	0	2.008920
71	714	0	0	0	0	0	2.933321
72	727	0	0	0	0	0	1.837960
73	737	0	0	0	2	0	1.087328
74	747	0	0	0	1	0	2.005623
75	760	0	0	0	2	0	2.637267
76	771	0	0	0	1	0	2.450960
77	778	0	0	0	1	0	1.901477
78	791	0	0	0	2	0	2.313529
79	801	0	0	0	0	0	2.435576
80	815	0	0	0	1	0	1.072804
81	817	0	0	0	0	0	2.673492
82	831	0	0	0	0	0	2.595683
83	844	0	0	0	1	0	1.785488
84	853	0	0	0	0	0	1.495308
85	859	0	0	0	1	0	1.478434
86	863	0	0	0	0	0	1.859935
87	878	0	0	0	2	0	1.917378
88	889	0	0	0	2	0	2.162728
89	896	0	0	0	0	0	1.698968
90	905	0	0	0	1	0	1.743580
91	911	0	0	0	2	0	2.353204
92	922	0	0	0	0	0	1.745767
93	931	0	0	0	2	0	2.597893
94	944	0	0	0	0	0	1.488882
95	951	0	0	0	0	0	1.121847
96	969	0	0	0	1	0	2.908254
97	976	0	0	0	1	0	2.195291
98	988	0	0	0	1	0	1.830145
99	1001	0	0	0	0	0	1.651977
100	1007	0	0	0	0	0	1.433292
101	1012	0	0	0	1	0	2.183011
102	1021	0	0	0	1	0	1.834454
103	1036	0	0	0	0	0	1.225580
104	1046	0	0	0	1	0	2.443717
105	1059	0	0	0	2	0	2.494488
106	1067	0	0	0	2	0	1.015161
107	1079	0	0	0	1	0	1.456696
108	1086	0	0	0	2	0	2.720570
109	1095	0	0	0	0	0	2.120312
110	1108	0	0	0	1	0	1.091499
111	1122	0	0	0	0	0	1.706934
112	1133	0	0	0	1	0	1.640111
113	1141	0	0	0	1	0	2.486712
114	1146	0	0	0	2	0	1.032224
115	1157	0	0	0	1	0	1.771957
116	1165	0	0	0	1	0	1.184344
117	1173	0	0	0	0	0	2.129319
118	1185	0	0	0	2	0	1.524262
119	1194	0	0	0	0	0	2.531899
120	1202	0	0	0	2	0	1.851201
121	1214	0	0	0	0	0	2.225746
122	1222	0	0	0	0	0	1.008739
123	1228	0	0	0	0	0	2.945949
124	1234	0	0	0	2	0	1.635268
125	1246	0	0	0	0	0	1.565578
126	1253	0	0	0	0	0	2.858726
127	1267	0	0	0	2	0	1.422967
128	1275	0	0	0	2	0	2.453591
129	1282	0	0	0	1	0	2.780743
130	1298	0	0	0	2	0	1.056401
131	1312	0	0	0	0	0	1.713856
132	1321	0	0	0	0	0	1.936120
133	1336	0	0	0	2	0	2.557647
134	1359	0	0	0	1	0	1.804015
135	1367	0	0	0	1	0	1.118942
136	1377	0	0	0	0	0	1.996916
137	1387	0	0	0	0	0	2.453098
138	1399	0	0	0	1	0	2.944183
139	1411	0	0	0	2	0	1.190742
140	1418	0	0	0	1	0	2.313086
141	1430	0	0	0	0	0	2.402714
142	1439	0	0	0	1	0	2.166560
143	1444	0	0	0	2	0	2.244735
144	1454	0	0	0	2	0	2.123949
145	1465	0	0	0	1	0	1.836429
146	1473	0	0	0	0	0	2.154130
147	1480	0	0	0	1	0	1.261397
148	1487	0	0	0	0	0	2.287548
149	1499	0	0	0	0	0	1.756846
150	1511	0	0	0	0	0	1.201189
151	1520	0	0	0	0	0	1.471779
152	1527	0	0	0	1	0	1.794360
153	1532	0	0	0	2	0	2.177673
154	1544	0	0	0	2	0	2.567665
155	1555	0	0	0	1	0	1.599605
156	1571	0	0	0	0	0	1.839070
157	1583	0	0	0	1	0	1.144787
158	1591	0	0	0	1	0	1.939723
159	1594	0	0	0	1	0	1.677468
160	1602	0	0	0	0	0	2.138767
161	1611	0	0	0	0	0	1.380020
162	1624	0	0	0	0	0	2.115084
163	1633	0	0	0	0	0	1.280078
164	1644	0	0	0	2	0	2.432649
165	1656	0	0	0	0	0	2.376813
166	1666	0	0	0	0	0	1.231511
167	1679	0	0	0	0	0	1.993659
168	1690	0	0	0	0	0	2.116354
169	1701	0	0	0	0	0	1.543780
170	1714	0	0	0	0	0	2.466679
171	1728	0	0	0	1	0	2.198138
172	1742	0	0	0	0	0	2.140869
173	1755	0	0	0	1	0	1.461434
174	1767	0	0	0	0	0	1.404568
175	1779	0	0	0	0	0	1.094219
176	1791	0	0	0	0	0	1.366816
177	1802	0	0	0	0	0	1.376490
178	1813	0	0	0	2	0	1.384638
179	1823	0	0	0	2	0	2.678808
180	1830	0	0	0	2	0	2.015845
181	1842	0	0	0	2	0	1.596941
182	1853	0	0	0	2	0	1.893872
183	1860	0	0	0	0	0	1.701001
184	1871	0	0	0	1	0	2.195999
185	1881	0	0	0	0	0	2.946531
186	1887	0	0	0	1	0	2.552203
187	1894	0	0	0	2	0	1.852085
188	1906	0	0	0	1	0	2.990965
189	1918	0	0	0	2	0	2.908564
190	1934	0	0	0	1	0	2.282350
191	1949	0	0	0	2	0	2.251092
192	1957	0	0	0	1	0	1.194810
193	1962	0	0	0	2	0	2.228586
194	1971	0	0	0	1	0	1.632500
195	1979	0	0	0	0	0	2.839200
196	1991	0	0	0	0	0	1.225498
197	2001	0	0	0	2	0	1.022906
198	2011	0	0	0	1	0	1.225083
199	2022	0	0	0	0	0	2.948382
200	2038	0	0	0	1	0	2.736585
201	2043	0	0	0	2	0	2.056369
202	2047	0	0	0	1	0	2.105874
203	2054	0	0	0	2	0	2.025968
204	2064	0	0	0	1	0	2.278086
205	2077	0	0	0	2	0	1.266795
206	2083	0	0	0	0	0	1.086314
207	2091	0	0	0	0	0	2.103459
208	2103	0	0	0	2	0	2.694720
209	2117	0	0	0	0	0	1.244735
210	2123	0	0	0	2	0	1.432312
211	2128	0	0	0	0	0	2.273296
212	2133	0	0	0	0	0	2.364628
213	2146	0	0	0	1	0	2.600180
214	2158	0	0	0	0	0	1.680954
215	2172	0	0	0	2	0	2.802947
216	2183	0	0	0	0	0	1.912692
217	2187	0	0	0	1	0	2.562391
218	2210	0	0	0	2	0	1.604130
219	2221	0	0	0	0	0	1.028874
220	2238	0	0	0	0	0	2.745185
221	2247	0	0	0	0	0	2.035416
222	2258	0	0	0	1	0	2.150657
223	2266	0	0	0	1	0	1.285718
224	2274	0	0	0	1	0	2.669187
225	2283	0	0	0	0	0	2.933563
226	2296	0	0	0	1	0	1.918045
227	2306	0	0	0	1	0	1.848132
228	2314	0	0	0	2	0	2.746730
229	2324	0	0	0	2	0	2.838921
230	2338	0	0	0	0	0	2.073089
231	2350	0	0	0	2	0	2.185818
232	2361	0	0	0	0	0	2.233477
233	2373	0	0	0	0	0	1.321939
234	2378	0	0	0	1	0	2.477174
235	2388	0	0	0	1	0	2.977267
236	2403	0	0	0	0	0	1.089012
237	2411	0	0	0	2	0	2.898723
238	2419	0	0	0	1	0	1.509860
239	2435	0	0	0	1	0	2.617142
240	2443	0	0	0	1	0	2.465305
241	2451	0	0	0	0	0	1.486662
242	2466	0	0	0	0	0	2.954506
243	2477	0	0	0	1	0	2.233468
244	2491	0	0	0	0	0	2.923727
245	2497	0	0	0	0	0	1.706236
246	2505	0	0	0	0	0	2.383943
247	2515	0	0	0	1	0	1.869539
248	2519	0	0	0	2	0	1.725417
249	2530	0	0	0	0	0	2.555706
250	2539	0	0	0	0	0	2.389280
251	2552	0	0	0	1	0	2.971324
252	2566	0	0	0	2	0	1.337254
253	2579	0	0	0	1	0	2.637727
254	2594	0	0	0	0	0	1.158460
255	2599	0	0	0	2	0	2.568642
256	2606	0	0	0	1	0	2.801833
257	2615	0	0	0	0	0	2.776080
258	2621	0	0	0	0	0	1.339515
259	2625	0	0	0	2	0	2.238866
260	2637	0	0	0	0	0	1.313055
261	2649	0	0	0	1	0	1.635171
262	2658	0	0	0	0	0	2.391033
263	2663	0	0	0	0	0	2.814117
264	2676	0	0	0	1	0	1.226362
265	2682	0	0	0	0	0	1.104941
266	2688	0	0	0	0	0	2.427123
267	2702	0	0	0	2	0	1.281917
268	2715	0	0	0	1	0	1.568048
269	2727	0	0	0	2	0	1.795375
270	2734	0	0	0	1	0	1.581039
271	2740	0	0	0	0	0	2.390348
272	2747	0	0	0	1	0	2.709962
273	2764	0	0	0	0	0	2.494387
274	2773	0	0	0	2	0	2.977093
275	2783	0	0	0	1	0	2.081804
276	2791	0	0	0	1	0	2.514757
277	2804	0	0	0	1	0	1.659895
278	2817	0	0	0	0	0	2.386756
279	2826	0	0	0	0	0	1.420758
280	2836	0	0	0	0	0	2.317608
281	2846	0	0	0	0	0	2.466584
282	2857	0	0	0	0	0	1.839012
283	2868	0	0	0	0	0	2.772146
284	2882	0	0	0	1	0	2.903713
285	2891	0	0	0	0	0	2.392173
286	2900	0	0	0	1	0	2.806168
287	2911	0	0	0	1	0	1.947531
288	2921	0	0	0	1	0	1.592342
289	2932	0	0	0	2	0	2.080117
290	2942	0	0	0	0	0	2.649720
291	2955	0	0	0	1	0	1.614206
292	2971	0	0	0	2	0	1.608747
293	2983	0	0	0	2	0	2.024377
294	2995	0	0	0	0	0	2.675211
295	3011	0	0	0	0	0	1.787612
296	3020	0	0	0	0	0	1.466521
297	3028	0	0	0	2	0	1.139060
298	3039	0	0	0	0	0	1.087148
299	3053	0	0	0	1	0	1.878831
300	3065	0	0	0	2	0	2.309484
301	3075	0	0	0	1	0	2.960147
302	3083	0	0	0	0	0	1.221168
303	3086	0	0	0	0	0	2.802509
304	3094	0	0	0	0	0	1.198556
305	3104	0	0	0	0	0	2.386402
306	3119	0	0	0	0	0	1.447852
307	3126	0	0	0	2	0	1.897663
308	3137	0	0	0	2	0	2.395729
309	3146	0	0	0	2	0	2.328806
310	3159	0	0	0	0	0	2.117652
311	3170	0	0	0	0	0	1.079876
312	3180	0	0	0	1	0	2.682061
313	3190	0	0	0	1	0	1.763220
314	3200	0	0	0	2	0	2.095499
315	3211	0	0	0	2	0	1.582611
316	3219	0	0	0	0	0	1.616729
317	3230	0	0	0	0	0	2.004022
318	3242	0	0	0	0	0	1.692019
319	3251	0	0	0	0	0	1.273062
320	3260	0	0	0	1	0	1.827270
321	3270	0	0	0	1	0	1.004360
322	3281	0	0	0	0	0	1.418540
323	3296	0	0	0	0	0	1.678556
324	3307	0	0	0	0	0	2.808784
325	3315	0	0	0	1	0	2.484437
326	3328	0	0	0	1	0	1.493125
327	3334	0	0	0	0	0	2.301370
328	3348	0	0	0	2	0	1.048232
329	3354	0	0	0	0	0	1.820858
330	3361	0	0	0	0	0	1.498081
331	3374	0	0	0	2	0	1.389383
332	3383	0	0	0	0	0	1.454913
333	3389	0	0	0	1	0	1.915839
334	3398	0	0	0	2	0	2.574668
335	3410	0	0	0	1	0	1.629958
336	3422	0	0	0	0	0	2.468109
337	3431	0	0	0	0	0	1.536975
338	3441	0	0	0	0	0	1.734219
339	3449	0	0	0	2	0	2.455569
340	3459	0	0	0	2	0	1.029830
341	3468	0	0	0	1	0	2.574655
342	3480	0	0	0	2	0	1.169920
343	3495	0	0	0	0	0	2.497685
344	3504	0	0	0	0	0	1.321170
345	3511	0	0	0	0	0	2.735873
346	3523	0	0	0	0	0	1.324407
347	3534	0	0	0	0	0	1.703500
348	3548	0	0	0	2	0	2.877174
349	3555	0	0	0	2	0	1.537448
350	3562	0	0	0	1	0	1.957383
351	3577	0	0	0	2	0	2.964250
352	3585	0	0	0	2	0	2.562409
353	3593	0	0	0	1	0	1.170398
354	3604	0	0	0	0	0	1.466775
355	3615	0	0	0	1	0	1.260323
356	3634	0	0	0	0	0	2.035478
357	3640	0	0	0	1	0	2.285365
358	3647	0	0	0	1	0	1.311355
359	3661	0	0	0	0	0	1.161678
360	3674	0	0	0	2	0	2.657193
361	3683	0	0	0	0	0	2.295981
362	3691	0	0	0	1	0	2.467424
363	3699	0	0	0	0	0	1.626437
364	3710	0	0	0	1	0	2.688856
365	3718	0	0	0	2	0	1.229351
366	3729	0	0	0	2	0	1.877879
367	3738	0	0	0	2	0	2.102549
368	3750	0	0	0	1	0	2.440337
369	3758	0	0	0	0	0	1.625462
370	3771	0	0	0	0	0	1.113492
371	3779	0	0	0	2	0	2.934258
372	3786	0	0	0	0	0	2.662415
373	3800	0	0	0	0	0	2.467883
374	3808	0	0	0	1	0	1.848347
375	3819	0	0	0	2	0	1.124977
376	3829	0	0	0	1	0	2.033645
377	3841	0	0	0	0	0	2.898758
378	3851	0	0	0	1	0	2.423817
379	3862	0	0	0	1	0	2.485995
380	3872	0	0	0	1	0	1.622740
381	3883	0	0	0	0	0	2.791435
382	3890	0	0	0	0	0	1.956330
383	3893	0	0	0	0	0	2.679834
384	3908	0	0	0	0	0	1.132345
385	3919	0	0	0	2	0	1.780637
386	3935	0	0	0	2	0	2.885035
387	3948	0	0	0	0	0	1.481015
388	3955	0	0	0	0	0	2.853943
389	3961	0	0	0	1	0	1.315173
390	3977	0	0	0	0	0	1.026384
391	3993	0	0	0	1	0	1.644769
392	4000	0	0	0	2	0	2.466310
393	4006	0	0	0	2	0	2.958431
394	4016	0	0	0	1	0	1.747568
395	4027	0	0	0	1	0	2.522577
396	4036	0	0	0	0	0	1.512809
397	4044	0	0	0	2	0	1.596145
398	4050	0	0	0	0	0	1.875132
399	4064	0	0	0	2	0	1.790108
400	4074	0	0	0	1	0	1.966536
401	4088	0	0	0	1	0	2.517908
402	4098	0	0	0	0	0	1.378480
403	4110	0	0	0	0	0	2.210668
404	4122	0	0	0	0	0	2.482355
405	4135	0	0	0	1	0	1.041888
406	4148	0	0	0	1	0	2.014242
407	4159	0	0	0	1	0	2.433063
408	4165	0	0	0	2	0	2.197110
409	4178	0	0	0	1	0	2.730199
410	4193	0	0	0	1	0	1.518325
411	4201	0	0	0	2	0	1.184228
412	4207	0	0	0	0	0	1.519345
413	4218	0	0	0	0	0	1.480004
414	4229	0	0	0	1	0	2.746040
415	4241	0	0	0	0	0	1.449798
416	4245	0	0	0	2	0	2.371914
417	4260	0	0	0	2	0	1.397425
418	4268	0	0	0	1	0	1.007344
419	4279	0	0	0	0	0	1.055615
420	4292	0	0	0	2	0	1.857411
421	4300	0	0	0	1	0	1.439115
422	4308	0	0	0	1	0	2.445498
423	4321	0	0	0	1	0	2.342869
424	4335	0	0	0	1	0	1.089658
425	4341	0	0	0	1	0	1.433434
426	4348	0	0	0	0	0	2.896774
427	4360	0	0	0	2	0	1.992487
428	4370	0	0	0	0	0	1.316717
429	4378	0	0	0	1	0	1.744596
430	4391	0	0	0	2	0	2.066233
431	4400	0	0	0	1	0	1.248165
432	4409	0	0	0	1	0	2.808299
433	4420	0	0	0	2	0	1.125115
434	4428	0	0	0	1	0	1.409281
435	4433	0	0	0	1	0	1.143153
436	4445	0	0	0	0	0	2.368617
437	4451	0	0	0	1	0	2.099916
438	4463	0	0	0	2	0	1.770114
439	4472	0	0	0	0	0	2.576321
440	4480	0	0	0	2	0	2.248734
441	4488	0	0	0	0	0	1.305679
442	4501	0	0	0	1	0	1.931383
443	4510	0	0	0	0	0	2.645192
444	4518	0	0	0	1	0	1.927110
445	4528	0	0	0	0	0	1.523177
446	4540	0	0	0	1	0	1.883190
447	4547	0	0	0	0	0	2.379066
448	4557	0	0	0	1	0	1.408228
449	4568	0	0	0	2	0	2.978020
450	4577	0	0	0	2	0	1.144059
451	4585	0	0	0	1	0	2.763754
452	4596	0	0	0	2	0	2.276221
453	4606	0	0	0	1	0	1.126959
454	4612	0	0	0	2	0	2.658835
455	4618	0	0	0	2	0	2.961509
456	4625	0	0	0	0	0	2.468414
457	4636	0	0	0	1	0	1.076324
458	4647	0	0	0	0	0	1.777727
459	4657	0	0	0	0	0	2.889338
460	4669	0	0	0	0	0	1.155754
461	4676	0	0	0	1	0	1.643208
462	4684	0	0	0	0	0	2.599865
463	4698	0	0	0	1	0	1.834024
464	4708	0	0	0	0	0	1.470801
465	4714	0	0	0	1	0	1.919476
466	4725	0	0	0	0	0	1.323201
467	4742	0	0	0	0	0	1.050593
468	4749	0	0	0	2	0	2.201570
469	4763	0	0	0	1	0	1.546245
470	4775	0	0	0	0	0	2.660939
471	4783	0	0	0	1	0	2.794386
472	4788	0	0	0	0	0	2.252266
473	4795	0	0	0	0	0	1.965960
474	4802	0	0	0	1	0	1.580661
475	4810	0	0	0	0	0	2.023480
476	4827	0	0	0	2	0	1.817592
477	4835	0	0	0	0	0	1.846188
478	4848	0	0	0	2	0	1.488334
479	4856	0	0	0	1	0	1.152257
480	4864	0	0	0	0	0	2.815979
481	4873	0	0	0	0	0	2.623557
482	4884	0	0	0	1	0	2.338745
483	4891	0	0	0	1	0	1.237765
484	4895	0	0	0	0	0	1.447575
485	4901	0	0	0	0	0	2.627009
486	4913	0	0	0	1	0	2.737578
487	4926	0	0	0	0	0	1.247694
488	4933	0	0	0	0	0	2.233681
489	4944	0	0	0	2	0	2.473267
490	4954	0	0	0	0	0	1.855789
491	4965	0	0	0	1	0	2.537001
492	4975	0	0	0	0	0	1.160110
493	4989	0	0	0	0	0	1.324981
494	4996	0	0	0	0	0	1.865639
495	4999	0	0	0	0	0	1.252885
496	5010	0	0	0	0	0	2.406194
497	5016	0	0	0	0	0	1.648768
498	5029	0	0	0	1	0	1.031199
499	5041	0	0	0	2	0	1.755058
500	5052	0	0	0	0	0	2.366590
501	5062	0	0	0	0	0	2.526734
502	5065	0	0	0	2	0	2.029876
503	5075	0	0	0	0	0	2.128282
504	5083	0	0	0	1	0	1.787911
505	5092	0	0	0	0	0	1.589425
506	5098	0	0	0	0	0	2.556304
507	5109	0	0	0	2	0	1.506138
508	5116	0	0	0	0	0	1.285116
509	5133	0	0	0	0	0	2.381572
510	5147	0	0	0	0	0	2.947764
511	5155	0	0	0	0	0	2.799669
512	5166	0	0	0	1	0	1.560845
513	5180	0	0	0	1	0	2.570038
514	5188	0	0	0	0	0	2.065013
515	5190	0	0	0	2	0	2.493343
516	5205	0	0	0	0	0	1.482040
517	5212	0	0	0	1	0	2.768679
518	5222	0	0	0	0	0	2.600955
519	5229	0	0	0	1	0	2.212548
520	5238	0	0	0	1	0	1.076727
521	5247	0	0	0	1	0	2.049280
522	5252	0	0	0	0	0	2.667209
523	5259	0	0	0	0	0	1.090623
524	5269	0	0	0	1	0	1.644503
525	5277	0	0	0	0	0	1.194490
526	5291	0	0	0	0	0	1.993466
527	5303	0	0	0	1	0	1.447628
528	5311	0	0	0	0	0	2.205741
529	5319	0	0	0	2	0	2.299006
530	5332	0	0	0	0	0	2.482480
531	5344	0	0	0	0	0	2.122754
532	5357	0	0	0	0	0	2.746562
533	5366	0	0	0	2	0	1.383780
534	5374	0	0	0	1	0	1.162690
535	5385	0	0	0	1	0	2.871204
536	5397	0	0	0	1	0	1.098746
537	5405	0	0	0	2	0	1.401620
538	5414	0	0	0	0	0	2.285963
539	5426	0	0	0	0	0	2.036894
540	5438	0	0	0	2	0	2.035982
541	5451	0	0	0	1	0	2.230993
542	5466	0	0	0	2	0	2.421595
543	5474	0	0	0	0	0	1.168633
544	5483	0	0	0	1	0	2.042145
545	5490	0	0	0	2	0	2.107144
546	5504	0	0	0	0	0	2.856974
547	5518	0	0	0	2	0	2.773673
548	5532	0	0	0	1	0	1.625920
549	5545	0	0	0	0	0	1.014671
550	5554	0	0	0	1	0	2.152473
551	5565	0	0	0	1	0	1.116054
552	5569	0	0	0	0	0	2.954695
553	5581	0	0	0	0	0	1.335604
554	5588	0	0	0	1	0	2.349404
555	5597	0	0	0	0	0	2.640598
556	5608	0	0	0	0	0	2.403677
557	5618	0	0	0	0	0	2.632106
558	5626	0	0	0	0	0	1.773514
559	5640	0	0	0	1	0	1.033641
560	5649	0	0	0	0	0	1.711493
561	5653	0	0	0	2	0	1.289552
562	5660	0	0	0	2	0	2.890571
563	5672	0	0	0	1	0	2.261113
564	5684	0	0	0	1	0	1.784957
565	5693	0	0	0	2	0	1.624796
566	5706	0	0	0	1	0	1.651831
567	5713	0	0	0	0	0	1.964810
568	5722	0	0	0	0	0	2.965350
569	5736	0	0	0	1	0	1.939416
570	5746	0	0	0	0	0	1.923902
571	5759	0	0	0	2	0	1.954789
572	5771	0	0	0	1	0	1.263071
573	5778	0	0	0	1	0	1.270343
574	5782	0	0	0	1	0	2.145240
575	5792	0	0	0	2	0	2.929905
576	5803	0	0	0	0	0	2.731485
577	5811	0	0	0	1	0	1.406951
578	5821	0	0	0	0	0	2.729978
579	5825	0	0	0	1	0	1.326485
580	5842	0	0	0	1	0	1.211142
581	5853	0	0	0	2	0	1.536424
582	5858	0	0	0	2	0	2.418384
583	5867	0	0	0	1	0	1.811718
584	5881	0	0	0	1	0	2.052028
585	5889	0	0	0	1	0	2.488720
586	5899	0	0	0	0	0	2.762390
587	5911	0	0	0	0	0	2.276716
588	5924	0	0	0	0	0	2.663805
589	5932	0	0	0	2	0	2.697169
590	5939	0	0	0	2	0	2.410450
591	5953	0	0	0	2	0	2.515140
592	5959	0	0	0	1	0	1.300791
593	5971	0	0	0	1	0	2.657974
594	5985	0	0	0	1	0	1.847801
595	5990	0	0	0	0	0	1.655230
596	6002	0	0	0	1	0	2.705057
597	6009	0	0	0	1	0	1.649113
598	6013	0	0	0	2	0	1.452208
599	6016	0	0	0	2	0	2.079692
600	6023	0	0	0	0	0	2.470982
601	6030	0	0	0	0	0	1.549978
602	6042	0	0	0	1	0	2.271470
603	6050	0	0	0	0	0	2.898528
604	6056	0	0	0	0	0	1.701496
605	6064	0	0	0	2	0	1.825613
606	6069	0	0	0	0	0	1.200784
607	6073	0	0	0	1	0	1.558494
608	6086	0	0	0	0	0	1.305695
609	6096	0	0	0	2	0	2.172364
610	6106	0	0	0	0	0	2.484986
611	6110	0	0	0	0	0	2.454704
612	6121	0	0	0	2	0	2.617941
613	6128	0	0	0	1	0	2.393083
614	6140	0	0	0	0	0	2.591846
615	6144	0	0	0	1	0	2.266259
616	6159	0	0	0	1	0	2.905042
617	6170	0	0	0	0	0	2.270585
618	6179	0	0	0	1	0	1.639605
619	6187	0	0	0	2	0	2.675906
620	6195	0	0	0	0	0	1.076657
621	6205	0	0	0	1	0	2.252308
622	6214	0	0	0	0	0	1.717998
623	6227	0	0	0	0	0	1.774519
624	6236	0	0	0	1	0	2.079842
625	6243	0	0	0	2	0	1.481770
626	6253	0	0	0	2	0	2.635533
627	6263	0	0	0	2	0	1.246187
628	6280	0	0	0	2	0	1.962847
629	6292	0	0	0	1	0	1.237719
630	6304	0	0	0	0	0	2.150498
631	6311	0	0	0	0	0	2.172163
632	6322	0	0	0	1	0	1.852693
633	6330	0	0	0	1	0	2.463559
634	6337	0	0	0	1	0	1.903287
635	6348	0	0	0	2	0	2.873375
636	6354	0	0	0	1	0	2.199435
637	6364	0	0	0	0	0	2.082252
638	6376	0	0	0	0	0	1.080318
639	6384	0	0	0	1	0	1.499329
640	6394	0	0	0	0	0	2.511649
641	6402	0	0	0	1	0	1.602263
642	6412	0	0	0	2	0	2.225876
643	6422	0	0	0	0	0	2.000430
644	6435	0	0	0	2	0	2.319006
645	6446	0	0	0	0	0	2.773451
646	6451	0	0	0	1	0	2.630024
647	6466	0	0	0	1	0	1.793767
648	6476	0	0	0	1	0	1.535266
649	6488	0	0	0	0	0	2.494126
650	6495	0	0	0	0	0	2.346253
651	6504	0	0	0	2	0	1.168303
652	6510	0	0	0	2	0	2.212585
653	6519	0	0	0	2	0	2.197098
654	6534	0	0	0	1	0	1.896360
655	6542	0	0	0	1	0	2.390214
656	6550	0	0	0	0	0	2.160428
657	6556	0	0	0	2	0	2.842538
658	6562	0	0	0	1	0	2.682729
659	6569	0	0	0	1	0	2.643849
660	6576	0	0	0	0	0	2.963616
661	6592	0	0	0	1	0	2.792529
662	6605	0	0	0	0	0	1.302750
663	6618	0	0	0	2	0	1.346973
664	6631	0	0	0	2	0	2.388756
665	6650	0	0	0	0	0	1.331387
666	6659	0	0	0	1	0	2.048241
667	6670	0	0	0	2	0	1.738755
668	6673	0	0	0	1	0	1.485178
669	6685	0	0	0	1	0	1.367829
670	6695	0	0	0	1	0	1.886038
671	6710	0	0	0	2	0	2.551453
672	6717	0	0	0	0	0	1.966336
673	6726	0	0	0	0	0	1.356566
674	6736	0	0	0	1	0	1.722570
675	6747	0	0	0	2	0	2.383356
676	6752	0	0	0	2	0	1.112373
677	6762	0	0	0	0	0	1.539647
678	6767	0	0	0	2	0	2.458945
679	6785	0	0	0	2	0	2.405533
680	6792	0	0	0	1	0	2.873538
681	6798	0	0	0	0	0	1.209211
682	6805	0	0	0	2	0	1.580855
683	6815	0	0	0	0	0	1.201057
684	6824	0	0	0	2	0	1.266915
685	6839	0	0	0	1	0	2.674788
686	6853	0	0	0	2	0	2.814890
687	6865	0	0	0	0	0	2.847650
688	6875	0	0	0	1	0	2.615605
689	6882	0	0	0	0	0	1.801484
690	6888	0	0	0	2	0	2.049136
691	6896	0	0	0	1	0	1.322178
692	6907	0	0	0	0	0	1.413137
693	6919	0	0	0	2	0	2.624764
694	6926	0	0	0	0	0	1.304032
695	6930	0	0	0	0	0	2.839696
696	6940	0	0	0	2	0	1.563144
697	6948	0	0	0	0	0	2.522617
698	6961	0	0	0	0	0	2.456870
699	6973	0	0	0	2	0	1.851079
700	6987	0	0	0	2	0	1.073076
701	6996	0	0	0	0	0	1.008898
702	7003	0	0	0	2	0	1.209997
703	7013	0	0	0	1	0	2.642710
704	7018	0	0	0	0	0	1.663603
705	7021	0	0	0	1	0	2.995246
706	7027	0	0	0	1	0	2.020994
707	7040	0	0	0	0	0	2.853221
708	7053	0	0	0	0	0	2.031575
709	7066	0	0	0	0	0	1.014999
710	7079	0	0	0	1	0	1.209029
711	7089	0	0	0	1	0	2.487200
712	7095	0	0	0	1	0	1.058724
713	7109	0	0	0	0	0	1.504456
714	7119	0	0	0	0	0	2.025454
715	7131	0	0	0	1	0	2.888631
716	7141	0	0	0	1	0	1.768776
717	7150	0	0	0	2	0	2.480779
718	7158	0	0	0	2	0	2.872288
719	7170	0	0	0	1	0	2.558909
720	7179	0	0	0	1	0	2.342126
721	7193	0	0	0	1	0	1.271075
722	7203	0	0	0	0	0	1.667934
723	7212	0	0	0	0	0	1.945840
724	7226	0	0	0	1	0	1.729558
725	7233	0	0	0	1	0	1.323118
726	7247	0	0	0	2	0	2.566217
727	7257	0	0	0	1	0	2.021999
728	7267	0	0	0	1	0	1.213081
729	7282	0	0	0	2	0	1.596334
730	7292	0	0	0	1	0	2.022835
731	7304	0	0	0	1	0	2.565662
732	7320	0	0	0	1	0	1.233712
733	7334	0	0	0	0	0	2.236982
734	7350	0	0	0	1	0	1.218183
735	7359	0	0	0	1	0	2.840917
736	7376	0	0	0	1	0	1.100430
737	7383	0	0	0	2	0	1.017717
738	7398	0	0	0	2	0	2.445998
739	7411	0	0	0	1	0	2.416848
740	7421	0	0	0	0	0	2.945267
741	7423	0	0	0	0	0	2.240283
742	7433	0	0	0	0	0	1.789096
743	7446	0	0	0	0	0	1.650430
744	7453	0	0	0	0	0	2.328742
745	7467	0	0	0	0	0	2.849486
746	7474	0	0	0	1	0	1.101294
747	7482	0	0	0	0	0	1.852941
748	7489	0	0	0	2	0	2.585207
749	7500	0	0	0	1	0	1.170379
750	7509	0	0	0	0	0	1.167365
751	7519	0	0	0	1	0	1.918293
752	7531	0	0	0	1	0	1.694235
753	7550	0	0	0	0	0	1.163128
754	7556	0	0	0	0	0	1.270810
755	7563	0	0	0	0	0	2.746840
756	7568	0	0	0	0	0	1.914335
757	7580	0	0	0	1	0	2.339512
758	7595	0	0	0	0	0	1.044370
759	7605	0	0	0	0	0	2.241990
760	7617	0	0	0	0	0	2.528706
761	7630	0	0	0	0	0	2.927354
762	7637	0	0	0	0	0	1.003594
763	7645	0	0	0	0	0	2.991139
764	7658	0	0	0	0	0	2.126971
765	7669	0	0	0	0	0	2.629272
766	7673	0	0	0	0	0	2.338960
767	7688	0	0	0	0	0	1.356466
768	7702	0	0	0	1	0	1.699505
769	7707	0	0	0	1	0	2.814077
770	7715	0	0	0	0	0	2.117029
771	7734	0	0	0	1	0	1.553629
772	7742	0	0	0	1	0	2.364158
773	7749	0	0	0	1	0	1.337714
774	7762	0	0	0	2	0	1.124725
775	7774	0	0	0	1	0	1.053934
776	7784	0	0	0	0	0	2.974826
777	7791	0	0	0	0	0	2.988697
778	7800	0	0	0	1	0	1.948487
779	7809	0	0	0	0	0	1.439403
780	7821	0	0	0	1	0	1.631823
781	7834	0	0	0	0	0	2.693114
782	7838	0	0	0	1	0	1.541569
783	7852	0	0	0	2	0	2.871421
784	7855	0	0	0	0	0	2.845799
785	7863	0	0	0	0	0	1.735512
786	7875	0	0	0	0	0	1.287401
787	7887	0	0	0	1	0	2.415800
788	7900	0	0	0	2	0	2.460220
789	7912	0	0	0	1	0	1.465033
790	7918	0	0	0	0	0	2.672227
791	7927	0	0	0	2	0	1.610509
792	7935	0	0	0	0	0	2.207233
793	7942	0	0	0	1	0	2.465993
794	7953	0	0	0	1	0	2.377927
795	7963	0	0	0	0	0	1.070007
796	7970	0	0	0	1	0	2.171505
797	7977	0	0	0	2	0	1.021380
798	7989	0	0	0	2	0	1.976100
799	8003	0	0	0	2	0	1.735168
800	8013	0	0	0	1	0	2.112662
801	8021	0	0	0	2	0	2.225611
802	8030	0	0	0	0	0	2.627643
803	8045	0	0	0	2	0	2.682917
804	8055	0	0	0	0	0	2.729146
805	8063	0	0	0	0	0	2.891056
806	8071	0	0	0	1	0	1.222579
807	8081	0	0	0	1	0	1.698543
808	8099	0	0	0	2	0	2.307643
809	8109	0	0	0	0	0	1.998368
810	8120	0	0	0	1	0	1.210118
811	8136	0	0	0	2	0	2.574719
812	8148	0	0	0	0	0	1.785284
813	8162	0	0	0	0	0	1.383381
814	8169	0	0	0	0	0	1.240432
815	8175	0	0	0	0	0	1.202236
816	8187	0	0	0	2	0	2.004304
817	8202	0	0	0	0	0	1.934039
818	8210	0	0	0	2	0	2.407239
819	8216	0	0	0	0	0	2.884126
820	8226	0	0	0	1	0	1.829732
821	8240	0	0	0	0	0	2.916283
822	8250	0	0	0	1	0	2.754288
823	8260	0	0	0	0	0	2.550981
824	8262	0	0	0	0	0	1.772352
825	8281	0	0	0	0	0	1.796330
826	8297	0	0	0	0	0	2.692921
827	8309	0	0	0	0	0	1.633632
828	8320	0	0	0	2	0	2.639841
829	8328	0	0	0	0	0	2.687649
830	8336	0	0	0	0	0	2.512223
831	8340	0	0	0	2	0	1.226226
832	8356	0	0	0	2	0	2.055267
833	8364	0	0	0	2	0	2.626991
834	8376	0	0	0	2	0	2.624313
835	8388	0	0	0	2	0	1.776381
836	8401	0	0	0	2	0	1.974250
837	8410	0	0	0	0	0	1.440499
838	8419	0	0	0	1	0	2.873672
839	8427	0	0	0	0	0	1.581412
840	8435	0	0	0	1	0	2.562087
841	8444	0	0	0	2	0	2.025815
842	8449	0	0	0	1	0	1.547315
843	8464	0	0	0	0	0	1.911871
844	8477	0	0	0	1	0	1.502863
845	8490	0	0	0	1	0	2.560724
846	8496	0	0	0	1	0	1.287689
847	8505	0	0	0	0	0	2.688063
848	8520	0	0	0	0	0	1.695883
849	8527	0	0	0	1	0	1.718390
850	8542	0	0	0	0	0	2.639709
851	8553	0	0	0	0	0	1.289572
852	8559	0	0	0	0	0	1.584261
853	8568	0	0	0	1	0	1.278065
854	8585	0	0	0	0	0	1.921965
855	8598	0	0	0	0	0	2.288313
856	8611	0	0	0	1	0	1.173437
857	8621	0	0	0	1	0	2.270261
858	8633	0	0	0	1	0	2.212415
859	8650	0	0	0	2	0	2.639740
860	8664	0	0	0	0	0	1.239885
861	8672	0	0	0	1	0	1.525073
862	8677	0	0	0	2	0	1.721530
863	8689	0	0	0	0	0	2.884522
864	8692	0	0	0	1	0	2.641041
865	8701	0	0	0	0	0	2.615400
866	8705	0	0	0	0	0	1.583979
867	8718	0	0	0	1	0	2.521029
868	8726	0	0	0	0	0	1.867049
869	8734	0	0	0	1	0	1.495711
870	8742	0	0	0	1	0	1.988427
871	8749	0	0	0	2	0	2.907286
872	8757	0	0	0	2	0	1.278101
873	8767	0	0	0	1	0	1.648190
874	8779	0	0	0	1	0	2.929422
875	8794	0	0	0	0	0	1.624661
876	8802	0	0	0	0	0	1.294630
877	8814	0	0	0	2	0	2.227020
878	8827	0	0	0	1	0	2.109891
879	8842	0	0	0	1	0	1.639129
880	8854	0	0	0	1	0	1.533123
881	8861	0	0	0	0	0	1.431581
882	8872	0	0	0	0	0	1.624077
883	8880	0	0	0	0	0	2.694870
884	8895	0	0	0	2	0	2.922027
885	8903	0	0	0	0	0	1.227513
886	8914	0	0	0	0	0	2.899640
887	8925	0	0	0	1	0	2.111846
888	8929	0	0	0	2	0	2.134392
889	8939	0	0	0	0	0	2.179691
890	8946	0	0	0	1	0	1.887484
891	8961	0	0	0	2	0	1.497656
892	8971	0	0	0	1	0	1.535279
893	8979	0	0	0	0	0	2.721883
894	8990	0	0	0	0	0	2.941991
895	8996	0	0	0	0	0	1.836643
896	9010	0	0	0	0	0	1.021238
897	9014	0	0	0	2	0	1.079757
898	9027	0	0	0	2	0	1.533227
899	9037	0	0	0	0	0	1.248697
900	9042	0	0	0	2	0	2.721878
901	9053	0	0	0	1	0	2.941197
902	9064	0	0	0	2	0	1.813940
903	9068	0	0	0	1	0	1.618207
904	9078	0	0	0	2	0	1.002189
905	9086	0	0	0	1	0	1.895308
906	9095	0	0	0	0	0	2.922224
907	9103	0	0	0	1	0	2.377568
908	9118	0	0	0	1	0	1.488359
909	9122	0	0	0	1	0	1.364489
910	9127	0	0	0	1	0	2.645086
911	9135	0	0	0	2	0	1.863274
912	9142	0	0	0	1	0	1.450634
913	9160	0	0	0	0	0	2.031242
914	9169	0	0	0	1	0	1.299969
915	9177	0	0	0	1	0	1.178841
916	9188	0	0	0	0	0	1.895373
917	9204	0	0	0	1	0	1.349203
918	9210	0	0	0	1	0	2.652180
919	9217	0	0	0	0	0	2.938694
920	9229	0	0	0	0	0	1.388436
921	9245	0	0	0	1	0	2.888892
922	9262	0	0	0	1	0	1.937717
923	9280	0	0	0	1	0	1.070190
924	9289	0	0	0	2	0	2.008194
925	9298	0	0	0	1	0	2.693720
926	9307	0	0	0	0	0	1.963410
927	9317	0	0	0	2	0	1.838504
928	9324	0	0	0	1	0	2.398758
929	9331	0	0	0	2	0	2.177398
930	9339	0	0	0	1	0	1.423122
931	9346	0	0	0	0	0	1.857807
932	9357	0	0	0	1	0	1.422653
933	9366	0	0	0	1	0	2.931597
934	9376	0	0	0	1	0	1.002848
935	9386	0	0	0	1	0	1.638595
936	9394	0	0	0	1	0	1.734146
937	9400	0	0	0	1	0	1.211725
938	9416	0	0	0	2	0	1.448900
939	9427	0	0	0	0	0	2.934031
940	9440	0	0	0	2	0	2.031604
941	9449	0	0	0	1	0	2.386708
942	9462	0	0	0	0	0	2.862616
943	9473	0	0	0	1	0	1.909961
944	9486	0	0	0	0	0	2.559987
945	9499	0	0	0	0	0	1.112661
946	9509	0	0	0	1	0	1.746825
947	9518	0	0	0	0	0	1.357851
948	9526	0	0	0	2	0	2.294943
949	9539	0	0	0	0	0	2.210280
950	9546	0	0	0	1	0	1.042556
951	9559	0	0	0	2	0	1.180207
952	9567	0	0	0	1	0	2.512126
953	9583	0	0	0	2	0	1.976031
954	9595	0	0	0	1	0	1.642109
955	9604	0	0	0	0	0	2.518556
956	9621	0	0	0	0	0	2.299091
957	9633	0	0	0	1	0	1.947125
958	9647	0	0	0	1	0	2.301161
959	9657	0	0	0	1	0	2.759957
960	9668	0	0	0	2	0	2.500912
961	9680	0	0	0	1	0	1.947146
962	9690	0	0	0	0	0	1.956468
963	9697	0	0	0	1	0	2.951529
964	9710	0	0	0	0	0	2.863927
965	9721	0	0	0	0	0	1.696509
966	9734	0	0	0	2	0	2.087872
967	9749	0	0	0	0	0	2.772161
968	9756	0	0	0	2	0	1.961102
969	9770	0	0	0	0	0	2.103594
970	9785	0	0	0	2	0	1.133669
971	9791	0	0	0	1	0	2.082931
972	9801	0	0	0	0	0	2.338088
973	9808	0	0	0	0	0	1.761756
974	9817	0	0	0	1	0	1.263896
975	9829	0	0	0	0	0	2.404496
976	9836	0	0	0	2	0	1.296215
977	9843	0	0	0	0	0	2.685878
978	9856	0	0	0	2	0	2.931338
979	9865	0	0	0	0	0	1.327537
980	9877	0	0	0	1	0	1.084754
981	9884	0	0	0	2	0	2.245544
982	9896	0	0	0	1	0	2.990116
983	9907	0	0	0	2	0	2.830596
984	9917	0	0	0	0	0	2.743014
985	9929	0	0	0	0	0	1.369479
986	9939	0	0	0	0	0	2.228548
987	9955	0	0	0	2	0	2.619312
988	9961	0	0	0	1	0	1.488896
989	9978	0	0	0	1	0	2.138461
990	9989	0	0	0	0	0	2.327963
991	9994	0	0	0	1	0	1.558315
992	10006	0	0	0	0	0	2.776662
993	10017	0	0	0	0	0	2.939474
994	10022	0	0	0	1	0	1.998279
995	10033	0	0	0	0	0	1.817002
996	10044	0	0	0	1	0	1.092155
997	10052	0	0	0	1	0	2.911609
998	10066	0	0	0	1	0	1.047524
999	10076	0	0	0	0	0	2.461004
