0	1	0	0	0	0	0	1.068978
1	12	0	0	0	2	0	2.351253
2	19	0	0	0	1	0	2.599052
3	30	0	0	0	0	0	1.019206
4	33	0	0	0	0	0	1.311316
5	47	0	0	0	1	0	1.648289
6	57	0	0	0	1	0	2.785029
7	64	0	0	0	1	0	1.125709
8	73	0	0	0	1	0	2.119966
9	83	0	0	0	1	0	1.070741
10	94	0	0	0	1	0	2.342853
11	106	0	0	0	1	0	1.630478
12	118	0	0	0	2	0	2.220333
13	125	0	0	0	0	0	1.973030
14	138	0	0	0	0	0	2.836955
15	144	0	0	0	1	0	2.616315
16	154	0	0	0	0	0	1.586574
17	162	0	0	0	2	0	1.407381
18	175	0	0	0	0	0	1.294423
19	185	0	0	0	2	0	2.894663
20	196	0	0	0	0	0	1.267844
21	211	0	0	0	1	0	2.059003
22	222	0	0	0	0	0	1.115272
23	232	0	0	0	0	0	2.368461
24	237	0	0	0	2	0	1.602453
25	249	0	0	0	1	0	2.003654
26	256	0	0	0	0	0	2.413208
27	271	0	0	0	0	0	2.134763
28	278	0	0	0	1	0	2.823637
29	288	0	0	0	2	0	2.912918
30	304	0	0	0	0	0	1.115509
31	318	0	0	0	1	0	1.500387
32	331	0	0	0	1	0	1.418806
33	339	0	0	0	1	0	2.469817
34	349	0	0	0	0	0	2.672625
35	362	0	0	0	1	0	2.338548
36	376	0	0	0	1	0	2.115874
37	385	0	0	0	0	0	1.789632
38	397	0	0	0	0	0	1.485531
39	401	0	0	0	2	0	2.323536
40	413	0	0	0	2	0	2.374388
41	420	0	0	0	1	0	2.980941
42	430	0	0	0	2	0	2.773672
43	442	0	0	0	2	0	2.972914
44	457	0	0	0	1	0	2.551696
45	465	0	0	0	0	0	1.346974
46	471	0	0	0	0	0	2.975063
47	485	0	0	0	0	0	2.022537
48	498	0	0	0	2	0	2.896777
49	508	0	0	0	1	0	1.892206
50	518	0	0	0	1	0	2.903486
51	526	0	0	0	1	0	2.198463
52	537	0	0	0	0	0	2.836139
53	550	0	0	0	1	0	2.931787
54	561	0	0	0	1	0	1.853869
55	574	0	0	0	1	0	2.204836
56	581	0	0	0	0	0	2.988343
57	594	0	0	0	2	0	1.617599
58	603	0	0	0	1	0	1.227366
59	610	0	0	0	0	0	1.641281
60	618	0	0	0	2	0	2.772262
61	623	0	0	0	1	0	2.735817
62	632	0	0	0	2	0	2.032335
63	641	0	0	0	1	0	1.080621
64	649	0	0	0	2	0	1.350492
65	658	0	0	0	2	0	2.514574
66	664	0	0	0	0	0	1.911413
67	668	0	0	0	0	0	2.656886
68	686	0	0	0	2	0	1.540622
69	693	0	0	0	0	0	1.048154
70	707	0	0	0	1	0	2.503016
71	713	0	0	0	0	0	1.279597
72	719	0	0	0	2	0	1.358839
73	728	0	0	0	1	0	2.514413
74	739	0	0	0	2	0	2.719234
75	753	0	0	0	1	0	1.524996
76	760	0	0	0	0	0	1.278675
77	771	0	0	0	2	0	1.955333
78	780	0	0	0	1	0	2.577508
79	791	0	0	0	1	0	1.041977
80	799	0	0	0	1	0	2.240945
81	811	0	0	0	0	0	2.077900
82	816	0	0	0	0	0	1.751304
83	825	0	0	0	0	0	1.097296
84	830	0	0	0	1	0	2.047663
85	843	0	0	0	1	0	1.456274
86	853	0	0	0	1	0	2.527965
87	862	0	0	0	1	0	1.251078
88	869	0	0	0	1	0	2.243214
89	883	0	0	0	1	0	1.731738
90	891	0	0	0	0	0	2.357933
91	906	0	0	0	2	0	1.894059
92	921	0	0	0	0	0	2.075934
93	931	0	0	0	0	0	1.935893
94	940	0	0	0	0	0	1.554557
95	951	0	0	0	2	0	1.282418
96	963	0	0	0	2	0	2.634050
97	968	0	0	0	2	0	2.520866
98	974	0	0	0	0	0	2.599751
99	989	0	0	0	0	0	1.411329
100	997	0	0	0	1	0	1.003752
101	1011	0	0	0	0	0	2.880038
102	1021	0	0	0	1	0	1.319783
103	1033	0	0	0	0	0	2.681827
104	1043	0	0	0	1	0	2.480583
105	1054	0	0	0	0	0	2.435285
106	1062	0	0	0	0	0	1.070928
107	1070	0	0	0	0	0	2.666187
108	1085	0	0	0	1	0	2.176395
109	1095	0	0	0	0	0	1.179059
110	1101	0	0	0	1	0	1.716156
111	1108	0	0	0	0	0	1.028632
112	1112	0	0	0	0	0	2.194386
113	1123	0	0	0	1	0	1.964724
114	1134	0	0	0	2	0	2.436941
115	1147	0	0	0	2	0	2.658699
116	1156	0	0	0	1	0	1.086275
117	1169	0	0	0	1	0	1.247632
118	1177	0	0	0	1	0	1.393848
119	1189	0	0	0	1	0	2.768137
120	1200	0	0	0	0	0	2.102238
121	1210	0	0	0	1	0	2.754084
122	1215	0	0	0	2	0	1.617733
123	1225	0	0	0	2	0	1.769120
124	1236	0	0	0	0	0	2.144138
125	1248	0	0	0	0	0	1.297343
126	1258	0	0	0	0	0	1.511155
127	1271	0	0	0	2	0	2.419622
128	1281	0	0	0	2	0	1.543612
129	1290	0	0	0	1	0	2.482874
130	1301	0	0	0	0	0	1.648738
131	1311	0	0	0	2	0	1.044956
132	1322	0	0	0	0	0	2.551566
133	1331	0	0	0	0	0	2.488352
134	1339	0	0	0	1	0	2.537140
135	1348	0	0	0	2	0	2.178513
136	1355	0	0	0	1	0	2.847756
137	1363	0	0	0	1	0	2.615796
138	1378	0	0	0	1	0	1.148821
139	1387	0	0	0	1	0	1.623223
140	1398	0	0	0	0	0	2.218064
141	1405	0	0	0	0	0	1.649497
142	1414	0	0	0	1	0	1.946156
143	1423	0	0	0	0	0	2.302427
144	1437	0	0	0	1	0	1.683033
145	1447	0	0	0	2	0	1.524916
146	1454	0	0	0	1	0	1.486774
147	1462	0	0	0	2	0	1.654882
148	1478	0	0	0	0	0	2.276873
149	1492	0	0	0	2	0	1.746593
150	1501	0	0	0	1	0	1.832180
151	1512	0	0	0	0	0	1.635871
152	1527	0	0	0	2	0	2.911750
153	1540	0	0	0	1	0	2.277550
154	1549	0	0	0	0	0	2.502392
155	1560	0	0	0	2	0	2.730413
156	1572	0	0	0	0	0	1.258956
157	1581	0	0	0	1	0	2.599175
158	1588	0	0	0	0	0	2.170694
159	1595	0	0	0	1	0	2.517124
160	1606	0	0	0	1	0	1.121338
161	1616	0	0	0	2	0	2.632074
162	1623	0	0	0	0	0	1.094288
163	1633	0	0	0	0	0	2.059547
164	1641	0	0	0	1	0	1.016201
165	1653	0	0	0	2	0	1.501391
166	1666	0	0	0	1	0	2.693629
167	1682	0	0	0	1	0	2.440672
168	1686	0	0	0	0	0	2.358316
169	1695	0	0	0	2	0	2.595380
170	1704	0	0	0	2	0	1.775090
171	1715	0	0	0	1	0	1.115507
172	1729	0	0	0	1	0	1.266130
173	1742	0	0	0	1	0	1.173116
174	1755	0	0	0	2	0	2.138890
175	1762	0	0	0	2	0	2.846486
176	1778	0	0	0	2	0	1.820820
177	1792	0	0	0	2	0	1.548666
178	1803	0	0	0	0	0	2.684906
179	1811	0	0	0	2	0	2.506413
180	1821	0	0	0	1	0	1.759781
181	1835	0	0	0	1	0	1.277188
182	1847	0	0	0	1	0	1.694507
183	1859	0	0	0	1	0	2.923486
184	1876	0	0	0	0	0	2.241676
185	1885	0	0	0	0	0	1.151468
186	1899	0	0	0	0	0	1.383277
187	1908	0	0	0	0	0	1.196056
188	1918	0	0	0	1	0	2.188982
189	1930	0	0	0	0	0	1.532749
190	1939	0	0	0	2	0	2.744479
191	1945	0	0	0	1	0	1.945511
192	1958	0	0	0	0	0	2.767918
193	1970	0	0	0	0	0	1.305989
194	1986	0	0	0	1	0	2.619270
195	1992	0	0	0	0	0	2.723963
196	1999	0	0	0	1	0	2.121458
197	2008	0	0	0	2	0	2.505384
198	2017	0	0	0	0	0	1.316415
199	2025	0	0	0	2	0	1.912864
200	2037	0	0	0	0	0	1.890114
201	2048	0	0	0	1	0	2.023253
202	2055	0	0	0	0	0	2.427787
203	2068	0	0	0	0	0	1.369849
204	2083	0	0	0	2	0	1.022553
205	2088	0	0	0	2	0	2.524788
206	2097	0	0	0	0	0	1.723041
207	2107	0	0	0	2	0	1.438132
208	2114	0	0	0	1	0	2.218726
209	2123	0	0	0	1	0	1.749729
210	2132	0	0	0	2	0	1.537553
211	2141	0	0	0	1	0	2.341981
212	2150	0	0	0	1	0	2.440199
213	2159	0	0	0	2	0	2.526714
214	2172	0	0	0	0	0	2.525013
215	2175	0	0	0	2	0	1.676771
216	2182	0	0	0	0	0	2.133456
217	2195	0	0	0	0	0	2.278346
218	2206	0	0	0	1	0	2.307496
219	2215	0	0	0	2	0	1.409890
220	2225	0	0	0	0	0	2.118275
221	2236	0	0	0	0	0	2.177131
222	2246	0	0	0	0	0	2.531969
223	2260	0	0	0	2	0	2.950706
224	2279	0	0	0	0	0	1.739332
225	2285	0	0	0	2	0	2.517116
226	2292	0	0	0	0	0	1.008021
227	2302	0	0	0	1	0	2.333506
228	2317	0	0	0	0	0	1.998953
229	2329	0	0	0	1	0	2.320779
230	2337	0	0	0	1	0	2.211848
231	2349	0	0	0	1	0	2.562273
232	2359	0	0	0	1	0	2.395307
233	2366	0	0	0	2	0	1.138737
234	2377	0	0	0	0	0	1.162413
235	2390	0	0	0	0	0	2.488887
236	2397	0	0	0	2	0	2.642948
237	2409	0	0	0	1	0	2.347636
238	2418	0	0	0	1	0	2.041084
239	2431	0	0	0	0	0	2.942018
240	2442	0	0	0	2	0	1.800166
241	2462	0	0	0	0	0	1.153082
242	2473	0	0	0	1	0	2.342746
243	2481	0	0	0	1	0	2.809357
244	2490	0	0	0	2	0	2.079629
245	2509	0	0	0	0	0	1.678575
246	2521	0	0	0	0	0	2.282966
247	2531	0	0	0	1	0	1.026259
248	2539	0	0	0	0	0	1.186799
249	2546	0	0	0	1	0	2.072083
250	2557	0	0	0	0	0	2.092000
251	2569	0	0	0	0	0	2.364826
252	2576	0	0	0	2	0	2.067692
253	2594	0	0	0	1	0	2.732567
254	2605	0	0	0	2	0	2.310157
255	2613	0	0	0	1	0	1.539794
256	2620	0	0	0	1	0	1.938595
257	2627	0	0	0	2	0	1.514579
258	2634	0	0	0	0	0	1.601252
259	2638	0	0	0	0	0	1.197568
260	2653	0	0	0	0	0	1.624307
261	2671	0	0	0	0	0	2.093315
262	2683	0	0	0	2	0	2.166867
263	2695	0	0	0	0	0	1.240270
264	2702	0	0	0	0	0	1.452260
265	2710	0	0	0	0	0	2.965251
266	2722	0	0	0	1	0	1.268131
267	2734	0	0	0	1	0	2.003847
268	2743	0	0	0	0	0	2.520035
269	2753	0	0	0	0	0	1.857780
270	2768	0	0	0	2	0	1.959099
271	2774	0	0	0	0	0	1.624160
272	2786	0	0	0	0	0	1.006044
273	2794	0	0	0	1	0	1.447498
274	2800	0	0	0	0	0	2.757879
275	2809	0	0	0	0	0	2.016814
276	2819	0	0	0	0	0	1.902879
277	2833	0	0	0	2	0	1.699039
278	2844	0	0	0	2	0	1.431553
279	2858	0	0	0	1	0	1.287221
280	2866	0	0	0	1	0	2.338124
281	2876	0	0	0	1	0	1.676263
282	2884	0	0	0	0	0	2.666463
283	2891	0	0	0	2	0	2.376416
284	2901	0	0	0	2	0	2.538689
285	2910	0	0	0	0	0	2.463440
286	2918	0	0	0	1	0	2.690461
287	2922	0	0	0	1	0	2.158349
288	2931	0	0	0	1	0	1.381680
289	2947	0	0	0	2	0	2.961708
290	2962	0	0	0	1	0	1.096001
291	2971	0	0	0	1	0	2.408864
292	2979	0	0	0	1	0	1.993614
293	2989	0	0	0	1	0	1.017118
294	2999	0	0	0	0	0	1.719644
295	3013	0	0	0	0	0	2.553454
296	3020	0	0	0	0	0	1.483799
297	3036	0	0	0	2	0	2.778808
298	3042	0	0	0	1	0	1.442330
299	3055	0	0	0	1	0	2.994400
300	3062	0	0	0	2	0	2.292796
301	3071	0	0	0	0	0	2.296619
302	3083	0	0	0	0	0	1.630029
303	3097	0	0	0	1	0	2.299069
304	3107	0	0	0	1	0	2.751239
305	3119	0	0	0	0	0	2.744417
306	3136	0	0	0	0	0	1.295416
307	3144	0	0	0	0	0	1.307117
308	3155	0	0	0	2	0	1.478556
309	3167	0	0	0	0	0	2.241289
310	3186	0	0	0	2	0	1.882535
311	3200	0	0	0	0	0	1.740419
312	3213	0	0	0	0	0	2.491203
313	3223	0	0	0	2	0	1.801349
314	3229	0	0	0	0	0	1.047275
315	3235	0	0	0	2	0	1.767669
316	3250	0	0	0	2	0	1.425971
317	3256	0	0	0	1	0	1.712642
318	3263	0	0	0	2	0	1.786031
319	3273	0	0	0	1	0	2.027818
320	3287	0	0	0	2	0	2.399712
321	3296	0	0	0	1	0	2.997713
322	3303	0	0	0	0	0	1.230686
323	3313	0	0	0	1	0	2.092245
324	3324	0	0	0	2	0	1.599507
325	3344	0	0	0	0	0	2.472118
326	3356	0	0	0	2	0	2.263531
327	3366	0	0	0	2	0	1.457544
328	3374	0	0	0	1	0	1.832967
329	3386	0	0	0	1	0	1.832129
330	3395	0	0	0	0	0	1.449431
331	3404	0	0	0	1	0	1.977668
332	3418	0	0	0	1	0	2.713460
333	3424	0	0	0	0	0	2.286836
334	3430	0	0	0	0	0	1.996863
335	3436	0	0	0	1	0	1.594782
336	3444	0	0	0	0	0	2.825009
337	3453	0	0	0	1	0	1.982960
338	3467	0	0	0	1	0	1.375753
339	3474	0	0	0	1	0	1.481942
340	3480	0	0	0	1	0	1.542818
341	3494	0	0	0	1	0	2.440916
342	3505	0	0	0	2	0	2.916654
343	3515	0	0	0	2	0	2.461236
344	3526	0	0	0	1	0	1.876009
345	3542	0	0	0	1	0	1.208251
346	3557	0	0	0	1	0	1.225630
347	3566	0	0	0	0	0	2.354116
348	3578	0	0	0	1	0	1.306352
349	3591	0	0	0	0	0	2.868368
350	3609	0	0	0	1	0	2.067984
351	3618	0	0	0	0	0	2.304910
352	3627	0	0	0	1	0	1.576859
353	3637	0	0	0	0	0	2.114518
354	3646	0	0	0	0	0	1.010131
355	3660	0	0	0	0	0	2.863206
356	3670	0	0	0	2	0	1.145860
357	3679	0	0	0	1	0	1.121624
358	3686	0	0	0	0	0	1.248043
359	3693	0	0	0	0	0	2.358082
360	3700	0	0	0	0	0	1.283873
361	3710	0	0	0	0	0	2.474845
362	3720	0	0	0	0	0	2.908668
363	3729	0	0	0	2	0	2.298801
364	3732	0	0	0	0	0	1.932081
365	3743	0	0	0	2	0	2.805370
366	3749	0	0	0	1	0	1.513452
367	3758	0	0	0	1	0	1.881334
368	3766	0	0	0	2	0	2.891977
369	3777	0	0	0	0	0	2.921134
370	3786	0	0	0	1	0	2.450747
371	3797	0	0	0	1	0	2.023634
372	3805	0	0	0	2	0	1.080712
373	3814	0	0	0	1	0	1.538634
374	3818	0	0	0	0	0	2.858637
375	3828	0	0	0	1	0	1.916729
376	3836	0	0	0	1	0	2.921162
377	3842	0	0	0	0	0	2.097566
378	3853	0	0	0	1	0	2.800056
379	3861	0	0	0	2	0	1.334983
380	3872	0	0	0	0	0	1.570717
381	3885	0	0	0	0	0	2.575240
382	3893	0	0	0	0	0	1.653462
383	3899	0	0	0	0	0	1.382242
384	3908	0	0	0	2	0	2.876098
385	3923	0	0	0	2	0	2.145161
386	3933	0	0	0	2	0	1.052637
387	3945	0	0	0	1	0	1.744386
388	3958	0	0	0	2	0	2.342032
389	3978	0	0	0	2	0	1.093618
390	3985	0	0	0	1	0	1.357226
391	3994	0	0	0	2	0	1.416728
392	4007	0	0	0	0	0	2.746971
393	4020	0	0	0	2	0	1.256621
394	4028	0	0	0	0	0	2.244479
395	4042	0	0	0	0	0	2.642627
396	4051	0	0	0	2	0	2.256433
397	4065	0	0	0	0	0	1.599350
398	4077	0	0	0	1	0	1.552713
399	4085	0	0	0	0	0	2.008498
400	4092	0	0	0	1	0	2.887839
401	4100	0	0	0	1	0	1.641484
402	4105	0	0	0	0	0	1.293067
403	4117	0	0	0	0	0	1.923299
404	4126	0	0	0	0	0	2.070813
405	4136	0	0	0	2	0	1.594248
406	4143	0	0	0	1	0	1.410333
407	4153	0	0	0	1	0	1.440228
408	4162	0	0	0	1	0	2.781502
409	4179	0	0	0	2	0	1.234209
410	4187	0	0	0	1	0	1.133333
411	4197	0	0	0	0	0	1.049591
412	4203	0	0	0	0	0	2.558224
413	4217	0	0	0	0	0	2.312692
414	4228	0	0	0	1	0	2.695238
415	4242	0	0	0	1	0	1.581959
416	4247	0	0	0	0	0	2.118016
417	4261	0	0	0	1	0	2.356047
418	4269	0	0	0	0	0	1.040436
419	4283	0	0	0	2	0	1.513215
420	4293	0	0	0	2	0	1.868002
421	4306	0	0	0	1	0	2.462023
422	4313	0	0	0	2	0	1.712006
423	4320	0	0	0	1	0	1.364921
424	4333	0	0	0	2	0	1.677391
425	4343	0	0	0	2	0	1.893895
426	4351	0	0	0	0	0	1.657060
427	4361	0	0	0	2	0	2.223318
428	4377	0	0	0	0	0	2.192019
429	4387	0	0	0	0	0	2.115878
430	4399	0	0	0	0	0	1.003391
431	4406	0	0	0	0	0	2.742398
432	4413	0	0	0	0	0	1.974384
433	4420	0	0	0	1	0	2.992415
434	4427	0	0	0	0	0	2.719789
435	4440	0	0	0	0	0	2.227321
436	4446	0	0	0	2	0	2.109259
437	4462	0	0	0	0	0	2.775935
438	4470	0	0	0	0	0	2.667578
439	4484	0	0	0	0	0	1.565689
440	4491	0	0	0	1	0	1.704477
441	4497	0	0	0	1	0	1.217276
442	4507	0	0	0	0	0	2.153677
443	4515	0	0	0	1	0	2.071904
444	4524	0	0	0	2	0	2.284648
445	4533	0	0	0	2	0	2.487148
446	4543	0	0	0	0	0	1.261362
447	4551	0	0	0	2	0	1.725305
448	4559	0	0	0	1	0	1.235026
449	4571	0	0	0	0	0	1.830958
450	4581	0	0	0	1	0	2.026318
451	4595	0	0	0	2	0	2.689107
452	4606	0	0	0	2	0	1.281349
453	4619	0	0	0	0	0	2.515049
454	4627	0	0	0	2	0	2.755128
455	4638	0	0	0	2	0	2.678978
456	4649	0	0	0	1	0	1.180494
457	4652	0	0	0	2	0	2.916737
458	4656	0	0	0	0	0	1.111022
459	4668	0	0	0	2	0	2.955371
460	4675	0	0	0	0	0	1.565660
461	4682	0	0	0	1	0	2.945282
462	4689	0	0	0	2	0	2.836634
463	4698	0	0	0	0	0	2.214100
464	4709	0	0	0	1	0	1.070095
465	4719	0	0	0	2	0	1.124408
466	4727	0	0	0	2	0	1.604360
467	4737	0	0	0	2	0	1.619211
468	4745	0	0	0	0	0	2.944894
469	4758	0	0	0	1	0	1.248988
470	4770	0	0	0	0	0	1.097181
471	4782	0	0	0	1	0	1.193951
472	4786	0	0	0	1	0	1.756574
473	4796	0	0	0	0	0	1.938727
474	4803	0	0	0	2	0	2.812314
475	4811	0	0	0	1	0	1.661984
476	4821	0	0	0	0	0	1.974884
477	4828	0	0	0	0	0	2.012376
478	4839	0	0	0	0	0	2.499766
479	4853	0	0	0	0	0	1.672078
480	4863	0	0	0	1	0	2.360272
481	4873	0	0	0	0	0	1.590665
482	4879	0	0	0	2	0	1.052364
483	4890	0	0	0	1	0	1.026719
484	4896	0	0	0	2	0	1.028778
485	4904	0	0	0	2	0	2.813670
486	4914	0	0	0	0	0	2.060374
487	4916	0	0	0	2	0	2.949383
488	4934	0	0	0	1	0	1.397434
489	4941	0	0	0	2	0	1.515549
490	4950	0	0	0	1	0	1.259100
491	4958	0	0	0	0	0	1.193746
492	4975	0	0	0	1	0	1.264769
493	4991	0	0	0	2	0	1.308804
494	4998	0	0	0	1	0	2.539949
495	5006	0	0	0	1	0	1.028302
496	5015	0	0	0	0	0	2.898268
497	5022	0	0	0	0	0	2.754210
498	5036	0	0	0	1	0	1.215338
499	5039	0	0	0	0	0	2.226545
500	5055	0	0	0	0	0	2.036821
501	5066	0	0	0	1	0	2.743345
502	5075	0	0	0	0	0	2.540071
503	5087	0	0	0	1	0	2.183571
504	5096	0	0	0	0	0	2.612573
505	5106	0	0	0	0	0	1.639391
506	5120	0	0	0	1	0	1.926009
507	5130	0	0	0	1	0	2.447310
508	5143	0	0	0	2	0	2.215671
509	5156	0	0	0	0	0	2.730858
510	5168	0	0	0	1	0	2.664948
511	5180	0	0	0	2	0	1.378215
512	5189	0	0	0	0	0	1.461323
513	5195	0	0	0	0	0	2.966635
514	5206	0	0	0	1	0	1.920871
515	5216	0	0	0	1	0	2.352809
516	5228	0	0	0	2	0	2.076119
517	5244	0	0	0	1	0	2.151175
518	5262	0	0	0	0	0	2.527358
519	5269	0	0	0	2	0	1.602104
520	5281	0	0	0	2	0	1.890961
521	5293	0	0	0	2	0	1.653029
522	5300	0	0	0	2	0	1.082054
523	5316	0	0	0	0	0	2.442806
524	5322	0	0	0	0	0	2.044088
525	5333	0	0	0	2	0	1.425849
526	5338	0	0	0	0	0	2.616392
527	5350	0	0	0	0	0	1.513984
528	5360	0	0	0	1	0	1.872837
529	5374	0	0	0	1	0	1.908287
530	5381	0	0	0	1	0	2.846881
531	5390	0	0	0	1	0	1.725439
532	5402	0	0	0	0	0	2.287305
533	5413	0	0	0	0	0	2.072552
534	5418	0	0	0	0	0	2.264750
535	5428	0	0	0	1	0	2.476471
536	5440	0	0	0	0	0	1.347108
537	5449	0	0	0	0	0	1.802667
538	5456	0	0	0	0	0	1.290461
539	5465	0	0	0	2	0	1.026158
540	5474	0	0	0	1	0	2.740618
541	5485	0	0	0	0	0	2.098788
542	5492	0	0	0	1	0	1.478884
543	5506	0	0	0	0	0	1.342228
544	5522	0	0	0	1	0	1.655456
545	5531	0	0	0	1	0	1.339438
546	5546	0	0	0	0	0	1.746984
547	5558	0	0	0	0	0	1.954214
548	5573	0	0	0	1	0	1.112301
549	5583	0	0	0	0	0	2.748605
550	5591	0	0	0	2	0	1.465228
551	5592	0	0	0	1	0	2.153132
552	5600	0	0	0	2	0	1.465344
553	5613	0	0	0	2	0	1.483920
554	5625	0	0	0	1	0	1.651663
555	5634	0	0	0	1	0	1.012663
556	5646	0	0	0	0	0	1.992767
557	5660	0	0	0	1	0	2.208369
558	5671	0	0	0	1	0	2.173451
559	5680	0	0	0	0	0	2.760851
560	5701	0	0	0	1	0	2.878856
561	5714	0	0	0	1	0	2.374348
562	5726	0	0	0	1	0	1.972764
563	5735	0	0	0	2	0	2.961410
564	5742	0	0	0	1	0	2.412839
565	5751	0	0	0	1	0	1.591799
566	5761	0	0	0	2	0	1.974763
567	5772	0	0	0	2	0	1.908837
568	5783	0	0	0	0	0	2.196689
569	5797	0	0	0	0	0	1.128780
570	5807	0	0	0	0	0	2.731268
571	5818	0	0	0	1	0	2.744770
572	5823	0	0	0	1	0	2.268077
573	5833	0	0	0	0	0	1.780071
574	5844	0	0	0	0	0	1.622981
575	5852	0	0	0	2	0	2.452264
576	5858	0	0	0	1	0	2.607358
577	5863	0	0	0	1	0	2.835246
578	5872	0	0	0	2	0	2.090143
579	5882	0	0	0	0	0	2.484350
580	5892	0	0	0	1	0	1.766471
581	5902	0	0	0	1	0	2.401735
582	5913	0	0	0	2	0	1.543272
583	5921	0	0	0	1	0	1.656427
584	5932	0	0	0	0	0	1.225120
585	5950	0	0	0	0	0	2.901015
586	5961	0	0	0	1	0	2.696774
587	5973	0	0	0	1	0	1.605165
588	5984	0	0	0	0	0	2.834556
589	5994	0	0	0	1	0	1.558398
590	6005	0	0	0	1	0	1.537542
591	6019	0	0	0	0	0	2.650845
592	6030	0	0	0	0	0	2.272655
593	6037	0	0	0	1	0	1.375735
594	6048	0	0	0	0	0	1.921496
595	6057	0	0	0	0	0	1.322777
596	6067	0	0	0	0	0	2.171377
597	6075	0	0	0	1	0	1.442059
598	6079	0	0	0	2	0	2.043660
599	6084	0	0	0	1	0	1.172869
600	6092	0	0	0	0	0	2.958465
601	6099	0	0	0	0	0	1.131716
602	6113	0	0	0	1	0	1.437393
603	6121	0	0	0	1	0	1.143571
604	6132	0	0	0	0	0	1.030322
605	6146	0	0	0	0	0	1.720627
606	6152	0	0	0	0	0	2.666749
607	6165	0	0	0	0	0	1.476047
608	6179	0	0	0	1	0	1.983765
609	6195	0	0	0	1	0	1.280048
610	6205	0	0	0	1	0	2.849245
611	6214	0	0	0	0	0	1.457827
612	6224	0	0	0	0	0	2.507529
613	6234	0	0	0	1	0	2.541623
614	6237	0	0	0	1	0	2.216535
615	6246	0	0	0	0	0	1.757387
616	6254	0	0	0	0	0	1.065192
617	6263	0	0	0	1	0	1.836726
618	6270	0	0	0	2	0	2.677153
619	6279	0	0	0	0	0	1.421027
620	6289	0	0	0	0	0	2.626748
621	6303	0	0	0	1	0	2.831857
622	6313	0	0	0	2	0	1.687199
623	6322	0	0	0	0	0	2.465430
624	6331	0	0	0	1	0	1.542283
625	6345	0	0	0	1	0	1.839254
626	6356	0	0	0	0	0	1.679120
627	6365	0	0	0	0	0	2.233259
628	6373	0	0	0	2	0	1.943728
629	6378	0	0	0	2	0	1.854189
630	6385	0	0	0	0	0	2.137510
631	6393	0	0	0	2	0	2.752156
632	6403	0	0	0	2	0	1.829844
633	6407	0	0	0	0	0	1.807967
634	6419	0	0	0	0	0	2.830095
635	6427	0	0	0	0	0	2.926551
636	6435	0	0	0	2	0	2.817962
637	6441	0	0	0	0	0	2.171076
638	6447	0	0	0	2	0	1.461941
639	6461	0	0	0	1	0	1.674322
640	6466	0	0	0	1	0	1.088266
641	6475	0	0	0	1	0	1.553021
642	6487	0	0	0	1	0	1.526412
643	6496	0	0	0	2	0	2.515970
644	6504	0	0	0	1	0	2.063317
645	6518	0	0	0	0	0	1.384988
646	6531	0	0	0	2	0	1.238369
647	6543	0	0	0	1	0	1.688653
648	6549	0	0	0	2	0	1.572566
649	6556	0	0	0	2	0	2.567261
650	6563	0	0	0	2	0	1.093764
651	6573	0	0	0	0	0	2.778824
652	6580	0	0	0	1	0	1.454298
653	6595	0	0	0	2	0	1.807385
654	6614	0	0	0	1	0	1.303515
655	6621	0	0	0	1	0	2.484971
656	6634	0	0	0	1	0	2.191008
657	6641	0	0	0	1	0	1.100745
658	6650	0	0	0	1	0	2.447441
659	6663	0	0	0	1	0	1.174824
660	6672	0	0	0	1	0	2.137084
661	6680	0	0	0	0	0	2.471729
662	6685	0	0	0	2	0	1.930916
663	6695	0	0	0	2	0	1.344489
664	6704	0	0	0	0	0	1.520416
665	6715	0	0	0	0	0	2.288791
666	6726	0	0	0	2	0	1.576166
667	6733	0	0	0	1	0	1.200501
668	6747	0	0	0	1	0	2.332874
669	6752	0	0	0	0	0	1.435225
670	6762	0	0	0	0	0	1.181876
671	6768	0	0	0	0	0	1.661094
672	6786	0	0	0	1	0	1.425898
673	6795	0	0	0	1	0	1.002702
674	6801	0	0	0	0	0	1.907476
675	6818	0	0	0	0	0	1.203536
676	6829	0	0	0	1	0	1.275871
677	6840	0	0	0	1	0	2.362850
678	6854	0	0	0	1	0	1.153125
679	6867	0	0	0	1	0	2.219264
680	6874	0	0	0	2	0	1.128528
681	6886	0	0	0	0	0	1.974680
682	6894	0	0	0	2	0	2.536545
683	6904	0	0	0	2	0	1.268421
684	6910	0	0	0	0	0	2.977694
685	6923	0	0	0	0	0	1.967879
686	6934	0	0	0	0	0	1.723948
687	6944	0	0	0	2	0	1.436907
688	6958	0	0	0	0	0	1.207503
689	6965	0	0	0	2	0	2.483175
690	6977	0	0	0	1	0	1.438750
691	6987	0	0	0	1	0	1.211309
692	6999	0	0	0	2	0	1.272582
693	7007	0	0	0	0	0	2.553485
694	7016	0	0	0	1	0	1.398506
695	7025	0	0	0	2	0	2.328062
696	7038	0	0	0	0	0	2.630944
697	7046	0	0	0	1	0	2.883317
698	7055	0	0	0	0	0	1.285683
699	7064	0	0	0	0	0	1.170916
700	7073	0	0	0	1	0	2.974241
701	7081	0	0	0	0	0	2.877534
702	7089	0	0	0	0	0	1.541889
703	7095	0	0	0	0	0	1.393204
704	7102	0	0	0	1	0	2.434180
705	7116	0	0	0	2	0	1.572294
706	7124	0	0	0	0	0	1.011080
707	7143	0	0	0	0	0	1.026411
708	7154	0	0	0	0	0	2.981136
709	7159	0	0	0	2	0	1.028380
710	7175	0	0	0	1	0	2.387407
711	7183	0	0	0	2	0	1.186746
712	7191	0	0	0	0	0	2.401075
713	7202	0	0	0	2	0	1.566939
714	7208	0	0	0	2	0	2.952760
715	7213	0	0	0	1	0	2.536232
716	7228	0	0	0	1	0	1.285234
717	7239	0	0	0	0	0	1.923714
718	7248	0	0	0	2	0	2.888579
719	7255	0	0	0	0	0	2.387332
720	7268	0	0	0	2	0	1.903149
721	7273	0	0	0	1	0	1.874778
722	7276	0	0	0	1	0	2.513529
723	7285	0	0	0	0	0	2.091984
724	7297	0	0	0	0	0	2.163628
725	7305	0	0	0	1	0	1.126966
726	7316	0	0	0	1	0	2.310061
727	7325	0	0	0	2	0	1.343856
728	7334	0	0	0	1	0	2.111667
729	7346	0	0	0	2	0	2.899179
730	7359	0	0	0	0	0	1.877307
731	7365	0	0	0	0	0	1.020292
732	7378	0	0	0	1	0	2.205669
733	7393	0	0	0	0	0	1.975327
734	7408	0	0	0	0	0	2.722471
735	7417	0	0	0	2	0	1.881280
736	7428	0	0	0	0	0	2.024048
737	7438	0	0	0	1	0	1.161857
738	7447	0	0	0	0	0	1.321117
739	7458	0	0	0	0	0	2.482964
740	7468	0	0	0	1	0	2.675779
741	7472	0	0	0	2	0	1.286967
742	7481	0	0	0	0	0	2.503276
743	7486	0	0	0	1	0	1.725779
744	7494	0	0	0	1	0	1.521418
745	7507	0	0	0	1	0	1.842951
746	7515	0	0	0	1	0	2.226611
747	7534	0	0	0	1	0	2.957632
748	7544	0	0	0	1	0	2.959729
749	7555	0	0	0	0	0	2.121480
750	7563	0	0	0	2	0	1.830219
751	7572	0	0	0	0	0	2.989093
752	7582	0	0	0	0	0	2.472881
753	7591	0	0	0	0	0	1.795112
754	7604	0	0	0	0	0	2.047769
755	7612	0	0	0	2	0	2.394480
756	7624	0	0	0	2	0	2.962212
757	7634	0	0	0	1	0	1.061025
758	7649	0	0	0	0	0	1.034777
759	7651	0	0	0	2	0	1.995133
760	7667	0	0	0	0	0	1.841274
761	7679	0	0	0	2	0	1.450506
762	7690	0	0	0	0	0	2.843121
763	7703	0	0	0	1	0	1.224787
764	7713	0	0	0	0	0	1.570833
765	7726	0	0	0	1	0	1.603729
766	7732	0	0	0	1	0	2.204755
767	7747	0	0	0	2	0	2.397958
768	7755	0	0	0	1	0	2.345196
769	7764	0	0	0	0	0	2.367586
770	7772	0	0	0	1	0	1.948093
771	7782	0	0	0	2	0	2.762494
772	7799	0	0	0	0	0	1.097757
773	7806	0	0	0	2	0	2.457158
774	7815	0	0	0	1	0	1.566475
775	7823	0	0	0	0	0	2.947126
776	7835	0	0	0	0	0	1.442062
777	7845	0	0	0	2	0	2.277894
778	7854	0	0	0	2	0	1.412254
779	7863	0	0	0	1	0	2.804870
780	7876	0	0	0	2	0	1.577223
781	7886	0	0	0	0	0	2.559531
782	7895	0	0	0	2	0	1.740888
783	7909	0	0	0	0	0	2.594175
784	7922	0	0	0	1	0	1.914503
785	7932	0	0	0	0	0	2.749641
786	7942	0	0	0	2	0	2.494069
787	7951	0	0	0	2	0	1.109998
788	7960	0	0	0	0	0	2.658453
789	7968	0	0	0	1	0	1.174212
790	7974	0	0	0	2	0	1.652408
791	7984	0	0	0	2	0	2.934314
792	7994	0	0	0	0	0	1.470438
793	8004	0	0	0	1	0	1.103898
794	8011	0	0	0	0	0	2.059484
795	8022	0	0	0	0	0	2.908028
796	8033	0	0	0	2	0	2.253259
797	8045	0	0	0	1	0	1.299933
798	8051	0	0	0	2	0	1.446008
799	8062	0	0	0	1	0	2.036679
800	8078	0	0	0	0	0	2.439533
801	8092	0	0	0	1	0	1.602664
802	8100	0	0	0	0	0	1.288565
803	8113	0	0	0	1	0	1.594994
804	8127	0	0	0	1	0	1.979108
805	8139	0	0	0	0	0	1.007382
806	8152	0	0	0	0	0	2.626943
807	8166	0	0	0	2	0	1.279851
808	8175	0	0	0	1	0	2.244001
809	8190	0	0	0	1	0	1.931647
810	8203	0	0	0	0	0	2.147660
811	8213	0	0	0	1	0	1.469260
812	8223	0	0	0	0	0	1.455981
813	8232	0	0	0	0	0	2.848710
814	8240	0	0	0	2	0	1.241623
815	8244	0	0	0	1	0	1.549220
816	8261	0	0	0	0	0	1.521145
817	8272	0	0	0	1	0	2.651465
818	8281	0	0	0	1	0	1.050177
819	8285	0	0	0	1	0	2.375736
820	8297	0	0	0	0	0	2.802353
821	8307	0	0	0	1	0	2.982437
822	8313	0	0	0	2	0	2.850301
823	8323	0	0	0	1	0	2.876384
824	8333	0	0	0	1	0	1.164583
825	8338	0	0	0	1	0	2.774383
826	8351	0	0	0	2	0	1.613812
827	8366	0	0	0	0	0	2.936128
828	8380	0	0	0	2	0	1.041265
829	8393	0	0	0	0	0	2.375230
830	8400	0	0	0	2	0	1.974703
831	8413	0	0	0	1	0	1.279217
832	8417	0	0	0	1	0	2.891436
833	8428	0	0	0	1	0	1.099926
834	8434	0	0	0	2	0	2.499680
835	8445	0	0	0	1	0	2.069807
836	8459	0	0	0	0	0	1.817690
837	8470	0	0	0	2	0	1.370271
838	8479	0	0	0	0	0	1.007400
839	8490	0	0	0	0	0	1.973080
840	8501	0	0	0	1	0	1.198958
841	8513	0	0	0	2	0	1.832692
842	8522	0	0	0	0	0	2.343544
843	8532	0	0	0	0	0	1.187495
844	8542	0	0	0	1	0	2.213255
845	8556	0	0	0	1	0	1.662446
846	8567	0	0	0	0	0	2.084289
847	8579	0	0	0	0	0	1.999930
848	8585	0	0	0	1	0	1.060831
849	8598	0	0	0	1	0	1.317172
850	8608	0	0	0	2	0	2.144688
851	8620	0	0	0	1	0	1.345732
852	8628	0	0	0	1	0	2.902741
853	8641	0	0	0	0	0	2.666017
854	8652	0	0	0	0	0	2.511944
855	8664	0	0	0	2	0	2.605105
856	8675	0	0	0	1	0	2.719884
857	8684	0	0	0	2	0	1.470092
858	8692	0	0	0	2	0	2.791857
859	8701	0	0	0	0	0	2.726443
860	8714	0	0	0	0	0	2.649080
861	8721	0	0	0	0	0	1.534473
862	8726	0	0	0	1	0	1.661837
863	8737	0	0	0	0	0	2.922610
864	8744	0	0	0	1	0	1.416717
865	8753	0	0	0	0	0	2.643837
866	8767	0	0	0	1	0	1.673778
867	8774	0	0	0	1	0	1.324229
868	8786	0	0	0	1	0	1.965461
869	8793	0	0	0	0	0	1.604875
870	8803	0	0	0	2	0	1.215550
871	8818	0	0	0	2	0	2.996444
872	8832	0	0	0	1	0	1.780250
873	8847	0	0	0	0	0	2.910512
874	8860	0	0	0	1	0	2.574725
875	8873	0	0	0	0	0	1.986143
876	8884	0	0	0	2	0	1.807214
877	8892	0	0	0	2	0	1.122225
878	8904	0	0	0	0	0	2.931108
879	8912	0	0	0	0	0	1.294693
880	8922	0	0	0	1	0	2.530152
881	8938	0	0	0	1	0	1.782173
882	8945	0	0	0	1	0	1.396487
883	8959	0	0	0	0	0	1.275835
884	8966	0	0	0	0	0	1.086236
885	8970	0	0	0	0	0	2.339632
886	8986	0	0	0	2	0	2.641130
887	8998	0	0	0	0	0	1.710613
888	9006	0	0	0	1	0	2.018174
889	9016	0	0	0	1	0	1.355669
890	9026	0	0	0	0	0	1.449540
891	9034	0	0	0	0	0	1.948868
892	9047	0	0	0	2	0	1.388127
893	9055	0	0	0	1	0	2.429152
894	9068	0	0	0	0	0	2.994556
895	9076	0	0	0	0	0	1.501053
896	9089	0	0	0	0	0	1.592482
897	9098	0	0	0	0	0	1.942619
898	9108	0	0	0	1	0	2.875694
899	9114	0	0	0	2	0	1.357168
900	9121	0	0	0	2	0	1.991917
901	9135	0	0	0	2	0	2.995490
902	9143	0	0	0	1	0	2.364331
903	9148	0	0	0	1	0	2.878691
904	9167	0	0	0	1	0	2.449082
905	9172	0	0	0	0	0	2.650228
906	9184	0	0	0	1	0	2.468271
907	9199	0	0	0	1	0	2.710427
908	9207	0	0	0	1	0	1.498919
909	9216	0	0	0	2	0	2.764857
910	9226	0	0	0	0	0	2.802932
911	9236	0	0	0	0	0	1.143298
912	9248	0	0	0	2	0	2.568127
913	9260	0	0	0	2	0	1.473905
914	9266	0	0	0	0	0	2.136467
915	9274	0	0	0	1	0	2.642051
916	9284	0	0	0	0	0	2.330286
917	9299	0	0	0	2	0	2.842304
918	9309	0	0	0	2	0	2.888717
919	9320	0	0	0	1	0	1.487699
920	9333	0	0	0	0	0	2.994920
921	9341	0	0	0	0	0	1.859919
922	9352	0	0	0	1	0	1.031563
923	9364	0	0	0	2	0	2.897981
924	9371	0	0	0	1	0	2.888323
925	9382	0	0	0	1	0	2.997147
926	9388	0	0	0	1	0	1.725504
927	9397	0	0	0	1	0	1.665878
928	9405	0	0	0	1	0	1.760886
929	9413	0	0	0	1	0	1.886224
930	9419	0	0	0	1	0	2.399059
931	9432	0	0	0	2	0	2.291309
932	9444	0	0	0	0	0	1.558464
933	9451	0	0	0	0	0	1.564854
934	9459	0	0	0	1	0	2.189171
935	9463	0	0	0	2	0	2.880498
936	9478	0	0	0	0	0	1.289061
937	9489	0	0	0	2	0	2.883132
938	9501	0	0	0	1	0	1.373137
939	9504	0	0	0	0	0	1.257996
940	9511	0	0	0	0	0	2.302565
941	9517	0	0	0	1	0	2.309776
942	9528	0	0	0	2	0	1.422928
943	9540	0	0	0	1	0	1.210147
944	9552	0	0	0	0	0	2.145338
945	9561	0	0	0	1	0	1.364968
946	9570	0	0	0	2	0	2.511089
947	9579	0	0	0	0	0	2.913985
948	9593	0	0	0	0	0	2.415962
949	9605	0	0	0	0	0	2.905735
950	9618	0	0	0	2	0	2.871004
951	9624	0	0	0	2	0	2.306689
952	9629	0	0	0	2	0	2.072708
953	9643	0	0	0	1	0	2.200625
954	9649	0	0	0	1	0	2.588421
955	9659	0	0	0	1	0	1.124418
956	9674	0	0	0	1	0	1.805765
957	9684	0	0	0	0	0	1.357965
958	9694	0	0	0	0	0	2.446896
959	9702	0	0	0	0	0	1.833445
960	9713	0	0	0	1	0	2.403835
961	9721	0	0	0	0	0	1.557127
962	9734	0	0	0	0	0	2.584628
963	9739	0	0	0	0	0	2.044803
964	9751	0	0	0	0	0	2.502505
965	9764	0	0	0	0	0	1.146905
966	9775	0	0	0	0	0	1.858502
967	9781	0	0	0	1	0	2.926356
968	9795	0	0	0	2	0	2.233598
969	9806	0	0	0	0	0	2.153367
970	9819	0	0	0	0	0	2.943657
971	9830	0	0	0	0	0	1.907035
972	9834	0	0	0	1	0	2.353275
973	9843	0	0	0	1	0	2.705307
974	9852	0	0	0	2	0	1.173276
975	9863	0	0	0	0	0	2.902520
976	9871	0	0	0	0	0	2.258008
977	9876	0	0	0	0	0	2.750827
978	9889	0	0	0	2	0	2.294964
979	9899	0	0	0	2	0	2.306380
980	9903	0	0	0	0	0	2.690809
981	9913	0	0	0	1	0	1.319254
982	9922	0	0	0	2	0	1.498406
983	9933	0	0	0	2	0	2.300970
984	9938	0	0	0	1	0	2.927573
985	9946	0	0	0	2	0	2.966635
986	9958	0	0	0	2	0	2.542574
987	9966	0	0	0	0	0	2.461155
988	9967	0	0	0	0	0	1.080344
989	9977	0	0	0	0	0	1.847035
990	9986	0	0	0	2	0	1.594676
991	9998	0	0	0	1	0	1.727099
992	10005	0	0	0	0	0	2.801433
993	10019	0	0	0	2	0	2.402306
994	10028	0	0	0	0	0	1.574519
995	10035	0	0	0	1	0	1.820577
996	10049	0	0	0	1	0	1.287387
997	10057	0	0	0	2	0	2.833449
998	10066	0	0	0	1	0	2.385120
999	10077	0	0	0	0	0	1.175997
