0	1	0	0	0	0	0	1.563283
1	9	0	0	0	1	0	2.172476
2	25	0	0	0	0	0	1.766549
3	39	0	0	0	1	0	2.554308
4	50	0	0	0	0	0	2.257200
5	60	0	0	0	0	0	2.507660
6	72	0	0	0	1	0	1.518245
7	83	0	0	0	1	0	1.796465
8	91	0	0	0	0	0	2.180718
9	103	0	0	0	2	0	1.262211
10	109	0	0	0	0	0	2.438433
11	117	0	0	0	2	0	1.240541
12	125	0	0	0	0	0	1.190259
13	139	0	0	0	2	0	1.854777
14	149	0	0	0	2	0	1.805479
15	162	0	0	0	0	0	1.867424
16	174	0	0	0	0	0	1.369318
17	188	0	0	0	2	0	2.045587
18	198	0	0	0	1	0	2.262376
19	206	0	0	0	1	0	1.279278
20	213	0	0	0	2	0	2.210477
21	220	0	0	0	2	0	1.063461
22	229	0	0	0	1	0	2.020705
23	240	0	0	0	0	0	2.516802
24	249	0	0	0	1	0	2.237501
25	260	0	0	0	1	0	2.718086
26	274	0	0	0	2	0	2.164278
27	287	0	0	0	2	0	2.217523
28	301	0	0	0	1	0	1.034532
29	312	0	0	0	1	0	1.928591
30	329	0	0	0	0	0	2.666631
31	337	0	0	0	2	0	1.811935
32	351	0	0	0	1	0	2.536980
33	362	0	0	0	1	0	1.608314
34	377	0	0	0	1	0	2.580245
35	383	0	0	0	0	0	2.709973
36	396	0	0	0	0	0	1.505159
37	406	0	0	0	2	0	1.484046
38	411	0	0	0	1	0	1.443100
39	419	0	0	0	0	0	2.563039
40	426	0	0	0	0	0	1.106074
41	435	0	0	0	2	0	2.510638
42	443	0	0	0	0	0	1.017273
43	456	0	0	0	1	0	2.816237
44	465	0	0	0	0	0	2.762306
45	480	0	0	0	2	0	1.660962
46	488	0	0	0	0	0	2.379627
47	494	0	0	0	0	0	1.287620
48	505	0	0	0	0	0	1.430526
49	516	0	0	0	0	0	2.070721
50	521	0	0	0	1	0	1.487484
51	532	0	0	0	2	0	2.891291
52	541	0	0	0	2	0	2.345602
53	553	0	0	0	0	0	2.871122
54	559	0	0	0	2	0	1.984654
55	572	0	0	0	0	0	2.923699
56	582	0	0	0	1	0	1.406342
57	594	0	0	0	2	0	2.596862
58	605	0	0	0	2	0	1.712781
59	617	0	0	0	0	0	2.788632
60	628	0	0	0	1	0	2.753006
61	634	0	0	0	0	0	1.272533
62	643	0	0	0	1	0	1.159149
63	657	0	0	0	2	0	1.949834
64	669	0	0	0	1	0	2.252902
65	681	0	0	0	2	0	1.648598
66	693	0	0	0	1	0	1.846895
67	703	0	0	0	2	0	1.352952
68	715	0	0	0	0	0	2.650814
69	725	0	0	0	1	0	2.183582
70	737	0	0	0	0	0	1.514294
71	745	0	0	0	0	0	2.749024
72	756	0	0	0	0	0	1.398411
73	768	0	0	0	0	0	1.479727
74	774	0	0	0	1	0	2.809209
75	788	0	0	0	1	0	1.149163
76	796	0	0	0	1	0	1.160552
77	805	0	0	0	0	0	2.223003
78	815	0	0	0	0	0	2.624135
79	825	0	0	0	2	0	2.794474
80	836	0	0	0	1	0	1.804741
81	847	0	0	0	0	0	2.142421
82	852	0	0	0	1	0	1.698805
83	858	0	0	0	1	0	1.819494
84	864	0	0	0	1	0	2.375611
85	871	0	0	0	0	0	2.351810
86	889	0	0	0	0	0	1.671790
87	899	0	0	0	0	0	2.741892
88	912	0	0	0	2	0	1.158980
89	928	0	0	0	0	0	1.635833
90	936	0	0	0	0	0	1.961084
91	944	0	0	0	0	0	1.887740
92	958	0	0	0	0	0	1.688333
93	968	0	0	0	2	0	1.522013
94	982	0	0	0	1	0	2.338612
95	994	0	0	0	1	0	1.391034
96	1001	0	0	0	0	0	1.327875
97	1014	0	0	0	2	0	2.996030
98	1026	0	0	0	0	0	2.748452
99	1036	0	0	0	0	0	2.235955
100	1044	0	0	0	0	0	2.642120
101	1056	0	0	0	0	0	2.481241
102	1067	0	0	0	2	0	1.502342
103	1079	0	0	0	0	0	2.103833
104	1088	0	0	0	2	0	2.765443
105	1097	0	0	0	0	0	1.296378
106	1107	0	0	0	2	0	1.845802
107	1118	0	0	0	0	0	2.574268
108	1129	0	0	0	2	0	2.704777
109	1141	0	0	0	2	0	1.861465
110	1152	0	0	0	2	0	1.838805
111	1160	0	0	0	2	0	1.441538
112	1170	0	0	0	0	0	1.812086
113	1178	0	0	0	0	0	1.649253
114	1193	0	0	0	0	0	1.772535
115	1206	0	0	0	0	0	1.557540
116	1217	0	0	0	0	0	2.356081
117	1227	0	0	0	0	0	2.839946
118	1236	0	0	0	2	0	2.751029
119	1246	0	0	0	0	0	2.248309
120	1256	0	0	0	0	0	1.967618
121	1262	0	0	0	0	0	2.870041
122	1271	0	0	0	2	0	1.843318
123	1285	0	0	0	0	0	1.575782
124	1296	0	0	0	1	0	2.589446
125	1302	0	0	0	1	0	2.222922
126	1308	0	0	0	0	0	2.867243
127	1325	0	0	0	0	0	2.850284
128	1336	0	0	0	1	0	2.168076
129	1340	0	0	0	0	0	2.569071
130	1351	0	0	0	0	0	1.289224
131	1362	0	0	0	1	0	1.970655
132	1371	0	0	0	0	0	2.094603
133	1384	0	0	0	1	0	2.163412
134	1395	0	0	0	0	0	1.280913
135	1403	0	0	0	0	0	1.212551
136	1414	0	0	0	2	0	2.254702
137	1423	0	0	0	0	0	1.253169
138	1432	0	0	0	0	0	1.782220
139	1447	0	0	0	0	0	1.546632
140	1458	0	0	0	0	0	1.407870
141	1468	0	0	0	1	0	2.204738
142	1473	0	0	0	0	0	2.378775
143	1481	0	0	0	1	0	2.742066
144	1492	0	0	0	0	0	1.943865
145	1500	0	0	0	0	0	2.756707
146	1508	0	0	0	2	0	1.738132
147	1519	0	0	0	1	0	2.244221
148	1533	0	0	0	1	0	2.114920
149	1544	0	0	0	1	0	1.101259
150	1547	0	0	0	0	0	2.451546
151	1556	0	0	0	1	0	1.133401
152	1567	0	0	0	1	0	1.016864
153	1574	0	0	0	0	0	2.945253
154	1583	0	0	0	1	0	1.494351
155	1594	0	0	0	0	0	2.253604
156	1611	0	0	0	0	0	2.445935
157	1616	0	0	0	0	0	1.938585
158	1628	0	0	0	1	0	2.581839
159	1637	0	0	0	1	0	1.543774
160	1642	0	0	0	2	0	2.393460
161	1655	0	0	0	2	0	1.420122
162	1662	0	0	0	2	0	1.594413
163	1671	0	0	0	1	0	2.010939
164	1683	0	0	0	2	0	1.833109
165	1697	0	0	0	2	0	1.341838
166	1705	0	0	0	1	0	2.749677
167	1711	0	0	0	1	0	1.311326
168	1720	0	0	0	1	0	1.279957
169	1729	0	0	0	1	0	1.437788
170	1744	0	0	0	0	0	2.331452
171	1755	0	0	0	1	0	2.368819
172	1765	0	0	0	2	0	2.754628
173	1779	0	0	0	0	0	2.867653
174	1787	0	0	0	1	0	2.449960
175	1796	0	0	0	0	0	2.445414
176	1810	0	0	0	0	0	2.610723
177	1822	0	0	0	0	0	1.684020
178	1834	0	0	0	0	0	2.909524
179	1840	0	0	0	0	0	1.402158
180	1845	0	0	0	0	0	1.263178
181	1855	0	0	0	0	0	1.944133
182	1864	0	0	0	0	0	1.578423
183	1876	0	0	0	1	0	2.182911
184	1885	0	0	0	0	0	1.702849
185	1891	0	0	0	0	0	2.632590
186	1899	0	0	0	0	0	2.225738
187	1906	0	0	0	2	0	1.928226
188	1914	0	0	0	1	0	2.678641
189	1921	0	0	0	2	0	2.058821
190	1929	0	0	0	0	0	2.612541
191	1945	0	0	0	0	0	1.733260
192	1959	0	0	0	2	0	1.841100
193	1976	0	0	0	2	0	1.530475
194	1985	0	0	0	1	0	1.812323
195	1996	0	0	0	1	0	1.519754
196	2006	0	0	0	1	0	2.994606
197	2016	0	0	0	0	0	1.986555
198	2025	0	0	0	1	0	2.806928
199	2036	0	0	0	0	0	1.735682
200	2040	0	0	0	2	0	1.210604
201	2047	0	0	0	1	0	2.563145
202	2060	0	0	0	0	0	1.162126
203	2072	0	0	0	2	0	2.762174
204	2083	0	0	0	1	0	1.230942
205	2096	0	0	0	0	0	2.018390
206	2104	0	0	0	1	0	2.569932
207	2112	0	0	0	2	0	2.496292
208	2119	0	0	0	1	0	2.481490
209	2131	0	0	0	2	0	2.435050
210	2138	0	0	0	0	0	2.759129
211	2146	0	0	0	0	0	1.716906
212	2157	0	0	0	1	0	2.252515
213	2161	0	0	0	2	0	2.944378
214	2174	0	0	0	2	0	2.975406
215	2182	0	0	0	0	0	1.048447
216	2195	0	0	0	1	0	2.796094
217	2211	0	0	0	1	0	1.444083
218	2216	0	0	0	2	0	1.920640
219	2222	0	0	0	1	0	1.904408
220	2231	0	0	0	1	0	2.454206
221	2240	0	0	0	1	0	1.182576
222	2251	0	0	0	2	0	2.822778
223	2258	0	0	0	1	0	2.215911
224	2263	0	0	0	0	0	1.892451
225	2274	0	0	0	1	0	2.664721
226	2280	0	0	0	0	0	1.052475
227	2290	0	0	0	1	0	1.050319
228	2301	0	0	0	0	0	1.644808
229	2308	0	0	0	0	0	2.642871
230	2321	0	0	0	2	0	2.780188
231	2330	0	0	0	2	0	2.267364
232	2340	0	0	0	0	0	2.667544
233	2349	0	0	0	1	0	2.142853
234	2359	0	0	0	1	0	2.455466
235	2369	0	0	0	1	0	1.836324
236	2379	0	0	0	1	0	1.303816
237	2385	0	0	0	1	0	2.427875
238	2391	0	0	0	0	0	2.704792
239	2401	0	0	0	2	0	1.616058
240	2409	0	0	0	1	0	2.596721
241	2422	0	0	0	2	0	1.405913
242	2434	0	0	0	1	0	2.760538
243	2448	0	0	0	1	0	1.913111
244	2460	0	0	0	0	0	2.808012
245	2474	0	0	0	1	0	1.420646
246	2482	0	0	0	0	0	1.799459
247	2493	0	0	0	0	0	1.740547
248	2500	0	0	0	0	0	1.687991
249	2512	0	0	0	1	0	2.562432
250	2525	0	0	0	1	0	1.268277
251	2538	0	0	0	0	0	1.259732
252	2546	0	0	0	0	0	2.719374
253	2561	0	0	0	0	0	1.469980
254	2574	0	0	0	1	0	2.727463
255	2584	0	0	0	0	0	1.384271
256	2591	0	0	0	1	0	1.105127
257	2606	0	0	0	0	0	1.942504
258	2613	0	0	0	0	0	1.946722
259	2625	0	0	0	1	0	1.762589
260	2639	0	0	0	1	0	1.032975
261	2649	0	0	0	1	0	1.538069
262	2660	0	0	0	0	0	2.545235
263	2667	0	0	0	0	0	1.722017
264	2679	0	0	0	1	0	2.211269
265	2696	0	0	0	1	0	1.468456
266	2707	0	0	0	1	0	2.329903
267	2718	0	0	0	1	0	1.099425
268	2722	0	0	0	0	0	1.204898
269	2729	0	0	0	1	0	2.351113
270	2737	0	0	0	1	0	1.154127
271	2747	0	0	0	0	0	1.210663
272	2757	0	0	0	0	0	2.926633
273	2766	0	0	0	1	0	2.062574
274	2775	0	0	0	0	0	1.531597
275	2787	0	0	0	0	0	1.141716
276	2799	0	0	0	2	0	1.313574
277	2808	0	0	0	0	0	2.846633
278	2817	0	0	0	0	0	2.481438
279	2830	0	0	0	1	0	2.905981
280	2843	0	0	0	1	0	1.682695
281	2850	0	0	0	1	0	1.079854
282	2856	0	0	0	1	0	1.357193
283	2863	0	0	0	1	0	2.234084
284	2874	0	0	0	2	0	2.180508
285	2883	0	0	0	0	0	2.923928
286	2890	0	0	0	1	0	2.848614
287	2902	0	0	0	0	0	2.059695
288	2912	0	0	0	0	0	1.499672
289	2919	0	0	0	2	0	2.115269
290	2935	0	0	0	0	0	2.669074
291	2943	0	0	0	0	0	1.194061
292	2956	0	0	0	1	0	2.228300
293	2962	0	0	0	0	0	1.317025
294	2970	0	0	0	1	0	1.182255
295	2978	0	0	0	1	0	1.035258
296	2990	0	0	0	0	0	1.344490
297	2996	0	0	0	0	0	1.439854
298	3003	0	0	0	0	0	1.420775
299	3015	0	0	0	1	0	1.492150
300	3026	0	0	0	1	0	1.005094
301	3036	0	0	0	0	0	2.113733
302	3051	0	0	0	0	0	1.028729
303	3060	0	0	0	1	0	1.676717
304	3073	0	0	0	1	0	1.120269
305	3081	0	0	0	2	0	1.890983
306	3089	0	0	0	0	0	2.130575
307	3100	0	0	0	1	0	2.152618
308	3117	0	0	0	0	0	1.803747
309	3126	0	0	0	1	0	2.565397
310	3130	0	0	0	1	0	2.343552
311	3141	0	0	0	1	0	1.820906
312	3152	0	0	0	1	0	1.077313
313	3163	0	0	0	1	0	2.469966
314	3176	0	0	0	1	0	1.232948
315	3185	0	0	0	2	0	2.546766
316	3194	0	0	0	2	0	2.335349
317	3202	0	0	0	0	0	2.447311
318	3217	0	0	0	2	0	1.942345
319	3226	0	0	0	0	0	1.320125
320	3240	0	0	0	1	0	1.695919
321	3257	0	0	0	0	0	2.738802
322	3269	0	0	0	0	0	2.642832
323	3282	0	0	0	0	0	2.636312
324	3290	0	0	0	1	0	1.036264
325	3299	0	0	0	1	0	2.024945
326	3306	0	0	0	1	0	1.637613
327	3315	0	0	0	0	0	2.218758
328	3323	0	0	0	1	0	2.208234
329	3331	0	0	0	1	0	2.026815
330	3337	0	0	0	1	0	2.166652
331	3341	0	0	0	2	0	2.632840
332	3352	0	0	0	1	0	2.539110
333	3367	0	0	0	1	0	1.914191
334	3382	0	0	0	1	0	1.434802
335	3391	0	0	0	2	0	1.221211
336	3401	0	0	0	0	0	2.164401
337	3411	0	0	0	0	0	1.394947
338	3426	0	0	0	2	0	2.065469
339	3434	0	0	0	0	0	2.979712
340	3445	0	0	0	0	0	1.703075
341	3455	0	0	0	0	0	1.579109
342	3462	0	0	0	2	0	1.428721
343	3474	0	0	0	1	0	1.329224
344	3483	0	0	0	1	0	2.750584
345	3489	0	0	0	0	0	1.925749
346	3495	0	0	0	2	0	2.401485
347	3510	0	0	0	0	0	1.513140
348	3518	0	0	0	1	0	2.708027
349	3529	0	0	0	0	0	2.928489
350	3535	0	0	0	1	0	2.494653
351	3541	0	0	0	1	0	2.102437
352	3549	0	0	0	2	0	1.490643
353	3557	0	0	0	0	0	2.302103
354	3569	0	0	0	1	0	2.173130
355	3580	0	0	0	0	0	1.139988
356	3597	0	0	0	2	0	2.227620
357	3609	0	0	0	2	0	2.073642
358	3623	0	0	0	1	0	1.896810
359	3637	0	0	0	0	0	2.905359
360	3646	0	0	0	0	0	2.126104
361	3658	0	0	0	1	0	2.725697
362	3671	0	0	0	1	0	2.336979
363	3682	0	0	0	0	0	2.499058
364	3694	0	0	0	2	0	2.126127
365	3701	0	0	0	2	0	1.652987
366	3712	0	0	0	1	0	1.300849
367	3723	0	0	0	0	0	2.234113
368	3729	0	0	0	1	0	2.847727
369	3741	0	0	0	2	0	2.207160
370	3751	0	0	0	1	0	2.292125
371	3762	0	0	0	1	0	1.805696
372	3770	0	0	0	2	0	1.326982
373	3776	0	0	0	0	0	1.284704
374	3786	0	0	0	0	0	2.008085
375	3797	0	0	0	1	0	1.247711
376	3806	0	0	0	1	0	1.929330
377	3815	0	0	0	1	0	1.454426
378	3830	0	0	0	1	0	2.336140
379	3837	0	0	0	2	0	2.282498
380	3843	0	0	0	0	0	1.221990
381	3854	0	0	0	2	0	2.649269
382	3864	0	0	0	0	0	1.666770
383	3880	0	0	0	0	0	2.765137
384	3891	0	0	0	0	0	1.246473
385	3902	0	0	0	0	0	2.283907
386	3913	0	0	0	0	0	2.017429
387	3922	0	0	0	0	0	1.674658
388	3931	0	0	0	0	0	2.329236
389	3944	0	0	0	1	0	2.877973
390	3950	0	0	0	1	0	1.226229
391	3959	0	0	0	2	0	2.500109
392	3969	0	0	0	1	0	2.425308
393	3981	0	0	0	2	0	2.338807
394	3991	0	0	0	0	0	1.739664
395	4004	0	0	0	1	0	1.754005
396	4009	0	0	0	0	0	1.034817
397	4016	0	0	0	2	0	1.882950
398	4024	0	0	0	2	0	1.532515
399	4038	0	0	0	0	0	1.831241
400	4049	0	0	0	0	0	1.986288
401	4060	0	0	0	1	0	1.289782
402	4071	0	0	0	0	0	2.547416
403	4083	0	0	0	0	0	2.086174
404	4091	0	0	0	1	0	2.190758
405	4105	0	0	0	1	0	1.869254
406	4117	0	0	0	2	0	1.369373
407	4129	0	0	0	0	0	1.620446
408	4139	0	0	0	2	0	1.076897
409	4150	0	0	0	0	0	1.074868
410	4164	0	0	0	0	0	2.896857
411	4173	0	0	0	0	0	2.764853
412	4179	0	0	0	0	0	2.328127
413	4192	0	0	0	1	0	2.253447
414	4200	0	0	0	2	0	2.305952
415	4216	0	0	0	0	0	2.732113
416	4227	0	0	0	1	0	2.815838
417	4235	0	0	0	1	0	1.574557
418	4248	0	0	0	2	0	1.682925
419	4259	0	0	0	0	0	2.470181
420	4267	0	0	0	0	0	1.814296
421	4272	0	0	0	2	0	1.941500
422	4285	0	0	0	1	0	2.351901
423	4298	0	0	0	2	0	2.470809
424	4306	0	0	0	2	0	1.637030
425	4316	0	0	0	0	0	2.590228
426	4326	0	0	0	0	0	2.084408
427	4336	0	0	0	0	0	2.154388
428	4346	0	0	0	1	0	1.683118
429	4364	0	0	0	0	0	1.203112
430	4377	0	0	0	0	0	1.545612
431	4382	0	0	0	2	0	1.696906
432	4387	0	0	0	0	0	1.946776
433	4395	0	0	0	2	0	1.842638
434	4410	0	0	0	1	0	2.470666
435	4420	0	0	0	0	0	1.021616
436	4433	0	0	0	2	0	2.364744
437	4438	0	0	0	0	0	2.869421
438	4446	0	0	0	0	0	1.156093
439	4453	0	0	0	1	0	1.301657
440	4459	0	0	0	0	0	1.380983
441	4472	0	0	0	2	0	1.290927
442	4482	0	0	0	0	0	2.796341
443	4499	0	0	0	1	0	1.225354
444	4516	0	0	0	2	0	1.831411
445	4529	0	0	0	0	0	1.920465
446	4542	0	0	0	2	0	1.224630
447	4548	0	0	0	0	0	1.559744
448	4560	0	0	0	1	0	1.500363
449	4568	0	0	0	1	0	1.729412
450	4580	0	0	0	0	0	1.717073
451	4589	0	0	0	1	0	2.277642
452	4603	0	0	0	1	0	2.352617
453	4613	0	0	0	0	0	1.293900
454	4624	0	0	0	0	0	2.572301
455	4630	0	0	0	0	0	2.824848
456	4636	0	0	0	0	0	1.641770
457	4647	0	0	0	0	0	2.107475
458	4658	0	0	0	1	0	1.376352
459	4673	0	0	0	0	0	2.131518
460	4682	0	0	0	1	0	2.576085
461	4691	0	0	0	1	0	1.255665
462	4700	0	0	0	2	0	2.867165
463	4715	0	0	0	1	0	2.357360
464	4727	0	0	0	0	0	2.568890
465	4740	0	0	0	0	0	2.972418
466	4756	0	0	0	2	0	1.589563
467	4769	0	0	0	0	0	1.785067
468	4775	0	0	0	1	0	1.428351
469	4783	0	0	0	2	0	2.675507
470	4792	0	0	0	1	0	1.828193
471	4804	0	0	0	1	0	1.267392
472	4813	0	0	0	2	0	1.284030
473	4826	0	0	0	0	0	1.674450
474	4834	0	0	0	0	0	2.664003
475	4843	0	0	0	1	0	1.084102
476	4851	0	0	0	0	0	1.855211
477	4857	0	0	0	0	0	1.201960
478	4873	0	0	0	0	0	1.684095
479	4884	0	0	0	2	0	1.801976
480	4897	0	0	0	1	0	2.285016
481	4907	0	0	0	0	0	1.850288
482	4914	0	0	0	2	0	1.775434
483	4926	0	0	0	1	0	1.413072
484	4934	0	0	0	0	0	1.057100
485	4947	0	0	0	2	0	2.279820
486	4953	0	0	0	2	0	2.906081
487	4959	0	0	0	0	0	1.577652
488	4967	0	0	0	1	0	1.402010
489	4977	0	0	0	0	0	2.755505
490	4991	0	0	0	1	0	2.769655
491	5008	0	0	0	1	0	1.020546
492	5020	0	0	0	0	0	1.763843
493	5032	0	0	0	0	0	2.866710
494	5041	0	0	0	2	0	1.686508
495	5053	0	0	0	2	0	1.792127
496	5067	0	0	0	0	0	1.155985
497	5074	0	0	0	0	0	2.367645
498	5079	0	0	0	1	0	2.212174
499	5091	0	0	0	0	0	1.117923
500	5100	0	0	0	2	0	2.760398
501	5113	0	0	0	1	0	1.967793
502	5121	0	0	0	0	0	1.007499
503	5136	0	0	0	0	0	2.163547
504	5146	0	0	0	2	0	2.110387
505	5155	0	0	0	2	0	2.512021
506	5167	0	0	0	1	0	1.452551
507	5175	0	0	0	0	0	1.787188
508	5187	0	0	0	1	0	1.717893
509	5195	0	0	0	2	0	1.928759
510	5202	0	0	0	0	0	1.221762
511	5214	0	0	0	0	0	2.881918
512	5223	0	0	0	0	0	1.759516
513	5235	0	0	0	2	0	2.629988
514	5245	0	0	0	2	0	1.906407
515	5253	0	0	0	0	0	1.645873
516	5257	0	0	0	0	0	1.128206
517	5268	0	0	0	0	0	2.259488
518	5281	0	0	0	1	0	1.617370
519	5294	0	0	0	2	0	1.603863
520	5309	0	0	0	0	0	1.974471
521	5320	0	0	0	2	0	2.498849
522	5331	0	0	0	2	0	1.197545
523	5340	0	0	0	2	0	2.834400
524	5351	0	0	0	2	0	1.276125
525	5360	0	0	0	1	0	1.209229
526	5372	0	0	0	0	0	1.425837
527	5381	0	0	0	1	0	2.081934
528	5391	0	0	0	2	0	2.545164
529	5404	0	0	0	0	0	2.027702
530	5410	0	0	0	0	0	2.647471
531	5426	0	0	0	0	0	2.164868
532	5432	0	0	0	0	0	1.547687
533	5443	0	0	0	2	0	2.803426
534	5454	0	0	0	0	0	1.095634
535	5462	0	0	0	0	0	1.534696
536	5473	0	0	0	1	0	1.632633
537	5486	0	0	0	0	0	1.841997
538	5492	0	0	0	0	0	2.949975
539	5498	0	0	0	0	0	1.674461
540	5509	0	0	0	0	0	2.944212
541	5516	0	0	0	1	0	2.980990
542	5526	0	0	0	0	0	1.666716
543	5537	0	0	0	0	0	1.760903
544	5542	0	0	0	1	0	2.893539
545	5554	0	0	0	0	0	1.971032
546	5563	0	0	0	2	0	1.639255
547	5577	0	0	0	2	0	2.026413
548	5588	0	0	0	0	0	2.391994
549	5598	0	0	0	1	0	1.353368
550	5607	0	0	0	1	0	1.514398
551	5617	0	0	0	2	0	1.849555
552	5624	0	0	0	2	0	1.857688
553	5636	0	0	0	1	0	1.736340
554	5643	0	0	0	0	0	1.319913
555	5654	0	0	0	0	0	2.884532
556	5665	0	0	0	1	0	2.639426
557	5674	0	0	0	0	0	1.010430
558	5691	0	0	0	2	0	1.079479
559	5701	0	0	0	0	0	2.391737
560	5711	0	0	0	0	0	1.974907
561	5718	0	0	0	0	0	1.476458
562	5742	0	0	0	0	0	2.061260
563	5755	0	0	0	2	0	2.276999
564	5769	0	0	0	1	0	1.927101
565	5776	0	0	0	1	0	1.107201
566	5785	0	0	0	1	0	2.351995
567	5790	0	0	0	1	0	2.294115
568	5802	0	0	0	0	0	1.775560
569	5816	0	0	0	0	0	2.746304
570	5829	0	0	0	1	0	1.880809
571	5841	0	0	0	0	0	1.123286
572	5848	0	0	0	0	0	2.454726
573	5863	0	0	0	0	0	2.541843
574	5872	0	0	0	0	0	2.145542
575	5884	0	0	0	0	0	1.159360
576	5896	0	0	0	1	0	2.554331
577	5901	0	0	0	0	0	2.969708
578	5910	0	0	0	0	0	1.431906
579	5916	0	0	0	0	0	1.332917
580	5932	0	0	0	2	0	1.026109
581	5938	0	0	0	1	0	1.025881
582	5949	0	0	0	0	0	2.181787
583	5957	0	0	0	0	0	1.351517
584	5960	0	0	0	0	0	1.271409
585	5975	0	0	0	0	0	2.261377
586	5989	0	0	0	1	0	2.205954
587	6000	0	0	0	2	0	2.744565
588	6013	0	0	0	0	0	1.887640
589	6019	0	0	0	0	0	1.714658
590	6026	0	0	0	0	0	1.617357
591	6034	0	0	0	0	0	2.570643
592	6044	0	0	0	0	0	1.050974
593	6057	0	0	0	1	0	2.119610
594	6067	0	0	0	2	0	1.053550
595	6078	0	0	0	0	0	2.779894
596	6091	0	0	0	1	0	1.405844
597	6103	0	0	0	1	0	2.283394
598	6111	0	0	0	0	0	2.706660
599	6130	0	0	0	2	0	1.451200
600	6140	0	0	0	2	0	2.263320
601	6152	0	0	0	1	0	2.023830
602	6162	0	0	0	0	0	2.856014
603	6173	0	0	0	0	0	2.214599
604	6181	0	0	0	2	0	1.641428
605	6188	0	0	0	0	0	2.282042
606	6200	0	0	0	1	0	2.295803
607	6215	0	0	0	1	0	1.237039
608	6227	0	0	0	1	0	1.075459
609	6237	0	0	0	0	0	2.242970
610	6247	0	0	0	0	0	1.072487
611	6253	0	0	0	1	0	1.590120
612	6267	0	0	0	1	0	1.821748
613	6273	0	0	0	0	0	2.949160
614	6287	0	0	0	1	0	1.323872
615	6296	0	0	0	1	0	1.217292
616	6308	0	0	0	2	0	1.890798
617	6316	0	0	0	0	0	2.550343
618	6330	0	0	0	1	0	2.940492
619	6342	0	0	0	2	0	1.948886
620	6349	0	0	0	0	0	2.290182
621	6363	0	0	0	1	0	2.581736
622	6371	0	0	0	0	0	2.394192
623	6380	0	0	0	2	0	1.778525
624	6391	0	0	0	2	0	1.854344
625	6404	0	0	0	0	0	2.675199
626	6411	0	0	0	1	0	2.020985
627	6422	0	0	0	0	0	2.297547
628	6433	0	0	0	2	0	2.788278
629	6449	0	0	0	0	0	1.199839
630	6456	0	0	0	0	0	1.983430
631	6466	0	0	0	1	0	2.402372
632	6477	0	0	0	1	0	1.480493
633	6484	0	0	0	2	0	1.073808
634	6494	0	0	0	2	0	2.396915
635	6501	0	0	0	1	0	2.091243
636	6506	0	0	0	0	0	1.438835
637	6519	0	0	0	1	0	1.735492
638	6527	0	0	0	0	0	1.218253
639	6533	0	0	0	1	0	1.962578
640	6542	0	0	0	2	0	1.211436
641	6552	0	0	0	2	0	1.037316
642	6566	0	0	0	2	0	2.030336
643	6576	0	0	0	1	0	1.012246
644	6588	0	0	0	0	0	1.932206
645	6599	0	0	0	0	0	1.114087
646	6609	0	0	0	2	0	2.775182
647	6614	0	0	0	0	0	1.806288
648	6625	0	0	0	0	0	1.757749
649	6631	0	0	0	0	0	2.570057
650	6642	0	0	0	0	0	1.192098
651	6655	0	0	0	0	0	2.914054
652	6665	0	0	0	1	0	1.317660
653	6674	0	0	0	2	0	1.797109
654	6683	0	0	0	1	0	1.130926
655	6696	0	0	0	1	0	2.173454
656	6704	0	0	0	0	0	2.599893
657	6718	0	0	0	2	0	1.431226
658	6723	0	0	0	1	0	1.965002
659	6735	0	0	0	2	0	1.989499
660	6745	0	0	0	1	0	1.704555
661	6757	0	0	0	1	0	2.093602
662	6766	0	0	0	1	0	2.559011
663	6774	0	0	0	2	0	1.581274
664	6786	0	0	0	1	0	1.234200
665	6798	0	0	0	0	0	2.914702
666	6812	0	0	0	2	0	1.714026
667	6820	0	0	0	0	0	2.071005
668	6832	0	0	0	0	0	2.721132
669	6840	0	0	0	0	0	1.882659
670	6851	0	0	0	0	0	2.518163
671	6864	0	0	0	0	0	2.839082
672	6877	0	0	0	1	0	2.882731
673	6888	0	0	0	0	0	1.679447
674	6893	0	0	0	0	0	1.241475
675	6899	0	0	0	0	0	2.501021
676	6904	0	0	0	2	0	1.572173
677	6909	0	0	0	0	0	2.230112
678	6925	0	0	0	0	0	1.281127
679	6936	0	0	0	1	0	1.482966
680	6951	0	0	0	2	0	2.405687
681	6970	0	0	0	1	0	2.241388
682	6978	0	0	0	0	0	2.904124
683	6995	0	0	0	0	0	2.711554
684	7005	0	0	0	1	0	2.460787
685	7015	0	0	0	0	0	2.282751
686	7024	0	0	0	1	0	1.350898
687	7034	0	0	0	0	0	1.265123
688	7042	0	0	0	1	0	2.456651
689	7052	0	0	0	0	0	1.890484
690	7064	0	0	0	0	0	2.556123
691	7074	0	0	0	1	0	1.158122
692	7087	0	0	0	2	0	2.790083
693	7100	0	0	0	2	0	1.011018
694	7109	0	0	0	2	0	2.402202
695	7117	0	0	0	1	0	1.197832
696	7128	0	0	0	1	0	1.312613
697	7133	0	0	0	2	0	1.460570
698	7143	0	0	0	2	0	2.712708
699	7152	0	0	0	0	0	2.790159
700	7161	0	0	0	0	0	2.575582
701	7173	0	0	0	0	0	1.587140
702	7178	0	0	0	1	0	1.663915
703	7188	0	0	0	1	0	2.688639
704	7204	0	0	0	2	0	1.340758
705	7215	0	0	0	0	0	1.861746
706	7227	0	0	0	1	0	1.752625
707	7240	0	0	0	0	0	1.585568
708	7249	0	0	0	2	0	2.590687
709	7258	0	0	0	0	0	1.049109
710	7271	0	0	0	1	0	1.443799
711	7277	0	0	0	1	0	1.180444
712	7293	0	0	0	0	0	1.500433
713	7301	0	0	0	0	0	2.307888
714	7307	0	0	0	2	0	1.314364
715	7315	0	0	0	0	0	1.980647
716	7325	0	0	0	0	0	1.589488
717	7333	0	0	0	2	0	2.491786
718	7341	0	0	0	0	0	2.952664
719	7349	0	0	0	1	0	2.428770
720	7356	0	0	0	2	0	1.810592
721	7363	0	0	0	1	0	2.654250
722	7375	0	0	0	0	0	1.117867
723	7382	0	0	0	1	0	2.991527
724	7392	0	0	0	0	0	2.286247
725	7405	0	0	0	0	0	2.404230
726	7417	0	0	0	1	0	1.543308
727	7424	0	0	0	2	0	2.016094
728	7434	0	0	0	1	0	2.283159
729	7444	0	0	0	1	0	2.057209
730	7453	0	0	0	0	0	1.128404
731	7468	0	0	0	0	0	1.072326
732	7477	0	0	0	0	0	2.476115
733	7498	0	0	0	2	0	2.003686
734	7510	0	0	0	0	0	1.343679
735	7517	0	0	0	0	0	2.836851
736	7524	0	0	0	1	0	1.344948
737	7534	0	0	0	1	0	1.620596
738	7546	0	0	0	2	0	2.249362
739	7555	0	0	0	1	0	2.821933
740	7563	0	0	0	0	0	1.387419
741	7571	0	0	0	0	0	2.389619
742	7584	0	0	0	2	0	2.008977
743	7590	0	0	0	0	0	2.745926
744	7601	0	0	0	0	0	1.908354
745	7614	0	0	0	1	0	1.810625
746	7626	0	0	0	1	0	1.433385
747	7634	0	0	0	0	0	1.366123
748	7641	0	0	0	1	0	1.100625
749	7653	0	0	0	1	0	2.589555
750	7663	0	0	0	1	0	1.261684
751	7675	0	0	0	0	0	1.927602
752	7682	0	0	0	1	0	2.241560
753	7688	0	0	0	0	0	2.321424
754	7700	0	0	0	1	0	2.158722
755	7715	0	0	0	0	0	1.039700
756	7727	0	0	0	1	0	2.368589
757	7737	0	0	0	2	0	2.688696
758	7744	0	0	0	2	0	1.016117
759	7754	0	0	0	0	0	2.634009
760	7769	0	0	0	1	0	2.599582
761	7783	0	0	0	0	0	1.041238
762	7790	0	0	0	0	0	2.031304
763	7802	0	0	0	2	0	1.045894
764	7810	0	0	0	0	0	1.088694
765	7821	0	0	0	0	0	2.503383
766	7831	0	0	0	2	0	1.126810
767	7845	0	0	0	1	0	1.303925
768	7856	0	0	0	1	0	1.655322
769	7866	0	0	0	0	0	1.430363
770	7872	0	0	0	1	0	2.450982
771	7883	0	0	0	0	0	1.104597
772	7892	0	0	0	0	0	2.780827
773	7905	0	0	0	2	0	2.488649
774	7917	0	0	0	2	0	1.973990
775	7935	0	0	0	0	0	2.145203
776	7942	0	0	0	0	0	1.812913
777	7949	0	0	0	1	0	1.410504
778	7959	0	0	0	0	0	1.304101
779	7967	0	0	0	0	0	1.594328
780	7976	0	0	0	2	0	1.870740
781	7983	0	0	0	2	0	2.395020
782	7994	0	0	0	2	0	2.094772
783	8003	0	0	0	2	0	2.211554
784	8015	0	0	0	2	0	2.066791
785	8024	0	0	0	0	0	2.819205
786	8031	0	0	0	1	0	2.508495
787	8041	0	0	0	2	0	2.503251
788	8054	0	0	0	2	0	2.492169
789	8059	0	0	0	1	0	2.491365
790	8071	0	0	0	1	0	2.134850
791	8082	0	0	0	0	0	1.022205
792	8090	0	0	0	1	0	1.194668
793	8097	0	0	0	0	0	1.683543
794	8100	0	0	0	2	0	2.534726
795	8112	0	0	0	1	0	1.836910
796	8123	0	0	0	0	0	1.093479
797	8131	0	0	0	0	0	2.431242
798	8144	0	0	0	1	0	2.154124
799	8150	0	0	0	1	0	2.917448
800	8164	0	0	0	1	0	1.151576
801	8172	0	0	0	0	0	2.307489
802	8186	0	0	0	1	0	2.489786
803	8196	0	0	0	1	0	1.479292
804	8205	0	0	0	0	0	2.764657
805	8217	0	0	0	1	0	1.319871
806	8228	0	0	0	1	0	2.290137
807	8236	0	0	0	1	0	2.488368
808	8249	0	0	0	1	0	2.325067
809	8256	0	0	0	2	0	2.104336
810	8263	0	0	0	0	0	2.420502
811	8272	0	0	0	0	0	2.144305
812	8280	0	0	0	2	0	2.670765
813	8293	0	0	0	2	0	1.094655
814	8302	0	0	0	0	0	2.627528
815	8309	0	0	0	0	0	2.336175
816	8326	0	0	0	0	0	2.039802
817	8335	0	0	0	0	0	1.246904
818	8341	0	0	0	1	0	1.460732
819	8354	0	0	0	2	0	2.173454
820	8363	0	0	0	0	0	2.876437
821	8371	0	0	0	1	0	2.704529
822	8376	0	0	0	2	0	1.679936
823	8397	0	0	0	1	0	1.997325
824	8409	0	0	0	1	0	2.340239
825	8420	0	0	0	0	0	2.243404
826	8436	0	0	0	2	0	2.543731
827	8450	0	0	0	2	0	1.334696
828	8462	0	0	0	0	0	2.047543
829	8466	0	0	0	1	0	1.836396
830	8477	0	0	0	0	0	2.618702
831	8493	0	0	0	1	0	2.546037
832	8505	0	0	0	0	0	2.925890
833	8517	0	0	0	0	0	1.248048
834	8528	0	0	0	0	0	1.991802
835	8536	0	0	0	1	0	2.921810
836	8549	0	0	0	1	0	2.357942
837	8564	0	0	0	1	0	1.590337
838	8573	0	0	0	1	0	2.107361
839	8584	0	0	0	1	0	1.234082
840	8592	0	0	0	2	0	2.074834
841	8603	0	0	0	1	0	2.050121
842	8615	0	0	0	2	0	2.304245
843	8626	0	0	0	1	0	2.507974
844	8645	0	0	0	0	0	2.755960
845	8658	0	0	0	1	0	2.675733
846	8672	0	0	0	0	0	1.603466
847	8680	0	0	0	1	0	2.578963
848	8689	0	0	0	0	0	1.849127
849	8698	0	0	0	2	0	1.874690
850	8713	0	0	0	1	0	1.829108
851	8728	0	0	0	0	0	1.588815
852	8740	0	0	0	0	0	2.858342
853	8750	0	0	0	1	0	2.317624
854	8760	0	0	0	1	0	2.963986
855	8769	0	0	0	1	0	2.137667
856	8778	0	0	0	0	0	1.082072
857	8788	0	0	0	1	0	1.340931
858	8802	0	0	0	0	0	1.248940
859	8806	0	0	0	0	0	1.853643
860	8812	0	0	0	1	0	1.991436
861	8818	0	0	0	1	0	1.281020
862	8826	0	0	0	0	0	1.268433
863	8833	0	0	0	0	0	1.879563
864	8846	0	0	0	0	0	1.362460
865	8857	0	0	0	1	0	2.708925
866	8862	0	0	0	0	0	1.840768
867	8869	0	0	0	1	0	2.115931
868	8878	0	0	0	2	0	2.124752
869	8888	0	0	0	2	0	2.974590
870	8899	0	0	0	0	0	2.899528
871	8907	0	0	0	1	0	2.974401
872	8918	0	0	0	2	0	2.249328
873	8926	0	0	0	1	0	2.028555
874	8938	0	0	0	0	0	1.820057
875	8953	0	0	0	0	0	1.379792
876	8968	0	0	0	0	0	2.383495
877	8985	0	0	0	0	0	1.434631
878	8990	0	0	0	0	0	2.112162
879	8998	0	0	0	0	0	1.265215
880	9008	0	0	0	2	0	1.768480
881	9016	0	0	0	1	0	2.451066
882	9026	0	0	0	1	0	1.901787
883	9038	0	0	0	1	0	1.978985
884	9048	0	0	0	2	0	2.000284
885	9056	0	0	0	1	0	1.929671
886	9066	0	0	0	2	0	2.904813
887	9075	0	0	0	0	0	1.007783
888	9088	0	0	0	1	0	2.579510
889	9094	0	0	0	2	0	1.868936
890	9108	0	0	0	0	0	1.729703
891	9114	0	0	0	1	0	1.153248
892	9126	0	0	0	0	0	2.420591
893	9132	0	0	0	2	0	1.800164
894	9144	0	0	0	1	0	2.171533
895	9154	0	0	0	1	0	1.897155
896	9161	0	0	0	1	0	2.685957
897	9171	0	0	0	0	0	1.378707
898	9185	0	0	0	0	0	1.091336
899	9194	0	0	0	1	0	2.948595
900	9206	0	0	0	0	0	2.925075
901	9219	0	0	0	0	0	2.920304
902	9230	0	0	0	2	0	2.908684
903	9233	0	0	0	2	0	2.139541
904	9242	0	0	0	2	0	1.641431
905	9253	0	0	0	0	0	2.234411
906	9261	0	0	0	0	0	2.298273
907	9264	0	0	0	0	0	1.216513
908	9274	0	0	0	0	0	1.423760
909	9288	0	0	0	1	0	2.032176
910	9300	0	0	0	1	0	1.306976
911	9312	0	0	0	2	0	2.016640
912	9319	0	0	0	1	0	1.612234
913	9325	0	0	0	0	0	2.995546
914	9336	0	0	0	1	0	1.145558
915	9344	0	0	0	0	0	1.062555
916	9353	0	0	0	1	0	1.676209
917	9362	0	0	0	2	0	2.891332
918	9371	0	0	0	1	0	2.715707
919	9376	0	0	0	2	0	2.728845
920	9388	0	0	0	2	0	1.799680
921	9395	0	0	0	0	0	2.657917
922	9404	0	0	0	0	0	1.456804
923	9417	0	0	0	2	0	1.616930
924	9425	0	0	0	0	0	1.938461
925	9438	0	0	0	2	0	1.592928
926	9451	0	0	0	0	0	1.477488
927	9468	0	0	0	1	0	1.278098
928	9482	0	0	0	2	0	1.373465
929	9497	0	0	0	0	0	1.854924
930	9506	0	0	0	0	0	2.671071
931	9514	0	0	0	0	0	1.746980
932	9526	0	0	0	0	0	1.002957
933	9536	0	0	0	1	0	2.347685
934	9548	0	0	0	0	0	2.920704
935	9561	0	0	0	2	0	1.363446
936	9568	0	0	0	2	0	2.910323
937	9577	0	0	0	1	0	2.859607
938	9589	0	0	0	1	0	1.427811
939	9593	0	0	0	0	0	1.038696
940	9600	0	0	0	0	0	2.724436
941	9609	0	0	0	1	0	2.792007
942	9620	0	0	0	1	0	2.258049
943	9627	0	0	0	1	0	1.734797
944	9637	0	0	0	1	0	1.217796
945	9647	0	0	0	1	0	2.852604
946	9653	0	0	0	1	0	2.701777
947	9664	0	0	0	1	0	1.441524
948	9679	0	0	0	2	0	2.963177
949	9688	0	0	0	1	0	2.982443
950	9695	0	0	0	0	0	1.228167
951	9706	0	0	0	1	0	2.500030
952	9713	0	0	0	1	0	2.455948
953	9720	0	0	0	0	0	1.552725
954	9729	0	0	0	2	0	2.407291
955	9741	0	0	0	2	0	1.958107
956	9750	0	0	0	0	0	2.798101
957	9758	0	0	0	1	0	1.404761
958	9764	0	0	0	2	0	2.056184
959	9774	0	0	0	1	0	1.125836
960	9784	0	0	0	2	0	1.468640
961	9792	0	0	0	1	0	2.755667
962	9799	0	0	0	2	0	1.733898
963	9815	0	0	0	1	0	2.406290
964	9827	0	0	0	1	0	2.120527
965	9842	0	0	0	0	0	2.797313
966	9850	0	0	0	1	0	2.800096
967	9858	0	0	0	2	0	2.039197
968	9865	0	0	0	1	0	2.374223
969	9874	0	0	0	1	0	2.232986
970	9883	0	0	0	0	0	1.654181
971	9893	0	0	0	0	0	2.362245
972	9902	0	0	0	2	0	2.149183
973	9911	0	0	0	0	0	2.273046
974	9920	0	0	0	0	0	1.468629
975	9931	0	0	0	0	0	1.953728
976	9938	0	0	0	1	0	1.580949
977	9948	0	0	0	1	0	2.052069
978	9955	0	0	0	0	0	1.808611
979	9962	0	0	0	2	0	2.813753
980	9977	0	0	0	1	0	1.049938
981	9988	0	0	0	0	0	2.745334
982	9996	0	0	0	1	0	1.399969
983	10012	0	0	0	0	0	2.469793
984	10026	0	0	0	1	0	2.507529
985	10031	0	0	0	0	0	2.920469
986	10040	0	0	0	2	0	2.666721
987	10048	0	0	0	2	0	1.544386
988	10058	0	0	0	0	0	1.958223
989	10070	0	0	0	0	0	2.964418
990	10079	0	0	0	1	0	2.688806
991	10092	0	0	0	0	0	1.600027
992	10104	0	0	0	1	0	1.453750
993	10118	0	0	0	0	0	2.983871
994	10125	0	0	0	2	0	1.596681
995	10138	0	0	0	2	0	2.412706
996	10149	0	0	0	1	0	1.229259
997	10161	0	0	0	0	0	1.846437
998	10177	0	0	0	0	0	1.303436
999	10184	0	0	0	1	0	2.974478
