0	1	0	0	0	0	0	1.904859
1	10	0	0	0	0	0	1.313902
2	24	0	0	0	2	0	1.044919
3	35	0	0	0	2	0	1.991333
4	50	0	0	0	1	0	2.440250
5	61	0	0	0	1	0	2.691780
6	73	0	0	0	1	0	2.924062
7	83	0	0	0	1	0	2.629544
8	92	0	0	0	0	0	1.563860
9	106	0	0	0	0	0	1.356439
10	110	0	0	0	1	0	1.446326
11	123	0	0	0	1	0	1.701842
12	132	0	0	0	0	0	1.163989
13	141	0	0	0	0	0	1.624318
14	153	0	0	0	0	0	2.441446
15	160	0	0	0	2	0	2.515021
16	176	0	0	0	1	0	1.465175
17	189	0	0	0	0	0	1.690399
18	195	0	0	0	1	0	1.375917
19	206	0	0	0	0	0	1.373869
20	216	0	0	0	0	0	2.406132
21	224	0	0	0	1	0	2.322821
22	230	0	0	0	0	0	2.407015
23	240	0	0	0	0	0	1.173629
24	249	0	0	0	0	0	1.342975
25	261	0	0	0	1	0	1.167664
26	272	0	0	0	0	0	2.714119
27	280	0	0	0	0	0	2.181052
28	289	0	0	0	1	0	2.366592
29	298	0	0	0	2	0	2.333571
30	306	0	0	0	2	0	1.596844
31	311	0	0	0	2	0	1.061272
32	325	0	0	0	1	0	1.040757
33	337	0	0	0	1	0	1.580217
34	351	0	0	0	2	0	1.670985
35	361	0	0	0	1	0	2.753312
36	370	0	0	0	1	0	2.518976
37	383	0	0	0	1	0	2.892041
38	393	0	0	0	1	0	1.502051
39	404	0	0	0	0	0	2.912864
40	413	0	0	0	0	0	1.480921
41	423	0	0	0	2	0	1.652547
42	436	0	0	0	1	0	2.129584
43	449	0	0	0	2	0	1.076021
44	457	0	0	0	0	0	1.116177
45	470	0	0	0	0	0	1.691496
46	476	0	0	0	0	0	2.317000
47	485	0	0	0	0	0	1.457863
48	488	0	0	0	0	0	1.804485
49	500	0	0	0	1	0	1.732781
50	509	0	0	0	1	0	1.616620
51	520	0	0	0	0	0	2.862136
52	531	0	0	0	0	0	2.792147
53	544	0	0	0	1	0	2.813670
54	553	0	0	0	0	0	1.100333
55	565	0	0	0	1	0	1.995110
56	574	0	0	0	1	0	1.665667
57	585	0	0	0	1	0	1.826121
58	595	0	0	0	0	0	1.657526
59	605	0	0	0	0	0	2.526472
60	617	0	0	0	0	0	1.766532
61	624	0	0	0	2	0	1.974548
62	638	0	0	0	2	0	1.211793
63	649	0	0	0	1	0	1.519025
64	656	0	0	0	1	0	1.476460
65	671	0	0	0	2	0	1.755084
66	685	0	0	0	0	0	2.108208
67	691	0	0	0	0	0	2.054809
68	697	0	0	0	0	0	1.486928
69	710	0	0	0	0	0	2.906615
70	715	0	0	0	1	0	2.226735
71	723	0	0	0	0	0	1.928209
72	732	0	0	0	2	0	2.663582
73	736	0	0	0	0	0	1.562439
74	756	0	0	0	0	0	2.700802
75	761	0	0	0	2	0	2.194847
76	770	0	0	0	1	0	2.736070
77	778	0	0	0	0	0	1.641473
78	786	0	0	0	1	0	1.368918
79	795	0	0	0	0	0	2.722890
80	810	0	0	0	1	0	2.436170
81	816	0	0	0	1	0	1.125378
82	824	0	0	0	1	0	2.652650
83	834	0	0	0	0	0	2.810132
84	846	0	0	0	1	0	1.411496
85	857	0	0	0	0	0	2.557074
86	869	0	0	0	2	0	1.241976
87	875	0	0	0	2	0	2.131870
88	881	0	0	0	2	0	2.052875
89	890	0	0	0	1	0	1.662518
90	901	0	0	0	1	0	2.487271
91	912	0	0	0	0	0	1.293666
92	920	0	0	0	1	0	1.056251
93	927	0	0	0	1	0	1.986819
94	938	0	0	0	2	0	2.604395
95	946	0	0	0	0	0	1.385439
96	955	0	0	0	1	0	1.085036
97	963	0	0	0	0	0	2.811393
98	976	0	0	0	0	0	1.619320
99	990	0	0	0	1	0	1.995743
100	1003	0	0	0	2	0	1.847279
101	1014	0	0	0	2	0	2.400662
102	1024	0	0	0	0	0	2.584100
103	1037	0	0	0	1	0	2.061177
104	1050	0	0	0	2	0	1.394330
105	1059	0	0	0	0	0	2.284362
106	1074	0	0	0	1	0	1.926119
107	1085	0	0	0	2	0	2.055671
108	1089	0	0	0	1	0	1.314492
109	1097	0	0	0	0	0	2.071500
110	1109	0	0	0	2	0	2.049586
111	1114	0	0	0	2	0	2.684919
112	1125	0	0	0	0	0	2.102878
113	1134	0	0	0	2	0	1.956112
114	1150	0	0	0	0	0	2.054754
115	1162	0	0	0	1	0	2.810301
116	1167	0	0	0	1	0	1.779825
117	1173	0	0	0	1	0	1.205303
118	1189	0	0	0	1	0	2.218606
119	1196	0	0	0	1	0	1.872607
120	1213	0	0	0	0	0	2.829824
121	1223	0	0	0	2	0	2.577529
122	1232	0	0	0	0	0	1.409388
123	1245	0	0	0	1	0	1.381651
124	1255	0	0	0	0	0	1.481137
125	1264	0	0	0	1	0	1.312241
126	1275	0	0	0	0	0	1.260402
127	1283	0	0	0	2	0	1.410655
128	1293	0	0	0	0	0	1.574394
129	1304	0	0	0	0	0	2.370939
130	1312	0	0	0	1	0	2.796033
131	1321	0	0	0	1	0	1.696955
132	1330	0	0	0	2	0	2.474367
133	1339	0	0	0	2	0	2.712370
134	1346	0	0	0	2	0	1.472139
135	1357	0	0	0	0	0	1.148006
136	1364	0	0	0	1	0	1.024332
137	1371	0	0	0	0	0	2.027236
138	1377	0	0	0	1	0	1.212388
139	1389	0	0	0	0	0	2.894281
140	1398	0	0	0	0	0	2.144415
141	1409	0	0	0	1	0	2.012376
142	1421	0	0	0	2	0	2.183083
143	1433	0	0	0	2	0	1.759415
144	1444	0	0	0	0	0	1.697482
145	1455	0	0	0	2	0	1.052040
146	1471	0	0	0	0	0	1.633390
147	1478	0	0	0	2	0	2.221355
148	1487	0	0	0	0	0	1.021240
149	1498	0	0	0	1	0	1.251650
150	1510	0	0	0	2	0	1.785193
151	1520	0	0	0	2	0	2.451693
152	1528	0	0	0	2	0	2.828678
153	1542	0	0	0	0	0	1.325536
154	1552	0	0	0	1	0	2.323919
155	1560	0	0	0	1	0	2.304964
156	1572	0	0	0	2	0	1.580911
157	1584	0	0	0	2	0	2.412162
158	1595	0	0	0	1	0	1.209372
159	1605	0	0	0	1	0	2.546934
160	1617	0	0	0	0	0	1.795788
161	1629	0	0	0	1	0	2.751966
162	1638	0	0	0	0	0	2.112423
163	1646	0	0	0	1	0	1.351527
164	1654	0	0	0	1	0	2.181646
165	1667	0	0	0	2	0	1.074921
166	1674	0	0	0	0	0	2.179357
167	1681	0	0	0	1	0	1.519287
168	1688	0	0	0	2	0	2.121947
169	1699	0	0	0	2	0	2.199726
170	1710	0	0	0	2	0	1.646903
171	1719	0	0	0	0	0	1.607894
172	1731	0	0	0	2	0	1.095074
173	1743	0	0	0	0	0	1.291528
174	1753	0	0	0	0	0	2.956669
175	1768	0	0	0	0	0	2.787981
176	1776	0	0	0	0	0	2.837504
177	1782	0	0	0	1	0	1.738626
178	1790	0	0	0	0	0	2.712704
179	1802	0	0	0	2	0	1.780978
180	1813	0	0	0	0	0	1.195098
181	1821	0	0	0	0	0	1.740256
182	1838	0	0	0	0	0	2.868147
183	1858	0	0	0	0	0	2.407447
184	1865	0	0	0	0	0	2.683693
185	1876	0	0	0	1	0	1.020804
186	1882	0	0	0	2	0	2.723744
187	1898	0	0	0	0	0	2.373424
188	1909	0	0	0	0	0	1.382006
189	1918	0	0	0	1	0	1.958861
190	1926	0	0	0	1	0	1.650923
191	1935	0	0	0	1	0	1.253980
192	1944	0	0	0	2	0	2.519998
193	1953	0	0	0	1	0	2.561402
194	1957	0	0	0	0	0	1.729717
195	1971	0	0	0	1	0	1.206591
196	1976	0	0	0	0	0	1.066942
197	1985	0	0	0	1	0	2.490129
198	1995	0	0	0	1	0	1.995438
199	2003	0	0	0	0	0	2.704815
200	2009	0	0	0	0	0	1.817987
201	2020	0	0	0	0	0	1.981857
202	2031	0	0	0	1	0	1.804317
203	2042	0	0	0	2	0	1.380443
204	2052	0	0	0	1	0	1.001760
205	2068	0	0	0	2	0	2.624940
206	2078	0	0	0	1	0	2.037962
207	2084	0	0	0	1	0	1.078331
208	2098	0	0	0	1	0	2.484672
209	2102	0	0	0	1	0	1.969691
210	2108	0	0	0	1	0	2.314364
211	2119	0	0	0	0	0	1.713790
212	2130	0	0	0	0	0	2.908225
213	2135	0	0	0	0	0	1.765816
214	2149	0	0	0	1	0	1.694009
215	2159	0	0	0	2	0	2.376498
216	2164	0	0	0	0	0	1.834086
217	2176	0	0	0	2	0	1.790518
218	2185	0	0	0	0	0	1.619218
219	2189	0	0	0	2	0	1.702192
220	2204	0	0	0	2	0	2.998301
221	2213	0	0	0	1	0	2.158468
222	2222	0	0	0	0	0	1.436673
223	2229	0	0	0	0	0	2.352914
224	2235	0	0	0	1	0	2.468593
225	2244	0	0	0	1	0	2.513428
226	2252	0	0	0	2	0	2.694008
227	2262	0	0	0	0	0	1.077277
228	2271	0	0	0	0	0	1.153363
229	2282	0	0	0	1	0	1.917704
230	2287	0	0	0	1	0	1.075114
231	2300	0	0	0	1	0	1.443583
232	2311	0	0	0	0	0	2.004965
233	2320	0	0	0	1	0	1.563580
234	2332	0	0	0	2	0	2.499869
235	2349	0	0	0	2	0	2.815594
236	2363	0	0	0	1	0	2.135692
237	2372	0	0	0	1	0	1.498128
238	2381	0	0	0	1	0	2.981232
239	2391	0	0	0	0	0	2.069675
240	2395	0	0	0	1	0	1.733149
241	2404	0	0	0	2	0	1.286017
242	2416	0	0	0	0	0	1.442069
243	2428	0	0	0	1	0	2.109532
244	2441	0	0	0	2	0	2.054220
245	2447	0	0	0	0	0	1.970143
246	2454	0	0	0	0	0	1.233800
247	2461	0	0	0	2	0	2.679276
248	2469	0	0	0	1	0	1.097089
249	2479	0	0	0	0	0	1.106457
250	2487	0	0	0	1	0	1.409573
251	2500	0	0	0	1	0	2.004737
252	2521	0	0	0	1	0	2.050418
253	2527	0	0	0	0	0	1.983289
254	2535	0	0	0	0	0	1.156264
255	2542	0	0	0	2	0	1.037937
256	2554	0	0	0	0	0	1.141736
257	2569	0	0	0	0	0	1.161668
258	2581	0	0	0	0	0	1.175010
259	2593	0	0	0	2	0	1.335125
260	2601	0	0	0	1	0	2.559717
261	2613	0	0	0	1	0	2.923900
262	2626	0	0	0	0	0	2.871257
263	2636	0	0	0	0	0	1.406752
264	2648	0	0	0	0	0	1.093966
265	2660	0	0	0	1	0	1.432769
266	2668	0	0	0	2	0	2.238753
267	2681	0	0	0	2	0	2.647612
268	2692	0	0	0	0	0	1.157474
269	2702	0	0	0	1	0	1.749570
270	2712	0	0	0	1	0	1.493576
271	2723	0	0	0	0	0	1.122639
272	2736	0	0	0	1	0	2.922776
273	2745	0	0	0	0	0	1.336058
274	2754	0	0	0	0	0	1.472015
275	2766	0	0	0	0	0	2.384868
276	2774	0	0	0	2	0	1.044760
277	2787	0	0	0	1	0	1.685489
278	2797	0	0	0	0	0	1.986333
279	2810	0	0	0	1	0	2.044380
280	2819	0	0	0	0	0	1.966087
281	2829	0	0	0	0	0	2.161027
282	2838	0	0	0	0	0	1.633937
283	2844	0	0	0	0	0	1.435234
284	2859	0	0	0	1	0	2.548207
285	2863	0	0	0	1	0	1.129121
286	2875	0	0	0	2	0	1.215912
287	2885	0	0	0	2	0	2.950317
288	2890	0	0	0	2	0	2.494004
289	2909	0	0	0	1	0	2.021981
290	2926	0	0	0	2	0	1.869375
291	2934	0	0	0	0	0	1.595904
292	2941	0	0	0	1	0	1.125466
293	2949	0	0	0	1	0	2.329320
294	2962	0	0	0	1	0	1.614216
295	2970	0	0	0	0	0	1.074121
296	2979	0	0	0	2	0	1.141802
297	2987	0	0	0	0	0	1.056014
298	3003	0	0	0	2	0	2.464368
299	3011	0	0	0	1	0	1.524340
300	3023	0	0	0	1	0	2.985499
301	3033	0	0	0	1	0	1.341421
302	3043	0	0	0	2	0	2.714745
303	3050	0	0	0	0	0	1.028247
304	3057	0	0	0	0	0	2.617985
305	3064	0	0	0	1	0	1.955975
306	3077	0	0	0	1	0	2.427084
307	3083	0	0	0	1	0	2.076074
308	3093	0	0	0	2	0	1.588433
309	3101	0	0	0	2	0	1.950494
310	3108	0	0	0	0	0	2.206637
311	3117	0	0	0	1	0	1.322949
312	3129	0	0	0	0	0	2.460457
313	3143	0	0	0	2	0	2.253097
314	3149	0	0	0	2	0	1.136104
315	3157	0	0	0	0	0	2.657683
316	3169	0	0	0	0	0	2.946957
317	3172	0	0	0	0	0	2.219836
318	3179	0	0	0	2	0	2.426640
319	3190	0	0	0	0	0	1.061370
320	3203	0	0	0	0	0	1.146009
321	3215	0	0	0	0	0	1.549931
322	3226	0	0	0	1	0	2.869041
323	3237	0	0	0	2	0	1.228805
324	3243	0	0	0	1	0	1.958543
325	3253	0	0	0	0	0	1.672471
326	3257	0	0	0	0	0	2.444709
327	3267	0	0	0	0	0	2.417059
328	3283	0	0	0	1	0	1.645537
329	3289	0	0	0	0	0	1.594509
330	3303	0	0	0	0	0	2.788317
331	3311	0	0	0	0	0	1.212458
332	3322	0	0	0	0	0	1.208354
333	3333	0	0	0	0	0	2.490750
334	3340	0	0	0	2	0	1.087891
335	3348	0	0	0	0	0	2.617763
336	3359	0	0	0	1	0	2.036341
337	3368	0	0	0	2	0	2.770708
338	3380	0	0	0	1	0	1.896938
339	3388	0	0	0	0	0	2.003465
340	3401	0	0	0	2	0	2.040782
341	3413	0	0	0	0	0	1.215526
342	3427	0	0	0	0	0	1.850646
343	3435	0	0	0	0	0	1.406598
344	3443	0	0	0	1	0	1.136481
345	3448	0	0	0	1	0	1.176397
346	3465	0	0	0	1	0	1.184030
347	3476	0	0	0	1	0	1.106336
348	3485	0	0	0	0	0	2.163152
349	3493	0	0	0	1	0	1.781117
350	3500	0	0	0	1	0	2.021601
351	3512	0	0	0	0	0	1.030614
352	3522	0	0	0	1	0	1.358086
353	3532	0	0	0	1	0	2.873060
354	3538	0	0	0	0	0	1.804339
355	3551	0	0	0	1	0	1.110468
356	3560	0	0	0	0	0	1.463916
357	3572	0	0	0	1	0	2.309393
358	3580	0	0	0	2	0	1.063957
359	3590	0	0	0	1	0	2.373146
360	3601	0	0	0	0	0	2.831468
361	3613	0	0	0	2	0	2.227241
362	3620	0	0	0	1	0	2.772923
363	3634	0	0	0	2	0	2.676867
364	3646	0	0	0	0	0	1.429825
365	3665	0	0	0	0	0	1.119686
366	3674	0	0	0	1	0	1.364214
367	3684	0	0	0	0	0	1.199751
368	3703	0	0	0	1	0	2.397003
369	3712	0	0	0	0	0	1.852909
370	3722	0	0	0	0	0	2.570934
371	3733	0	0	0	1	0	1.591861
372	3744	0	0	0	1	0	1.131216
373	3752	0	0	0	0	0	2.039643
374	3762	0	0	0	0	0	2.723742
375	3771	0	0	0	2	0	1.319993
376	3783	0	0	0	0	0	2.004792
377	3793	0	0	0	2	0	2.962169
378	3805	0	0	0	2	0	2.298461
379	3813	0	0	0	2	0	1.176819
380	3821	0	0	0	2	0	2.378360
381	3831	0	0	0	1	0	2.924686
382	3841	0	0	0	2	0	2.846409
383	3854	0	0	0	1	0	2.501616
384	3871	0	0	0	1	0	1.763367
385	3882	0	0	0	1	0	1.436002
386	3894	0	0	0	1	0	1.629988
387	3905	0	0	0	1	0	2.809241
388	3912	0	0	0	1	0	2.283156
389	3919	0	0	0	2	0	2.115689
390	3930	0	0	0	0	0	1.679985
391	3940	0	0	0	1	0	2.807513
392	3951	0	0	0	2	0	2.725515
393	3962	0	0	0	1	0	1.206913
394	3971	0	0	0	1	0	1.928575
395	3980	0	0	0	1	0	1.320324
396	3990	0	0	0	2	0	1.501848
397	3999	0	0	0	0	0	2.837360
398	4011	0	0	0	0	0	1.526610
399	4021	0	0	0	0	0	2.966602
400	4031	0	0	0	2	0	2.010244
401	4037	0	0	0	1	0	2.228471
402	4042	0	0	0	0	0	2.213142
403	4046	0	0	0	1	0	2.095475
404	4053	0	0	0	2	0	2.915112
405	4062	0	0	0	0	0	2.395795
406	4070	0	0	0	2	0	2.857518
407	4074	0	0	0	1	0	1.305071
408	4083	0	0	0	2	0	1.700625
409	4089	0	0	0	0	0	1.342639
410	4104	0	0	0	2	0	2.407935
411	4117	0	0	0	2	0	2.274871
412	4122	0	0	0	2	0	2.868134
413	4137	0	0	0	1	0	2.034132
414	4144	0	0	0	1	0	1.274481
415	4153	0	0	0	0	0	1.352548
416	4165	0	0	0	0	0	2.704334
417	4175	0	0	0	0	0	1.959828
418	4187	0	0	0	2	0	2.928270
419	4198	0	0	0	1	0	2.892817
420	4207	0	0	0	0	0	2.969156
421	4222	0	0	0	1	0	1.837274
422	4229	0	0	0	1	0	1.304683
423	4234	0	0	0	0	0	1.096899
424	4246	0	0	0	2	0	1.420835
425	4256	0	0	0	1	0	1.205066
426	4263	0	0	0	0	0	2.769916
427	4283	0	0	0	1	0	2.617232
428	4297	0	0	0	1	0	2.584375
429	4309	0	0	0	2	0	1.197954
430	4317	0	0	0	1	0	2.424572
431	4327	0	0	0	0	0	1.274474
432	4332	0	0	0	1	0	2.976130
433	4341	0	0	0	2	0	2.742682
434	4348	0	0	0	0	0	1.669605
435	4355	0	0	0	1	0	1.672012
436	4364	0	0	0	0	0	2.145698
437	4373	0	0	0	0	0	2.948179
438	4383	0	0	0	2	0	2.384529
439	4397	0	0	0	2	0	1.155370
440	4406	0	0	0	0	0	1.603343
441	4418	0	0	0	2	0	1.136383
442	4428	0	0	0	0	0	1.029360
443	4444	0	0	0	2	0	1.150407
444	4455	0	0	0	0	0	2.533659
445	4469	0	0	0	0	0	1.453594
446	4484	0	0	0	0	0	2.262760
447	4498	0	0	0	1	0	2.665493
448	4508	0	0	0	1	0	1.621621
449	4518	0	0	0	2	0	1.059412
450	4530	0	0	0	0	0	2.871685
451	4542	0	0	0	1	0	1.027594
452	4548	0	0	0	0	0	2.364415
453	4558	0	0	0	2	0	1.186831
454	4569	0	0	0	2	0	1.591741
455	4579	0	0	0	1	0	1.999980
456	4594	0	0	0	0	0	2.616615
457	4600	0	0	0	1	0	1.211561
458	4614	0	0	0	1	0	1.402051
459	4625	0	0	0	0	0	2.772460
460	4635	0	0	0	1	0	1.520742
461	4645	0	0	0	2	0	1.071468
462	4651	0	0	0	1	0	1.699114
463	4659	0	0	0	1	0	1.379809
464	4670	0	0	0	1	0	1.856234
465	4682	0	0	0	2	0	1.797995
466	4692	0	0	0	0	0	1.877105
467	4701	0	0	0	0	0	1.239260
468	4709	0	0	0	1	0	1.832640
469	4718	0	0	0	1	0	1.041773
470	4730	0	0	0	2	0	1.022031
471	4741	0	0	0	0	0	2.376757
472	4748	0	0	0	2	0	1.242333
473	4757	0	0	0	0	0	1.648120
474	4767	0	0	0	0	0	1.744524
475	4778	0	0	0	1	0	1.065204
476	4788	0	0	0	1	0	2.063753
477	4801	0	0	0	0	0	2.002933
478	4806	0	0	0	0	0	2.548236
479	4811	0	0	0	2	0	2.321284
480	4825	0	0	0	1	0	1.381487
481	4832	0	0	0	2	0	1.600531
482	4843	0	0	0	0	0	1.006011
483	4847	0	0	0	0	0	2.962340
484	4853	0	0	0	1	0	1.656351
485	4868	0	0	0	0	0	1.679784
486	4882	0	0	0	2	0	2.032618
487	4889	0	0	0	0	0	2.331468
488	4897	0	0	0	0	0	2.787897
489	4908	0	0	0	2	0	1.803954
490	4916	0	0	0	1	0	1.152101
491	4928	0	0	0	1	0	1.353078
492	4937	0	0	0	0	0	2.478355
493	4942	0	0	0	0	0	1.227045
494	4953	0	0	0	1	0	1.978957
495	4960	0	0	0	2	0	1.590325
496	4964	0	0	0	2	0	2.859145
497	4975	0	0	0	2	0	2.662522
498	4992	0	0	0	2	0	1.239715
499	4995	0	0	0	1	0	1.423364
500	5007	0	0	0	2	0	1.255242
501	5017	0	0	0	1	0	2.757381
502	5027	0	0	0	0	0	1.306537
503	5040	0	0	0	0	0	1.145043
504	5047	0	0	0	0	0	2.921021
505	5056	0	0	0	0	0	1.378993
506	5062	0	0	0	0	0	2.584163
507	5073	0	0	0	0	0	1.600283
508	5080	0	0	0	0	0	1.430289
509	5087	0	0	0	1	0	1.622415
510	5093	0	0	0	0	0	1.497945
511	5107	0	0	0	0	0	1.438366
512	5113	0	0	0	1	0	2.044210
513	5121	0	0	0	0	0	1.321488
514	5133	0	0	0	1	0	1.232540
515	5141	0	0	0	0	0	2.433716
516	5153	0	0	0	2	0	1.604802
517	5163	0	0	0	2	0	1.778414
518	5172	0	0	0	2	0	2.286020
519	5179	0	0	0	2	0	2.915519
520	5186	0	0	0	0	0	2.470863
521	5201	0	0	0	0	0	1.104153
522	5210	0	0	0	0	0	1.168469
523	5217	0	0	0	1	0	2.142164
524	5223	0	0	0	1	0	2.252284
525	5238	0	0	0	1	0	2.477784
526	5249	0	0	0	1	0	1.408989
527	5261	0	0	0	2	0	2.905046
528	5269	0	0	0	0	0	2.628475
529	5274	0	0	0	0	0	2.818994
530	5288	0	0	0	2	0	1.899965
531	5294	0	0	0	1	0	2.126632
532	5309	0	0	0	0	0	1.256375
533	5314	0	0	0	0	0	1.595731
534	5322	0	0	0	2	0	1.289743
535	5332	0	0	0	0	0	2.259433
536	5348	0	0	0	0	0	2.883792
537	5358	0	0	0	2	0	2.746985
538	5368	0	0	0	0	0	2.449293
539	5373	0	0	0	0	0	2.421006
540	5381	0	0	0	0	0	1.284539
541	5394	0	0	0	0	0	1.537836
542	5406	0	0	0	1	0	1.619263
543	5415	0	0	0	2	0	2.573031
544	5427	0	0	0	2	0	2.720626
545	5434	0	0	0	1	0	2.294590
546	5447	0	0	0	2	0	2.728639
547	5456	0	0	0	0	0	2.627573
548	5468	0	0	0	1	0	2.769808
549	5478	0	0	0	0	0	2.441362
550	5488	0	0	0	0	0	1.557755
551	5499	0	0	0	0	0	1.589849
552	5510	0	0	0	2	0	2.641798
553	5518	0	0	0	2	0	2.882071
554	5527	0	0	0	2	0	1.452832
555	5540	0	0	0	1	0	1.606365
556	5550	0	0	0	1	0	2.820453
557	5557	0	0	0	0	0	1.504087
558	5571	0	0	0	1	0	1.562310
559	5581	0	0	0	0	0	2.623600
560	5589	0	0	0	2	0	2.506949
561	5595	0	0	0	0	0	2.112323
562	5603	0	0	0	2	0	2.566354
563	5614	0	0	0	2	0	2.125416
564	5623	0	0	0	1	0	1.385242
565	5636	0	0	0	1	0	2.635573
566	5642	0	0	0	1	0	1.135843
567	5651	0	0	0	2	0	2.769844
568	5660	0	0	0	1	0	1.284560
569	5673	0	0	0	0	0	2.129286
570	5682	0	0	0	2	0	2.725026
571	5692	0	0	0	0	0	1.356320
572	5703	0	0	0	1	0	2.561004
573	5713	0	0	0	1	0	2.958342
574	5724	0	0	0	1	0	2.121363
575	5736	0	0	0	2	0	1.770694
576	5743	0	0	0	1	0	1.200925
577	5752	0	0	0	2	0	2.140697
578	5758	0	0	0	0	0	2.217581
579	5763	0	0	0	1	0	1.201385
580	5769	0	0	0	2	0	2.533473
581	5781	0	0	0	0	0	2.771599
582	5785	0	0	0	1	0	2.505612
583	5793	0	0	0	0	0	1.377312
584	5804	0	0	0	0	0	1.268768
585	5815	0	0	0	2	0	2.632813
586	5826	0	0	0	1	0	2.075813
587	5843	0	0	0	1	0	1.418220
588	5854	0	0	0	0	0	1.164121
589	5859	0	0	0	2	0	1.875826
590	5866	0	0	0	1	0	1.176936
591	5874	0	0	0	0	0	2.574398
592	5885	0	0	0	2	0	1.180537
593	5896	0	0	0	2	0	2.561705
594	5905	0	0	0	0	0	1.843320
595	5914	0	0	0	2	0	1.410622
596	5924	0	0	0	2	0	2.899186
597	5931	0	0	0	0	0	2.444853
598	5945	0	0	0	2	0	1.817467
599	5950	0	0	0	0	0	1.301588
600	5957	0	0	0	1	0	2.026503
601	5967	0	0	0	2	0	1.717237
602	5977	0	0	0	1	0	2.730110
603	5990	0	0	0	2	0	2.626126
604	5999	0	0	0	0	0	1.363627
605	6007	0	0	0	1	0	2.063975
606	6016	0	0	0	0	0	1.497865
607	6025	0	0	0	0	0	1.866221
608	6032	0	0	0	0	0	2.309740
609	6044	0	0	0	0	0	2.046003
610	6056	0	0	0	0	0	1.276394
611	6063	0	0	0	2	0	1.534388
612	6074	0	0	0	1	0	2.591583
613	6080	0	0	0	1	0	1.953591
614	6089	0	0	0	1	0	1.997724
615	6096	0	0	0	0	0	2.992750
616	6105	0	0	0	1	0	2.571482
617	6112	0	0	0	1	0	1.809733
618	6119	0	0	0	2	0	1.125722
619	6129	0	0	0	1	0	2.683571
620	6137	0	0	0	0	0	1.359106
621	6153	0	0	0	2	0	1.329263
622	6165	0	0	0	2	0	2.168439
623	6179	0	0	0	2	0	2.057172
624	6187	0	0	0	0	0	2.557168
625	6196	0	0	0	0	0	2.511745
626	6205	0	0	0	0	0	2.331528
627	6216	0	0	0	2	0	1.915701
628	6227	0	0	0	0	0	2.709116
629	6239	0	0	0	0	0	1.529242
630	6250	0	0	0	0	0	2.677666
631	6258	0	0	0	0	0	1.180890
632	6264	0	0	0	1	0	1.756153
633	6276	0	0	0	0	0	2.133564
634	6285	0	0	0	2	0	1.939248
635	6296	0	0	0	0	0	1.536834
636	6306	0	0	0	1	0	1.990295
637	6313	0	0	0	0	0	1.797496
638	6326	0	0	0	1	0	1.824660
639	6336	0	0	0	1	0	1.381525
640	6343	0	0	0	2	0	1.514094
641	6354	0	0	0	1	0	2.498762
642	6365	0	0	0	0	0	2.869916
643	6370	0	0	0	1	0	2.219140
644	6378	0	0	0	2	0	1.500024
645	6388	0	0	0	1	0	1.710293
646	6400	0	0	0	1	0	2.842697
647	6405	0	0	0	2	0	2.468718
648	6411	0	0	0	1	0	1.398088
649	6423	0	0	0	0	0	1.756531
650	6430	0	0	0	0	0	1.227617
651	6437	0	0	0	0	0	2.170453
652	6445	0	0	0	1	0	2.914301
653	6452	0	0	0	2	0	2.627601
654	6464	0	0	0	2	0	2.367524
655	6473	0	0	0	0	0	1.691238
656	6487	0	0	0	2	0	2.110489
657	6498	0	0	0	0	0	2.956804
658	6511	0	0	0	1	0	1.145883
659	6523	0	0	0	0	0	2.386844
660	6533	0	0	0	2	0	1.208928
661	6540	0	0	0	0	0	1.289801
662	6550	0	0	0	1	0	2.810352
663	6559	0	0	0	1	0	2.526735
664	6571	0	0	0	1	0	1.572515
665	6581	0	0	0	1	0	2.886939
666	6590	0	0	0	0	0	1.006841
667	6602	0	0	0	2	0	2.922515
668	6614	0	0	0	0	0	1.431458
669	6622	0	0	0	0	0	1.358329
670	6628	0	0	0	2	0	1.084654
671	6641	0	0	0	0	0	1.124525
672	6650	0	0	0	1	0	2.976704
673	6665	0	0	0	0	0	2.511109
674	6674	0	0	0	0	0	2.946877
675	6679	0	0	0	0	0	2.784034
676	6688	0	0	0	0	0	2.732874
677	6703	0	0	0	0	0	2.636092
678	6714	0	0	0	2	0	1.962407
679	6726	0	0	0	0	0	1.109907
680	6736	0	0	0	0	0	2.835122
681	6744	0	0	0	1	0	1.365669
682	6756	0	0	0	1	0	1.872001
683	6767	0	0	0	0	0	2.268419
684	6774	0	0	0	0	0	2.182523
685	6787	0	0	0	0	0	2.981837
686	6792	0	0	0	1	0	1.357599
687	6796	0	0	0	1	0	2.420297
688	6808	0	0	0	0	0	2.126735
689	6823	0	0	0	2	0	2.622797
690	6830	0	0	0	0	0	1.295325
691	6836	0	0	0	0	0	2.353249
692	6847	0	0	0	0	0	2.086368
693	6853	0	0	0	0	0	2.305035
694	6862	0	0	0	1	0	2.535985
695	6874	0	0	0	2	0	1.351733
696	6881	0	0	0	2	0	2.639217
697	6885	0	0	0	0	0	2.405279
698	6894	0	0	0	0	0	2.572433
699	6902	0	0	0	1	0	1.572137
700	6911	0	0	0	0	0	1.762721
701	6919	0	0	0	0	0	1.228837
702	6924	0	0	0	2	0	2.095010
703	6935	0	0	0	2	0	2.337946
704	6940	0	0	0	2	0	1.468753
705	6953	0	0	0	1	0	1.434307
706	6961	0	0	0	0	0	2.018643
707	6977	0	0	0	1	0	2.954635
708	6990	0	0	0	1	0	1.878374
709	7000	0	0	0	1	0	1.752269
710	7009	0	0	0	1	0	2.686225
711	7025	0	0	0	0	0	2.515364
712	7033	0	0	0	0	0	1.605355
713	7042	0	0	0	1	0	2.828199
714	7056	0	0	0	1	0	1.452314
715	7064	0	0	0	2	0	2.660223
716	7075	0	0	0	1	0	2.433762
717	7089	0	0	0	2	0	1.130532
718	7097	0	0	0	2	0	2.170829
719	7104	0	0	0	0	0	2.681388
720	7110	0	0	0	0	0	2.285006
721	7118	0	0	0	0	0	1.277009
722	7124	0	0	0	1	0	1.010645
723	7135	0	0	0	0	0	2.572281
724	7145	0	0	0	0	0	1.266953
725	7156	0	0	0	2	0	2.630646
726	7167	0	0	0	2	0	1.015093
727	7181	0	0	0	1	0	2.059510
728	7191	0	0	0	1	0	1.169178
729	7201	0	0	0	1	0	1.916529
730	7208	0	0	0	0	0	2.873702
731	7220	0	0	0	1	0	2.803416
732	7228	0	0	0	1	0	1.934509
733	7236	0	0	0	2	0	1.361991
734	7248	0	0	0	0	0	2.423808
735	7258	0	0	0	1	0	1.588712
736	7272	0	0	0	0	0	1.291012
737	7278	0	0	0	2	0	2.549348
738	7290	0	0	0	1	0	1.318356
739	7304	0	0	0	2	0	2.476411
740	7319	0	0	0	0	0	2.775781
741	7329	0	0	0	0	0	1.902691
742	7343	0	0	0	2	0	1.372504
743	7350	0	0	0	1	0	1.790578
744	7353	0	0	0	0	0	2.985109
745	7358	0	0	0	0	0	1.408412
746	7368	0	0	0	0	0	2.720710
747	7376	0	0	0	0	0	2.355765
748	7390	0	0	0	0	0	2.444110
749	7402	0	0	0	0	0	2.156572
750	7414	0	0	0	0	0	1.174541
751	7425	0	0	0	1	0	2.783023
752	7438	0	0	0	1	0	1.259026
753	7449	0	0	0	1	0	2.613196
754	7457	0	0	0	2	0	2.417813
755	7463	0	0	0	2	0	2.939831
756	7475	0	0	0	2	0	1.809897
757	7485	0	0	0	2	0	1.043102
758	7496	0	0	0	1	0	1.698956
759	7506	0	0	0	0	0	1.946638
760	7518	0	0	0	1	0	2.702675
761	7527	0	0	0	0	0	1.840771
762	7540	0	0	0	1	0	1.164340
763	7546	0	0	0	2	0	1.607892
764	7558	0	0	0	2	0	1.533418
765	7566	0	0	0	2	0	2.364726
766	7576	0	0	0	1	0	2.690528
767	7586	0	0	0	0	0	2.801836
768	7595	0	0	0	1	0	2.247998
769	7604	0	0	0	0	0	1.347369
770	7617	0	0	0	0	0	1.576361
771	7624	0	0	0	0	0	2.710755
772	7640	0	0	0	0	0	1.653241
773	7655	0	0	0	0	0	2.776323
774	7668	0	0	0	0	0	2.870579
775	7678	0	0	0	1	0	1.921118
776	7690	0	0	0	1	0	2.336353
777	7698	0	0	0	1	0	1.836993
778	7709	0	0	0	0	0	1.778803
779	7718	0	0	0	1	0	1.605895
780	7728	0	0	0	0	0	2.474839
781	7736	0	0	0	0	0	2.560178
782	7740	0	0	0	2	0	1.644933
783	7749	0	0	0	1	0	1.988132
784	7763	0	0	0	0	0	1.202969
785	7769	0	0	0	2	0	2.707257
786	7782	0	0	0	2	0	2.440829
787	7791	0	0	0	1	0	1.213579
788	7807	0	0	0	1	0	1.068611
789	7818	0	0	0	2	0	2.704881
790	7831	0	0	0	0	0	1.069025
791	7841	0	0	0	0	0	1.863719
792	7851	0	0	0	1	0	1.929735
793	7865	0	0	0	0	0	1.431411
794	7874	0	0	0	1	0	2.976640
795	7885	0	0	0	1	0	1.098841
796	7891	0	0	0	0	0	1.162740
797	7900	0	0	0	2	0	2.858865
798	7917	0	0	0	0	0	1.989052
799	7931	0	0	0	0	0	1.801299
800	7938	0	0	0	1	0	2.642975
801	7943	0	0	0	0	0	1.090442
802	7951	0	0	0	0	0	2.854453
803	7960	0	0	0	2	0	2.588251
804	7964	0	0	0	0	0	2.068157
805	7971	0	0	0	0	0	1.164752
806	7983	0	0	0	2	0	2.799154
807	7993	0	0	0	0	0	2.307715
808	8003	0	0	0	0	0	2.527429
809	8017	0	0	0	0	0	2.237098
810	8030	0	0	0	0	0	2.042618
811	8037	0	0	0	0	0	1.418827
812	8041	0	0	0	0	0	1.925903
813	8054	0	0	0	0	0	2.208779
814	8065	0	0	0	0	0	1.255588
815	8074	0	0	0	1	0	1.269297
816	8083	0	0	0	2	0	1.957165
817	8089	0	0	0	2	0	2.760019
818	8095	0	0	0	0	0	1.891440
819	8098	0	0	0	0	0	1.420038
820	8104	0	0	0	1	0	1.050694
821	8114	0	0	0	2	0	2.852432
822	8128	0	0	0	1	0	1.688973
823	8141	0	0	0	1	0	2.490051
824	8154	0	0	0	2	0	1.687076
825	8172	0	0	0	2	0	1.256690
826	8180	0	0	0	0	0	1.297733
827	8190	0	0	0	2	0	1.972947
828	8198	0	0	0	1	0	1.141196
829	8208	0	0	0	1	0	1.791531
830	8220	0	0	0	1	0	2.725254
831	8231	0	0	0	1	0	1.585338
832	8244	0	0	0	2	0	2.462225
833	8257	0	0	0	0	0	1.210369
834	8274	0	0	0	0	0	1.418020
835	8284	0	0	0	2	0	2.153334
836	8292	0	0	0	1	0	1.581065
837	8299	0	0	0	0	0	1.500366
838	8308	0	0	0	1	0	1.218952
839	8321	0	0	0	1	0	2.264251
840	8328	0	0	0	2	0	1.873364
841	8337	0	0	0	1	0	1.088907
842	8346	0	0	0	1	0	2.329708
843	8358	0	0	0	1	0	2.521670
844	8368	0	0	0	2	0	2.873572
845	8381	0	0	0	2	0	1.641002
846	8387	0	0	0	2	0	1.093257
847	8399	0	0	0	1	0	2.187503
848	8406	0	0	0	2	0	2.683758
849	8420	0	0	0	2	0	1.473463
850	8436	0	0	0	0	0	2.976656
851	8447	0	0	0	1	0	1.244030
852	8458	0	0	0	1	0	2.128018
853	8472	0	0	0	0	0	2.317592
854	8478	0	0	0	1	0	1.302804
855	8494	0	0	0	1	0	1.770730
856	8501	0	0	0	2	0	1.978058
857	8507	0	0	0	1	0	2.222524
858	8514	0	0	0	1	0	1.477073
859	8520	0	0	0	1	0	1.882902
860	8531	0	0	0	1	0	2.231542
861	8541	0	0	0	1	0	2.248246
862	8546	0	0	0	1	0	2.518353
863	8555	0	0	0	1	0	2.504088
864	8562	0	0	0	0	0	2.415820
865	8569	0	0	0	0	0	2.671568
866	8576	0	0	0	0	0	2.424668
867	8585	0	0	0	1	0	2.256183
868	8595	0	0	0	0	0	2.666481
869	8605	0	0	0	1	0	1.874512
870	8614	0	0	0	2	0	1.144528
871	8624	0	0	0	1	0	1.349892
872	8640	0	0	0	0	0	2.579512
873	8650	0	0	0	0	0	2.163095
874	8661	0	0	0	1	0	1.622310
875	8671	0	0	0	2	0	2.830729
876	8680	0	0	0	1	0	2.429355
877	8688	0	0	0	1	0	2.511444
878	8697	0	0	0	0	0	2.264499
879	8709	0	0	0	1	0	1.372279
880	8721	0	0	0	0	0	2.308245
881	8728	0	0	0	1	0	1.049055
882	8740	0	0	0	1	0	1.838738
883	8755	0	0	0	2	0	1.805311
884	8765	0	0	0	0	0	2.266367
885	8774	0	0	0	0	0	1.524711
886	8785	0	0	0	0	0	2.351072
887	8797	0	0	0	1	0	1.723508
888	8801	0	0	0	2	0	2.864543
889	8811	0	0	0	0	0	2.251252
890	8817	0	0	0	2	0	2.766535
891	8827	0	0	0	0	0	1.641934
892	8833	0	0	0	0	0	2.125697
893	8840	0	0	0	2	0	1.736175
894	8850	0	0	0	1	0	1.977458
895	8859	0	0	0	2	0	2.265365
896	8867	0	0	0	0	0	2.271465
897	8879	0	0	0	0	0	1.420426
898	8886	0	0	0	0	0	2.968430
899	8896	0	0	0	0	0	2.581960
900	8906	0	0	0	1	0	1.135525
901	8910	0	0	0	1	0	2.773655
902	8917	0	0	0	0	0	1.846243
903	8926	0	0	0	0	0	1.932799
904	8937	0	0	0	0	0	2.196419
905	8949	0	0	0	1	0	1.259413
906	8962	0	0	0	0	0	2.952509
907	8970	0	0	0	0	0	2.705063
908	8982	0	0	0	2	0	2.028520
909	8992	0	0	0	2	0	2.187377
910	9002	0	0	0	2	0	1.553915
911	9009	0	0	0	1	0	1.436378
912	9017	0	0	0	2	0	1.883822
913	9033	0	0	0	1	0	1.734985
914	9045	0	0	0	2	0	1.795178
915	9054	0	0	0	2	0	1.330768
916	9061	0	0	0	1	0	2.866466
917	9068	0	0	0	1	0	1.753344
918	9082	0	0	0	0	0	2.714910
919	9092	0	0	0	1	0	1.615706
920	9101	0	0	0	1	0	1.706984
921	9108	0	0	0	2	0	2.755279
922	9123	0	0	0	1	0	1.402526
923	9136	0	0	0	0	0	2.774421
924	9147	0	0	0	2	0	1.607138
925	9159	0	0	0	2	0	2.878136
926	9169	0	0	0	1	0	1.852781
927	9174	0	0	0	1	0	1.802538
928	9186	0	0	0	1	0	1.147832
929	9191	0	0	0	2	0	1.857095
930	9202	0	0	0	1	0	1.512286
931	9211	0	0	0	2	0	2.248930
932	9221	0	0	0	0	0	1.840683
933	9231	0	0	0	2	0	1.133786
934	9246	0	0	0	0	0	1.061041
935	9252	0	0	0	2	0	2.818864
936	9263	0	0	0	0	0	2.666669
937	9274	0	0	0	1	0	2.556965
938	9284	0	0	0	2	0	2.194816
939	9290	0	0	0	0	0	2.608740
940	9303	0	0	0	1	0	2.986115
941	9311	0	0	0	1	0	1.880858
942	9321	0	0	0	0	0	1.729345
943	9331	0	0	0	2	0	1.415399
944	9343	0	0	0	0	0	1.674006
945	9355	0	0	0	1	0	1.300344
946	9370	0	0	0	0	0	2.625181
947	9382	0	0	0	2	0	1.514982
948	9392	0	0	0	1	0	2.723092
949	9402	0	0	0	2	0	1.964420
950	9414	0	0	0	2	0	1.854672
951	9425	0	0	0	0	0	1.100832
952	9439	0	0	0	1	0	1.458180
953	9447	0	0	0	2	0	1.329241
954	9457	0	0	0	1	0	2.488436
955	9472	0	0	0	0	0	1.542903
956	9481	0	0	0	2	0	2.370779
957	9491	0	0	0	1	0	1.824844
958	9498	0	0	0	0	0	2.707638
959	9506	0	0	0	2	0	1.166991
960	9509	0	0	0	2	0	2.060000
961	9522	0	0	0	0	0	1.898951
962	9530	0	0	0	0	0	1.932773
963	9537	0	0	0	0	0	1.002150
964	9544	0	0	0	2	0	1.240867
965	9552	0	0	0	1	0	2.709966
966	9562	0	0	0	1	0	1.228310
967	9572	0	0	0	2	0	2.462568
968	9582	0	0	0	1	0	1.969707
969	9593	0	0	0	1	0	2.944541
970	9603	0	0	0	2	0	2.995810
971	9613	0	0	0	0	0	2.109631
972	9622	0	0	0	1	0	1.166860
973	9628	0	0	0	0	0	2.896842
974	9638	0	0	0	2	0	1.714976
975	9645	0	0	0	1	0	2.295268
976	9656	0	0	0	0	0	2.938063
977	9663	0	0	0	0	0	1.268541
978	9672	0	0	0	1	0	1.801684
979	9683	0	0	0	0	0	2.260583
980	9694	0	0	0	2	0	1.609659
981	9700	0	0	0	1	0	2.703583
982	9712	0	0	0	2	0	1.643187
983	9726	0	0	0	1	0	2.886652
984	9736	0	0	0	0	0	2.763218
985	9744	0	0	0	1	0	2.761321
986	9760	0	0	0	0	0	1.423864
987	9770	0	0	0	1	0	2.121626
988	9776	0	0	0	2	0	1.679450
989	9788	0	0	0	2	0	1.804976
990	9796	0	0	0	0	0	2.665193
991	9806	0	0	0	2	0	1.320103
992	9815	0	0	0	0	0	2.668656
993	9822	0	0	0	0	0	1.643627
994	9829	0	0	0	2	0	2.247164
995	9843	0	0	0	0	0	2.720135
996	9851	0	0	0	2	0	2.772505
997	9858	0	0	0	0	0	2.632586
998	9866	0	0	0	0	0	1.762943
999	9874	0	0	0	0	0	1.133285
