0	1	0	0	0	2	0	2.038896
1	15	0	0	0	0	0	1.357376
2	24	0	0	0	0	0	2.322763
3	30	0	0	0	1	0	1.090797
4	45	0	0	0	2	0	2.026751
5	58	0	0	0	2	0	2.913430
6	68	0	0	0	1	0	2.552844
7	79	0	0	0	1	0	1.199179
8	86	0	0	0	1	0	1.069182
9	99	0	0	0	2	0	1.069407
10	109	0	0	0	2	0	2.817604
11	115	0	0	0	2	0	2.779962
12	121	0	0	0	0	0	1.999725
13	130	0	0	0	0	0	1.941052
14	144	0	0	0	2	0	1.356028
15	158	0	0	0	2	0	1.521164
16	169	0	0	0	0	0	2.577131
17	183	0	0	0	2	0	1.959819
18	196	0	0	0	0	0	2.630571
19	205	0	0	0	1	0	1.278073
20	217	0	0	0	2	0	1.880981
21	228	0	0	0	0	0	1.375983
22	238	0	0	0	2	0	2.091954
23	253	0	0	0	0	0	2.726656
24	265	0	0	0	0	0	2.832738
25	278	0	0	0	1	0	2.579759
26	287	0	0	0	1	0	2.716105
27	296	0	0	0	0	0	1.993827
28	305	0	0	0	2	0	1.482118
29	306	0	0	0	0	0	1.541744
30	318	0	0	0	2	0	2.716335
31	331	0	0	0	1	0	2.044788
32	341	0	0	0	1	0	1.884478
33	352	0	0	0	0	0	1.558168
34	357	0	0	0	1	0	1.156655
35	366	0	0	0	0	0	1.706691
36	376	0	0	0	1	0	1.121704
37	391	0	0	0	1	0	2.954539
38	396	0	0	0	2	0	1.404374
39	406	0	0	0	2	0	2.540393
40	413	0	0	0	0	0	2.432001
41	422	0	0	0	2	0	2.896803
42	433	0	0	0	1	0	1.714761
43	446	0	0	0	2	0	1.885599
44	453	0	0	0	2	0	2.350370
45	460	0	0	0	1	0	1.465101
46	468	0	0	0	2	0	1.750956
47	479	0	0	0	0	0	2.785066
48	488	0	0	0	1	0	1.527251
49	496	0	0	0	2	0	1.608081
50	510	0	0	0	2	0	1.305630
51	521	0	0	0	0	0	1.500877
52	535	0	0	0	2	0	2.569808
53	544	0	0	0	1	0	1.604374
54	557	0	0	0	2	0	2.331234
55	576	0	0	0	1	0	2.583124
56	584	0	0	0	0	0	1.939805
57	594	0	0	0	2	0	2.117381
58	607	0	0	0	1	0	2.109679
59	615	0	0	0	0	0	2.398816
60	621	0	0	0	1	0	1.526538
61	629	0	0	0	0	0	1.209179
62	635	0	0	0	0	0	2.491526
63	641	0	0	0	1	0	2.258058
64	650	0	0	0	0	0	1.066941
65	664	0	0	0	0	0	1.074832
66	669	0	0	0	2	0	2.988422
67	680	0	0	0	1	0	2.929412
68	692	0	0	0	0	0	2.852343
69	699	0	0	0	2	0	1.161588
70	709	0	0	0	1	0	1.397540
71	720	0	0	0	2	0	2.992200
72	726	0	0	0	1	0	1.842373
73	734	0	0	0	0	0	2.662817
74	743	0	0	0	0	0	2.339133
75	753	0	0	0	0	0	2.221691
76	761	0	0	0	2	0	2.775590
77	772	0	0	0	2	0	2.751787
78	782	0	0	0	2	0	1.935347
79	791	0	0	0	2	0	2.853521
80	795	0	0	0	0	0	2.114390
81	809	0	0	0	2	0	2.023585
82	813	0	0	0	1	0	1.081982
83	821	0	0	0	1	0	2.859389
84	827	0	0	0	1	0	1.960180
85	838	0	0	0	2	0	1.715588
86	850	0	0	0	1	0	1.708739
87	854	0	0	0	2	0	2.879436
88	865	0	0	0	1	0	2.345061
89	873	0	0	0	0	0	1.215293
90	882	0	0	0	2	0	2.888947
91	890	0	0	0	0	0	1.892562
92	898	0	0	0	1	0	2.435317
93	906	0	0	0	1	0	2.008736
94	917	0	0	0	2	0	1.870879
95	929	0	0	0	0	0	2.088686
96	944	0	0	0	0	0	2.736990
97	947	0	0	0	1	0	1.804212
98	955	0	0	0	0	0	1.219764
99	966	0	0	0	0	0	2.835990
100	977	0	0	0	0	0	2.814476
101	986	0	0	0	2	0	1.552762
102	997	0	0	0	0	0	1.043049
103	1008	0	0	0	2	0	2.127709
104	1019	0	0	0	1	0	2.469560
105	1032	0	0	0	1	0	1.407734
106	1041	0	0	0	0	0	2.163923
107	1055	0	0	0	0	0	2.513716
108	1064	0	0	0	1	0	2.208900
109	1071	0	0	0	1	0	2.184822
110	1080	0	0	0	1	0	2.295003
111	1086	0	0	0	2	0	1.653833
112	1093	0	0	0	0	0	1.284897
113	1104	0	0	0	0	0	1.270177
114	1111	0	0	0	0	0	1.469063
115	1128	0	0	0	0	0	2.841733
116	1135	0	0	0	0	0	2.103776
117	1150	0	0	0	2	0	1.963932
118	1159	0	0	0	0	0	2.301635
119	1170	0	0	0	2	0	2.461947
120	1183	0	0	0	0	0	2.660162
121	1186	0	0	0	0	0	2.785227
122	1195	0	0	0	0	0	1.729703
123	1197	0	0	0	2	0	2.928908
124	1205	0	0	0	1	0	1.391577
125	1217	0	0	0	0	0	1.988590
126	1233	0	0	0	2	0	1.808632
127	1238	0	0	0	1	0	2.588694
128	1250	0	0	0	2	0	1.132988
129	1260	0	0	0	1	0	1.661277
130	1269	0	0	0	2	0	2.009552
131	1281	0	0	0	1	0	1.992288
132	1292	0	0	0	0	0	2.162248
133	1306	0	0	0	0	0	2.562481
134	1316	0	0	0	1	0	2.320695
135	1322	0	0	0	1	0	2.906452
136	1331	0	0	0	1	0	2.727485
137	1341	0	0	0	1	0	2.947718
138	1356	0	0	0	1	0	1.080865
139	1363	0	0	0	1	0	2.335827
140	1373	0	0	0	1	0	1.897427
141	1386	0	0	0	0	0	1.060668
142	1397	0	0	0	0	0	2.479383
143	1409	0	0	0	1	0	2.438469
144	1419	0	0	0	2	0	1.208103
145	1427	0	0	0	0	0	1.257348
146	1438	0	0	0	1	0	2.427938
147	1452	0	0	0	1	0	1.823649
148	1467	0	0	0	1	0	2.408412
149	1479	0	0	0	1	0	1.483862
150	1490	0	0	0	0	0	2.511946
151	1500	0	0	0	1	0	1.152828
152	1512	0	0	0	1	0	1.191733
153	1523	0	0	0	0	0	1.358366
154	1532	0	0	0	0	0	1.581634
155	1539	0	0	0	0	0	2.253114
156	1548	0	0	0	1	0	2.361397
157	1556	0	0	0	0	0	2.715115
158	1568	0	0	0	1	0	2.902962
159	1575	0	0	0	0	0	1.057926
160	1585	0	0	0	1	0	1.841285
161	1595	0	0	0	1	0	2.262591
162	1605	0	0	0	2	0	1.314131
163	1616	0	0	0	1	0	2.158154
164	1629	0	0	0	2	0	2.357140
165	1640	0	0	0	0	0	1.231785
166	1647	0	0	0	0	0	2.688541
167	1658	0	0	0	2	0	2.454894
168	1669	0	0	0	0	0	2.478561
169	1684	0	0	0	1	0	2.840407
170	1697	0	0	0	1	0	2.876259
171	1711	0	0	0	0	0	1.483543
172	1717	0	0	0	1	0	2.722928
173	1727	0	0	0	1	0	2.073796
174	1738	0	0	0	2	0	2.974616
175	1742	0	0	0	1	0	1.633491
176	1755	0	0	0	1	0	2.307770
177	1766	0	0	0	0	0	2.425389
178	1775	0	0	0	2	0	2.809998
179	1785	0	0	0	1	0	2.870008
180	1795	0	0	0	2	0	1.089281
181	1803	0	0	0	0	0	2.979764
182	1807	0	0	0	0	0	2.694285
183	1818	0	0	0	2	0	2.424576
184	1828	0	0	0	1	0	2.529004
185	1834	0	0	0	0	0	1.589203
186	1841	0	0	0	0	0	2.858286
187	1848	0	0	0	0	0	1.697650
188	1860	0	0	0	0	0	1.822411
189	1875	0	0	0	0	0	1.135529
190	1889	0	0	0	2	0	1.694931
191	1897	0	0	0	1	0	2.341903
192	1917	0	0	0	1	0	2.339034
193	1924	0	0	0	0	0	2.000456
194	1932	0	0	0	0	0	2.484322
195	1943	0	0	0	1	0	1.147772
196	1950	0	0	0	0	0	2.222591
197	1958	0	0	0	1	0	1.397319
198	1963	0	0	0	0	0	2.126852
199	1968	0	0	0	1	0	1.889749
200	1978	0	0	0	2	0	2.526420
201	1988	0	0	0	2	0	1.913122
202	2000	0	0	0	2	0	2.533398
203	2013	0	0	0	2	0	2.110176
204	2025	0	0	0	1	0	1.717252
205	2034	0	0	0	1	0	1.329243
206	2041	0	0	0	2	0	1.579640
207	2050	0	0	0	1	0	1.776212
208	2062	0	0	0	0	0	1.344348
209	2067	0	0	0	1	0	2.094047
210	2078	0	0	0	2	0	1.895315
211	2086	0	0	0	0	0	2.837434
212	2099	0	0	0	2	0	2.900168
213	2108	0	0	0	2	0	1.777802
214	2120	0	0	0	0	0	2.894912
215	2134	0	0	0	0	0	1.780502
216	2144	0	0	0	2	0	1.023775
217	2160	0	0	0	0	0	2.483016
218	2165	0	0	0	0	0	2.855875
219	2175	0	0	0	0	0	2.964764
220	2186	0	0	0	0	0	2.945210
221	2194	0	0	0	0	0	1.492147
222	2202	0	0	0	1	0	1.947475
223	2213	0	0	0	0	0	1.650231
224	2220	0	0	0	2	0	1.600870
225	2229	0	0	0	0	0	1.283714
226	2237	0	0	0	0	0	2.846536
227	2241	0	0	0	2	0	1.511927
228	2254	0	0	0	1	0	1.677205
229	2260	0	0	0	2	0	2.469222
230	2270	0	0	0	1	0	2.777728
231	2281	0	0	0	1	0	2.129142
232	2289	0	0	0	0	0	1.436586
233	2298	0	0	0	0	0	2.233457
234	2310	0	0	0	1	0	1.629933
235	2325	0	0	0	0	0	2.343265
236	2327	0	0	0	0	0	2.702696
237	2333	0	0	0	2	0	1.287867
238	2342	0	0	0	0	0	2.874989
239	2351	0	0	0	0	0	1.808410
240	2359	0	0	0	0	0	1.182178
241	2366	0	0	0	2	0	1.891606
242	2377	0	0	0	0	0	1.774129
243	2390	0	0	0	0	0	2.729915
244	2406	0	0	0	1	0	1.536764
245	2420	0	0	0	0	0	2.089590
246	2431	0	0	0	2	0	1.168894
247	2445	0	0	0	0	0	2.798450
248	2456	0	0	0	1	0	2.461276
249	2460	0	0	0	2	0	2.013247
250	2471	0	0	0	1	0	1.419126
251	2480	0	0	0	0	0	2.624124
252	2487	0	0	0	0	0	2.120388
253	2493	0	0	0	1	0	2.855392
254	2503	0	0	0	2	0	1.479368
255	2514	0	0	0	1	0	2.593185
256	2522	0	0	0	0	0	2.480556
257	2529	0	0	0	1	0	2.988019
258	2539	0	0	0	2	0	2.627500
259	2546	0	0	0	0	0	2.076204
260	2558	0	0	0	1	0	2.803354
261	2568	0	0	0	1	0	2.586678
262	2578	0	0	0	1	0	2.555317
263	2590	0	0	0	0	0	1.145858
264	2597	0	0	0	1	0	1.591757
265	2607	0	0	0	0	0	2.522948
266	2629	0	0	0	0	0	1.282694
267	2636	0	0	0	0	0	1.573692
268	2644	0	0	0	2	0	1.683810
269	2658	0	0	0	1	0	1.488036
270	2665	0	0	0	0	0	1.794779
271	2671	0	0	0	1	0	2.786219
272	2684	0	0	0	0	0	1.353961
273	2695	0	0	0	0	0	2.272136
274	2710	0	0	0	2	0	1.270657
275	2717	0	0	0	1	0	2.886289
276	2730	0	0	0	1	0	2.208622
277	2739	0	0	0	1	0	1.406549
278	2753	0	0	0	1	0	2.278521
279	2762	0	0	0	0	0	2.285815
280	2765	0	0	0	0	0	2.441676
281	2770	0	0	0	0	0	1.165231
282	2783	0	0	0	1	0	2.080604
283	2793	0	0	0	0	0	2.308184
284	2805	0	0	0	0	0	1.703361
285	2816	0	0	0	0	0	2.745506
286	2822	0	0	0	1	0	1.027802
287	2833	0	0	0	0	0	2.030806
288	2845	0	0	0	0	0	1.742536
289	2860	0	0	0	0	0	1.790494
290	2871	0	0	0	1	0	1.250884
291	2881	0	0	0	0	0	1.927058
292	2895	0	0	0	0	0	1.405697
293	2906	0	0	0	2	0	1.242116
294	2919	0	0	0	2	0	1.582175
295	2929	0	0	0	2	0	1.017630
296	2940	0	0	0	1	0	1.071429
297	2951	0	0	0	1	0	2.026266
298	2963	0	0	0	1	0	2.455833
299	2975	0	0	0	0	0	1.043941
300	2989	0	0	0	2	0	2.278624
301	3001	0	0	0	0	0	2.954664
302	3012	0	0	0	1	0	2.858277
303	3019	0	0	0	1	0	2.343427
304	3023	0	0	0	2	0	2.682249
305	3026	0	0	0	1	0	2.145398
306	3031	0	0	0	0	0	2.619165
307	3043	0	0	0	0	0	1.312171
308	3053	0	0	0	0	0	2.630964
309	3062	0	0	0	0	0	1.854067
310	3076	0	0	0	1	0	2.267294
311	3082	0	0	0	1	0	1.312320
312	3085	0	0	0	2	0	1.154377
313	3093	0	0	0	0	0	2.874068
314	3101	0	0	0	1	0	1.779577
315	3110	0	0	0	1	0	2.574266
316	3122	0	0	0	0	0	1.003641
317	3137	0	0	0	1	0	1.095502
318	3151	0	0	0	1	0	1.880657
319	3163	0	0	0	2	0	2.101640
320	3171	0	0	0	0	0	2.548948
321	3182	0	0	0	1	0	1.473462
322	3194	0	0	0	1	0	1.802243
323	3204	0	0	0	0	0	1.940985
324	3213	0	0	0	0	0	2.131806
325	3223	0	0	0	1	0	2.956881
326	3230	0	0	0	0	0	2.433838
327	3239	0	0	0	0	0	2.634107
328	3253	0	0	0	1	0	2.583953
329	3265	0	0	0	0	0	1.739210
330	3270	0	0	0	2	0	2.143818
331	3284	0	0	0	1	0	1.076401
332	3294	0	0	0	0	0	2.491623
333	3305	0	0	0	1	0	2.247761
334	3315	0	0	0	0	0	1.688243
335	3325	0	0	0	2	0	2.495317
336	3331	0	0	0	2	0	1.814381
337	3337	0	0	0	1	0	1.264601
338	3352	0	0	0	1	0	1.158147
339	3363	0	0	0	2	0	1.125983
340	3372	0	0	0	2	0	2.022177
341	3379	0	0	0	1	0	1.114024
342	3389	0	0	0	2	0	2.713842
343	3399	0	0	0	1	0	2.976009
344	3406	0	0	0	0	0	1.774593
345	3415	0	0	0	1	0	1.889171
346	3427	0	0	0	1	0	2.894010
347	3435	0	0	0	0	0	2.792748
348	3441	0	0	0	2	0	1.680890
349	3447	0	0	0	1	0	2.439091
350	3459	0	0	0	0	0	2.168992
351	3468	0	0	0	2	0	2.419541
352	3476	0	0	0	2	0	1.664200
353	3490	0	0	0	1	0	2.705211
354	3507	0	0	0	0	0	2.483560
355	3518	0	0	0	2	0	2.131053
356	3530	0	0	0	0	0	1.604571
357	3542	0	0	0	2	0	2.337951
358	3556	0	0	0	2	0	1.965300
359	3565	0	0	0	0	0	2.070571
360	3578	0	0	0	1	0	1.392974
361	3587	0	0	0	0	0	1.076328
362	3593	0	0	0	0	0	1.197032
363	3601	0	0	0	0	0	1.246710
364	3611	0	0	0	1	0	2.473124
365	3626	0	0	0	1	0	1.564515
366	3639	0	0	0	2	0	2.016201
367	3650	0	0	0	1	0	2.642564
368	3660	0	0	0	0	0	1.708204
369	3673	0	0	0	2	0	1.371267
370	3683	0	0	0	0	0	1.757737
371	3690	0	0	0	0	0	1.889791
372	3702	0	0	0	0	0	1.881452
373	3710	0	0	0	0	0	1.446563
374	3724	0	0	0	0	0	2.561133
375	3732	0	0	0	0	0	1.999756
376	3740	0	0	0	2	0	2.651602
377	3749	0	0	0	0	0	2.410681
378	3766	0	0	0	0	0	1.069742
379	3778	0	0	0	1	0	1.309675
380	3786	0	0	0	2	0	2.569571
381	3793	0	0	0	1	0	2.018423
382	3804	0	0	0	0	0	1.075772
383	3816	0	0	0	1	0	2.405817
384	3825	0	0	0	1	0	1.713769
385	3834	0	0	0	0	0	2.483189
386	3843	0	0	0	2	0	1.845129
387	3860	0	0	0	1	0	2.404160
388	3868	0	0	0	1	0	1.498232
389	3874	0	0	0	0	0	2.092645
390	3886	0	0	0	0	0	1.257969
391	3891	0	0	0	0	0	1.387179
392	3899	0	0	0	1	0	2.556602
393	3911	0	0	0	0	0	2.963271
394	3924	0	0	0	1	0	2.853896
395	3932	0	0	0	1	0	1.701601
396	3945	0	0	0	0	0	2.070901
397	3955	0	0	0	1	0	2.977997
398	3963	0	0	0	0	0	2.065454
399	3972	0	0	0	1	0	2.041474
400	3980	0	0	0	0	0	1.277325
401	3988	0	0	0	2	0	2.530743
402	3998	0	0	0	1	0	2.691519
403	4008	0	0	0	0	0	2.641105
404	4024	0	0	0	2	0	2.826064
405	4037	0	0	0	1	0	2.807530
406	4046	0	0	0	1	0	1.585258
407	4053	0	0	0	1	0	2.810851
408	4058	0	0	0	0	0	1.894989
409	4065	0	0	0	2	0	2.907416
410	4074	0	0	0	2	0	2.157805
411	4084	0	0	0	1	0	1.215729
412	4093	0	0	0	0	0	1.099609
413	4098	0	0	0	0	0	1.885219
414	4109	0	0	0	0	0	2.978374
415	4116	0	0	0	1	0	1.092845
416	4121	0	0	0	2	0	1.711820
417	4138	0	0	0	1	0	1.680429
418	4148	0	0	0	1	0	2.402831
419	4160	0	0	0	0	0	2.377260
420	4168	0	0	0	0	0	2.696360
421	4179	0	0	0	1	0	1.618099
422	4189	0	0	0	0	0	1.529657
423	4199	0	0	0	0	0	1.987636
424	4210	0	0	0	0	0	2.955307
425	4216	0	0	0	2	0	2.286566
426	4227	0	0	0	1	0	2.683014
427	4237	0	0	0	2	0	1.215552
428	4247	0	0	0	1	0	1.862178
429	4254	0	0	0	0	0	1.688345
430	4263	0	0	0	1	0	1.735526
431	4274	0	0	0	1	0	2.281047
432	4286	0	0	0	2	0	2.855650
433	4290	0	0	0	2	0	1.150854
434	4299	0	0	0	2	0	2.807764
435	4309	0	0	0	1	0	1.652443
436	4314	0	0	0	2	0	1.492421
437	4322	0	0	0	2	0	2.912957
438	4332	0	0	0	1	0	1.724900
439	4344	0	0	0	0	0	2.823241
440	4352	0	0	0	2	0	2.115394
441	4362	0	0	0	2	0	2.759166
442	4376	0	0	0	0	0	2.970284
443	4386	0	0	0	0	0	2.848358
444	4395	0	0	0	1	0	1.278607
445	4404	0	0	0	0	0	2.239406
446	4411	0	0	0	0	0	1.823599
447	4418	0	0	0	2	0	2.743006
448	4426	0	0	0	1	0	1.678056
449	4435	0	0	0	1	0	2.031581
450	4443	0	0	0	0	0	1.180840
451	4447	0	0	0	2	0	2.822193
452	4454	0	0	0	0	0	1.573741
453	4469	0	0	0	0	0	1.965140
454	4477	0	0	0	2	0	2.984027
455	4482	0	0	0	1	0	2.585708
456	4485	0	0	0	0	0	2.056750
457	4497	0	0	0	2	0	1.080168
458	4504	0	0	0	0	0	1.871512
459	4514	0	0	0	1	0	1.292962
460	4529	0	0	0	0	0	2.032863
461	4537	0	0	0	0	0	2.826739
462	4547	0	0	0	1	0	2.955638
463	4554	0	0	0	1	0	2.275211
464	4563	0	0	0	1	0	2.936310
465	4574	0	0	0	2	0	2.746701
466	4583	0	0	0	1	0	2.358826
467	4596	0	0	0	0	0	2.265106
468	4599	0	0	0	0	0	2.378500
469	4603	0	0	0	1	0	1.423906
470	4612	0	0	0	2	0	1.224565
471	4617	0	0	0	2	0	2.895873
472	4624	0	0	0	1	0	2.196995
473	4641	0	0	0	1	0	1.098215
474	4646	0	0	0	1	0	1.447892
475	4656	0	0	0	0	0	1.524633
476	4665	0	0	0	1	0	2.567844
477	4676	0	0	0	0	0	1.401124
478	4688	0	0	0	0	0	1.767478
479	4696	0	0	0	0	0	2.344962
480	4706	0	0	0	0	0	2.165157
481	4718	0	0	0	1	0	1.408903
482	4727	0	0	0	2	0	1.898392
483	4737	0	0	0	1	0	2.207367
484	4747	0	0	0	0	0	1.300967
485	4763	0	0	0	0	0	1.163219
486	4777	0	0	0	0	0	1.379831
487	4788	0	0	0	1	0	1.007553
488	4793	0	0	0	0	0	2.126554
489	4801	0	0	0	1	0	1.608345
490	4813	0	0	0	1	0	1.745889
491	4824	0	0	0	2	0	1.572049
492	4834	0	0	0	1	0	2.913563
493	4843	0	0	0	1	0	1.726070
494	4855	0	0	0	1	0	1.284781
495	4865	0	0	0	0	0	1.526006
496	4877	0	0	0	0	0	2.196447
497	4891	0	0	0	2	0	2.654928
498	4901	0	0	0	0	0	2.166557
499	4916	0	0	0	0	0	2.109833
500	4927	0	0	0	1	0	2.908662
501	4934	0	0	0	1	0	2.787609
502	4946	0	0	0	0	0	1.642548
503	4957	0	0	0	0	0	2.670473
504	4966	0	0	0	0	0	1.969598
505	4971	0	0	0	1	0	1.987816
506	4976	0	0	0	0	0	1.249760
507	4987	0	0	0	2	0	1.323274
508	4998	0	0	0	0	0	2.609481
509	5010	0	0	0	0	0	1.875860
510	5024	0	0	0	1	0	2.467373
511	5037	0	0	0	2	0	1.549177
512	5045	0	0	0	1	0	1.530176
513	5058	0	0	0	0	0	1.308762
514	5070	0	0	0	0	0	2.092302
515	5076	0	0	0	2	0	2.181762
516	5091	0	0	0	0	0	1.740363
517	5100	0	0	0	1	0	1.147934
518	5108	0	0	0	0	0	2.412030
519	5117	0	0	0	0	0	2.659203
520	5124	0	0	0	0	0	2.497798
521	5130	0	0	0	0	0	2.673706
522	5137	0	0	0	0	0	1.758973
523	5146	0	0	0	1	0	1.667164
524	5157	0	0	0	2	0	1.124347
525	5165	0	0	0	1	0	2.415303
526	5173	0	0	0	0	0	2.066040
527	5185	0	0	0	1	0	1.273003
528	5193	0	0	0	0	0	1.691120
529	5201	0	0	0	1	0	2.486950
530	5206	0	0	0	0	0	2.770324
531	5213	0	0	0	1	0	2.449904
532	5226	0	0	0	1	0	1.313301
533	5236	0	0	0	0	0	2.003063
534	5246	0	0	0	0	0	2.189661
535	5256	0	0	0	2	0	2.842695
536	5263	0	0	0	2	0	2.949981
537	5270	0	0	0	1	0	2.761279
538	5284	0	0	0	0	0	2.599862
539	5292	0	0	0	0	0	2.075211
540	5300	0	0	0	2	0	2.063187
541	5309	0	0	0	2	0	2.031162
542	5314	0	0	0	0	0	2.528313
543	5322	0	0	0	1	0	2.084817
544	5328	0	0	0	1	0	1.009435
545	5345	0	0	0	0	0	2.394470
546	5355	0	0	0	2	0	1.421683
547	5367	0	0	0	0	0	2.831437
548	5371	0	0	0	0	0	2.771667
549	5379	0	0	0	0	0	2.654403
550	5391	0	0	0	1	0	2.138847
551	5401	0	0	0	2	0	2.722797
552	5411	0	0	0	0	0	2.079959
553	5417	0	0	0	1	0	2.969307
554	5425	0	0	0	0	0	2.058003
555	5432	0	0	0	0	0	1.470395
556	5443	0	0	0	0	0	2.621786
557	5452	0	0	0	2	0	2.578215
558	5457	0	0	0	1	0	1.612686
559	5469	0	0	0	0	0	2.416319
560	5479	0	0	0	1	0	2.476064
561	5484	0	0	0	0	0	1.562243
562	5502	0	0	0	1	0	1.124762
563	5514	0	0	0	0	0	1.476921
564	5524	0	0	0	1	0	1.621783
565	5534	0	0	0	0	0	2.749009
566	5543	0	0	0	1	0	2.701295
567	5554	0	0	0	1	0	1.428620
568	5566	0	0	0	2	0	2.692264
569	5577	0	0	0	2	0	2.092089
570	5589	0	0	0	2	0	2.703305
571	5594	0	0	0	1	0	1.589100
572	5606	0	0	0	0	0	1.780635
573	5613	0	0	0	1	0	2.806223
574	5621	0	0	0	2	0	1.750681
575	5634	0	0	0	0	0	2.623444
576	5648	0	0	0	0	0	2.818982
577	5655	0	0	0	2	0	2.758977
578	5667	0	0	0	0	0	2.274868
579	5682	0	0	0	1	0	1.138321
580	5690	0	0	0	1	0	1.003739
581	5704	0	0	0	1	0	1.009970
582	5713	0	0	0	0	0	2.879810
583	5725	0	0	0	1	0	1.693218
584	5737	0	0	0	2	0	1.419500
585	5747	0	0	0	1	0	1.116660
586	5757	0	0	0	2	0	1.255093
587	5763	0	0	0	2	0	1.456583
588	5766	0	0	0	1	0	1.299347
589	5770	0	0	0	2	0	1.396071
590	5784	0	0	0	2	0	1.163073
591	5793	0	0	0	2	0	2.076419
592	5803	0	0	0	1	0	2.698350
593	5815	0	0	0	2	0	1.153629
594	5827	0	0	0	1	0	1.919177
595	5835	0	0	0	0	0	1.616776
596	5842	0	0	0	0	0	1.995436
597	5853	0	0	0	0	0	2.756452
598	5866	0	0	0	2	0	2.328444
599	5878	0	0	0	0	0	2.403677
600	5893	0	0	0	1	0	2.074240
601	5904	0	0	0	1	0	1.043437
602	5913	0	0	0	0	0	1.900369
603	5917	0	0	0	1	0	1.425670
604	5925	0	0	0	2	0	1.425564
605	5934	0	0	0	2	0	2.650732
606	5942	0	0	0	2	0	2.724617
607	5955	0	0	0	2	0	1.466201
608	5967	0	0	0	2	0	2.634461
609	5981	0	0	0	1	0	1.504265
610	5986	0	0	0	0	0	2.213934
611	6003	0	0	0	0	0	2.767207
612	6006	0	0	0	0	0	1.174055
613	6019	0	0	0	0	0	1.314287
614	6030	0	0	0	1	0	1.881121
615	6038	0	0	0	0	0	1.294059
616	6042	0	0	0	1	0	1.669760
617	6049	0	0	0	2	0	1.263317
618	6055	0	0	0	0	0	2.531314
619	6066	0	0	0	2	0	1.773097
620	6080	0	0	0	1	0	1.384737
621	6088	0	0	0	0	0	1.529306
622	6093	0	0	0	1	0	1.283225
623	6104	0	0	0	2	0	2.344844
624	6109	0	0	0	1	0	2.867790
625	6123	0	0	0	1	0	1.771243
626	6134	0	0	0	1	0	1.671976
627	6144	0	0	0	2	0	1.565427
628	6153	0	0	0	1	0	1.208045
629	6173	0	0	0	2	0	1.928277
630	6183	0	0	0	1	0	1.129798
631	6188	0	0	0	2	0	1.886849
632	6196	0	0	0	0	0	2.242867
633	6202	0	0	0	0	0	1.098220
634	6213	0	0	0	0	0	2.878580
635	6220	0	0	0	2	0	2.009510
636	6227	0	0	0	0	0	2.141742
637	6234	0	0	0	1	0	2.999894
638	6249	0	0	0	2	0	1.050166
639	6254	0	0	0	1	0	1.927019
640	6264	0	0	0	0	0	2.134718
641	6275	0	0	0	1	0	2.887196
642	6282	0	0	0	0	0	1.951661
643	6293	0	0	0	2	0	1.502167
644	6305	0	0	0	2	0	1.853001
645	6315	0	0	0	0	0	1.885284
646	6324	0	0	0	0	0	1.893075
647	6335	0	0	0	2	0	2.546135
648	6349	0	0	0	1	0	2.107780
649	6357	0	0	0	2	0	2.109325
650	6363	0	0	0	2	0	1.323866
651	6373	0	0	0	0	0	2.136140
652	6378	0	0	0	0	0	1.075453
653	6393	0	0	0	2	0	2.425031
654	6397	0	0	0	2	0	1.529717
655	6405	0	0	0	0	0	2.257302
656	6417	0	0	0	0	0	1.379028
657	6426	0	0	0	1	0	1.566872
658	6435	0	0	0	1	0	1.386260
659	6450	0	0	0	0	0	1.045238
660	6463	0	0	0	0	0	1.472082
661	6476	0	0	0	1	0	2.796592
662	6477	0	0	0	2	0	1.905615
663	6492	0	0	0	2	0	2.042020
664	6503	0	0	0	1	0	1.304026
665	6507	0	0	0	1	0	1.570213
666	6516	0	0	0	0	0	1.850090
667	6525	0	0	0	2	0	1.285400
668	6532	0	0	0	0	0	1.876037
669	6544	0	0	0	0	0	1.672167
670	6559	0	0	0	0	0	1.600810
671	6565	0	0	0	0	0	2.796682
672	6573	0	0	0	1	0	1.146981
673	6589	0	0	0	0	0	1.603366
674	6599	0	0	0	1	0	2.668006
675	6606	0	0	0	0	0	1.193899
676	6613	0	0	0	1	0	2.066331
677	6622	0	0	0	0	0	2.178377
678	6632	0	0	0	1	0	1.076172
679	6634	0	0	0	1	0	1.867495
680	6637	0	0	0	0	0	1.661672
681	6648	0	0	0	0	0	2.782569
682	6657	0	0	0	0	0	2.366326
683	6666	0	0	0	0	0	2.488396
684	6675	0	0	0	1	0	2.573811
685	6687	0	0	0	1	0	1.152287
686	6702	0	0	0	1	0	1.481127
687	6716	0	0	0	2	0	1.939359
688	6724	0	0	0	2	0	1.093856
689	6734	0	0	0	2	0	1.330877
690	6746	0	0	0	2	0	2.695661
691	6752	0	0	0	2	0	1.660289
692	6763	0	0	0	1	0	2.021355
693	6771	0	0	0	2	0	2.684472
694	6784	0	0	0	0	0	2.691661
695	6788	0	0	0	1	0	2.346949
696	6798	0	0	0	2	0	2.220549
697	6810	0	0	0	0	0	1.162549
698	6819	0	0	0	0	0	1.458350
699	6829	0	0	0	1	0	1.983988
700	6839	0	0	0	1	0	1.411631
701	6848	0	0	0	1	0	2.342089
702	6860	0	0	0	1	0	2.572043
703	6871	0	0	0	0	0	2.248476
704	6881	0	0	0	0	0	1.974752
705	6887	0	0	0	2	0	1.418878
706	6897	0	0	0	0	0	2.774753
707	6911	0	0	0	1	0	1.108708
708	6919	0	0	0	2	0	1.599121
709	6929	0	0	0	1	0	2.322163
710	6943	0	0	0	1	0	2.145328
711	6964	0	0	0	1	0	1.730289
712	6974	0	0	0	0	0	2.859615
713	6985	0	0	0	1	0	2.899632
714	6998	0	0	0	2	0	1.338735
715	7007	0	0	0	1	0	1.750736
716	7014	0	0	0	1	0	2.287920
717	7024	0	0	0	1	0	1.431415
718	7034	0	0	0	2	0	2.120580
719	7040	0	0	0	0	0	2.449271
720	7048	0	0	0	0	0	2.748363
721	7064	0	0	0	2	0	2.713518
722	7068	0	0	0	1	0	1.005025
723	7073	0	0	0	1	0	2.644239
724	7089	0	0	0	1	0	1.315631
725	7098	0	0	0	1	0	2.710863
726	7110	0	0	0	2	0	2.176884
727	7118	0	0	0	1	0	2.934243
728	7132	0	0	0	0	0	1.145489
729	7143	0	0	0	1	0	1.268972
730	7154	0	0	0	2	0	2.288680
731	7172	0	0	0	1	0	2.616243
732	7179	0	0	0	1	0	1.593752
733	7193	0	0	0	2	0	2.793250
734	7202	0	0	0	0	0	1.463211
735	7212	0	0	0	1	0	2.578389
736	7225	0	0	0	1	0	2.557661
737	7229	0	0	0	1	0	1.175779
738	7237	0	0	0	1	0	2.541454
739	7246	0	0	0	0	0	1.253804
740	7257	0	0	0	1	0	2.634994
741	7262	0	0	0	2	0	1.830350
742	7269	0	0	0	0	0	1.570164
743	7279	0	0	0	0	0	1.714049
744	7291	0	0	0	1	0	2.161639
745	7303	0	0	0	0	0	1.251668
746	7316	0	0	0	1	0	1.734871
747	7331	0	0	0	1	0	2.899170
748	7351	0	0	0	0	0	1.175980
749	7360	0	0	0	0	0	1.685880
750	7374	0	0	0	2	0	1.878142
751	7384	0	0	0	0	0	1.501129
752	7398	0	0	0	1	0	2.268357
753	7408	0	0	0	1	0	2.184854
754	7420	0	0	0	0	0	2.894857
755	7427	0	0	0	2	0	2.713997
756	7440	0	0	0	1	0	1.353138
757	7447	0	0	0	1	0	1.989164
758	7453	0	0	0	1	0	2.556317
759	7464	0	0	0	0	0	1.200089
760	7474	0	0	0	0	0	2.189450
761	7484	0	0	0	0	0	2.813081
762	7497	0	0	0	1	0	2.687224
763	7506	0	0	0	1	0	2.405633
764	7518	0	0	0	2	0	1.761556
765	7527	0	0	0	2	0	1.218206
766	7535	0	0	0	2	0	2.353972
767	7541	0	0	0	0	0	2.726515
768	7550	0	0	0	1	0	2.511613
769	7560	0	0	0	2	0	1.250720
770	7571	0	0	0	0	0	1.197641
771	7579	0	0	0	0	0	1.987369
772	7589	0	0	0	0	0	2.450255
773	7596	0	0	0	0	0	1.156463
774	7608	0	0	0	2	0	2.820042
775	7622	0	0	0	1	0	2.602631
776	7633	0	0	0	2	0	2.755896
777	7644	0	0	0	2	0	2.014711
778	7659	0	0	0	2	0	2.278244
779	7671	0	0	0	0	0	1.722476
780	7680	0	0	0	1	0	1.033287
781	7684	0	0	0	1	0	1.088820
782	7690	0	0	0	1	0	2.390203
783	7697	0	0	0	1	0	2.205793
784	7708	0	0	0	0	0	1.720444
785	7715	0	0	0	1	0	2.829013
786	7721	0	0	0	1	0	1.245497
787	7742	0	0	0	0	0	1.323033
788	7754	0	0	0	1	0	2.050786
789	7761	0	0	0	1	0	2.985074
790	7770	0	0	0	0	0	2.325984
791	7779	0	0	0	2	0	1.262967
792	7793	0	0	0	0	0	1.609103
793	7804	0	0	0	0	0	1.051618
794	7812	0	0	0	2	0	2.996142
795	7823	0	0	0	1	0	2.204232
796	7828	0	0	0	0	0	2.894096
797	7840	0	0	0	1	0	2.419704
798	7850	0	0	0	0	0	2.507572
799	7862	0	0	0	2	0	2.669312
800	7874	0	0	0	1	0	1.155644
801	7889	0	0	0	1	0	2.164209
802	7894	0	0	0	0	0	2.682377
803	7902	0	0	0	0	0	2.160402
804	7908	0	0	0	2	0	2.754748
805	7916	0	0	0	2	0	2.285458
806	7922	0	0	0	2	0	2.355161
807	7933	0	0	0	1	0	2.719754
808	7949	0	0	0	0	0	2.393949
809	7953	0	0	0	2	0	2.655988
810	7961	0	0	0	1	0	2.228349
811	7975	0	0	0	1	0	1.144318
812	7981	0	0	0	0	0	1.492716
813	7990	0	0	0	2	0	2.663745
814	8002	0	0	0	1	0	1.863199
815	8013	0	0	0	1	0	1.811520
816	8025	0	0	0	2	0	2.337722
817	8036	0	0	0	1	0	1.687302
818	8050	0	0	0	1	0	2.183293
819	8057	0	0	0	0	0	2.876481
820	8072	0	0	0	0	0	1.751940
821	8085	0	0	0	2	0	2.135654
822	8095	0	0	0	2	0	2.290590
823	8106	0	0	0	2	0	2.825851
824	8116	0	0	0	0	0	1.793054
825	8125	0	0	0	1	0	1.188342
826	8141	0	0	0	1	0	2.215946
827	8147	0	0	0	0	0	2.769963
828	8158	0	0	0	0	0	2.270096
829	8168	0	0	0	1	0	2.223918
830	8172	0	0	0	0	0	2.300739
831	8179	0	0	0	1	0	2.656206
832	8188	0	0	0	1	0	2.454526
833	8197	0	0	0	1	0	1.378077
834	8208	0	0	0	1	0	2.587261
835	8212	0	0	0	1	0	1.836826
836	8220	0	0	0	2	0	2.412230
837	8230	0	0	0	1	0	1.668633
838	8246	0	0	0	1	0	1.325789
839	8257	0	0	0	0	0	2.777648
840	8263	0	0	0	0	0	1.680198
841	8278	0	0	0	1	0	1.261788
842	8290	0	0	0	2	0	1.666736
843	8306	0	0	0	2	0	1.387758
844	8317	0	0	0	0	0	2.088599
845	8323	0	0	0	2	0	2.632458
846	8334	0	0	0	0	0	1.830855
847	8344	0	0	0	1	0	1.021511
848	8354	0	0	0	0	0	2.891729
849	8363	0	0	0	0	0	2.624803
850	8367	0	0	0	1	0	2.097211
851	8375	0	0	0	1	0	2.060896
852	8384	0	0	0	1	0	1.651511
853	8394	0	0	0	2	0	2.159647
854	8402	0	0	0	2	0	1.411153
855	8416	0	0	0	0	0	2.199083
856	8425	0	0	0	2	0	2.711780
857	8435	0	0	0	0	0	2.165190
858	8444	0	0	0	0	0	2.329275
859	8452	0	0	0	0	0	2.474131
860	8468	0	0	0	0	0	1.823678
861	8476	0	0	0	0	0	1.678653
862	8491	0	0	0	0	0	1.695263
863	8500	0	0	0	0	0	1.328033
864	8509	0	0	0	0	0	2.955040
865	8521	0	0	0	1	0	2.163545
866	8527	0	0	0	0	0	1.790375
867	8535	0	0	0	0	0	1.247759
868	8548	0	0	0	0	0	1.204330
869	8553	0	0	0	0	0	1.985878
870	8565	0	0	0	2	0	1.370050
871	8578	0	0	0	1	0	2.037045
872	8585	0	0	0	1	0	2.248651
873	8594	0	0	0	0	0	2.671604
874	8604	0	0	0	1	0	1.693661
875	8610	0	0	0	0	0	2.403423
876	8619	0	0	0	0	0	2.433346
877	8635	0	0	0	0	0	2.614286
878	8646	0	0	0	1	0	2.967754
879	8654	0	0	0	0	0	1.385479
880	8665	0	0	0	1	0	1.492263
881	8676	0	0	0	0	0	2.385318
882	8683	0	0	0	1	0	1.125541
883	8691	0	0	0	0	0	2.364443
884	8700	0	0	0	0	0	1.261670
885	8711	0	0	0	1	0	2.228376
886	8722	0	0	0	2	0	2.463642
887	8733	0	0	0	0	0	1.679251
888	8743	0	0	0	0	0	1.040390
889	8755	0	0	0	2	0	1.876335
890	8765	0	0	0	1	0	1.661217
891	8775	0	0	0	1	0	1.218714
892	8782	0	0	0	0	0	1.227480
893	8796	0	0	0	2	0	2.382777
894	8806	0	0	0	0	0	1.012637
895	8813	0	0	0	1	0	1.072102
896	8823	0	0	0	1	0	1.724715
897	8837	0	0	0	1	0	1.760852
898	8845	0	0	0	2	0	1.428273
899	8852	0	0	0	0	0	2.931307
900	8866	0	0	0	2	0	1.255833
901	8871	0	0	0	0	0	2.771900
902	8882	0	0	0	0	0	2.516552
903	8892	0	0	0	1	0	1.738441
904	8902	0	0	0	1	0	2.109171
905	8910	0	0	0	2	0	2.322401
906	8923	0	0	0	0	0	1.781557
907	8938	0	0	0	0	0	1.919983
908	8949	0	0	0	1	0	2.351967
909	8960	0	0	0	0	0	1.045262
910	8966	0	0	0	0	0	2.385347
911	8974	0	0	0	1	0	2.864486
912	8982	0	0	0	2	0	1.867996
913	8999	0	0	0	0	0	1.521420
914	9011	0	0	0	1	0	1.189199
915	9021	0	0	0	2	0	1.133006
916	9031	0	0	0	0	0	2.581214
917	9039	0	0	0	0	0	2.997468
918	9052	0	0	0	0	0	1.061017
919	9060	0	0	0	2	0	2.812252
920	9071	0	0	0	0	0	1.127508
921	9081	0	0	0	0	0	2.668001
922	9090	0	0	0	2	0	1.652447
923	9096	0	0	0	1	0	2.308325
924	9106	0	0	0	1	0	2.018413
925	9113	0	0	0	1	0	2.795346
926	9124	0	0	0	2	0	2.711228
927	9132	0	0	0	0	0	2.490772
928	9140	0	0	0	2	0	2.894832
929	9149	0	0	0	2	0	2.351681
930	9160	0	0	0	1	0	2.792626
931	9169	0	0	0	0	0	2.473499
932	9178	0	0	0	0	0	1.166201
933	9187	0	0	0	0	0	2.387284
934	9193	0	0	0	2	0	2.875189
935	9205	0	0	0	1	0	1.739086
936	9217	0	0	0	1	0	2.301378
937	9224	0	0	0	0	0	1.343619
938	9235	0	0	0	0	0	1.785794
939	9239	0	0	0	0	0	2.979869
940	9243	0	0	0	1	0	2.971106
941	9257	0	0	0	2	0	1.144852
942	9269	0	0	0	1	0	1.365593
943	9280	0	0	0	1	0	2.501326
944	9290	0	0	0	1	0	1.073470
945	9302	0	0	0	1	0	1.271225
946	9313	0	0	0	1	0	1.227597
947	9327	0	0	0	0	0	2.523799
948	9337	0	0	0	1	0	1.157301
949	9342	0	0	0	0	0	1.189118
950	9355	0	0	0	1	0	2.431504
951	9365	0	0	0	0	0	1.011965
952	9370	0	0	0	1	0	2.598504
953	9377	0	0	0	1	0	1.843567
954	9386	0	0	0	0	0	2.055480
955	9392	0	0	0	0	0	2.252656
956	9407	0	0	0	0	0	2.230440
957	9418	0	0	0	2	0	1.700061
958	9428	0	0	0	2	0	2.152290
959	9434	0	0	0	0	0	1.481961
960	9439	0	0	0	0	0	1.040753
961	9442	0	0	0	0	0	2.621294
962	9451	0	0	0	0	0	1.697082
963	9462	0	0	0	1	0	2.434319
964	9476	0	0	0	2	0	2.220288
965	9483	0	0	0	0	0	2.930178
966	9495	0	0	0	1	0	1.303076
967	9511	0	0	0	0	0	2.640360
968	9521	0	0	0	0	0	1.285647
969	9535	0	0	0	0	0	2.024733
970	9544	0	0	0	2	0	2.837487
971	9555	0	0	0	2	0	1.695014
972	9567	0	0	0	0	0	2.742167
973	9575	0	0	0	1	0	2.344538
974	9590	0	0	0	1	0	2.003454
975	9604	0	0	0	0	0	1.792385
976	9611	0	0	0	0	0	1.982556
977	9618	0	0	0	1	0	2.801565
978	9628	0	0	0	2	0	1.773210
979	9637	0	0	0	0	0	1.054793
980	9645	0	0	0	1	0	2.835431
981	9655	0	0	0	0	0	2.546628
982	9668	0	0	0	2	0	2.200350
983	9678	0	0	0	2	0	1.395101
984	9691	0	0	0	0	0	2.974447
985	9703	0	0	0	0	0	1.993869
986	9718	0	0	0	1	0	1.706023
987	9727	0	0	0	0	0	1.341348
988	9741	0	0	0	2	0	1.599905
989	9755	0	0	0	0	0	1.633984
990	9770	0	0	0	0	0	1.925546
991	9781	0	0	0	1	0	2.515345
992	9791	0	0	0	1	0	1.024673
993	9804	0	0	0	0	0	2.150615
994	9812	0	0	0	1	0	1.327488
995	9821	0	0	0	1	0	1.775580
996	9832	0	0	0	1	0	1.425070
997	9841	0	0	0	1	0	2.579035
998	9850	0	0	0	1	0	2.877834
999	9855	0	0	0	1	0	2.607113
