0	1	0	0	0	0	0	2.002181
1	11	0	0	0	0	0	1.918451
2	29	0	0	0	2	0	1.469983
3	33	0	0	0	1	0	2.758654
4	46	0	0	0	1	0	1.452766
5	55	0	0	0	0	0	1.332111
6	65	0	0	0	0	0	1.301998
7	80	0	0	0	1	0	1.661849
8	89	0	0	0	2	0	2.876779
9	104	0	0	0	2	0	1.738785
10	115	0	0	0	1	0	1.741076
11	125	0	0	0	0	0	2.338513
12	137	0	0	0	1	0	2.016698
13	149	0	0	0	0	0	2.566911
14	154	0	0	0	2	0	2.379777
15	166	0	0	0	1	0	1.508271
16	180	0	0	0	1	0	2.219011
17	183	0	0	0	2	0	2.955887
18	191	0	0	0	0	0	2.223115
19	198	0	0	0	0	0	2.931748
20	209	0	0	0	0	0	1.237196
21	218	0	0	0	1	0	1.547843
22	223	0	0	0	0	0	2.889995
23	233	0	0	0	0	0	2.719235
24	238	0	0	0	2	0	1.482728
25	251	0	0	0	0	0	1.195502
26	260	0	0	0	0	0	1.020353
27	273	0	0	0	2	0	1.032906
28	289	0	0	0	1	0	2.372061
29	300	0	0	0	2	0	2.142243
30	311	0	0	0	1	0	1.633623
31	322	0	0	0	1	0	1.848383
32	327	0	0	0	0	0	1.704974
33	341	0	0	0	0	0	1.673379
34	351	0	0	0	0	0	1.512253
35	360	0	0	0	2	0	1.674361
36	368	0	0	0	1	0	2.491815
37	375	0	0	0	1	0	2.266613
38	385	0	0	0	2	0	1.660603
39	390	0	0	0	0	0	2.550565
40	397	0	0	0	2	0	1.675284
41	402	0	0	0	2	0	1.775835
42	413	0	0	0	0	0	2.190730
43	427	0	0	0	2	0	1.936669
44	437	0	0	0	0	0	2.580562
45	447	0	0	0	2	0	1.502187
46	457	0	0	0	0	0	1.209813
47	470	0	0	0	0	0	2.922453
48	473	0	0	0	1	0	2.595992
49	482	0	0	0	1	0	1.453546
50	489	0	0	0	0	0	1.426863
51	497	0	0	0	1	0	2.753138
52	507	0	0	0	0	0	1.980214
53	516	0	0	0	1	0	2.998087
54	523	0	0	0	2	0	1.525991
55	534	0	0	0	0	0	2.046653
56	548	0	0	0	0	0	2.755576
57	554	0	0	0	2	0	1.673114
58	560	0	0	0	1	0	2.832172
59	568	0	0	0	0	0	1.604811
60	576	0	0	0	1	0	1.133274
61	585	0	0	0	1	0	2.051184
62	598	0	0	0	0	0	1.206924
63	607	0	0	0	0	0	1.305468
64	618	0	0	0	0	0	1.020195
65	627	0	0	0	1	0	2.863359
66	633	0	0	0	1	0	1.509320
67	639	0	0	0	2	0	2.449893
68	650	0	0	0	0	0	2.951690
69	656	0	0	0	1	0	1.675317
70	660	0	0	0	2	0	2.171336
71	669	0	0	0	0	0	1.115033
72	686	0	0	0	2	0	1.282243
73	698	0	0	0	1	0	1.863694
74	704	0	0	0	2	0	1.796058
75	715	0	0	0	0	0	2.659896
76	728	0	0	0	0	0	2.957395
77	738	0	0	0	0	0	2.898369
78	749	0	0	0	2	0	2.405270
79	762	0	0	0	0	0	1.074091
80	768	0	0	0	0	0	1.358379
81	778	0	0	0	1	0	1.684996
82	787	0	0	0	2	0	1.807080
83	799	0	0	0	2	0	2.704846
84	809	0	0	0	0	0	2.376380
85	817	0	0	0	2	0	1.347674
86	827	0	0	0	1	0	2.665381
87	837	0	0	0	1	0	2.085076
88	845	0	0	0	2	0	2.279873
89	854	0	0	0	2	0	1.081945
90	863	0	0	0	0	0	1.096101
91	879	0	0	0	0	0	2.455616
92	885	0	0	0	1	0	2.211673
93	893	0	0	0	0	0	2.571196
94	906	0	0	0	0	0	1.839653
95	910	0	0	0	1	0	2.037240
96	919	0	0	0	0	0	1.027315
97	932	0	0	0	2	0	1.319199
98	940	0	0	0	1	0	2.362784
99	948	0	0	0	1	0	2.109762
100	958	0	0	0	2	0	1.235447
101	971	0	0	0	0	0	2.911176
102	978	0	0	0	0	0	1.251984
103	987	0	0	0	1	0	2.540111
104	993	0	0	0	1	0	1.639253
105	1004	0	0	0	0	0	1.345468
106	1014	0	0	0	1	0	1.318650
107	1026	0	0	0	2	0	1.516196
108	1034	0	0	0	2	0	1.836473
109	1046	0	0	0	1	0	1.684752
110	1055	0	0	0	1	0	1.135123
111	1060	0	0	0	0	0	2.545967
112	1077	0	0	0	2	0	2.602278
113	1084	0	0	0	2	0	2.111137
114	1097	0	0	0	0	0	2.777390
115	1105	0	0	0	0	0	1.977416
116	1117	0	0	0	0	0	2.058890
117	1126	0	0	0	2	0	2.687192
118	1138	0	0	0	1	0	2.947397
119	1143	0	0	0	2	0	2.119380
120	1154	0	0	0	1	0	2.285084
121	1166	0	0	0	1	0	1.540612
122	1171	0	0	0	1	0	1.341578
123	1180	0	0	0	1	0	2.899658
124	1191	0	0	0	0	0	1.786045
125	1198	0	0	0	0	0	2.840394
126	1208	0	0	0	0	0	1.099943
127	1220	0	0	0	1	0	2.592009
128	1234	0	0	0	0	0	1.635789
129	1244	0	0	0	1	0	1.594070
130	1254	0	0	0	0	0	1.576611
131	1263	0	0	0	0	0	1.818861
132	1272	0	0	0	2	0	2.231995
133	1278	0	0	0	2	0	1.067997
134	1289	0	0	0	0	0	1.866978
135	1299	0	0	0	2	0	1.268193
136	1305	0	0	0	0	0	1.617107
137	1312	0	0	0	0	0	1.232373
138	1322	0	0	0	1	0	2.630185
139	1331	0	0	0	0	0	2.647017
140	1343	0	0	0	2	0	1.967620
141	1350	0	0	0	0	0	2.727120
142	1359	0	0	0	2	0	2.471481
143	1377	0	0	0	0	0	2.802983
144	1387	0	0	0	0	0	2.832762
145	1395	0	0	0	0	0	2.338210
146	1404	0	0	0	1	0	2.296743
147	1409	0	0	0	0	0	1.767249
148	1417	0	0	0	0	0	2.436921
149	1432	0	0	0	1	0	2.253156
150	1440	0	0	0	0	0	2.335333
151	1448	0	0	0	2	0	1.968536
152	1458	0	0	0	2	0	1.693378
153	1469	0	0	0	0	0	1.851435
154	1479	0	0	0	1	0	2.342366
155	1488	0	0	0	1	0	1.952217
156	1493	0	0	0	1	0	2.521380
157	1501	0	0	0	0	0	2.149800
158	1509	0	0	0	0	0	2.429484
159	1519	0	0	0	2	0	1.996223
160	1533	0	0	0	0	0	1.444085
161	1541	0	0	0	2	0	1.349682
162	1553	0	0	0	0	0	2.531874
163	1563	0	0	0	0	0	2.222657
164	1576	0	0	0	0	0	2.490026
165	1583	0	0	0	1	0	2.200960
166	1588	0	0	0	0	0	1.623651
167	1597	0	0	0	0	0	1.375208
168	1604	0	0	0	0	0	1.688002
169	1615	0	0	0	0	0	2.192218
170	1622	0	0	0	2	0	2.534874
171	1630	0	0	0	2	0	1.683588
172	1641	0	0	0	0	0	1.365482
173	1655	0	0	0	0	0	1.052035
174	1666	0	0	0	1	0	2.546230
175	1685	0	0	0	0	0	1.680830
176	1694	0	0	0	0	0	1.794045
177	1708	0	0	0	2	0	2.182618
178	1719	0	0	0	1	0	1.613797
179	1732	0	0	0	1	0	1.524503
180	1739	0	0	0	1	0	1.167893
181	1744	0	0	0	1	0	1.879299
182	1753	0	0	0	1	0	2.627257
183	1758	0	0	0	0	0	2.105145
184	1772	0	0	0	2	0	1.164397
185	1781	0	0	0	1	0	1.147382
186	1790	0	0	0	2	0	1.006314
187	1807	0	0	0	0	0	2.262574
188	1815	0	0	0	1	0	2.065963
189	1824	0	0	0	0	0	1.845965
190	1838	0	0	0	0	0	2.598801
191	1848	0	0	0	0	0	2.768558
192	1860	0	0	0	0	0	2.704917
193	1863	0	0	0	0	0	1.939752
194	1873	0	0	0	1	0	1.695719
195	1881	0	0	0	1	0	1.462845
196	1889	0	0	0	0	0	2.442089
197	1898	0	0	0	2	0	1.257103
198	1914	0	0	0	0	0	2.283093
199	1923	0	0	0	2	0	2.208063
200	1937	0	0	0	2	0	2.224231
201	1949	0	0	0	0	0	1.866470
202	1963	0	0	0	2	0	1.818369
203	1978	0	0	0	0	0	2.445409
204	1990	0	0	0	0	0	1.799626
205	1997	0	0	0	1	0	1.427248
206	2003	0	0	0	2	0	2.009107
207	2008	0	0	0	0	0	2.339245
208	2013	0	0	0	2	0	1.600282
209	2026	0	0	0	0	0	2.406014
210	2037	0	0	0	1	0	1.280944
211	2049	0	0	0	0	0	2.392965
212	2057	0	0	0	1	0	2.621375
213	2067	0	0	0	1	0	1.593431
214	2081	0	0	0	0	0	2.414278
215	2091	0	0	0	2	0	1.248313
216	2095	0	0	0	2	0	2.242917
217	2103	0	0	0	2	0	1.404405
218	2110	0	0	0	1	0	1.995351
219	2123	0	0	0	0	0	1.081717
220	2132	0	0	0	2	0	1.509470
221	2146	0	0	0	1	0	2.877409
222	2150	0	0	0	0	0	2.954093
223	2157	0	0	0	1	0	1.444439
224	2169	0	0	0	2	0	1.288198
225	2179	0	0	0	2	0	1.181089
226	2184	0	0	0	0	0	1.585959
227	2194	0	0	0	1	0	1.944896
228	2201	0	0	0	1	0	2.515003
229	2211	0	0	0	1	0	2.579373
230	2232	0	0	0	0	0	1.346070
231	2237	0	0	0	0	0	2.039325
232	2249	0	0	0	0	0	1.525608
233	2260	0	0	0	0	0	2.623288
234	2274	0	0	0	0	0	2.777774
235	2279	0	0	0	0	0	2.788691
236	2289	0	0	0	2	0	1.083290
237	2298	0	0	0	0	0	2.670675
238	2307	0	0	0	1	0	2.890092
239	2319	0	0	0	2	0	2.341824
240	2325	0	0	0	1	0	2.431884
241	2333	0	0	0	2	0	1.441218
242	2344	0	0	0	0	0	2.762790
243	2352	0	0	0	0	0	2.017975
244	2361	0	0	0	1	0	1.800205
245	2371	0	0	0	1	0	1.523757
246	2384	0	0	0	2	0	1.436944
247	2396	0	0	0	1	0	2.782683
248	2407	0	0	0	0	0	1.965381
249	2417	0	0	0	2	0	1.980386
250	2426	0	0	0	1	0	2.909417
251	2440	0	0	0	0	0	1.261943
252	2448	0	0	0	1	0	2.915373
253	2452	0	0	0	0	0	1.823800
254	2465	0	0	0	1	0	2.431662
255	2476	0	0	0	1	0	1.027158
256	2487	0	0	0	1	0	1.791377
257	2497	0	0	0	1	0	1.310277
258	2509	0	0	0	2	0	2.528756
259	2513	0	0	0	0	0	2.961815
260	2522	0	0	0	1	0	2.188827
261	2530	0	0	0	2	0	2.555864
262	2546	0	0	0	0	0	1.102249
263	2553	0	0	0	0	0	2.353592
264	2563	0	0	0	2	0	1.933181
265	2566	0	0	0	0	0	1.618788
266	2570	0	0	0	1	0	1.199105
267	2580	0	0	0	0	0	2.757423
268	2587	0	0	0	0	0	1.964415
269	2599	0	0	0	2	0	2.710172
270	2612	0	0	0	0	0	2.336520
271	2626	0	0	0	1	0	2.275341
272	2641	0	0	0	2	0	2.967855
273	2649	0	0	0	2	0	2.176852
274	2655	0	0	0	2	0	2.920308
275	2662	0	0	0	2	0	1.998426
276	2675	0	0	0	2	0	1.934963
277	2685	0	0	0	1	0	1.166864
278	2698	0	0	0	0	0	1.476812
279	2709	0	0	0	2	0	1.830188
280	2721	0	0	0	2	0	1.207376
281	2739	0	0	0	2	0	1.517795
282	2751	0	0	0	0	0	1.023387
283	2755	0	0	0	2	0	1.639524
284	2759	0	0	0	2	0	2.190007
285	2769	0	0	0	0	0	2.106497
286	2779	0	0	0	1	0	1.416152
287	2792	0	0	0	0	0	2.910349
288	2802	0	0	0	0	0	2.899365
289	2813	0	0	0	2	0	2.911956
290	2824	0	0	0	1	0	2.909937
291	2829	0	0	0	2	0	2.082134
292	2842	0	0	0	0	0	1.984412
293	2854	0	0	0	2	0	2.719020
294	2865	0	0	0	1	0	1.639549
295	2874	0	0	0	1	0	1.679181
296	2882	0	0	0	2	0	1.456705
297	2893	0	0	0	1	0	1.171224
298	2900	0	0	0	2	0	2.580162
299	2912	0	0	0	1	0	2.647934
300	2916	0	0	0	0	0	1.084712
301	2927	0	0	0	0	0	1.227016
302	2931	0	0	0	1	0	2.350186
303	2944	0	0	0	2	0	2.422080
304	2956	0	0	0	2	0	2.619548
305	2964	0	0	0	1	0	2.862899
306	2975	0	0	0	0	0	2.150557
307	2984	0	0	0	1	0	1.417488
308	2997	0	0	0	2	0	2.830554
309	3006	0	0	0	1	0	2.866568
310	3017	0	0	0	1	0	2.355718
311	3031	0	0	0	1	0	1.505380
312	3041	0	0	0	1	0	2.833349
313	3051	0	0	0	2	0	2.363010
314	3062	0	0	0	1	0	2.733889
315	3076	0	0	0	2	0	1.135992
316	3082	0	0	0	0	0	2.675816
317	3085	0	0	0	1	0	1.769515
318	3089	0	0	0	0	0	2.327436
319	3101	0	0	0	1	0	2.248946
320	3112	0	0	0	1	0	1.446000
321	3114	0	0	0	0	0	1.828536
322	3118	0	0	0	1	0	2.478688
323	3126	0	0	0	1	0	2.380867
324	3146	0	0	0	0	0	1.254093
325	3157	0	0	0	2	0	1.737915
326	3165	0	0	0	1	0	2.511514
327	3176	0	0	0	0	0	2.031596
328	3185	0	0	0	1	0	2.469383
329	3190	0	0	0	1	0	1.405039
330	3198	0	0	0	1	0	2.486497
331	3206	0	0	0	2	0	1.798469
332	3217	0	0	0	2	0	1.567972
333	3229	0	0	0	0	0	1.145192
334	3238	0	0	0	2	0	1.952208
335	3250	0	0	0	1	0	1.608569
336	3258	0	0	0	2	0	1.977172
337	3272	0	0	0	0	0	2.208575
338	3284	0	0	0	2	0	2.720266
339	3292	0	0	0	1	0	1.342799
340	3302	0	0	0	1	0	1.942740
341	3307	0	0	0	0	0	1.875810
342	3314	0	0	0	0	0	1.647386
343	3324	0	0	0	0	0	1.090819
344	3336	0	0	0	1	0	1.569117
345	3346	0	0	0	1	0	2.816171
346	3353	0	0	0	0	0	2.967972
347	3367	0	0	0	2	0	1.700336
348	3379	0	0	0	0	0	1.782778
349	3389	0	0	0	1	0	2.542733
350	3405	0	0	0	1	0	1.229149
351	3415	0	0	0	0	0	2.288024
352	3427	0	0	0	2	0	2.547896
353	3435	0	0	0	1	0	1.487453
354	3444	0	0	0	1	0	2.487561
355	3457	0	0	0	0	0	1.802312
356	3463	0	0	0	0	0	2.169623
357	3475	0	0	0	0	0	1.101006
358	3494	0	0	0	0	0	1.628058
359	3506	0	0	0	1	0	1.220162
360	3521	0	0	0	1	0	2.282357
361	3530	0	0	0	1	0	2.301140
362	3539	0	0	0	1	0	2.074979
363	3548	0	0	0	0	0	2.171848
364	3560	0	0	0	0	0	2.736938
365	3571	0	0	0	0	0	2.722458
366	3578	0	0	0	2	0	2.736975
367	3589	0	0	0	1	0	1.757663
368	3599	0	0	0	0	0	2.993096
369	3614	0	0	0	0	0	2.163540
370	3621	0	0	0	1	0	1.611794
371	3630	0	0	0	0	0	2.280600
372	3643	0	0	0	0	0	1.045765
373	3661	0	0	0	0	0	2.554677
374	3669	0	0	0	2	0	2.898153
375	3677	0	0	0	1	0	2.645312
376	3689	0	0	0	2	0	1.612324
377	3696	0	0	0	2	0	1.767162
378	3707	0	0	0	2	0	1.810162
379	3717	0	0	0	0	0	2.524102
380	3725	0	0	0	1	0	1.451715
381	3735	0	0	0	1	0	2.822150
382	3741	0	0	0	1	0	1.923431
383	3757	0	0	0	2	0	2.303454
384	3772	0	0	0	0	0	2.449673
385	3779	0	0	0	0	0	1.849648
386	3790	0	0	0	1	0	1.305691
387	3799	0	0	0	2	0	1.987426
388	3812	0	0	0	0	0	1.995857
389	3827	0	0	0	1	0	1.959044
390	3837	0	0	0	0	0	2.097149
391	3849	0	0	0	0	0	1.692528
392	3857	0	0	0	0	0	2.046322
393	3868	0	0	0	2	0	2.233510
394	3877	0	0	0	0	0	1.425939
395	3890	0	0	0	2	0	1.360548
396	3898	0	0	0	2	0	1.759794
397	3906	0	0	0	0	0	2.360653
398	3920	0	0	0	1	0	1.920787
399	3934	0	0	0	2	0	2.433293
400	3943	0	0	0	1	0	1.061711
401	3959	0	0	0	2	0	2.417834
402	3966	0	0	0	2	0	1.782263
403	3972	0	0	0	2	0	1.200763
404	3982	0	0	0	1	0	2.228009
405	3993	0	0	0	1	0	2.762156
406	4002	0	0	0	0	0	2.448515
407	4010	0	0	0	0	0	1.899411
408	4015	0	0	0	0	0	1.882005
409	4026	0	0	0	2	0	1.206460
410	4030	0	0	0	2	0	1.396878
411	4043	0	0	0	1	0	2.904975
412	4054	0	0	0	2	0	1.552899
413	4059	0	0	0	2	0	2.264082
414	4066	0	0	0	2	0	2.341979
415	4079	0	0	0	1	0	1.236262
416	4088	0	0	0	2	0	1.796580
417	4101	0	0	0	1	0	2.328624
418	4114	0	0	0	0	0	1.819820
419	4122	0	0	0	0	0	1.266026
420	4131	0	0	0	0	0	1.626285
421	4141	0	0	0	0	0	1.997746
422	4145	0	0	0	1	0	1.072937
423	4157	0	0	0	2	0	1.898181
424	4167	0	0	0	2	0	1.706986
425	4182	0	0	0	2	0	2.925293
426	4192	0	0	0	1	0	1.913648
427	4202	0	0	0	1	0	1.431846
428	4207	0	0	0	0	0	2.840538
429	4217	0	0	0	0	0	1.060513
430	4225	0	0	0	2	0	1.525062
431	4236	0	0	0	1	0	2.295897
432	4245	0	0	0	0	0	2.790852
433	4256	0	0	0	0	0	1.792189
434	4271	0	0	0	0	0	1.500672
435	4282	0	0	0	0	0	1.144310
436	4290	0	0	0	1	0	2.485259
437	4305	0	0	0	0	0	2.972035
438	4314	0	0	0	2	0	1.504048
439	4328	0	0	0	0	0	2.963303
440	4336	0	0	0	0	0	1.556259
441	4344	0	0	0	1	0	1.679795
442	4354	0	0	0	0	0	1.238885
443	4362	0	0	0	0	0	2.786429
444	4370	0	0	0	1	0	1.586509
445	4384	0	0	0	2	0	2.981104
446	4398	0	0	0	0	0	1.206477
447	4407	0	0	0	2	0	1.059206
448	4420	0	0	0	2	0	1.867917
449	4430	0	0	0	1	0	2.452429
450	4437	0	0	0	0	0	1.078768
451	4444	0	0	0	1	0	2.373220
452	4449	0	0	0	2	0	1.333530
453	4461	0	0	0	0	0	2.032636
454	4470	0	0	0	2	0	1.368719
455	4480	0	0	0	0	0	2.048765
456	4486	0	0	0	0	0	1.998067
457	4499	0	0	0	1	0	2.130273
458	4507	0	0	0	0	0	2.877228
459	4516	0	0	0	0	0	2.079471
460	4529	0	0	0	0	0	1.797514
461	4545	0	0	0	2	0	2.556420
462	4554	0	0	0	1	0	1.652086
463	4560	0	0	0	1	0	2.875364
464	4567	0	0	0	1	0	1.018443
465	4576	0	0	0	0	0	2.581996
466	4591	0	0	0	2	0	1.710333
467	4601	0	0	0	0	0	1.888712
468	4609	0	0	0	2	0	1.089170
469	4622	0	0	0	1	0	1.815754
470	4635	0	0	0	1	0	2.031767
471	4643	0	0	0	0	0	2.293467
472	4656	0	0	0	1	0	1.280650
473	4670	0	0	0	1	0	1.232201
474	4677	0	0	0	1	0	1.934547
475	4682	0	0	0	2	0	1.974199
476	4692	0	0	0	2	0	1.332262
477	4703	0	0	0	2	0	2.215211
478	4718	0	0	0	0	0	2.682254
479	4731	0	0	0	0	0	1.601307
480	4742	0	0	0	0	0	2.424798
481	4757	0	0	0	1	0	1.231497
482	4769	0	0	0	1	0	1.394622
483	4780	0	0	0	1	0	1.247703
484	4795	0	0	0	0	0	1.823376
485	4805	0	0	0	1	0	1.490359
486	4819	0	0	0	1	0	1.297418
487	4832	0	0	0	0	0	2.242619
488	4841	0	0	0	2	0	1.456234
489	4847	0	0	0	0	0	2.815492
490	4851	0	0	0	1	0	1.399864
491	4862	0	0	0	0	0	2.006862
492	4873	0	0	0	1	0	2.192907
493	4883	0	0	0	1	0	2.610085
494	4894	0	0	0	2	0	1.133758
495	4902	0	0	0	1	0	1.782370
496	4911	0	0	0	0	0	2.137917
497	4919	0	0	0	2	0	2.910731
498	4928	0	0	0	1	0	2.989525
499	4939	0	0	0	1	0	2.463469
500	4953	0	0	0	0	0	2.148318
501	4962	0	0	0	2	0	1.075838
502	4971	0	0	0	1	0	2.539497
503	4978	0	0	0	1	0	2.819946
504	4985	0	0	0	2	0	2.149384
505	4999	0	0	0	1	0	1.462360
506	5010	0	0	0	0	0	1.733072
507	5016	0	0	0	1	0	1.293782
508	5031	0	0	0	0	0	1.359702
509	5038	0	0	0	0	0	1.613084
510	5051	0	0	0	2	0	2.655235
511	5065	0	0	0	0	0	1.910954
512	5074	0	0	0	2	0	1.611738
513	5084	0	0	0	2	0	2.152209
514	5092	0	0	0	0	0	1.780069
515	5102	0	0	0	1	0	1.318694
516	5110	0	0	0	2	0	1.258444
517	5117	0	0	0	2	0	1.896736
518	5129	0	0	0	0	0	2.476189
519	5142	0	0	0	2	0	1.453038
520	5154	0	0	0	0	0	2.642776
521	5167	0	0	0	0	0	2.445265
522	5176	0	0	0	1	0	1.867367
523	5187	0	0	0	0	0	2.101992
524	5201	0	0	0	2	0	2.759221
525	5210	0	0	0	0	0	1.972815
526	5222	0	0	0	0	0	2.525142
527	5229	0	0	0	0	0	1.554120
528	5238	0	0	0	1	0	2.970478
529	5248	0	0	0	2	0	2.763744
530	5261	0	0	0	1	0	2.397384
531	5275	0	0	0	1	0	1.019719
532	5282	0	0	0	0	0	2.706585
533	5287	0	0	0	2	0	2.997481
534	5296	0	0	0	2	0	1.712352
535	5308	0	0	0	2	0	2.000582
536	5315	0	0	0	1	0	2.324532
537	5325	0	0	0	0	0	1.417273
538	5328	0	0	0	0	0	1.572588
539	5340	0	0	0	1	0	1.150178
540	5345	0	0	0	2	0	2.763127
541	5355	0	0	0	1	0	2.066670
542	5364	0	0	0	0	0	1.971762
543	5373	0	0	0	1	0	1.090141
544	5381	0	0	0	2	0	2.574014
545	5391	0	0	0	0	0	1.203452
546	5400	0	0	0	0	0	1.297147
547	5407	0	0	0	0	0	1.113544
548	5414	0	0	0	2	0	1.549378
549	5424	0	0	0	2	0	2.080839
550	5438	0	0	0	2	0	1.160965
551	5449	0	0	0	0	0	2.432533
552	5454	0	0	0	1	0	1.340806
553	5468	0	0	0	1	0	2.753152
554	5476	0	0	0	2	0	1.771563
555	5487	0	0	0	1	0	2.155260
556	5498	0	0	0	0	0	2.877057
557	5512	0	0	0	2	0	1.462098
558	5527	0	0	0	0	0	2.464500
559	5539	0	0	0	0	0	1.854743
560	5548	0	0	0	2	0	1.396571
561	5556	0	0	0	1	0	2.487368
562	5570	0	0	0	2	0	1.146852
563	5576	0	0	0	0	0	1.081610
564	5590	0	0	0	2	0	2.289121
565	5600	0	0	0	2	0	1.481738
566	5605	0	0	0	1	0	1.660043
567	5618	0	0	0	0	0	2.148568
568	5629	0	0	0	2	0	1.364586
569	5640	0	0	0	0	0	1.880684
570	5648	0	0	0	2	0	1.847042
571	5656	0	0	0	1	0	1.026786
572	5669	0	0	0	0	0	2.486586
573	5681	0	0	0	2	0	1.198206
574	5687	0	0	0	1	0	1.251785
575	5701	0	0	0	0	0	2.221338
576	5711	0	0	0	0	0	2.310318
577	5723	0	0	0	2	0	1.815871
578	5733	0	0	0	0	0	2.851541
579	5740	0	0	0	0	0	1.966705
580	5746	0	0	0	1	0	2.242204
581	5759	0	0	0	1	0	1.839002
582	5771	0	0	0	0	0	2.189632
583	5781	0	0	0	0	0	1.634900
584	5787	0	0	0	0	0	1.927960
585	5793	0	0	0	1	0	1.840374
586	5802	0	0	0	0	0	2.527402
587	5816	0	0	0	2	0	1.866102
588	5832	0	0	0	2	0	2.318570
589	5842	0	0	0	2	0	1.349307
590	5857	0	0	0	0	0	1.813057
591	5862	0	0	0	1	0	2.106391
592	5872	0	0	0	0	0	1.716675
593	5888	0	0	0	1	0	2.790763
594	5896	0	0	0	1	0	1.410264
595	5908	0	0	0	2	0	2.864298
596	5920	0	0	0	1	0	1.634604
597	5930	0	0	0	0	0	2.381226
598	5939	0	0	0	1	0	2.252730
599	5946	0	0	0	1	0	1.613703
600	5957	0	0	0	2	0	1.344829
601	5968	0	0	0	0	0	2.293149
602	5980	0	0	0	2	0	2.485449
603	5992	0	0	0	1	0	1.408315
604	6004	0	0	0	0	0	1.259953
605	6018	0	0	0	1	0	2.292148
606	6027	0	0	0	0	0	1.726238
607	6037	0	0	0	2	0	2.872541
608	6052	0	0	0	2	0	2.546928
609	6059	0	0	0	0	0	2.600940
610	6068	0	0	0	2	0	2.001281
611	6082	0	0	0	0	0	1.990157
612	6092	0	0	0	2	0	1.406568
613	6103	0	0	0	0	0	1.440147
614	6116	0	0	0	0	0	2.725795
615	6127	0	0	0	0	0	2.191470
616	6134	0	0	0	0	0	2.677548
617	6144	0	0	0	1	0	1.711431
618	6152	0	0	0	0	0	2.159220
619	6159	0	0	0	0	0	1.339486
620	6167	0	0	0	0	0	1.601535
621	6174	0	0	0	2	0	1.758425
622	6181	0	0	0	2	0	2.916546
623	6191	0	0	0	1	0	1.792575
624	6200	0	0	0	0	0	2.177272
625	6212	0	0	0	1	0	2.480903
626	6222	0	0	0	2	0	2.567765
627	6235	0	0	0	2	0	1.072463
628	6248	0	0	0	0	0	1.376223
629	6257	0	0	0	0	0	2.731774
630	6265	0	0	0	0	0	1.752821
631	6271	0	0	0	1	0	2.784192
632	6282	0	0	0	0	0	1.119036
633	6288	0	0	0	2	0	2.242801
634	6294	0	0	0	0	0	2.563804
635	6301	0	0	0	1	0	2.341998
636	6306	0	0	0	1	0	2.869531
637	6311	0	0	0	1	0	2.872642
638	6319	0	0	0	2	0	2.223871
639	6324	0	0	0	0	0	2.470149
640	6334	0	0	0	0	0	1.212413
641	6343	0	0	0	1	0	1.451946
642	6349	0	0	0	1	0	2.178904
643	6361	0	0	0	1	0	1.799856
644	6376	0	0	0	1	0	2.754949
645	6382	0	0	0	0	0	2.769978
646	6389	0	0	0	2	0	1.036412
647	6399	0	0	0	0	0	1.231801
648	6412	0	0	0	0	0	2.067576
649	6420	0	0	0	1	0	2.702956
650	6423	0	0	0	0	0	1.477429
651	6434	0	0	0	0	0	2.992528
652	6447	0	0	0	0	0	2.006679
653	6453	0	0	0	0	0	2.436428
654	6464	0	0	0	2	0	1.074350
655	6475	0	0	0	1	0	1.097717
656	6491	0	0	0	2	0	1.987433
657	6499	0	0	0	0	0	1.311262
658	6509	0	0	0	2	0	1.141668
659	6516	0	0	0	1	0	1.854874
660	6526	0	0	0	1	0	1.182653
661	6533	0	0	0	0	0	1.877828
662	6545	0	0	0	1	0	1.724589
663	6552	0	0	0	1	0	2.841972
664	6558	0	0	0	1	0	2.472779
665	6566	0	0	0	0	0	2.180814
666	6577	0	0	0	0	0	1.308076
667	6586	0	0	0	1	0	1.724095
668	6596	0	0	0	0	0	1.301512
669	6600	0	0	0	0	0	1.264201
670	6605	0	0	0	1	0	1.082309
671	6609	0	0	0	1	0	2.968249
672	6621	0	0	0	0	0	1.373967
673	6633	0	0	0	2	0	1.478369
674	6642	0	0	0	0	0	2.081310
675	6653	0	0	0	1	0	2.937739
676	6667	0	0	0	1	0	1.817634
677	6678	0	0	0	0	0	2.757407
678	6691	0	0	0	2	0	1.988860
679	6697	0	0	0	0	0	2.579568
680	6703	0	0	0	0	0	2.232488
681	6712	0	0	0	2	0	1.425049
682	6724	0	0	0	0	0	2.149777
683	6731	0	0	0	1	0	1.413353
684	6747	0	0	0	2	0	2.652204
685	6754	0	0	0	0	0	1.940681
686	6768	0	0	0	1	0	1.376500
687	6778	0	0	0	1	0	1.947095
688	6788	0	0	0	1	0	1.963727
689	6800	0	0	0	2	0	1.568066
690	6808	0	0	0	0	0	1.614984
691	6821	0	0	0	1	0	2.287134
692	6834	0	0	0	0	0	2.462346
693	6840	0	0	0	2	0	2.865207
694	6848	0	0	0	1	0	1.337689
695	6865	0	0	0	0	0	1.352573
696	6878	0	0	0	1	0	2.090673
697	6890	0	0	0	0	0	1.860063
698	6905	0	0	0	0	0	1.384840
699	6920	0	0	0	2	0	2.966514
700	6924	0	0	0	1	0	2.869288
701	6935	0	0	0	2	0	1.175470
702	6944	0	0	0	0	0	1.853307
703	6952	0	0	0	0	0	1.276769
704	6958	0	0	0	2	0	1.924224
705	6972	0	0	0	0	0	2.876982
706	6982	0	0	0	1	0	2.072781
707	6993	0	0	0	2	0	2.329255
708	7003	0	0	0	0	0	1.403811
709	7013	0	0	0	0	0	2.285308
710	7025	0	0	0	1	0	2.553316
711	7031	0	0	0	1	0	1.440322
712	7044	0	0	0	1	0	1.371375
713	7057	0	0	0	0	0	1.496252
714	7066	0	0	0	1	0	2.228308
715	7074	0	0	0	2	0	1.219745
716	7078	0	0	0	1	0	1.411244
717	7084	0	0	0	0	0	1.179306
718	7092	0	0	0	0	0	1.471025
719	7103	0	0	0	0	0	1.250128
720	7116	0	0	0	2	0	1.084681
721	7129	0	0	0	2	0	1.589668
722	7138	0	0	0	0	0	2.052223
723	7154	0	0	0	2	0	1.934692
724	7171	0	0	0	0	0	1.102281
725	7181	0	0	0	1	0	1.892682
726	7191	0	0	0	1	0	2.658465
727	7195	0	0	0	0	0	2.490305
728	7210	0	0	0	2	0	2.248264
729	7221	0	0	0	2	0	2.317183
730	7232	0	0	0	1	0	2.663574
731	7247	0	0	0	0	0	1.156727
732	7264	0	0	0	0	0	1.972112
733	7274	0	0	0	2	0	1.963034
734	7288	0	0	0	1	0	1.406265
735	7298	0	0	0	0	0	1.226028
736	7317	0	0	0	1	0	1.299305
737	7325	0	0	0	1	0	2.698877
738	7333	0	0	0	1	0	2.753999
739	7344	0	0	0	2	0	1.868482
740	7352	0	0	0	1	0	1.327634
741	7363	0	0	0	1	0	2.684771
742	7373	0	0	0	2	0	2.380216
743	7382	0	0	0	0	0	2.785343
744	7384	0	0	0	1	0	2.396405
745	7395	0	0	0	0	0	2.441710
746	7403	0	0	0	0	0	1.141001
747	7410	0	0	0	0	0	2.905524
748	7420	0	0	0	0	0	1.914584
749	7437	0	0	0	0	0	2.639206
750	7449	0	0	0	1	0	1.329517
751	7459	0	0	0	2	0	2.070199
752	7469	0	0	0	2	0	1.450920
753	7483	0	0	0	0	0	2.523902
754	7488	0	0	0	2	0	2.223836
755	7500	0	0	0	2	0	2.653004
756	7508	0	0	0	1	0	2.704089
757	7518	0	0	0	0	0	2.035554
758	7526	0	0	0	2	0	2.137705
759	7536	0	0	0	1	0	2.258807
760	7544	0	0	0	1	0	1.716042
761	7556	0	0	0	0	0	2.172985
762	7570	0	0	0	1	0	1.786362
763	7578	0	0	0	1	0	1.528286
764	7591	0	0	0	2	0	2.361790
765	7603	0	0	0	0	0	2.693139
766	7611	0	0	0	1	0	2.748362
767	7618	0	0	0	1	0	2.826762
768	7624	0	0	0	1	0	2.627217
769	7635	0	0	0	0	0	1.903726
770	7646	0	0	0	0	0	1.524770
771	7659	0	0	0	2	0	1.817983
772	7668	0	0	0	0	0	2.468136
773	7677	0	0	0	1	0	2.855445
774	7684	0	0	0	0	0	2.765253
775	7698	0	0	0	1	0	1.593963
776	7711	0	0	0	1	0	2.783287
777	7724	0	0	0	2	0	2.474225
778	7731	0	0	0	1	0	2.572301
779	7739	0	0	0	1	0	1.992100
780	7749	0	0	0	2	0	2.372826
781	7754	0	0	0	0	0	2.043998
782	7768	0	0	0	1	0	2.075814
783	7780	0	0	0	2	0	2.919194
784	7788	0	0	0	2	0	2.098040
785	7798	0	0	0	0	0	2.836188
786	7811	0	0	0	1	0	2.786642
787	7822	0	0	0	0	0	1.653490
788	7833	0	0	0	0	0	2.472287
789	7846	0	0	0	1	0	2.380737
790	7860	0	0	0	1	0	2.637648
791	7870	0	0	0	1	0	1.959062
792	7881	0	0	0	0	0	1.517963
793	7887	0	0	0	2	0	2.100714
794	7901	0	0	0	0	0	2.235600
795	7913	0	0	0	0	0	1.284411
796	7920	0	0	0	1	0	2.940286
797	7930	0	0	0	2	0	2.951587
798	7943	0	0	0	2	0	1.145076
799	7954	0	0	0	0	0	1.147970
800	7961	0	0	0	0	0	1.863995
801	7970	0	0	0	1	0	1.817920
802	7979	0	0	0	1	0	1.827729
803	7986	0	0	0	1	0	1.361558
804	7998	0	0	0	0	0	2.274853
805	8006	0	0	0	1	0	2.332865
806	8017	0	0	0	0	0	2.129558
807	8026	0	0	0	1	0	1.448220
808	8029	0	0	0	2	0	1.763076
809	8039	0	0	0	1	0	2.646426
810	8050	0	0	0	2	0	1.090371
811	8058	0	0	0	1	0	2.467736
812	8067	0	0	0	2	0	1.822520
813	8078	0	0	0	1	0	2.230535
814	8094	0	0	0	0	0	1.610976
815	8102	0	0	0	0	0	1.061882
816	8109	0	0	0	0	0	2.419442
817	8126	0	0	0	0	0	1.470297
818	8142	0	0	0	0	0	2.867938
819	8153	0	0	0	1	0	2.084651
820	8160	0	0	0	2	0	2.501174
821	8168	0	0	0	1	0	1.755154
822	8176	0	0	0	0	0	2.805654
823	8184	0	0	0	1	0	2.170635
824	8191	0	0	0	0	0	2.950813
825	8200	0	0	0	2	0	2.381786
826	8206	0	0	0	1	0	2.747966
827	8219	0	0	0	1	0	1.989639
828	8225	0	0	0	1	0	2.058391
829	8231	0	0	0	2	0	1.099299
830	8243	0	0	0	2	0	1.260333
831	8251	0	0	0	0	0	1.405487
832	8257	0	0	0	0	0	2.352682
833	8262	0	0	0	0	0	2.929646
834	8271	0	0	0	1	0	1.497939
835	8279	0	0	0	2	0	1.332412
836	8290	0	0	0	2	0	1.765932
837	8302	0	0	0	1	0	1.928055
838	8311	0	0	0	2	0	2.267003
839	8321	0	0	0	1	0	1.545851
840	8328	0	0	0	1	0	1.411026
841	8339	0	0	0	0	0	1.952898
842	8355	0	0	0	1	0	2.639204
843	8367	0	0	0	2	0	2.292463
844	8382	0	0	0	0	0	2.143212
845	8392	0	0	0	0	0	2.802425
846	8399	0	0	0	2	0	2.331986
847	8405	0	0	0	0	0	2.151335
848	8412	0	0	0	2	0	2.730770
849	8420	0	0	0	1	0	1.938230
850	8429	0	0	0	0	0	2.858366
851	8441	0	0	0	2	0	2.992350
852	8448	0	0	0	0	0	1.095338
853	8458	0	0	0	0	0	2.972984
854	8468	0	0	0	0	0	1.795922
855	8480	0	0	0	1	0	1.514966
856	8492	0	0	0	0	0	1.511902
857	8508	0	0	0	2	0	1.534697
858	8520	0	0	0	0	0	2.572989
859	8533	0	0	0	1	0	1.685170
860	8544	0	0	0	0	0	2.970538
861	8551	0	0	0	0	0	2.689427
862	8557	0	0	0	0	0	1.247323
863	8564	0	0	0	2	0	1.996907
864	8573	0	0	0	2	0	2.867827
865	8581	0	0	0	1	0	2.358021
866	8592	0	0	0	0	0	2.799900
867	8597	0	0	0	0	0	2.959398
868	8607	0	0	0	0	0	1.764570
869	8616	0	0	0	0	0	2.482418
870	8625	0	0	0	0	0	1.658795
871	8631	0	0	0	0	0	1.704726
872	8639	0	0	0	0	0	1.573109
873	8648	0	0	0	1	0	2.903148
874	8664	0	0	0	2	0	2.987306
875	8676	0	0	0	1	0	2.968796
876	8687	0	0	0	2	0	2.650042
877	8701	0	0	0	0	0	1.363032
878	8710	0	0	0	1	0	2.259098
879	8720	0	0	0	1	0	1.069012
880	8731	0	0	0	0	0	2.731005
881	8738	0	0	0	2	0	1.103440
882	8746	0	0	0	0	0	2.178670
883	8756	0	0	0	2	0	2.052032
884	8766	0	0	0	2	0	2.696509
885	8770	0	0	0	1	0	2.908025
886	8783	0	0	0	1	0	1.201546
887	8793	0	0	0	2	0	2.088973
888	8801	0	0	0	0	0	2.105004
889	8810	0	0	0	1	0	2.822628
890	8815	0	0	0	1	0	2.927015
891	8827	0	0	0	2	0	2.388703
892	8837	0	0	0	1	0	2.897119
893	8846	0	0	0	2	0	2.699584
894	8859	0	0	0	1	0	2.793007
895	8865	0	0	0	1	0	1.045215
896	8882	0	0	0	1	0	2.814227
897	8890	0	0	0	2	0	1.899946
898	8900	0	0	0	1	0	2.261768
899	8908	0	0	0	1	0	2.664264
900	8920	0	0	0	1	0	2.589852
901	8935	0	0	0	0	0	2.697327
902	8944	0	0	0	1	0	1.691414
903	8957	0	0	0	1	0	2.145221
904	8962	0	0	0	1	0	1.961897
905	8970	0	0	0	0	0	1.128747
906	8979	0	0	0	1	0	1.614567
907	8987	0	0	0	1	0	1.069399
908	8996	0	0	0	0	0	1.856275
909	9000	0	0	0	1	0	1.234294
910	9006	0	0	0	2	0	1.272467
911	9018	0	0	0	2	0	1.701800
912	9029	0	0	0	0	0	2.625733
913	9035	0	0	0	2	0	1.222936
914	9048	0	0	0	2	0	2.545440
915	9061	0	0	0	1	0	2.289755
916	9070	0	0	0	2	0	2.363907
917	9086	0	0	0	2	0	2.969440
918	9097	0	0	0	2	0	1.195327
919	9111	0	0	0	1	0	2.146573
920	9123	0	0	0	1	0	1.645804
921	9132	0	0	0	2	0	1.620036
922	9147	0	0	0	0	0	1.457971
923	9160	0	0	0	0	0	1.056729
924	9181	0	0	0	1	0	2.115893
925	9191	0	0	0	1	0	2.428471
926	9205	0	0	0	1	0	2.039677
927	9213	0	0	0	1	0	2.763739
928	9221	0	0	0	0	0	1.500602
929	9235	0	0	0	1	0	1.512035
930	9240	0	0	0	0	0	2.462302
931	9248	0	0	0	0	0	1.941256
932	9261	0	0	0	1	0	1.646222
933	9270	0	0	0	0	0	2.268615
934	9286	0	0	0	2	0	2.953656
935	9295	0	0	0	0	0	2.663242
936	9305	0	0	0	0	0	1.526118
937	9315	0	0	0	1	0	2.156852
938	9326	0	0	0	2	0	2.624842
939	9338	0	0	0	1	0	1.786364
940	9348	0	0	0	0	0	1.875712
941	9354	0	0	0	1	0	1.165353
942	9366	0	0	0	0	0	2.357088
943	9378	0	0	0	1	0	1.076650
944	9394	0	0	0	0	0	1.546975
945	9405	0	0	0	0	0	1.313503
946	9420	0	0	0	1	0	1.665989
947	9428	0	0	0	0	0	1.968341
948	9446	0	0	0	1	0	2.189998
949	9457	0	0	0	1	0	2.526286
950	9468	0	0	0	2	0	2.123780
951	9477	0	0	0	0	0	1.628282
952	9489	0	0	0	2	0	1.659828
953	9495	0	0	0	1	0	2.676390
954	9503	0	0	0	0	0	2.734696
955	9511	0	0	0	2	0	2.950639
956	9526	0	0	0	1	0	2.752690
957	9536	0	0	0	1	0	1.180527
958	9543	0	0	0	0	0	1.997889
959	9558	0	0	0	1	0	1.705377
960	9565	0	0	0	1	0	2.815027
961	9580	0	0	0	1	0	2.789142
962	9593	0	0	0	1	0	2.568977
963	9609	0	0	0	2	0	2.800755
964	9614	0	0	0	0	0	2.753089
965	9625	0	0	0	0	0	2.379638
966	9636	0	0	0	0	0	1.343642
967	9645	0	0	0	1	0	2.171220
968	9653	0	0	0	0	0	2.019222
969	9663	0	0	0	0	0	2.512493
970	9676	0	0	0	1	0	2.437395
971	9682	0	0	0	2	0	2.669642
972	9687	0	0	0	2	0	1.374586
973	9691	0	0	0	2	0	1.909316
974	9701	0	0	0	0	0	2.350482
975	9712	0	0	0	1	0	1.245059
976	9720	0	0	0	1	0	2.906550
977	9736	0	0	0	2	0	2.000942
978	9748	0	0	0	0	0	1.496578
979	9754	0	0	0	0	0	2.583453
980	9761	0	0	0	1	0	2.787856
981	9768	0	0	0	1	0	1.233566
982	9776	0	0	0	0	0	2.548866
983	9785	0	0	0	1	0	1.393583
984	9798	0	0	0	0	0	1.444108
985	9809	0	0	0	0	0	2.435135
986	9820	0	0	0	2	0	2.317305
987	9825	0	0	0	0	0	2.843306
988	9833	0	0	0	2	0	2.193667
989	9842	0	0	0	2	0	1.366276
990	9849	0	0	0	2	0	1.066510
991	9865	0	0	0	1	0	1.109396
992	9880	0	0	0	0	0	1.284078
993	9887	0	0	0	1	0	1.159531
994	9895	0	0	0	0	0	2.536511
995	9908	0	0	0	1	0	1.168107
996	9916	0	0	0	1	0	2.433957
997	9925	0	0	0	1	0	2.677703
998	9933	0	0	0	0	0	1.070565
999	9943	0	0	0	0	0	2.631765
