0	1	0	0	0	2	0	1.808492
1	13	0	0	0	0	0	1.274141
2	20	0	0	0	0	0	1.056078
3	29	0	0	0	0	0	2.836645
4	38	0	0	0	1	0	1.159283
5	45	0	0	0	0	0	1.231700
6	55	0	0	0	1	0	1.561283
7	64	0	0	0	2	0	1.028989
8	74	0	0	0	0	0	1.162517
9	83	0	0	0	2	0	1.710885
10	90	0	0	0	2	0	2.681866
11	95	0	0	0	0	0	2.574300
12	101	0	0	0	0	0	1.670862
13	105	0	0	0	0	0	1.487435
14	113	0	0	0	0	0	1.185988
15	123	0	0	0	1	0	1.817575
16	137	0	0	0	1	0	1.617192
17	146	0	0	0	2	0	2.170353
18	158	0	0	0	1	0	2.141225
19	169	0	0	0	0	0	2.504455
20	181	0	0	0	1	0	1.807076
21	188	0	0	0	0	0	2.521932
22	196	0	0	0	2	0	1.405637
23	206	0	0	0	0	0	2.025541
24	212	0	0	0	1	0	1.502322
25	224	0	0	0	0	0	1.190261
26	232	0	0	0	2	0	2.568766
27	239	0	0	0	2	0	1.837562
28	242	0	0	0	0	0	1.113350
29	247	0	0	0	0	0	1.237877
30	260	0	0	0	2	0	2.872346
31	269	0	0	0	2	0	2.825250
32	275	0	0	0	2	0	1.370729
33	290	0	0	0	1	0	2.564862
34	301	0	0	0	0	0	2.244293
35	309	0	0	0	2	0	2.568305
36	315	0	0	0	1	0	1.768598
37	325	0	0	0	2	0	2.406456
38	334	0	0	0	2	0	2.510868
39	342	0	0	0	0	0	2.244350
40	348	0	0	0	0	0	2.317790
41	358	0	0	0	1	0	2.413051
42	369	0	0	0	0	0	2.104436
43	380	0	0	0	2	0	2.062805
44	390	0	0	0	0	0	2.775593
45	399	0	0	0	0	0	2.428789
46	412	0	0	0	2	0	1.839968
47	422	0	0	0	1	0	1.626320
48	433	0	0	0	2	0	2.958200
49	446	0	0	0	1	0	2.976832
50	455	0	0	0	1	0	1.186670
51	467	0	0	0	2	0	2.394791
52	476	0	0	0	0	0	2.123127
53	485	0	0	0	0	0	2.777316
54	499	0	0	0	1	0	1.382897
55	508	0	0	0	2	0	2.442193
56	515	0	0	0	0	0	2.145465
57	527	0	0	0	1	0	2.061479
58	535	0	0	0	0	0	1.027797
59	541	0	0	0	0	0	1.157770
60	550	0	0	0	1	0	2.689274
61	556	0	0	0	2	0	1.494655
62	559	0	0	0	0	0	1.399164
63	568	0	0	0	0	0	2.773530
64	577	0	0	0	0	0	1.182614
65	588	0	0	0	2	0	1.870711
66	598	0	0	0	2	0	2.406124
67	607	0	0	0	1	0	1.557452
68	616	0	0	0	1	0	2.731152
69	622	0	0	0	1	0	1.438091
70	631	0	0	0	0	0	2.922619
71	636	0	0	0	1	0	2.502526
72	646	0	0	0	0	0	1.590863
73	655	0	0	0	0	0	1.292067
74	668	0	0	0	2	0	2.668942
75	679	0	0	0	0	0	1.497081
76	687	0	0	0	2	0	1.205273
77	694	0	0	0	0	0	2.633486
78	699	0	0	0	1	0	2.408040
79	710	0	0	0	0	0	2.487134
80	722	0	0	0	0	0	2.847601
81	734	0	0	0	0	0	1.676110
82	740	0	0	0	2	0	2.367453
83	756	0	0	0	2	0	2.044757
84	766	0	0	0	0	0	2.485339
85	775	0	0	0	0	0	2.072094
86	783	0	0	0	0	0	2.247216
87	796	0	0	0	0	0	2.156170
88	802	0	0	0	0	0	2.860435
89	816	0	0	0	1	0	2.387809
90	827	0	0	0	0	0	2.896060
91	832	0	0	0	0	0	2.074463
92	844	0	0	0	0	0	2.417673
93	848	0	0	0	1	0	2.324854
94	860	0	0	0	0	0	1.569536
95	871	0	0	0	1	0	2.334333
96	879	0	0	0	0	0	1.489956
97	887	0	0	0	0	0	2.442528
98	893	0	0	0	0	0	1.749503
99	900	0	0	0	0	0	1.142033
100	909	0	0	0	1	0	1.058207
101	916	0	0	0	0	0	1.420644
102	928	0	0	0	0	0	1.731871
103	936	0	0	0	0	0	2.582750
104	944	0	0	0	0	0	2.265350
105	951	0	0	0	1	0	2.448611
106	962	0	0	0	1	0	1.629616
107	969	0	0	0	0	0	2.013637
108	979	0	0	0	0	0	1.234161
109	988	0	0	0	0	0	2.699228
110	994	0	0	0	2	0	1.895970
111	1004	0	0	0	1	0	2.671991
112	1010	0	0	0	0	0	1.703398
113	1029	0	0	0	2	0	2.357646
114	1041	0	0	0	0	0	1.679491
115	1046	0	0	0	1	0	1.154272
116	1058	0	0	0	0	0	1.854084
117	1069	0	0	0	0	0	1.026142
118	1079	0	0	0	0	0	1.826616
119	1099	0	0	0	1	0	2.115942
120	1113	0	0	0	1	0	1.281927
121	1123	0	0	0	1	0	1.220633
122	1128	0	0	0	1	0	1.006521
123	1139	0	0	0	1	0	2.057264
124	1154	0	0	0	2	0	1.697717
125	1158	0	0	0	0	0	2.497415
126	1169	0	0	0	1	0	1.790691
127	1179	0	0	0	0	0	2.067499
128	1193	0	0	0	1	0	2.770369
129	1201	0	0	0	2	0	2.648803
130	1204	0	0	0	1	0	1.844835
131	1211	0	0	0	2	0	2.416671
132	1227	0	0	0	0	0	2.784955
133	1233	0	0	0	1	0	1.681559
134	1244	0	0	0	0	0	2.689234
135	1253	0	0	0	1	0	1.073328
136	1266	0	0	0	2	0	2.282453
137	1279	0	0	0	2	0	2.946224
138	1291	0	0	0	0	0	2.078279
139	1301	0	0	0	1	0	1.912779
140	1313	0	0	0	0	0	2.148951
141	1317	0	0	0	1	0	1.682767
142	1326	0	0	0	0	0	2.186215
143	1334	0	0	0	2	0	2.362695
144	1343	0	0	0	1	0	1.569853
145	1351	0	0	0	1	0	2.487177
146	1362	0	0	0	0	0	1.268942
147	1373	0	0	0	0	0	2.769231
148	1381	0	0	0	1	0	1.014186
149	1393	0	0	0	2	0	2.830424
150	1400	0	0	0	1	0	1.333884
151	1414	0	0	0	2	0	2.806495
152	1426	0	0	0	0	0	1.468890
153	1440	0	0	0	1	0	1.327588
154	1452	0	0	0	0	0	1.439855
155	1460	0	0	0	0	0	2.503408
156	1467	0	0	0	0	0	2.015661
157	1478	0	0	0	0	0	2.767306
158	1489	0	0	0	1	0	1.825842
159	1499	0	0	0	1	0	2.961636
160	1513	0	0	0	1	0	1.823494
161	1525	0	0	0	0	0	1.256249
162	1531	0	0	0	0	0	2.676573
163	1539	0	0	0	2	0	1.869421
164	1546	0	0	0	1	0	1.516352
165	1555	0	0	0	0	0	1.306600
166	1568	0	0	0	0	0	1.313493
167	1580	0	0	0	2	0	2.819483
168	1595	0	0	0	1	0	1.770794
169	1611	0	0	0	1	0	1.245705
170	1623	0	0	0	0	0	2.156997
171	1638	0	0	0	1	0	1.653619
172	1652	0	0	0	0	0	2.418338
173	1668	0	0	0	0	0	1.637370
174	1674	0	0	0	2	0	2.673411
175	1684	0	0	0	1	0	2.096312
176	1692	0	0	0	1	0	1.393252
177	1709	0	0	0	0	0	2.833172
178	1719	0	0	0	1	0	2.185304
179	1727	0	0	0	0	0	1.463834
180	1734	0	0	0	2	0	2.499187
181	1747	0	0	0	1	0	1.625245
182	1764	0	0	0	1	0	2.648505
183	1778	0	0	0	2	0	2.037856
184	1788	0	0	0	0	0	2.120886
185	1797	0	0	0	0	0	1.337451
186	1806	0	0	0	1	0	1.190959
187	1815	0	0	0	0	0	2.697070
188	1829	0	0	0	0	0	1.623092
189	1839	0	0	0	1	0	2.794865
190	1849	0	0	0	1	0	2.174026
191	1857	0	0	0	0	0	2.584069
192	1861	0	0	0	1	0	2.281242
193	1868	0	0	0	0	0	2.942118
194	1879	0	0	0	1	0	1.436118
195	1893	0	0	0	0	0	2.279594
196	1906	0	0	0	2	0	1.779146
197	1915	0	0	0	1	0	2.248267
198	1928	0	0	0	0	0	1.506439
199	1937	0	0	0	0	0	2.324456
200	1946	0	0	0	2	0	2.948025
201	1956	0	0	0	1	0	2.534142
202	1968	0	0	0	0	0	1.736424
203	1978	0	0	0	0	0	1.973211
204	1988	0	0	0	0	0	1.881873
205	2003	0	0	0	2	0	1.135820
206	2016	0	0	0	0	0	2.831365
207	2028	0	0	0	1	0	1.361759
208	2040	0	0	0	2	0	2.560174
209	2049	0	0	0	0	0	1.611915
210	2057	0	0	0	1	0	2.980816
211	2067	0	0	0	0	0	2.166064
212	2075	0	0	0	0	0	1.792903
213	2088	0	0	0	0	0	1.509840
214	2098	0	0	0	1	0	2.354729
215	2107	0	0	0	0	0	1.448458
216	2120	0	0	0	2	0	1.128477
217	2131	0	0	0	2	0	1.585746
218	2143	0	0	0	1	0	2.517335
219	2155	0	0	0	1	0	2.546336
220	2166	0	0	0	1	0	1.467614
221	2177	0	0	0	1	0	2.455196
222	2185	0	0	0	0	0	1.093151
223	2191	0	0	0	0	0	2.662720
224	2198	0	0	0	1	0	1.106023
225	2205	0	0	0	0	0	2.859178
226	2210	0	0	0	2	0	1.201779
227	2215	0	0	0	1	0	2.912973
228	2220	0	0	0	0	0	1.241025
229	2229	0	0	0	1	0	2.692374
230	2247	0	0	0	0	0	2.591477
231	2256	0	0	0	1	0	2.886360
232	2266	0	0	0	0	0	1.111163
233	2274	0	0	0	0	0	2.002311
234	2285	0	0	0	0	0	2.533016
235	2295	0	0	0	0	0	1.585151
236	2311	0	0	0	2	0	1.294534
237	2319	0	0	0	1	0	1.492531
238	2333	0	0	0	1	0	2.540901
239	2342	0	0	0	0	0	1.999817
240	2354	0	0	0	0	0	2.481196
241	2365	0	0	0	0	0	1.965854
242	2374	0	0	0	0	0	1.619854
243	2382	0	0	0	0	0	2.236099
244	2392	0	0	0	2	0	2.324430
245	2398	0	0	0	1	0	1.239575
246	2404	0	0	0	1	0	1.429992
247	2417	0	0	0	0	0	1.024158
248	2425	0	0	0	0	0	2.607819
249	2435	0	0	0	2	0	1.698309
250	2453	0	0	0	1	0	1.841965
251	2473	0	0	0	1	0	1.506401
252	2485	0	0	0	2	0	2.146813
253	2494	0	0	0	2	0	1.856352
254	2505	0	0	0	0	0	2.297738
255	2520	0	0	0	2	0	1.576995
256	2532	0	0	0	0	0	1.553302
257	2540	0	0	0	0	0	2.428436
258	2553	0	0	0	0	0	2.115372
259	2562	0	0	0	0	0	2.855133
260	2574	0	0	0	0	0	2.340094
261	2582	0	0	0	0	0	2.161733
262	2591	0	0	0	1	0	2.206408
263	2597	0	0	0	1	0	2.585283
264	2602	0	0	0	1	0	2.300669
265	2613	0	0	0	0	0	2.885583
266	2619	0	0	0	0	0	2.925174
267	2632	0	0	0	2	0	2.713978
268	2640	0	0	0	1	0	2.744525
269	2653	0	0	0	0	0	2.557715
270	2665	0	0	0	0	0	1.153365
271	2680	0	0	0	1	0	2.012672
272	2688	0	0	0	0	0	2.101489
273	2704	0	0	0	2	0	2.039671
274	2714	0	0	0	0	0	1.063315
275	2726	0	0	0	0	0	2.496854
276	2733	0	0	0	0	0	2.579861
277	2741	0	0	0	0	0	1.742329
278	2755	0	0	0	2	0	2.008417
279	2768	0	0	0	0	0	2.985943
280	2776	0	0	0	2	0	1.373215
281	2785	0	0	0	0	0	2.012200
282	2795	0	0	0	2	0	1.409298
283	2808	0	0	0	1	0	2.711322
284	2819	0	0	0	1	0	2.774624
285	2832	0	0	0	1	0	2.896943
286	2845	0	0	0	2	0	1.655273
287	2852	0	0	0	1	0	1.602917
288	2864	0	0	0	0	0	2.168311
289	2876	0	0	0	0	0	2.466826
290	2890	0	0	0	0	0	2.353595
291	2899	0	0	0	1	0	1.168713
292	2916	0	0	0	0	0	2.073913
293	2928	0	0	0	1	0	2.275601
294	2943	0	0	0	1	0	1.359060
295	2952	0	0	0	0	0	2.624960
296	2962	0	0	0	1	0	1.958883
297	2973	0	0	0	2	0	1.286003
298	2988	0	0	0	0	0	2.320298
299	2995	0	0	0	0	0	2.806294
300	3007	0	0	0	0	0	2.301703
301	3017	0	0	0	1	0	2.959893
302	3029	0	0	0	0	0	1.793534
303	3037	0	0	0	0	0	1.904116
304	3045	0	0	0	0	0	2.331310
305	3063	0	0	0	1	0	1.138432
306	3074	0	0	0	0	0	1.822334
307	3080	0	0	0	2	0	1.962879
308	3091	0	0	0	0	0	2.302394
309	3103	0	0	0	0	0	1.849298
310	3116	0	0	0	0	0	2.589532
311	3121	0	0	0	2	0	2.896313
312	3134	0	0	0	1	0	1.781840
313	3145	0	0	0	0	0	1.655411
314	3162	0	0	0	0	0	2.228351
315	3174	0	0	0	1	0	1.275281
316	3184	0	0	0	1	0	2.693147
317	3189	0	0	0	0	0	1.137221
318	3194	0	0	0	0	0	1.210420
319	3204	0	0	0	0	0	2.081056
320	3215	0	0	0	1	0	1.215954
321	3225	0	0	0	1	0	1.968709
322	3237	0	0	0	1	0	2.508036
323	3247	0	0	0	1	0	1.907847
324	3260	0	0	0	2	0	1.443742
325	3273	0	0	0	1	0	1.474782
326	3277	0	0	0	1	0	1.625926
327	3293	0	0	0	1	0	2.856059
328	3310	0	0	0	2	0	1.451183
329	3325	0	0	0	1	0	2.731596
330	3339	0	0	0	0	0	2.503592
331	3347	0	0	0	1	0	2.068874
332	3356	0	0	0	1	0	1.387335
333	3364	0	0	0	0	0	1.252508
334	3377	0	0	0	1	0	2.568510
335	3388	0	0	0	1	0	2.666652
336	3402	0	0	0	1	0	1.685363
337	3407	0	0	0	1	0	2.446980
338	3419	0	0	0	2	0	1.914381
339	3432	0	0	0	1	0	1.389960
340	3445	0	0	0	1	0	1.723015
341	3451	0	0	0	0	0	2.503079
342	3456	0	0	0	0	0	1.626464
343	3468	0	0	0	1	0	1.875010
344	3482	0	0	0	0	0	1.904129
345	3494	0	0	0	2	0	2.942170
346	3510	0	0	0	0	0	1.264416
347	3516	0	0	0	2	0	2.564013
348	3524	0	0	0	1	0	2.978182
349	3529	0	0	0	0	0	2.717344
350	3537	0	0	0	0	0	2.862553
351	3539	0	0	0	0	0	1.629765
352	3550	0	0	0	0	0	1.987688
353	3562	0	0	0	1	0	1.444359
354	3568	0	0	0	0	0	2.907623
355	3578	0	0	0	2	0	2.821224
356	3588	0	0	0	0	0	1.659942
357	3600	0	0	0	2	0	2.049704
358	3619	0	0	0	2	0	1.846569
359	3627	0	0	0	0	0	1.501720
360	3634	0	0	0	0	0	2.746752
361	3642	0	0	0	2	0	1.085256
362	3653	0	0	0	2	0	1.586108
363	3669	0	0	0	0	0	2.636640
364	3674	0	0	0	1	0	2.489363
365	3686	0	0	0	2	0	2.712785
366	3703	0	0	0	2	0	2.973559
367	3717	0	0	0	2	0	1.957049
368	3728	0	0	0	1	0	1.110234
369	3744	0	0	0	0	0	1.347495
370	3755	0	0	0	2	0	1.058793
371	3767	0	0	0	1	0	2.967143
372	3774	0	0	0	0	0	2.575624
373	3784	0	0	0	1	0	2.510700
374	3797	0	0	0	2	0	1.647381
375	3807	0	0	0	1	0	2.889796
376	3820	0	0	0	1	0	2.180115
377	3831	0	0	0	1	0	1.782753
378	3837	0	0	0	0	0	1.261724
379	3847	0	0	0	0	0	2.595208
380	3860	0	0	0	1	0	1.500550
381	3872	0	0	0	1	0	1.840303
382	3880	0	0	0	2	0	2.244232
383	3885	0	0	0	0	0	1.700025
384	3895	0	0	0	2	0	2.652041
385	3906	0	0	0	0	0	1.007903
386	3914	0	0	0	1	0	2.588835
387	3920	0	0	0	1	0	2.054781
388	3930	0	0	0	0	0	2.455443
389	3941	0	0	0	1	0	2.637392
390	3947	0	0	0	0	0	1.102348
391	3957	0	0	0	2	0	1.597061
392	3966	0	0	0	0	0	2.206788
393	3977	0	0	0	0	0	1.517637
394	3984	0	0	0	0	0	1.166249
395	3994	0	0	0	2	0	2.641985
396	4009	0	0	0	1	0	1.657632
397	4021	0	0	0	2	0	2.186748
398	4034	0	0	0	1	0	1.186383
399	4044	0	0	0	2	0	2.766769
400	4051	0	0	0	0	0	1.275402
401	4063	0	0	0	0	0	2.771076
402	4081	0	0	0	0	0	1.220934
403	4091	0	0	0	2	0	2.200600
404	4099	0	0	0	2	0	1.220774
405	4116	0	0	0	0	0	2.928837
406	4126	0	0	0	1	0	1.214585
407	4137	0	0	0	1	0	1.258131
408	4145	0	0	0	0	0	1.842230
409	4161	0	0	0	1	0	1.228605
410	4178	0	0	0	2	0	1.012464
411	4187	0	0	0	1	0	1.694357
412	4192	0	0	0	1	0	2.114588
413	4203	0	0	0	2	0	1.517388
414	4215	0	0	0	0	0	2.602782
415	4223	0	0	0	2	0	1.022812
416	4234	0	0	0	1	0	2.785379
417	4243	0	0	0	1	0	1.479319
418	4255	0	0	0	0	0	2.159413
419	4266	0	0	0	1	0	2.281104
420	4284	0	0	0	0	0	1.481783
421	4295	0	0	0	1	0	1.863799
422	4303	0	0	0	2	0	2.024212
423	4305	0	0	0	1	0	1.169810
424	4315	0	0	0	2	0	1.818231
425	4326	0	0	0	1	0	2.135724
426	4330	0	0	0	2	0	1.764273
427	4334	0	0	0	1	0	1.361512
428	4340	0	0	0	0	0	2.114189
429	4350	0	0	0	0	0	2.208687
430	4360	0	0	0	0	0	1.411773
431	4373	0	0	0	1	0	1.998851
432	4382	0	0	0	2	0	1.740997
433	4394	0	0	0	1	0	2.859145
434	4403	0	0	0	2	0	2.553894
435	4410	0	0	0	1	0	1.046019
436	4418	0	0	0	0	0	2.264357
437	4424	0	0	0	0	0	2.423493
438	4430	0	0	0	0	0	1.781557
439	4441	0	0	0	1	0	1.180781
440	4450	0	0	0	2	0	2.849768
441	4458	0	0	0	0	0	2.800983
442	4470	0	0	0	0	0	1.728782
443	4487	0	0	0	1	0	2.747754
444	4496	0	0	0	0	0	2.375285
445	4507	0	0	0	1	0	2.214159
446	4516	0	0	0	0	0	2.287187
447	4530	0	0	0	2	0	2.379749
448	4539	0	0	0	0	0	2.971164
449	4551	0	0	0	1	0	1.220846
450	4560	0	0	0	2	0	2.409898
451	4574	0	0	0	0	0	1.020104
452	4583	0	0	0	1	0	1.915261
453	4592	0	0	0	0	0	2.119583
454	4603	0	0	0	1	0	1.802879
455	4613	0	0	0	2	0	1.783380
456	4618	0	0	0	0	0	1.196810
457	4627	0	0	0	1	0	2.807442
458	4637	0	0	0	1	0	2.976789
459	4646	0	0	0	1	0	2.819040
460	4655	0	0	0	0	0	1.542882
461	4663	0	0	0	0	0	1.560088
462	4675	0	0	0	2	0	1.869509
463	4685	0	0	0	0	0	1.212143
464	4690	0	0	0	2	0	1.447134
465	4702	0	0	0	2	0	2.128377
466	4709	0	0	0	0	0	1.301891
467	4719	0	0	0	2	0	2.232032
468	4725	0	0	0	0	0	2.342294
469	4733	0	0	0	1	0	2.414233
470	4743	0	0	0	1	0	2.628631
471	4753	0	0	0	1	0	2.835255
472	4760	0	0	0	1	0	2.835090
473	4770	0	0	0	2	0	1.356917
474	4778	0	0	0	1	0	2.148489
475	4785	0	0	0	0	0	2.585093
476	4790	0	0	0	1	0	1.880886
477	4798	0	0	0	2	0	1.323055
478	4808	0	0	0	1	0	2.291349
479	4813	0	0	0	1	0	2.756933
480	4820	0	0	0	0	0	2.940652
481	4831	0	0	0	1	0	2.252405
482	4840	0	0	0	1	0	2.712295
483	4850	0	0	0	2	0	1.235584
484	4863	0	0	0	2	0	2.941854
485	4873	0	0	0	0	0	2.633984
486	4882	0	0	0	2	0	1.095354
487	4896	0	0	0	0	0	2.522773
488	4908	0	0	0	1	0	2.723683
489	4926	0	0	0	0	0	1.674873
490	4936	0	0	0	2	0	1.195383
491	4946	0	0	0	2	0	1.828096
492	4960	0	0	0	2	0	2.133099
493	4967	0	0	0	0	0	2.979902
494	4976	0	0	0	0	0	2.580647
495	4987	0	0	0	1	0	1.382470
496	4994	0	0	0	1	0	2.513747
497	5004	0	0	0	0	0	2.276369
498	5016	0	0	0	2	0	1.902369
499	5027	0	0	0	2	0	2.734041
500	5033	0	0	0	2	0	2.185616
501	5044	0	0	0	1	0	1.885728
502	5051	0	0	0	1	0	1.669630
503	5065	0	0	0	1	0	1.372412
504	5076	0	0	0	0	0	1.350992
505	5087	0	0	0	2	0	2.753859
506	5098	0	0	0	1	0	1.166105
507	5110	0	0	0	0	0	1.468616
508	5125	0	0	0	2	0	1.984446
509	5136	0	0	0	0	0	2.004945
510	5142	0	0	0	1	0	1.287045
511	5160	0	0	0	0	0	1.771398
512	5166	0	0	0	1	0	2.710410
513	5178	0	0	0	0	0	1.816375
514	5184	0	0	0	0	0	1.324877
515	5200	0	0	0	0	0	1.177770
516	5215	0	0	0	0	0	1.009038
517	5229	0	0	0	0	0	2.914034
518	5245	0	0	0	2	0	2.415531
519	5258	0	0	0	0	0	1.237211
520	5268	0	0	0	0	0	2.053948
521	5276	0	0	0	2	0	1.061123
522	5288	0	0	0	1	0	1.086834
523	5297	0	0	0	2	0	1.264180
524	5306	0	0	0	1	0	1.573061
525	5318	0	0	0	0	0	1.594126
526	5325	0	0	0	0	0	1.709844
527	5333	0	0	0	1	0	1.433961
528	5345	0	0	0	0	0	2.042848
529	5352	0	0	0	0	0	2.438874
530	5363	0	0	0	1	0	2.356079
531	5376	0	0	0	2	0	2.980079
532	5386	0	0	0	2	0	1.196603
533	5395	0	0	0	1	0	1.675279
534	5404	0	0	0	0	0	2.788521
535	5414	0	0	0	1	0	2.887320
536	5426	0	0	0	1	0	1.725535
537	5432	0	0	0	0	0	1.469272
538	5442	0	0	0	1	0	2.587146
539	5450	0	0	0	2	0	2.063603
540	5471	0	0	0	1	0	2.903589
541	5484	0	0	0	1	0	1.394148
542	5496	0	0	0	2	0	2.306679
543	5506	0	0	0	1	0	1.351591
544	5516	0	0	0	1	0	1.345261
545	5529	0	0	0	1	0	2.612566
546	5539	0	0	0	2	0	1.331276
547	5551	0	0	0	0	0	1.510429
548	5559	0	0	0	0	0	1.064059
549	5564	0	0	0	0	0	1.407698
550	5582	0	0	0	0	0	2.778557
551	5591	0	0	0	1	0	2.230582
552	5600	0	0	0	2	0	1.824898
553	5611	0	0	0	1	0	1.648339
554	5624	0	0	0	0	0	1.965084
555	5629	0	0	0	0	0	1.348194
556	5641	0	0	0	1	0	2.391796
557	5654	0	0	0	1	0	1.805732
558	5662	0	0	0	0	0	2.023964
559	5672	0	0	0	0	0	2.089340
560	5682	0	0	0	1	0	1.440735
561	5692	0	0	0	2	0	1.434227
562	5700	0	0	0	0	0	2.049896
563	5711	0	0	0	2	0	1.484342
564	5721	0	0	0	2	0	2.412847
565	5730	0	0	0	1	0	2.623930
566	5743	0	0	0	0	0	2.004910
567	5753	0	0	0	0	0	1.281324
568	5762	0	0	0	1	0	2.922442
569	5772	0	0	0	0	0	2.515410
570	5779	0	0	0	0	0	1.123833
571	5786	0	0	0	0	0	2.651299
572	5800	0	0	0	0	0	1.491955
573	5809	0	0	0	2	0	2.952481
574	5821	0	0	0	1	0	1.384468
575	5833	0	0	0	0	0	1.133176
576	5846	0	0	0	1	0	1.811172
577	5857	0	0	0	0	0	1.749732
578	5866	0	0	0	1	0	1.459283
579	5883	0	0	0	2	0	1.003886
580	5896	0	0	0	2	0	2.791238
581	5905	0	0	0	1	0	2.599896
582	5912	0	0	0	2	0	1.660442
583	5921	0	0	0	0	0	2.797775
584	5937	0	0	0	0	0	2.660232
585	5942	0	0	0	2	0	2.212898
586	5953	0	0	0	1	0	1.803967
587	5963	0	0	0	0	0	2.825234
588	5974	0	0	0	1	0	2.082432
589	5986	0	0	0	2	0	2.599524
590	5997	0	0	0	0	0	1.465850
591	6015	0	0	0	1	0	1.122145
592	6024	0	0	0	2	0	2.002637
593	6035	0	0	0	1	0	1.157221
594	6047	0	0	0	1	0	1.070240
595	6061	0	0	0	0	0	1.154541
596	6073	0	0	0	2	0	1.034053
597	6080	0	0	0	0	0	1.713687
598	6089	0	0	0	2	0	1.474766
599	6099	0	0	0	0	0	2.239732
600	6107	0	0	0	2	0	1.523995
601	6116	0	0	0	1	0	1.451389
602	6124	0	0	0	2	0	1.673212
603	6137	0	0	0	2	0	2.681420
604	6145	0	0	0	2	0	2.428493
605	6156	0	0	0	0	0	1.298901
606	6162	0	0	0	2	0	1.425819
607	6181	0	0	0	0	0	1.620419
608	6191	0	0	0	2	0	2.632433
609	6201	0	0	0	1	0	2.921145
610	6213	0	0	0	0	0	2.490439
611	6224	0	0	0	0	0	1.131554
612	6232	0	0	0	0	0	2.444386
613	6242	0	0	0	1	0	1.089378
614	6254	0	0	0	0	0	2.864303
615	6260	0	0	0	1	0	1.429396
616	6278	0	0	0	2	0	1.997552
617	6287	0	0	0	0	0	1.372740
618	6295	0	0	0	1	0	1.380195
619	6307	0	0	0	0	0	1.102347
620	6318	0	0	0	0	0	2.138722
621	6326	0	0	0	2	0	2.955168
622	6335	0	0	0	1	0	1.673831
623	6346	0	0	0	2	0	1.297347
624	6353	0	0	0	0	0	1.982938
625	6363	0	0	0	2	0	1.800843
626	6370	0	0	0	2	0	2.905602
627	6383	0	0	0	1	0	1.331268
628	6390	0	0	0	2	0	1.791529
629	6397	0	0	0	0	0	2.761150
630	6407	0	0	0	0	0	1.479863
631	6421	0	0	0	0	0	2.471662
632	6432	0	0	0	0	0	2.187938
633	6444	0	0	0	1	0	1.301901
634	6454	0	0	0	2	0	1.494971
635	6460	0	0	0	0	0	2.195641
636	6471	0	0	0	1	0	1.702813
637	6486	0	0	0	2	0	2.442306
638	6494	0	0	0	1	0	1.034539
639	6504	0	0	0	2	0	1.111944
640	6513	0	0	0	2	0	2.595668
641	6520	0	0	0	0	0	2.976149
642	6528	0	0	0	0	0	2.384941
643	6534	0	0	0	2	0	2.266431
644	6546	0	0	0	1	0	2.709996
645	6554	0	0	0	0	0	1.579941
646	6557	0	0	0	2	0	1.305660
647	6574	0	0	0	1	0	2.884705
648	6582	0	0	0	2	0	2.689818
649	6597	0	0	0	1	0	1.101192
650	6608	0	0	0	0	0	2.221174
651	6620	0	0	0	0	0	1.188487
652	6634	0	0	0	1	0	1.958297
653	6642	0	0	0	2	0	1.204436
654	6652	0	0	0	2	0	1.224252
655	6667	0	0	0	1	0	1.000681
656	6676	0	0	0	2	0	1.334567
657	6684	0	0	0	0	0	2.131512
658	6689	0	0	0	1	0	1.722784
659	6693	0	0	0	2	0	2.899912
660	6706	0	0	0	2	0	1.424047
661	6713	0	0	0	0	0	1.775050
662	6722	0	0	0	2	0	1.424585
663	6734	0	0	0	2	0	1.560589
664	6743	0	0	0	0	0	2.484963
665	6752	0	0	0	1	0	2.692677
666	6758	0	0	0	2	0	1.379374
667	6764	0	0	0	2	0	1.247866
668	6771	0	0	0	2	0	1.740460
669	6786	0	0	0	2	0	2.891694
670	6795	0	0	0	0	0	2.813512
671	6804	0	0	0	0	0	1.101583
672	6811	0	0	0	2	0	1.732054
673	6818	0	0	0	1	0	2.089867
674	6825	0	0	0	2	0	1.441454
675	6833	0	0	0	1	0	1.496810
676	6851	0	0	0	2	0	2.835876
677	6862	0	0	0	2	0	1.764313
678	6872	0	0	0	1	0	2.166825
679	6886	0	0	0	0	0	1.733230
680	6896	0	0	0	0	0	2.564720
681	6904	0	0	0	0	0	1.882470
682	6914	0	0	0	0	0	1.874966
683	6922	0	0	0	2	0	1.500505
684	6931	0	0	0	0	0	2.963525
685	6942	0	0	0	2	0	2.488277
686	6948	0	0	0	1	0	2.075441
687	6960	0	0	0	1	0	2.059585
688	6970	0	0	0	0	0	1.572222
689	6981	0	0	0	2	0	1.336135
690	6990	0	0	0	2	0	1.251237
691	7001	0	0	0	0	0	1.741575
692	7014	0	0	0	1	0	1.582198
693	7026	0	0	0	2	0	1.197691
694	7037	0	0	0	0	0	1.148645
695	7049	0	0	0	1	0	2.920020
696	7057	0	0	0	2	0	2.204494
697	7063	0	0	0	0	0	1.381442
698	7066	0	0	0	0	0	2.698730
699	7077	0	0	0	1	0	2.896817
700	7089	0	0	0	2	0	1.867397
701	7099	0	0	0	0	0	1.423982
702	7110	0	0	0	0	0	1.668155
703	7122	0	0	0	1	0	1.331969
704	7141	0	0	0	2	0	1.505293
705	7154	0	0	0	2	0	2.629580
706	7164	0	0	0	0	0	1.201641
707	7178	0	0	0	0	0	1.057351
708	7194	0	0	0	0	0	2.961024
709	7211	0	0	0	2	0	2.079484
710	7219	0	0	0	0	0	1.145962
711	7227	0	0	0	0	0	1.725177
712	7234	0	0	0	1	0	2.699599
713	7240	0	0	0	2	0	2.944193
714	7253	0	0	0	1	0	2.959465
715	7261	0	0	0	1	0	2.708941
716	7269	0	0	0	1	0	1.680896
717	7279	0	0	0	1	0	2.950772
718	7289	0	0	0	0	0	1.578153
719	7297	0	0	0	2	0	2.135262
720	7308	0	0	0	2	0	2.958234
721	7313	0	0	0	0	0	2.298306
722	7323	0	0	0	1	0	2.897052
723	7331	0	0	0	0	0	1.336670
724	7339	0	0	0	1	0	1.814851
725	7347	0	0	0	0	0	2.480240
726	7358	0	0	0	1	0	1.252857
727	7368	0	0	0	0	0	1.337197
728	7375	0	0	0	0	0	1.114701
729	7383	0	0	0	0	0	2.284099
730	7397	0	0	0	0	0	2.742209
731	7408	0	0	0	0	0	1.356425
732	7423	0	0	0	0	0	2.550731
733	7432	0	0	0	2	0	2.993281
734	7448	0	0	0	1	0	1.016044
735	7462	0	0	0	0	0	1.124314
736	7473	0	0	0	0	0	2.947670
737	7480	0	0	0	2	0	2.687754
738	7493	0	0	0	1	0	2.401916
739	7504	0	0	0	2	0	2.051180
740	7510	0	0	0	0	0	2.715030
741	7516	0	0	0	0	0	2.539428
742	7524	0	0	0	2	0	2.249552
743	7529	0	0	0	0	0	1.544999
744	7546	0	0	0	1	0	2.369964
745	7553	0	0	0	2	0	2.683912
746	7566	0	0	0	0	0	2.195783
747	7575	0	0	0	1	0	1.586473
748	7584	0	0	0	0	0	2.806753
749	7596	0	0	0	0	0	2.434778
750	7604	0	0	0	1	0	1.605809
751	7611	0	0	0	0	0	2.278081
752	7624	0	0	0	2	0	1.749898
753	7634	0	0	0	0	0	1.918314
754	7641	0	0	0	0	0	1.119998
755	7655	0	0	0	1	0	2.169799
756	7661	0	0	0	0	0	2.547960
757	7665	0	0	0	1	0	2.507336
758	7675	0	0	0	2	0	2.385125
759	7682	0	0	0	1	0	2.296028
760	7692	0	0	0	1	0	1.524144
761	7706	0	0	0	1	0	1.811682
762	7719	0	0	0	1	0	1.515066
763	7729	0	0	0	0	0	2.185028
764	7736	0	0	0	0	0	1.814850
765	7751	0	0	0	0	0	2.420575
766	7759	0	0	0	0	0	2.126518
767	7764	0	0	0	1	0	2.880350
768	7775	0	0	0	1	0	2.369825
769	7789	0	0	0	0	0	1.996858
770	7797	0	0	0	1	0	2.812631
771	7809	0	0	0	0	0	2.532172
772	7818	0	0	0	0	0	2.694911
773	7825	0	0	0	0	0	2.550400
774	7832	0	0	0	1	0	2.643637
775	7844	0	0	0	1	0	2.344588
776	7853	0	0	0	2	0	1.337163
777	7862	0	0	0	0	0	2.817147
778	7879	0	0	0	2	0	1.371011
779	7889	0	0	0	1	0	2.805509
780	7899	0	0	0	2	0	2.555419
781	7906	0	0	0	1	0	1.226550
782	7911	0	0	0	2	0	2.096983
783	7920	0	0	0	1	0	1.916616
784	7935	0	0	0	0	0	1.603763
785	7945	0	0	0	1	0	1.278423
786	7953	0	0	0	0	0	2.110395
787	7969	0	0	0	1	0	1.647638
788	7981	0	0	0	1	0	1.397488
789	7994	0	0	0	2	0	2.745071
790	8008	0	0	0	1	0	2.986416
791	8017	0	0	0	0	0	2.645666
792	8028	0	0	0	0	0	2.534503
793	8041	0	0	0	2	0	1.167994
794	8053	0	0	0	0	0	1.731165
795	8063	0	0	0	0	0	1.038867
796	8071	0	0	0	2	0	2.511675
797	8081	0	0	0	2	0	1.276108
798	8095	0	0	0	1	0	1.212514
799	8110	0	0	0	2	0	1.690721
800	8119	0	0	0	0	0	1.707585
801	8124	0	0	0	2	0	1.075738
802	8129	0	0	0	0	0	1.327353
803	8141	0	0	0	0	0	2.157340
804	8146	0	0	0	0	0	1.116099
805	8159	0	0	0	2	0	1.847268
806	8172	0	0	0	2	0	1.695435
807	8186	0	0	0	2	0	2.997762
808	8199	0	0	0	2	0	1.571398
809	8204	0	0	0	1	0	1.787352
810	8213	0	0	0	2	0	1.451135
811	8220	0	0	0	2	0	2.118164
812	8235	0	0	0	0	0	2.014990
813	8243	0	0	0	0	0	2.238595
814	8256	0	0	0	1	0	1.705594
815	8265	0	0	0	1	0	1.019752
816	8271	0	0	0	1	0	2.459490
817	8282	0	0	0	1	0	1.135205
818	8297	0	0	0	1	0	1.694533
819	8303	0	0	0	2	0	2.534963
820	8315	0	0	0	1	0	1.401565
821	8326	0	0	0	1	0	2.280756
822	8335	0	0	0	1	0	2.818201
823	8343	0	0	0	1	0	2.548403
824	8356	0	0	0	2	0	1.639358
825	8362	0	0	0	1	0	2.822229
826	8368	0	0	0	1	0	2.135883
827	8379	0	0	0	1	0	1.091997
828	8393	0	0	0	0	0	1.966678
829	8402	0	0	0	0	0	2.972440
830	8409	0	0	0	2	0	2.800004
831	8418	0	0	0	0	0	2.156955
832	8432	0	0	0	1	0	1.119032
833	8445	0	0	0	1	0	2.013587
834	8454	0	0	0	2	0	1.997960
835	8462	0	0	0	0	0	1.188249
836	8471	0	0	0	1	0	2.431723
837	8480	0	0	0	2	0	2.423816
838	8488	0	0	0	1	0	1.162291
839	8499	0	0	0	2	0	1.218546
840	8507	0	0	0	1	0	1.379933
841	8522	0	0	0	2	0	2.097587
842	8535	0	0	0	0	0	2.489672
843	8540	0	0	0	0	0	1.571178
844	8552	0	0	0	2	0	2.580700
845	8564	0	0	0	0	0	2.223832
846	8575	0	0	0	0	0	2.520325
847	8585	0	0	0	0	0	2.929670
848	8599	0	0	0	2	0	1.587072
849	8609	0	0	0	1	0	1.187064
850	8618	0	0	0	0	0	1.264608
851	8626	0	0	0	1	0	2.221270
852	8636	0	0	0	0	0	1.337804
853	8646	0	0	0	1	0	2.432412
854	8656	0	0	0	0	0	1.053497
855	8661	0	0	0	1	0	1.840417
856	8677	0	0	0	2	0	2.615400
857	8694	0	0	0	0	0	2.514330
858	8704	0	0	0	0	0	1.629204
859	8717	0	0	0	1	0	2.926700
860	8720	0	0	0	2	0	2.379259
861	8723	0	0	0	1	0	1.786885
862	8736	0	0	0	2	0	2.306533
863	8743	0	0	0	0	0	2.057236
864	8750	0	0	0	0	0	2.052580
865	8757	0	0	0	1	0	1.290526
866	8773	0	0	0	0	0	1.959322
867	8779	0	0	0	0	0	1.490690
868	8783	0	0	0	0	0	1.308448
869	8794	0	0	0	1	0	1.574887
870	8806	0	0	0	0	0	2.508552
871	8816	0	0	0	1	0	2.489376
872	8833	0	0	0	1	0	2.614946
873	8845	0	0	0	2	0	2.374934
874	8859	0	0	0	2	0	2.340518
875	8872	0	0	0	2	0	2.092398
876	8879	0	0	0	2	0	2.854406
877	8885	0	0	0	2	0	2.146866
878	8896	0	0	0	1	0	1.899449
879	8905	0	0	0	0	0	2.699228
880	8918	0	0	0	2	0	2.733265
881	8934	0	0	0	0	0	2.266169
882	8947	0	0	0	0	0	2.519211
883	8958	0	0	0	0	0	1.830194
884	8976	0	0	0	1	0	1.631530
885	8986	0	0	0	1	0	1.976719
886	8997	0	0	0	2	0	1.706175
887	9005	0	0	0	1	0	2.435301
888	9020	0	0	0	2	0	1.678426
889	9028	0	0	0	0	0	2.064753
890	9037	0	0	0	0	0	1.520983
891	9051	0	0	0	0	0	1.426377
892	9057	0	0	0	0	0	2.567817
893	9068	0	0	0	1	0	2.251839
894	9077	0	0	0	0	0	1.535678
895	9087	0	0	0	1	0	1.471914
896	9100	0	0	0	0	0	2.351073
897	9110	0	0	0	0	0	1.132478
898	9120	0	0	0	0	0	2.306817
899	9128	0	0	0	2	0	2.182540
900	9143	0	0	0	0	0	1.334532
901	9152	0	0	0	2	0	1.271346
902	9163	0	0	0	0	0	1.482357
903	9174	0	0	0	1	0	1.582512
904	9182	0	0	0	0	0	2.946743
905	9193	0	0	0	1	0	2.915570
906	9198	0	0	0	1	0	2.581390
907	9199	0	0	0	0	0	1.798609
908	9210	0	0	0	0	0	1.714094
909	9218	0	0	0	1	0	1.227293
910	9222	0	0	0	0	0	2.037434
911	9234	0	0	0	0	0	1.877783
912	9244	0	0	0	2	0	2.014507
913	9255	0	0	0	2	0	1.966819
914	9262	0	0	0	2	0	2.564912
915	9271	0	0	0	2	0	2.440315
916	9276	0	0	0	2	0	2.569749
917	9284	0	0	0	0	0	1.659387
918	9300	0	0	0	0	0	1.144532
919	9307	0	0	0	0	0	1.703609
920	9315	0	0	0	0	0	2.401371
921	9321	0	0	0	0	0	1.758800
922	9329	0	0	0	0	0	2.202274
923	9339	0	0	0	0	0	1.299611
924	9350	0	0	0	2	0	2.302648
925	9363	0	0	0	2	0	1.747064
926	9375	0	0	0	1	0	2.104772
927	9390	0	0	0	0	0	2.726846
928	9395	0	0	0	1	0	1.745765
929	9404	0	0	0	0	0	2.468344
930	9418	0	0	0	1	0	2.077124
931	9424	0	0	0	1	0	2.906637
932	9433	0	0	0	1	0	1.228231
933	9440	0	0	0	1	0	1.524261
934	9444	0	0	0	1	0	2.377240
935	9457	0	0	0	2	0	1.733912
936	9467	0	0	0	0	0	1.509844
937	9481	0	0	0	1	0	1.286429
938	9489	0	0	0	0	0	1.862275
939	9501	0	0	0	0	0	1.951477
940	9517	0	0	0	1	0	1.781327
941	9529	0	0	0	2	0	2.389259
942	9536	0	0	0	2	0	2.653056
943	9542	0	0	0	1	0	1.587226
944	9550	0	0	0	0	0	2.158586
945	9558	0	0	0	0	0	1.932050
946	9570	0	0	0	0	0	2.347933
947	9580	0	0	0	0	0	2.975982
948	9593	0	0	0	0	0	2.475586
949	9602	0	0	0	2	0	2.991277
950	9616	0	0	0	1	0	1.226665
951	9627	0	0	0	2	0	2.583119
952	9634	0	0	0	0	0	1.819439
953	9646	0	0	0	2	0	2.137901
954	9654	0	0	0	1	0	1.838115
955	9675	0	0	0	2	0	2.222728
956	9683	0	0	0	1	0	2.038803
957	9698	0	0	0	0	0	2.391114
958	9707	0	0	0	1	0	1.006507
959	9717	0	0	0	2	0	2.630746
960	9723	0	0	0	2	0	2.732175
961	9728	0	0	0	2	0	2.387918
962	9734	0	0	0	2	0	1.504612
963	9737	0	0	0	0	0	2.310489
964	9747	0	0	0	0	0	1.329809
965	9753	0	0	0	0	0	1.939813
966	9769	0	0	0	1	0	2.874412
967	9778	0	0	0	1	0	2.643452
968	9789	0	0	0	2	0	1.533360
969	9799	0	0	0	2	0	2.406413
970	9810	0	0	0	0	0	2.214087
971	9818	0	0	0	0	0	1.737710
972	9827	0	0	0	0	0	2.366540
973	9836	0	0	0	0	0	1.753633
974	9849	0	0	0	0	0	2.486215
975	9856	0	0	0	0	0	1.722872
976	9867	0	0	0	2	0	2.395655
977	9878	0	0	0	1	0	1.852495
978	9890	0	0	0	2	0	2.069376
979	9906	0	0	0	0	0	2.521882
980	9913	0	0	0	2	0	1.201292
981	9926	0	0	0	0	0	2.334271
982	9937	0	0	0	1	0	1.503936
983	9948	0	0	0	1	0	1.529728
984	9960	0	0	0	2	0	1.549548
985	9967	0	0	0	2	0	2.401509
986	9979	0	0	0	0	0	1.308341
987	9985	0	0	0	0	0	1.308846
988	9998	0	0	0	2	0	1.794138
989	10006	0	0	0	2	0	2.770725
990	10016	0	0	0	1	0	1.869353
991	10031	0	0	0	0	0	2.822196
992	10045	0	0	0	0	0	1.017172
993	10052	0	0	0	1	0	2.958894
994	10061	0	0	0	1	0	1.957851
995	10075	0	0	0	1	0	2.343851
996	10086	0	0	0	1	0	1.056708
997	10097	0	0	0	0	0	1.970833
998	10108	0	0	0	1	0	2.729679
999	10116	0	0	0	1	0	1.866605
