0	1	0	0	0	1	0	2.882503
1	14	0	0	0	0	0	2.673563
2	20	0	0	0	0	0	1.429087
3	34	0	0	0	0	0	2.987370
4	45	0	0	0	0	0	1.257374
5	53	0	0	0	1	0	1.229906
6	58	0	0	0	2	0	1.214701
7	65	0	0	0	0	0	1.347301
8	73	0	0	0	2	0	1.372623
9	84	0	0	0	2	0	2.946794
10	94	0	0	0	1	0	2.695994
11	109	0	0	0	1	0	1.586037
12	122	0	0	0	0	0	2.943776
13	131	0	0	0	2	0	2.750377
14	141	0	0	0	1	0	2.921244
15	148	0	0	0	2	0	1.785572
16	160	0	0	0	2	0	2.721003
17	171	0	0	0	0	0	1.751333
18	181	0	0	0	2	0	1.504981
19	190	0	0	0	0	0	1.648816
20	204	0	0	0	1	0	2.712835
21	212	0	0	0	2	0	1.111807
22	225	0	0	0	0	0	1.937596
23	234	0	0	0	1	0	2.463069
24	248	0	0	0	2	0	1.370970
25	260	0	0	0	0	0	2.196567
26	266	0	0	0	1	0	1.181492
27	275	0	0	0	0	0	1.294260
28	293	0	0	0	2	0	1.740969
29	303	0	0	0	0	0	2.748473
30	312	0	0	0	0	0	2.550868
31	319	0	0	0	0	0	1.030658
32	330	0	0	0	0	0	1.861406
33	336	0	0	0	1	0	1.472199
34	343	0	0	0	1	0	1.850407
35	348	0	0	0	0	0	1.253405
36	359	0	0	0	2	0	1.911098
37	369	0	0	0	1	0	2.038189
38	380	0	0	0	2	0	1.981978
39	391	0	0	0	1	0	2.115087
40	402	0	0	0	0	0	2.384312
41	409	0	0	0	2	0	2.485647
42	418	0	0	0	2	0	1.005128
43	424	0	0	0	2	0	1.886531
44	441	0	0	0	2	0	2.880233
45	455	0	0	0	1	0	1.907479
46	468	0	0	0	2	0	1.753841
47	481	0	0	0	0	0	2.140321
48	486	0	0	0	1	0	1.818253
49	496	0	0	0	2	0	1.292618
50	504	0	0	0	0	0	1.212232
51	516	0	0	0	2	0	1.289930
52	529	0	0	0	0	0	1.637519
53	538	0	0	0	0	0	1.192593
54	549	0	0	0	1	0	1.418223
55	565	0	0	0	0	0	2.685379
56	572	0	0	0	1	0	2.190628
57	584	0	0	0	1	0	2.115461
58	586	0	0	0	1	0	2.754139
59	595	0	0	0	0	0	2.847631
60	613	0	0	0	0	0	2.144409
61	620	0	0	0	0	0	2.195342
62	631	0	0	0	2	0	1.031088
63	641	0	0	0	2	0	1.513053
64	646	0	0	0	2	0	2.113435
65	657	0	0	0	0	0	1.682643
66	662	0	0	0	0	0	2.474080
67	669	0	0	0	2	0	1.398846
68	675	0	0	0	1	0	1.495129
69	685	0	0	0	2	0	1.744906
70	691	0	0	0	0	0	1.263265
71	705	0	0	0	0	0	1.434518
72	716	0	0	0	0	0	1.744314
73	725	0	0	0	1	0	2.197778
74	738	0	0	0	0	0	1.681442
75	750	0	0	0	0	0	2.075540
76	760	0	0	0	0	0	2.287549
77	769	0	0	0	2	0	1.071312
78	780	0	0	0	2	0	1.567149
79	790	0	0	0	0	0	2.593312
80	796	0	0	0	1	0	2.442422
81	810	0	0	0	0	0	1.326708
82	821	0	0	0	2	0	1.536103
83	831	0	0	0	1	0	1.708125
84	842	0	0	0	0	0	2.035366
85	852	0	0	0	1	0	2.936050
86	864	0	0	0	2	0	2.095556
87	872	0	0	0	2	0	2.704513
88	879	0	0	0	1	0	1.878381
89	893	0	0	0	2	0	1.371300
90	900	0	0	0	0	0	1.030900
91	916	0	0	0	2	0	2.001589
92	923	0	0	0	0	0	1.478711
93	929	0	0	0	1	0	1.493353
94	936	0	0	0	0	0	2.558568
95	949	0	0	0	2	0	1.787790
96	960	0	0	0	0	0	1.863662
97	975	0	0	0	1	0	2.260266
98	984	0	0	0	2	0	1.376447
99	999	0	0	0	2	0	1.707333
100	1002	0	0	0	0	0	1.997832
101	1012	0	0	0	0	0	2.511206
102	1023	0	0	0	0	0	1.681976
103	1033	0	0	0	1	0	2.254455
104	1041	0	0	0	0	0	1.426419
105	1051	0	0	0	1	0	1.879313
106	1055	0	0	0	2	0	2.688674
107	1063	0	0	0	0	0	1.142052
108	1072	0	0	0	1	0	1.310760
109	1081	0	0	0	0	0	1.761946
110	1091	0	0	0	0	0	2.088921
111	1107	0	0	0	1	0	1.734109
112	1115	0	0	0	2	0	1.024217
113	1130	0	0	0	0	0	2.495348
114	1141	0	0	0	1	0	2.855627
115	1152	0	0	0	2	0	1.140420
116	1163	0	0	0	0	0	1.285776
117	1172	0	0	0	2	0	2.387252
118	1183	0	0	0	0	0	2.149359
119	1196	0	0	0	0	0	1.450480
120	1208	0	0	0	0	0	2.661914
121	1216	0	0	0	1	0	1.814560
122	1226	0	0	0	1	0	1.910008
123	1239	0	0	0	2	0	1.426970
124	1247	0	0	0	1	0	2.858798
125	1257	0	0	0	0	0	1.764060
126	1271	0	0	0	0	0	2.930547
127	1284	0	0	0	1	0	1.221920
128	1295	0	0	0	2	0	1.898446
129	1303	0	0	0	0	0	1.336572
130	1311	0	0	0	0	0	2.243631
131	1324	0	0	0	0	0	1.617455
132	1335	0	0	0	2	0	2.969249
133	1346	0	0	0	1	0	2.980991
134	1356	0	0	0	2	0	2.907134
135	1364	0	0	0	0	0	1.174099
136	1373	0	0	0	0	0	2.661197
137	1382	0	0	0	1	0	1.057102
138	1397	0	0	0	2	0	2.503867
139	1404	0	0	0	0	0	1.312252
140	1417	0	0	0	0	0	2.244203
141	1430	0	0	0	2	0	2.388641
142	1438	0	0	0	0	0	2.479675
143	1445	0	0	0	0	0	2.541522
144	1454	0	0	0	1	0	2.069530
145	1460	0	0	0	1	0	2.919326
146	1471	0	0	0	0	0	1.231330
147	1480	0	0	0	1	0	1.291320
148	1487	0	0	0	1	0	2.486545
149	1498	0	0	0	1	0	1.966366
150	1517	0	0	0	1	0	2.181263
151	1529	0	0	0	2	0	2.793149
152	1540	0	0	0	1	0	2.616583
153	1551	0	0	0	1	0	2.561575
154	1565	0	0	0	2	0	1.055092
155	1574	0	0	0	2	0	1.955934
156	1580	0	0	0	1	0	2.028159
157	1588	0	0	0	0	0	1.202317
158	1604	0	0	0	1	0	1.700325
159	1622	0	0	0	2	0	2.420632
160	1630	0	0	0	0	0	1.699809
161	1637	0	0	0	2	0	2.781488
162	1647	0	0	0	1	0	2.283122
163	1655	0	0	0	0	0	2.173961
164	1663	0	0	0	0	0	2.434996
165	1672	0	0	0	0	0	2.973361
166	1685	0	0	0	0	0	1.963154
167	1704	0	0	0	2	0	1.065572
168	1720	0	0	0	1	0	2.337718
169	1730	0	0	0	1	0	1.283457
170	1742	0	0	0	0	0	2.215043
171	1755	0	0	0	2	0	2.376679
172	1760	0	0	0	0	0	1.157006
173	1765	0	0	0	2	0	2.035699
174	1777	0	0	0	0	0	2.554279
175	1788	0	0	0	0	0	1.782277
176	1804	0	0	0	2	0	1.639018
177	1822	0	0	0	1	0	2.355832
178	1835	0	0	0	0	0	2.224039
179	1849	0	0	0	1	0	2.730184
180	1857	0	0	0	0	0	2.840634
181	1866	0	0	0	0	0	1.736651
182	1873	0	0	0	0	0	1.211384
183	1880	0	0	0	0	0	2.881416
184	1887	0	0	0	1	0	2.308323
185	1894	0	0	0	0	0	1.547196
186	1902	0	0	0	1	0	1.553968
187	1910	0	0	0	2	0	1.356799
188	1924	0	0	0	0	0	1.158006
189	1929	0	0	0	1	0	1.657914
190	1941	0	0	0	0	0	2.277155
191	1944	0	0	0	2	0	1.715539
192	1958	0	0	0	1	0	1.754553
193	1965	0	0	0	1	0	1.677320
194	1982	0	0	0	2	0	2.657799
195	1989	0	0	0	0	0	2.130988
196	1997	0	0	0	1	0	2.070247
197	2010	0	0	0	0	0	1.438731
198	2018	0	0	0	0	0	2.302010
199	2028	0	0	0	0	0	1.997803
200	2036	0	0	0	1	0	2.809568
201	2044	0	0	0	0	0	1.952347
202	2052	0	0	0	2	0	2.802820
203	2064	0	0	0	0	0	1.517993
204	2070	0	0	0	2	0	1.133565
205	2077	0	0	0	2	0	1.203816
206	2084	0	0	0	1	0	2.511023
207	2095	0	0	0	0	0	1.694204
208	2110	0	0	0	2	0	2.109191
209	2114	0	0	0	0	0	2.980022
210	2124	0	0	0	0	0	2.036883
211	2132	0	0	0	0	0	1.120405
212	2139	0	0	0	0	0	2.967242
213	2144	0	0	0	1	0	1.788775
214	2151	0	0	0	2	0	1.466422
215	2166	0	0	0	1	0	1.308506
216	2175	0	0	0	2	0	1.862223
217	2180	0	0	0	0	0	1.681541
218	2185	0	0	0	0	0	1.123258
219	2200	0	0	0	0	0	2.345383
220	2209	0	0	0	0	0	2.005828
221	2221	0	0	0	1	0	1.381750
222	2235	0	0	0	1	0	1.188687
223	2249	0	0	0	0	0	2.181194
224	2263	0	0	0	0	0	1.036590
225	2275	0	0	0	0	0	1.412673
226	2286	0	0	0	0	0	2.440434
227	2293	0	0	0	0	0	1.190119
228	2307	0	0	0	2	0	2.100459
229	2317	0	0	0	2	0	2.473463
230	2326	0	0	0	0	0	1.306936
231	2334	0	0	0	0	0	2.410445
232	2343	0	0	0	1	0	2.736336
233	2350	0	0	0	0	0	2.087430
234	2359	0	0	0	0	0	2.981720
235	2368	0	0	0	0	0	1.552769
236	2379	0	0	0	1	0	2.004394
237	2393	0	0	0	0	0	1.847619
238	2409	0	0	0	1	0	1.776648
239	2421	0	0	0	0	0	2.900671
240	2428	0	0	0	0	0	1.199711
241	2439	0	0	0	2	0	1.710651
242	2446	0	0	0	1	0	2.553896
243	2455	0	0	0	1	0	1.696688
244	2467	0	0	0	0	0	1.927802
245	2476	0	0	0	1	0	1.713661
246	2480	0	0	0	1	0	1.362770
247	2483	0	0	0	1	0	1.737352
248	2498	0	0	0	2	0	1.518949
249	2509	0	0	0	0	0	2.830819
250	2515	0	0	0	0	0	1.018344
251	2519	0	0	0	1	0	1.087352
252	2527	0	0	0	2	0	1.419594
253	2538	0	0	0	2	0	2.203756
254	2548	0	0	0	2	0	2.621034
255	2559	0	0	0	1	0	2.708016
256	2573	0	0	0	0	0	2.877376
257	2582	0	0	0	0	0	2.569548
258	2588	0	0	0	1	0	1.974651
259	2598	0	0	0	1	0	2.193145
260	2611	0	0	0	2	0	2.698492
261	2620	0	0	0	0	0	1.797629
262	2629	0	0	0	1	0	2.901000
263	2632	0	0	0	0	0	1.744942
264	2645	0	0	0	1	0	1.416884
265	2654	0	0	0	0	0	1.898548
266	2667	0	0	0	0	0	1.742701
267	2686	0	0	0	1	0	1.953737
268	2697	0	0	0	0	0	1.379276
269	2708	0	0	0	2	0	2.795964
270	2715	0	0	0	1	0	2.104473
271	2726	0	0	0	0	0	1.504514
272	2736	0	0	0	0	0	1.706739
273	2749	0	0	0	0	0	2.265043
274	2764	0	0	0	0	0	1.876116
275	2771	0	0	0	1	0	1.467759
276	2781	0	0	0	1	0	1.753634
277	2796	0	0	0	0	0	1.096509
278	2800	0	0	0	0	0	2.233738
279	2808	0	0	0	0	0	1.684268
280	2816	0	0	0	1	0	1.278920
281	2826	0	0	0	2	0	1.036037
282	2835	0	0	0	2	0	1.042971
283	2846	0	0	0	2	0	1.719315
284	2855	0	0	0	1	0	2.268826
285	2865	0	0	0	0	0	2.312537
286	2870	0	0	0	1	0	1.558464
287	2878	0	0	0	0	0	1.883982
288	2890	0	0	0	2	0	2.858640
289	2901	0	0	0	0	0	1.457088
290	2913	0	0	0	2	0	2.872471
291	2923	0	0	0	0	0	2.803282
292	2933	0	0	0	0	0	2.047150
293	2945	0	0	0	1	0	2.505073
294	2958	0	0	0	1	0	2.921995
295	2965	0	0	0	0	0	1.714798
296	2977	0	0	0	1	0	1.782032
297	2987	0	0	0	2	0	1.866396
298	2997	0	0	0	0	0	2.921629
299	3001	0	0	0	2	0	1.327005
300	3012	0	0	0	1	0	2.878489
301	3022	0	0	0	2	0	2.680554
302	3032	0	0	0	1	0	1.237715
303	3041	0	0	0	2	0	1.256709
304	3053	0	0	0	1	0	2.002581
305	3062	0	0	0	0	0	2.351447
306	3070	0	0	0	1	0	2.771065
307	3076	0	0	0	1	0	2.015070
308	3081	0	0	0	0	0	2.179971
309	3088	0	0	0	1	0	2.499506
310	3095	0	0	0	2	0	1.657943
311	3108	0	0	0	0	0	1.934204
312	3120	0	0	0	1	0	1.364323
313	3134	0	0	0	2	0	1.991273
314	3145	0	0	0	0	0	2.534368
315	3150	0	0	0	1	0	2.262433
316	3155	0	0	0	0	0	2.488005
317	3168	0	0	0	1	0	1.769548
318	3174	0	0	0	1	0	2.991044
319	3182	0	0	0	2	0	2.011132
320	3191	0	0	0	1	0	1.286901
321	3202	0	0	0	0	0	2.690822
322	3214	0	0	0	2	0	2.026176
323	3227	0	0	0	0	0	2.340114
324	3237	0	0	0	0	0	1.137709
325	3248	0	0	0	1	0	2.340956
326	3255	0	0	0	0	0	2.664653
327	3262	0	0	0	2	0	2.890831
328	3269	0	0	0	0	0	1.885887
329	3274	0	0	0	2	0	1.571450
330	3280	0	0	0	0	0	2.274524
331	3291	0	0	0	2	0	1.873598
332	3301	0	0	0	0	0	2.049226
333	3309	0	0	0	1	0	1.039123
334	3318	0	0	0	0	0	1.099998
335	3328	0	0	0	2	0	1.234433
336	3340	0	0	0	2	0	2.793874
337	3347	0	0	0	2	0	1.549387
338	3353	0	0	0	0	0	2.516041
339	3364	0	0	0	1	0	2.873809
340	3378	0	0	0	0	0	2.122194
341	3388	0	0	0	0	0	2.919143
342	3399	0	0	0	2	0	2.198857
343	3409	0	0	0	1	0	2.325660
344	3416	0	0	0	0	0	2.290825
345	3426	0	0	0	2	0	1.628719
346	3438	0	0	0	1	0	1.601776
347	3446	0	0	0	1	0	1.697999
348	3454	0	0	0	1	0	2.686937
349	3461	0	0	0	0	0	2.559633
350	3471	0	0	0	2	0	2.327220
351	3484	0	0	0	0	0	2.276599
352	3496	0	0	0	1	0	2.098592
353	3514	0	0	0	2	0	2.819374
354	3520	0	0	0	0	0	1.779061
355	3530	0	0	0	1	0	1.115361
356	3541	0	0	0	1	0	2.169230
357	3550	0	0	0	0	0	2.605320
358	3561	0	0	0	2	0	2.314464
359	3573	0	0	0	0	0	2.182546
360	3586	0	0	0	2	0	2.781018
361	3595	0	0	0	0	0	1.384403
362	3603	0	0	0	1	0	2.866299
363	3611	0	0	0	0	0	2.275931
364	3623	0	0	0	0	0	1.652423
365	3628	0	0	0	0	0	1.095772
366	3641	0	0	0	2	0	2.840413
367	3654	0	0	0	2	0	2.680218
368	3667	0	0	0	2	0	1.164576
369	3674	0	0	0	0	0	1.809528
370	3681	0	0	0	0	0	2.488882
371	3692	0	0	0	2	0	2.324833
372	3705	0	0	0	1	0	1.236523
373	3715	0	0	0	0	0	2.422810
374	3727	0	0	0	2	0	1.209352
375	3740	0	0	0	1	0	2.886976
376	3755	0	0	0	0	0	2.084400
377	3773	0	0	0	1	0	1.403400
378	3784	0	0	0	0	0	1.541976
379	3799	0	0	0	2	0	2.187065
380	3807	0	0	0	1	0	2.898300
381	3813	0	0	0	0	0	1.002900
382	3826	0	0	0	1	0	1.777466
383	3836	0	0	0	1	0	2.320588
384	3852	0	0	0	0	0	2.451640
385	3863	0	0	0	0	0	2.949685
386	3874	0	0	0	1	0	1.930081
387	3885	0	0	0	0	0	2.562060
388	3890	0	0	0	2	0	2.450941
389	3900	0	0	0	2	0	2.911189
390	3908	0	0	0	0	0	1.125348
391	3914	0	0	0	1	0	2.874439
392	3928	0	0	0	0	0	2.542863
393	3936	0	0	0	0	0	1.996919
394	3946	0	0	0	0	0	2.512539
395	3957	0	0	0	1	0	2.742145
396	3967	0	0	0	0	0	2.781509
397	3980	0	0	0	0	0	2.471043
398	3984	0	0	0	1	0	1.490966
399	3991	0	0	0	1	0	2.005855
400	4002	0	0	0	1	0	2.825236
401	4013	0	0	0	1	0	1.437992
402	4021	0	0	0	0	0	1.168956
403	4027	0	0	0	0	0	2.254651
404	4040	0	0	0	2	0	2.117886
405	4053	0	0	0	0	0	2.968014
406	4063	0	0	0	1	0	2.692011
407	4072	0	0	0	1	0	2.374276
408	4080	0	0	0	0	0	2.418211
409	4089	0	0	0	2	0	1.365791
410	4097	0	0	0	0	0	2.404082
411	4114	0	0	0	1	0	1.431383
412	4127	0	0	0	1	0	2.450595
413	4137	0	0	0	1	0	2.239183
414	4147	0	0	0	0	0	2.117735
415	4157	0	0	0	0	0	1.537891
416	4166	0	0	0	0	0	2.449336
417	4174	0	0	0	0	0	1.782151
418	4182	0	0	0	1	0	1.098396
419	4190	0	0	0	2	0	1.849012
420	4200	0	0	0	1	0	1.945188
421	4213	0	0	0	0	0	1.512272
422	4223	0	0	0	1	0	2.424703
423	4234	0	0	0	2	0	2.225344
424	4246	0	0	0	0	0	1.911112
425	4252	0	0	0	0	0	2.994548
426	4262	0	0	0	2	0	1.217797
427	4275	0	0	0	1	0	2.362367
428	4286	0	0	0	1	0	1.899301
429	4295	0	0	0	1	0	2.319565
430	4307	0	0	0	2	0	2.629015
431	4313	0	0	0	0	0	2.652885
432	4323	0	0	0	1	0	2.829169
433	4340	0	0	0	2	0	1.326822
434	4349	0	0	0	2	0	1.400494
435	4359	0	0	0	0	0	2.168072
436	4370	0	0	0	0	0	1.597570
437	4380	0	0	0	0	0	1.380999
438	4388	0	0	0	1	0	2.892634
439	4398	0	0	0	0	0	1.550688
440	4411	0	0	0	2	0	1.720950
441	4419	0	0	0	1	0	2.807502
442	4430	0	0	0	0	0	1.241727
443	4435	0	0	0	1	0	2.474221
444	4446	0	0	0	0	0	1.744167
445	4451	0	0	0	1	0	2.169298
446	4463	0	0	0	1	0	2.287507
447	4470	0	0	0	0	0	1.548130
448	4480	0	0	0	2	0	2.733317
449	4490	0	0	0	1	0	1.941463
450	4504	0	0	0	1	0	2.021581
451	4508	0	0	0	2	0	1.918859
452	4519	0	0	0	1	0	2.145569
453	4533	0	0	0	2	0	2.126414
454	4549	0	0	0	0	0	1.086738
455	4559	0	0	0	1	0	1.937653
456	4565	0	0	0	1	0	2.673708
457	4576	0	0	0	0	0	1.512699
458	4586	0	0	0	1	0	1.816993
459	4600	0	0	0	1	0	2.485890
460	4605	0	0	0	0	0	2.838957
461	4621	0	0	0	0	0	2.505206
462	4634	0	0	0	2	0	1.137525
463	4640	0	0	0	2	0	2.565082
464	4649	0	0	0	1	0	1.114698
465	4659	0	0	0	2	0	1.186868
466	4670	0	0	0	1	0	1.949662
467	4678	0	0	0	0	0	2.000652
468	4688	0	0	0	0	0	1.720836
469	4701	0	0	0	1	0	1.002847
470	4713	0	0	0	0	0	2.397374
471	4723	0	0	0	0	0	2.625366
472	4729	0	0	0	0	0	1.494325
473	4736	0	0	0	0	0	1.245979
474	4748	0	0	0	0	0	1.354548
475	4757	0	0	0	1	0	2.564198
476	4771	0	0	0	2	0	2.044229
477	4779	0	0	0	0	0	1.082148
478	4791	0	0	0	1	0	2.226083
479	4800	0	0	0	1	0	1.209353
480	4809	0	0	0	1	0	2.973420
481	4816	0	0	0	1	0	2.539865
482	4830	0	0	0	0	0	2.827548
483	4845	0	0	0	2	0	2.982038
484	4856	0	0	0	1	0	2.129750
485	4863	0	0	0	1	0	2.357422
486	4875	0	0	0	0	0	2.602706
487	4896	0	0	0	0	0	2.539312
488	4908	0	0	0	1	0	2.679937
489	4917	0	0	0	0	0	1.841576
490	4927	0	0	0	2	0	1.510117
491	4940	0	0	0	1	0	1.524517
492	4950	0	0	0	0	0	1.389984
493	4959	0	0	0	0	0	1.244042
494	4965	0	0	0	1	0	2.651773
495	4971	0	0	0	2	0	1.727875
496	4978	0	0	0	2	0	2.659216
497	4991	0	0	0	2	0	2.395457
498	5001	0	0	0	0	0	1.937252
499	5008	0	0	0	0	0	2.005435
500	5014	0	0	0	0	0	2.602854
501	5026	0	0	0	1	0	1.126882
502	5036	0	0	0	1	0	1.202886
503	5045	0	0	0	2	0	1.325192
504	5055	0	0	0	0	0	1.739777
505	5065	0	0	0	1	0	2.801191
506	5071	0	0	0	0	0	2.073630
507	5081	0	0	0	1	0	2.601325
508	5088	0	0	0	0	0	2.466423
509	5099	0	0	0	2	0	2.895008
510	5110	0	0	0	1	0	2.096431
511	5121	0	0	0	0	0	2.044114
512	5135	0	0	0	2	0	2.277920
513	5153	0	0	0	1	0	2.625398
514	5163	0	0	0	2	0	1.068586
515	5172	0	0	0	0	0	2.737234
516	5182	0	0	0	0	0	2.988763
517	5185	0	0	0	2	0	1.425880
518	5198	0	0	0	2	0	1.587897
519	5200	0	0	0	0	0	1.154751
520	5209	0	0	0	1	0	2.968017
521	5223	0	0	0	0	0	1.537813
522	5231	0	0	0	0	0	1.388654
523	5246	0	0	0	1	0	2.910527
524	5257	0	0	0	1	0	2.347472
525	5267	0	0	0	0	0	1.351261
526	5277	0	0	0	2	0	2.649771
527	5288	0	0	0	2	0	1.902217
528	5298	0	0	0	0	0	2.504056
529	5304	0	0	0	1	0	1.392540
530	5321	0	0	0	1	0	1.573105
531	5334	0	0	0	0	0	2.648604
532	5343	0	0	0	0	0	2.745919
533	5350	0	0	0	2	0	2.067937
534	5364	0	0	0	2	0	2.939850
535	5372	0	0	0	1	0	2.101434
536	5387	0	0	0	0	0	1.353881
537	5393	0	0	0	0	0	1.770820
538	5404	0	0	0	0	0	2.953579
539	5418	0	0	0	2	0	2.368579
540	5424	0	0	0	0	0	1.910828
541	5432	0	0	0	0	0	2.676758
542	5442	0	0	0	1	0	1.710483
543	5455	0	0	0	2	0	2.289922
544	5461	0	0	0	1	0	2.040474
545	5467	0	0	0	0	0	1.030723
546	5479	0	0	0	0	0	2.997904
547	5491	0	0	0	0	0	1.930780
548	5503	0	0	0	1	0	2.255231
549	5509	0	0	0	1	0	2.559154
550	5517	0	0	0	1	0	2.997300
551	5529	0	0	0	1	0	1.537686
552	5540	0	0	0	1	0	2.718125
553	5549	0	0	0	1	0	2.927272
554	5561	0	0	0	1	0	2.075653
555	5574	0	0	0	0	0	1.510740
556	5592	0	0	0	1	0	1.583793
557	5599	0	0	0	1	0	1.944586
558	5614	0	0	0	2	0	1.495334
559	5626	0	0	0	1	0	1.740095
560	5635	0	0	0	0	0	1.071409
561	5644	0	0	0	0	0	2.062380
562	5652	0	0	0	1	0	2.361612
563	5657	0	0	0	2	0	1.715024
564	5664	0	0	0	1	0	1.190554
565	5677	0	0	0	0	0	2.728051
566	5686	0	0	0	2	0	1.428949
567	5697	0	0	0	0	0	1.647128
568	5704	0	0	0	0	0	2.153410
569	5714	0	0	0	1	0	2.901371
570	5725	0	0	0	1	0	1.259592
571	5737	0	0	0	0	0	2.138900
572	5747	0	0	0	0	0	1.216054
573	5755	0	0	0	1	0	1.201535
574	5764	0	0	0	0	0	1.385268
575	5778	0	0	0	2	0	2.807725
576	5791	0	0	0	1	0	1.499630
577	5801	0	0	0	1	0	1.458888
578	5810	0	0	0	1	0	1.616278
579	5817	0	0	0	2	0	1.227031
580	5828	0	0	0	1	0	1.850301
581	5837	0	0	0	0	0	1.483388
582	5845	0	0	0	1	0	2.663977
583	5853	0	0	0	2	0	1.110194
584	5861	0	0	0	0	0	2.749311
585	5869	0	0	0	0	0	2.656981
586	5877	0	0	0	2	0	1.343943
587	5888	0	0	0	2	0	1.393991
588	5899	0	0	0	2	0	1.751710
589	5912	0	0	0	2	0	2.912436
590	5918	0	0	0	1	0	1.616264
591	5932	0	0	0	2	0	1.934601
592	5940	0	0	0	0	0	2.929828
593	5948	0	0	0	0	0	1.963557
594	5964	0	0	0	0	0	1.750811
595	5975	0	0	0	0	0	2.482146
596	5979	0	0	0	2	0	1.885613
597	5990	0	0	0	2	0	2.390160
598	5998	0	0	0	0	0	2.642916
599	6012	0	0	0	0	0	1.797290
600	6021	0	0	0	0	0	1.754654
601	6033	0	0	0	1	0	2.774601
602	6048	0	0	0	1	0	1.996030
603	6056	0	0	0	0	0	1.634995
604	6072	0	0	0	2	0	1.893031
605	6080	0	0	0	1	0	1.155407
606	6092	0	0	0	0	0	1.229848
607	6105	0	0	0	0	0	2.615982
608	6118	0	0	0	1	0	1.772698
609	6124	0	0	0	1	0	1.316274
610	6134	0	0	0	2	0	1.473740
611	6148	0	0	0	2	0	1.095397
612	6160	0	0	0	1	0	2.664633
613	6168	0	0	0	2	0	1.845424
614	6177	0	0	0	0	0	2.747965
615	6188	0	0	0	1	0	1.121567
616	6205	0	0	0	0	0	2.623210
617	6213	0	0	0	1	0	1.596836
618	6222	0	0	0	2	0	2.436438
619	6237	0	0	0	1	0	1.893725
620	6244	0	0	0	0	0	1.881133
621	6251	0	0	0	1	0	1.014927
622	6265	0	0	0	1	0	2.229706
623	6270	0	0	0	1	0	1.455299
624	6279	0	0	0	1	0	1.655263
625	6292	0	0	0	2	0	1.580409
626	6305	0	0	0	2	0	2.712884
627	6308	0	0	0	0	0	1.938300
628	6316	0	0	0	0	0	2.646818
629	6323	0	0	0	0	0	2.481354
630	6335	0	0	0	1	0	2.239198
631	6348	0	0	0	2	0	2.675004
632	6363	0	0	0	0	0	1.563373
633	6381	0	0	0	0	0	1.900335
634	6392	0	0	0	0	0	2.320884
635	6400	0	0	0	2	0	1.718053
636	6412	0	0	0	2	0	2.247248
637	6416	0	0	0	2	0	2.138317
638	6434	0	0	0	2	0	1.007242
639	6449	0	0	0	0	0	1.626721
640	6456	0	0	0	0	0	2.313029
641	6468	0	0	0	1	0	1.539904
642	6477	0	0	0	0	0	1.402745
643	6486	0	0	0	2	0	1.566183
644	6494	0	0	0	2	0	2.875644
645	6502	0	0	0	0	0	1.079092
646	6515	0	0	0	1	0	2.298095
647	6519	0	0	0	1	0	2.155862
648	6523	0	0	0	2	0	1.249229
649	6529	0	0	0	1	0	1.014635
650	6546	0	0	0	0	0	2.345805
651	6552	0	0	0	2	0	2.123872
652	6563	0	0	0	0	0	2.363763
653	6573	0	0	0	1	0	2.295183
654	6582	0	0	0	1	0	2.373431
655	6595	0	0	0	2	0	1.253769
656	6603	0	0	0	1	0	1.516608
657	6614	0	0	0	2	0	2.874829
658	6620	0	0	0	0	0	2.266735
659	6632	0	0	0	0	0	1.339142
660	6645	0	0	0	2	0	1.573406
661	6653	0	0	0	1	0	2.208724
662	6662	0	0	0	1	0	2.920100
663	6672	0	0	0	2	0	2.270906
664	6684	0	0	0	0	0	1.161478
665	6692	0	0	0	0	0	2.912698
666	6704	0	0	0	2	0	2.242621
667	6710	0	0	0	0	0	2.398493
668	6726	0	0	0	0	0	2.518631
669	6732	0	0	0	0	0	2.610278
670	6741	0	0	0	2	0	1.300154
671	6755	0	0	0	0	0	1.901289
672	6767	0	0	0	2	0	2.953587
673	6771	0	0	0	0	0	2.859793
674	6779	0	0	0	1	0	2.186089
675	6789	0	0	0	0	0	2.808120
676	6801	0	0	0	0	0	2.804977
677	6817	0	0	0	0	0	1.474755
678	6830	0	0	0	0	0	1.973317
679	6838	0	0	0	0	0	2.549890
680	6847	0	0	0	2	0	1.219111
681	6858	0	0	0	1	0	1.326784
682	6870	0	0	0	1	0	1.996781
683	6880	0	0	0	0	0	2.592864
684	6890	0	0	0	1	0	2.410218
685	6898	0	0	0	2	0	2.822271
686	6910	0	0	0	2	0	2.082794
687	6920	0	0	0	1	0	2.708394
688	6928	0	0	0	0	0	2.573900
689	6949	0	0	0	1	0	2.946047
690	6961	0	0	0	0	0	2.163978
691	6972	0	0	0	2	0	2.801099
692	6985	0	0	0	1	0	2.066135
693	6995	0	0	0	0	0	1.879186
694	7003	0	0	0	1	0	1.511157
695	7019	0	0	0	1	0	1.123528
696	7033	0	0	0	0	0	2.628996
697	7046	0	0	0	1	0	1.270183
698	7056	0	0	0	1	0	2.445580
699	7068	0	0	0	1	0	1.673820
700	7076	0	0	0	0	0	2.565180
701	7090	0	0	0	1	0	1.419814
702	7099	0	0	0	1	0	1.139011
703	7111	0	0	0	2	0	1.676360
704	7121	0	0	0	2	0	2.891651
705	7132	0	0	0	1	0	1.970975
706	7143	0	0	0	1	0	2.722451
707	7152	0	0	0	0	0	2.951056
708	7164	0	0	0	2	0	1.131545
709	7171	0	0	0	0	0	2.237236
710	7177	0	0	0	2	0	1.818017
711	7184	0	0	0	0	0	2.093001
712	7197	0	0	0	1	0	1.388970
713	7207	0	0	0	0	0	2.702706
714	7214	0	0	0	0	0	1.627072
715	7224	0	0	0	1	0	1.572287
716	7234	0	0	0	0	0	2.360621
717	7239	0	0	0	1	0	1.074869
718	7250	0	0	0	2	0	1.423424
719	7258	0	0	0	2	0	2.980187
720	7273	0	0	0	1	0	1.691203
721	7281	0	0	0	0	0	2.720451
722	7289	0	0	0	0	0	1.869031
723	7299	0	0	0	1	0	2.203077
724	7307	0	0	0	1	0	2.601775
725	7316	0	0	0	0	0	1.576283
726	7325	0	0	0	2	0	1.250127
727	7338	0	0	0	2	0	1.252304
728	7351	0	0	0	1	0	1.852998
729	7363	0	0	0	0	0	2.497787
730	7374	0	0	0	1	0	1.860493
731	7383	0	0	0	2	0	1.506296
732	7390	0	0	0	1	0	1.855009
733	7400	0	0	0	2	0	1.045644
734	7403	0	0	0	0	0	1.754562
735	7415	0	0	0	0	0	1.873412
736	7427	0	0	0	0	0	2.373171
737	7439	0	0	0	0	0	2.976289
738	7450	0	0	0	0	0	1.633823
739	7457	0	0	0	0	0	2.477318
740	7465	0	0	0	0	0	2.744010
741	7480	0	0	0	1	0	1.251916
742	7488	0	0	0	2	0	1.094037
743	7497	0	0	0	1	0	2.659343
744	7505	0	0	0	0	0	1.650541
745	7524	0	0	0	0	0	2.694702
746	7530	0	0	0	0	0	2.364114
747	7540	0	0	0	1	0	2.019398
748	7553	0	0	0	2	0	1.735422
749	7563	0	0	0	0	0	1.935613
750	7582	0	0	0	0	0	2.600155
751	7591	0	0	0	0	0	2.420252
752	7605	0	0	0	2	0	1.116354
753	7615	0	0	0	1	0	1.557493
754	7626	0	0	0	0	0	2.946745
755	7636	0	0	0	0	0	2.885885
756	7653	0	0	0	0	0	1.951196
757	7660	0	0	0	1	0	2.392805
758	7669	0	0	0	2	0	2.463016
759	7673	0	0	0	1	0	1.014827
760	7681	0	0	0	1	0	1.546025
761	7695	0	0	0	1	0	2.917102
762	7707	0	0	0	2	0	1.634356
763	7720	0	0	0	0	0	2.552793
764	7729	0	0	0	2	0	1.718059
765	7740	0	0	0	1	0	1.884716
766	7749	0	0	0	2	0	1.926176
767	7763	0	0	0	2	0	1.215610
768	7773	0	0	0	1	0	1.729307
769	7791	0	0	0	0	0	2.101089
770	7801	0	0	0	0	0	1.808276
771	7810	0	0	0	2	0	2.594878
772	7821	0	0	0	1	0	2.712810
773	7829	0	0	0	0	0	2.256110
774	7841	0	0	0	2	0	2.884120
775	7853	0	0	0	0	0	1.247383
776	7861	0	0	0	0	0	1.040600
777	7868	0	0	0	1	0	1.627886
778	7879	0	0	0	0	0	2.028637
779	7885	0	0	0	0	0	2.978277
780	7893	0	0	0	0	0	1.412418
781	7907	0	0	0	2	0	2.931215
782	7918	0	0	0	2	0	2.954920
783	7928	0	0	0	0	0	1.599888
784	7940	0	0	0	2	0	1.423611
785	7951	0	0	0	0	0	2.372835
786	7961	0	0	0	2	0	2.333445
787	7973	0	0	0	0	0	2.256638
788	7984	0	0	0	2	0	1.535218
789	7994	0	0	0	1	0	1.632201
790	8007	0	0	0	0	0	2.562414
791	8016	0	0	0	1	0	2.871882
792	8024	0	0	0	2	0	2.477708
793	8032	0	0	0	2	0	2.014247
794	8046	0	0	0	0	0	1.034292
795	8055	0	0	0	1	0	2.255902
796	8065	0	0	0	0	0	2.563793
797	8078	0	0	0	1	0	2.884142
798	8086	0	0	0	2	0	1.432558
799	8101	0	0	0	2	0	2.938348
800	8114	0	0	0	2	0	2.502601
801	8126	0	0	0	2	0	2.933594
802	8131	0	0	0	1	0	1.826204
803	8140	0	0	0	2	0	2.893241
804	8148	0	0	0	1	0	1.390816
805	8156	0	0	0	0	0	1.203047
806	8170	0	0	0	1	0	2.577318
807	8185	0	0	0	2	0	1.554230
808	8192	0	0	0	1	0	2.761668
809	8200	0	0	0	0	0	1.228269
810	8205	0	0	0	1	0	2.932309
811	8215	0	0	0	0	0	2.286207
812	8230	0	0	0	1	0	1.221178
813	8245	0	0	0	0	0	1.692142
814	8254	0	0	0	1	0	2.298986
815	8259	0	0	0	0	0	1.465321
816	8266	0	0	0	0	0	2.563984
817	8279	0	0	0	2	0	2.928418
818	8285	0	0	0	2	0	1.815262
819	8292	0	0	0	2	0	1.759734
820	8303	0	0	0	1	0	1.394034
821	8312	0	0	0	1	0	2.280576
822	8325	0	0	0	2	0	2.291243
823	8332	0	0	0	1	0	2.903743
824	8339	0	0	0	1	0	1.132323
825	8343	0	0	0	0	0	1.011275
826	8349	0	0	0	2	0	1.796500
827	8357	0	0	0	0	0	1.051792
828	8366	0	0	0	0	0	2.661293
829	8380	0	0	0	2	0	1.057559
830	8385	0	0	0	0	0	2.178941
831	8393	0	0	0	0	0	1.528039
832	8402	0	0	0	1	0	1.038447
833	8412	0	0	0	1	0	1.536369
834	8424	0	0	0	1	0	2.915047
835	8438	0	0	0	0	0	1.565297
836	8450	0	0	0	1	0	1.690165
837	8467	0	0	0	2	0	2.866969
838	8476	0	0	0	0	0	1.649940
839	8485	0	0	0	1	0	1.800745
840	8498	0	0	0	1	0	1.547654
841	8504	0	0	0	0	0	2.822975
842	8512	0	0	0	2	0	2.912916
843	8526	0	0	0	0	0	2.038655
844	8533	0	0	0	1	0	2.892334
845	8542	0	0	0	1	0	2.772939
846	8555	0	0	0	1	0	2.145791
847	8562	0	0	0	0	0	2.574875
848	8575	0	0	0	0	0	1.988608
849	8588	0	0	0	0	0	1.202252
850	8594	0	0	0	1	0	2.975541
851	8602	0	0	0	0	0	1.702510
852	8609	0	0	0	0	0	2.663734
853	8619	0	0	0	2	0	1.150457
854	8626	0	0	0	2	0	1.066421
855	8637	0	0	0	0	0	2.543950
856	8650	0	0	0	2	0	1.594319
857	8663	0	0	0	0	0	1.014027
858	8680	0	0	0	0	0	2.854868
859	8697	0	0	0	1	0	2.778134
860	8705	0	0	0	2	0	2.841383
861	8718	0	0	0	2	0	2.223558
862	8732	0	0	0	1	0	1.452698
863	8739	0	0	0	2	0	2.567249
864	8749	0	0	0	0	0	2.103580
865	8758	0	0	0	0	0	1.976739
866	8768	0	0	0	2	0	2.752023
867	8782	0	0	0	2	0	1.119597
868	8794	0	0	0	0	0	2.946429
869	8803	0	0	0	2	0	2.882460
870	8814	0	0	0	0	0	1.728435
871	8820	0	0	0	0	0	2.032007
872	8828	0	0	0	0	0	1.616153
873	8832	0	0	0	1	0	2.393788
874	8838	0	0	0	0	0	1.403566
875	8852	0	0	0	2	0	2.537821
876	8862	0	0	0	1	0	1.569492
877	8870	0	0	0	0	0	1.644370
878	8883	0	0	0	0	0	2.337331
879	8899	0	0	0	2	0	2.636981
880	8911	0	0	0	0	0	2.745574
881	8918	0	0	0	1	0	2.638649
882	8926	0	0	0	0	0	1.018718
883	8939	0	0	0	1	0	1.549514
884	8947	0	0	0	2	0	2.381493
885	8961	0	0	0	2	0	1.581078
886	8971	0	0	0	1	0	2.692217
887	8979	0	0	0	1	0	2.309230
888	8991	0	0	0	0	0	2.446143
889	9000	0	0	0	1	0	2.957825
890	9011	0	0	0	1	0	1.622410
891	9019	0	0	0	2	0	2.281280
892	9026	0	0	0	1	0	2.157994
893	9033	0	0	0	1	0	1.705249
894	9047	0	0	0	1	0	2.490295
895	9059	0	0	0	0	0	1.616711
896	9067	0	0	0	0	0	2.061237
897	9084	0	0	0	2	0	1.575895
898	9093	0	0	0	1	0	2.280283
899	9105	0	0	0	0	0	2.120830
900	9114	0	0	0	2	0	2.979995
901	9129	0	0	0	0	0	1.586214
902	9139	0	0	0	2	0	2.971494
903	9143	0	0	0	2	0	1.751988
904	9156	0	0	0	0	0	1.321482
905	9166	0	0	0	2	0	2.083544
906	9177	0	0	0	0	0	1.575994
907	9193	0	0	0	0	0	2.368322
908	9207	0	0	0	0	0	1.104900
909	9216	0	0	0	1	0	1.123058
910	9227	0	0	0	1	0	2.059776
911	9242	0	0	0	1	0	1.660631
912	9250	0	0	0	0	0	1.564269
913	9257	0	0	0	2	0	1.789411
914	9265	0	0	0	2	0	2.885568
915	9275	0	0	0	2	0	2.234235
916	9280	0	0	0	2	0	2.416489
917	9289	0	0	0	0	0	1.124547
918	9296	0	0	0	0	0	1.667638
919	9311	0	0	0	1	0	1.491906
920	9319	0	0	0	0	0	2.555175
921	9331	0	0	0	1	0	1.479855
922	9343	0	0	0	1	0	1.547227
923	9349	0	0	0	0	0	1.915284
924	9357	0	0	0	1	0	1.289275
925	9366	0	0	0	2	0	1.159496
926	9372	0	0	0	1	0	2.142658
927	9389	0	0	0	0	0	1.299997
928	9398	0	0	0	1	0	1.207410
929	9412	0	0	0	0	0	1.145177
930	9422	0	0	0	1	0	2.234130
931	9432	0	0	0	0	0	2.454263
932	9443	0	0	0	0	0	2.391791
933	9446	0	0	0	1	0	2.018208
934	9454	0	0	0	1	0	2.085501
935	9468	0	0	0	2	0	2.915154
936	9476	0	0	0	0	0	1.590710
937	9489	0	0	0	0	0	2.688163
938	9494	0	0	0	2	0	1.575835
939	9499	0	0	0	1	0	2.358626
940	9505	0	0	0	0	0	1.159594
941	9514	0	0	0	1	0	1.038515
942	9522	0	0	0	2	0	2.656019
943	9527	0	0	0	0	0	2.576375
944	9534	0	0	0	1	0	1.588996
945	9547	0	0	0	2	0	1.579447
946	9552	0	0	0	0	0	1.781965
947	9561	0	0	0	0	0	1.613039
948	9570	0	0	0	1	0	1.197214
949	9578	0	0	0	0	0	1.202129
950	9588	0	0	0	0	0	2.119689
951	9594	0	0	0	1	0	1.505070
952	9606	0	0	0	0	0	1.838126
953	9619	0	0	0	2	0	1.666085
954	9624	0	0	0	2	0	1.904231
955	9636	0	0	0	1	0	2.841839
956	9644	0	0	0	1	0	2.638405
957	9652	0	0	0	2	0	2.436587
958	9656	0	0	0	2	0	2.536382
959	9664	0	0	0	1	0	1.145200
960	9675	0	0	0	1	0	2.408219
961	9678	0	0	0	1	0	1.559567
962	9689	0	0	0	2	0	2.053508
963	9693	0	0	0	1	0	1.281832
964	9701	0	0	0	2	0	2.262747
965	9709	0	0	0	1	0	2.081755
966	9716	0	0	0	1	0	2.654009
967	9726	0	0	0	2	0	2.570219
968	9738	0	0	0	1	0	1.518548
969	9745	0	0	0	1	0	2.074832
970	9756	0	0	0	2	0	1.597697
971	9767	0	0	0	1	0	2.246738
972	9771	0	0	0	1	0	2.060468
973	9786	0	0	0	1	0	2.694906
974	9798	0	0	0	2	0	1.726428
975	9806	0	0	0	1	0	1.744030
976	9813	0	0	0	1	0	1.327158
977	9825	0	0	0	1	0	1.257778
978	9842	0	0	0	1	0	2.148929
979	9856	0	0	0	1	0	2.197824
980	9873	0	0	0	2	0	1.606592
981	9882	0	0	0	2	0	1.494923
982	9891	0	0	0	2	0	2.367887
983	9898	0	0	0	2	0	1.063608
984	9913	0	0	0	1	0	2.248172
985	9923	0	0	0	0	0	2.825809
986	9936	0	0	0	0	0	2.638357
987	9939	0	0	0	2	0	1.324222
988	9953	0	0	0	2	0	2.319990
989	9959	0	0	0	1	0	1.162043
990	9968	0	0	0	2	0	1.995580
991	9979	0	0	0	0	0	2.228821
992	9992	0	0	0	1	0	2.421332
993	10002	0	0	0	2	0	1.626621
994	10010	0	0	0	0	0	2.126521
995	10017	0	0	0	2	0	1.183779
996	10030	0	0	0	2	0	1.880149
997	10042	0	0	0	1	0	1.869641
998	10052	0	0	0	2	0	2.722472
999	10060	0	0	0	1	0	2.957191
