0	1	0	0	0	2	0	2.725392
1	11	0	0	0	2	0	1.644957
2	19	0	0	0	1	0	1.885785
3	27	0	0	0	0	0	1.972817
4	34	0	0	0	0	0	2.402581
5	44	0	0	0	1	0	2.293149
6	54	0	0	0	2	0	1.377563
7	66	0	0	0	0	0	2.879712
8	72	0	0	0	2	0	1.850591
9	86	0	0	0	1	0	1.272901
10	94	0	0	0	1	0	2.847135
11	101	0	0	0	0	0	1.713343
12	111	0	0	0	2	0	2.952767
13	121	0	0	0	1	0	1.477615
14	129	0	0	0	1	0	1.613636
15	138	0	0	0	1	0	1.785596
16	143	0	0	0	0	0	2.715954
17	155	0	0	0	1	0	2.167529
18	167	0	0	0	0	0	1.738499
19	177	0	0	0	0	0	2.301200
20	192	0	0	0	0	0	2.048139
21	198	0	0	0	0	0	2.599667
22	205	0	0	0	0	0	1.484264
23	217	0	0	0	0	0	1.558795
24	224	0	0	0	0	0	2.443620
25	237	0	0	0	2	0	1.741776
26	248	0	0	0	2	0	2.922233
27	257	0	0	0	1	0	2.851239
28	266	0	0	0	1	0	2.881141
29	271	0	0	0	2	0	1.872936
30	282	0	0	0	1	0	2.868251
31	289	0	0	0	1	0	1.592477
32	300	0	0	0	2	0	2.690572
33	308	0	0	0	2	0	1.048320
34	316	0	0	0	2	0	1.638540
35	325	0	0	0	0	0	1.863812
36	335	0	0	0	1	0	1.017284
37	346	0	0	0	0	0	1.476520
38	352	0	0	0	1	0	1.121231
39	364	0	0	0	1	0	2.802008
40	380	0	0	0	2	0	2.791753
41	384	0	0	0	1	0	2.937600
42	391	0	0	0	0	0	1.952892
43	403	0	0	0	1	0	1.790396
44	413	0	0	0	0	0	2.927728
45	423	0	0	0	1	0	1.978524
46	436	0	0	0	1	0	1.728379
47	445	0	0	0	2	0	1.893248
48	453	0	0	0	2	0	1.640660
49	462	0	0	0	2	0	1.709112
50	471	0	0	0	0	0	1.399806
51	482	0	0	0	0	0	1.760880
52	494	0	0	0	1	0	2.392002
53	503	0	0	0	0	0	1.777434
54	516	0	0	0	1	0	2.475972
55	526	0	0	0	0	0	1.931236
56	540	0	0	0	1	0	2.885004
57	548	0	0	0	2	0	1.259507
58	559	0	0	0	1	0	2.905985
59	566	0	0	0	1	0	1.705578
60	579	0	0	0	0	0	2.531223
61	588	0	0	0	0	0	1.251170
62	607	0	0	0	2	0	2.457895
63	615	0	0	0	0	0	1.841971
64	624	0	0	0	1	0	1.451717
65	631	0	0	0	0	0	1.925674
66	639	0	0	0	1	0	2.127654
67	657	0	0	0	1	0	2.074940
68	671	0	0	0	2	0	2.244053
69	681	0	0	0	1	0	2.756222
70	692	0	0	0	0	0	1.413456
71	705	0	0	0	1	0	2.007509
72	710	0	0	0	1	0	2.475978
73	717	0	0	0	2	0	1.771757
74	729	0	0	0	0	0	2.685241
75	740	0	0	0	0	0	1.144157
76	745	0	0	0	0	0	2.127031
77	752	0	0	0	0	0	2.362240
78	769	0	0	0	2	0	2.743034
79	774	0	0	0	0	0	1.910071
80	789	0	0	0	0	0	2.572464
81	801	0	0	0	0	0	1.130019
82	812	0	0	0	1	0	2.343617
83	823	0	0	0	1	0	1.605259
84	836	0	0	0	0	0	1.692379
85	843	0	0	0	0	0	2.080949
86	853	0	0	0	0	0	1.702205
87	859	0	0	0	0	0	2.441150
88	868	0	0	0	1	0	2.557293
89	876	0	0	0	2	0	1.956618
90	890	0	0	0	0	0	1.344703
91	898	0	0	0	0	0	2.252770
92	904	0	0	0	0	0	2.931991
93	914	0	0	0	0	0	2.840260
94	927	0	0	0	0	0	2.819547
95	934	0	0	0	0	0	1.321569
96	940	0	0	0	0	0	1.272000
97	946	0	0	0	0	0	1.798494
98	963	0	0	0	2	0	1.975991
99	978	0	0	0	2	0	1.048543
100	992	0	0	0	2	0	2.772372
101	1000	0	0	0	0	0	1.560934
102	1015	0	0	0	1	0	2.421739
103	1024	0	0	0	2	0	2.830765
104	1034	0	0	0	0	0	1.559768
105	1044	0	0	0	0	0	2.293990
106	1055	0	0	0	1	0	1.177589
107	1066	0	0	0	1	0	1.337594
108	1076	0	0	0	2	0	2.136247
109	1083	0	0	0	1	0	1.316582
110	1093	0	0	0	0	0	1.788668
111	1103	0	0	0	2	0	1.124971
112	1115	0	0	0	1	0	1.455510
113	1122	0	0	0	2	0	2.123901
114	1140	0	0	0	0	0	1.735404
115	1146	0	0	0	2	0	2.982398
116	1158	0	0	0	1	0	2.945832
117	1166	0	0	0	1	0	2.327910
118	1177	0	0	0	0	0	2.569782
119	1186	0	0	0	0	0	1.228742
120	1195	0	0	0	1	0	1.261408
121	1206	0	0	0	0	0	1.012481
122	1214	0	0	0	1	0	1.734733
123	1227	0	0	0	1	0	1.360155
124	1237	0	0	0	0	0	1.729005
125	1249	0	0	0	2	0	2.660832
126	1260	0	0	0	2	0	2.477203
127	1271	0	0	0	1	0	1.450120
128	1280	0	0	0	1	0	2.378077
129	1286	0	0	0	1	0	2.237065
130	1300	0	0	0	2	0	1.075627
131	1308	0	0	0	1	0	2.666134
132	1319	0	0	0	1	0	1.569521
133	1331	0	0	0	0	0	1.207526
134	1342	0	0	0	0	0	1.410914
135	1352	0	0	0	0	0	2.739453
136	1365	0	0	0	1	0	2.487134
137	1376	0	0	0	2	0	2.831546
138	1386	0	0	0	1	0	2.110281
139	1398	0	0	0	0	0	1.459589
140	1407	0	0	0	2	0	1.196049
141	1411	0	0	0	0	0	2.108330
142	1421	0	0	0	0	0	2.321405
143	1433	0	0	0	0	0	2.290782
144	1444	0	0	0	0	0	1.140363
145	1457	0	0	0	0	0	1.605551
146	1466	0	0	0	0	0	1.668747
147	1476	0	0	0	0	0	1.275780
148	1486	0	0	0	1	0	1.754561
149	1497	0	0	0	0	0	2.674872
150	1504	0	0	0	1	0	2.265455
151	1513	0	0	0	1	0	2.787718
152	1529	0	0	0	1	0	2.254142
153	1533	0	0	0	0	0	1.399459
154	1538	0	0	0	1	0	2.583825
155	1549	0	0	0	1	0	2.536245
156	1559	0	0	0	1	0	2.917550
157	1568	0	0	0	2	0	1.204944
158	1576	0	0	0	1	0	1.848547
159	1591	0	0	0	1	0	2.226436
160	1599	0	0	0	2	0	1.575677
161	1612	0	0	0	0	0	1.971896
162	1625	0	0	0	1	0	1.081228
163	1638	0	0	0	2	0	1.473195
164	1645	0	0	0	2	0	1.355321
165	1653	0	0	0	2	0	1.138521
166	1667	0	0	0	0	0	2.562248
167	1680	0	0	0	0	0	1.113636
168	1689	0	0	0	0	0	2.624230
169	1701	0	0	0	0	0	2.204313
170	1714	0	0	0	1	0	2.313472
171	1723	0	0	0	2	0	1.147756
172	1735	0	0	0	2	0	1.815497
173	1745	0	0	0	0	0	1.638098
174	1755	0	0	0	1	0	1.906341
175	1765	0	0	0	1	0	2.760589
176	1780	0	0	0	2	0	2.806393
177	1782	0	0	0	0	0	2.712501
178	1793	0	0	0	1	0	2.754691
179	1805	0	0	0	2	0	1.687526
180	1811	0	0	0	1	0	1.185878
181	1818	0	0	0	1	0	2.515202
182	1830	0	0	0	1	0	1.463215
183	1841	0	0	0	1	0	1.284060
184	1851	0	0	0	1	0	2.377196
185	1862	0	0	0	2	0	2.326447
186	1871	0	0	0	1	0	2.668060
187	1881	0	0	0	1	0	1.319585
188	1887	0	0	0	2	0	2.485965
189	1896	0	0	0	2	0	1.015748
190	1906	0	0	0	0	0	2.135369
191	1913	0	0	0	1	0	2.420505
192	1919	0	0	0	1	0	2.843052
193	1931	0	0	0	2	0	1.484237
194	1939	0	0	0	0	0	2.817258
195	1945	0	0	0	0	0	1.197433
196	1955	0	0	0	1	0	2.763286
197	1972	0	0	0	1	0	1.077063
198	1985	0	0	0	2	0	2.252400
199	1996	0	0	0	0	0	1.913529
200	2000	0	0	0	0	0	1.264762
201	2014	0	0	0	1	0	1.619571
202	2021	0	0	0	2	0	1.125711
203	2031	0	0	0	1	0	2.598681
204	2035	0	0	0	0	0	2.676577
205	2049	0	0	0	2	0	2.265741
206	2058	0	0	0	0	0	1.126762
207	2065	0	0	0	2	0	1.066032
208	2072	0	0	0	0	0	1.796054
209	2086	0	0	0	2	0	1.071518
210	2098	0	0	0	1	0	1.579951
211	2108	0	0	0	0	0	1.507230
212	2120	0	0	0	1	0	2.368558
213	2137	0	0	0	2	0	2.627149
214	2151	0	0	0	0	0	2.567063
215	2158	0	0	0	2	0	1.565496
216	2169	0	0	0	0	0	2.948894
217	2182	0	0	0	2	0	2.385318
218	2193	0	0	0	1	0	2.194354
219	2202	0	0	0	1	0	1.861967
220	2208	0	0	0	2	0	1.403905
221	2215	0	0	0	2	0	1.955536
222	2223	0	0	0	0	0	2.937366
223	2231	0	0	0	1	0	2.192447
224	2243	0	0	0	0	0	2.205015
225	2248	0	0	0	0	0	2.792329
226	2258	0	0	0	1	0	2.151821
227	2265	0	0	0	1	0	2.046777
228	2273	0	0	0	0	0	2.554260
229	2280	0	0	0	0	0	2.926670
230	2286	0	0	0	1	0	2.077536
231	2291	0	0	0	0	0	2.271621
232	2295	0	0	0	1	0	2.128496
233	2307	0	0	0	1	0	1.773872
234	2321	0	0	0	0	0	2.806430
235	2332	0	0	0	1	0	2.902747
236	2333	0	0	0	0	0	1.328564
237	2344	0	0	0	1	0	2.210643
238	2353	0	0	0	0	0	1.615017
239	2358	0	0	0	1	0	2.337740
240	2375	0	0	0	1	0	2.450329
241	2383	0	0	0	1	0	2.532736
242	2395	0	0	0	1	0	1.092192
243	2401	0	0	0	2	0	1.497253
244	2408	0	0	0	1	0	1.375071
245	2416	0	0	0	0	0	2.292707
246	2421	0	0	0	0	0	2.815657
247	2431	0	0	0	0	0	2.892816
248	2440	0	0	0	0	0	1.909501
249	2451	0	0	0	0	0	1.060067
250	2460	0	0	0	2	0	1.206481
251	2465	0	0	0	2	0	2.752648
252	2479	0	0	0	0	0	2.654104
253	2490	0	0	0	0	0	2.848215
254	2497	0	0	0	1	0	2.527427
255	2502	0	0	0	0	0	2.896756
256	2511	0	0	0	0	0	1.748530
257	2518	0	0	0	1	0	2.234570
258	2523	0	0	0	0	0	1.401652
259	2535	0	0	0	0	0	2.804037
260	2552	0	0	0	1	0	2.368394
261	2562	0	0	0	0	0	1.172260
262	2576	0	0	0	0	0	2.487254
263	2583	0	0	0	1	0	1.441875
264	2592	0	0	0	0	0	2.809993
265	2597	0	0	0	0	0	2.398038
266	2612	0	0	0	2	0	2.108757
267	2620	0	0	0	0	0	2.270714
268	2636	0	0	0	1	0	2.094551
269	2642	0	0	0	0	0	2.195287
270	2649	0	0	0	1	0	1.910661
271	2663	0	0	0	0	0	2.691002
272	2669	0	0	0	0	0	2.069046
273	2678	0	0	0	0	0	2.136986
274	2694	0	0	0	1	0	1.392073
275	2711	0	0	0	2	0	2.209379
276	2721	0	0	0	0	0	1.881611
277	2732	0	0	0	1	0	2.224426
278	2743	0	0	0	2	0	1.130639
279	2754	0	0	0	0	0	1.509751
280	2766	0	0	0	0	0	1.421829
281	2777	0	0	0	0	0	1.073354
282	2783	0	0	0	2	0	2.216975
283	2795	0	0	0	1	0	2.506794
284	2806	0	0	0	0	0	1.791028
285	2816	0	0	0	0	0	1.597104
286	2830	0	0	0	1	0	1.821777
287	2841	0	0	0	0	0	1.213576
288	2853	0	0	0	0	0	1.007073
289	2865	0	0	0	1	0	1.603918
290	2878	0	0	0	1	0	2.808149
291	2889	0	0	0	1	0	1.988161
292	2905	0	0	0	0	0	1.316212
293	2918	0	0	0	0	0	2.279557
294	2930	0	0	0	2	0	1.320071
295	2938	0	0	0	1	0	2.247747
296	2941	0	0	0	2	0	2.460622
297	2949	0	0	0	1	0	1.067454
298	2958	0	0	0	0	0	1.338955
299	2969	0	0	0	2	0	2.369678
300	2982	0	0	0	0	0	1.354910
301	2993	0	0	0	1	0	1.205310
302	3009	0	0	0	2	0	1.611881
303	3023	0	0	0	0	0	1.643670
304	3033	0	0	0	2	0	2.437661
305	3040	0	0	0	1	0	2.385928
306	3049	0	0	0	0	0	2.697850
307	3053	0	0	0	0	0	2.255038
308	3065	0	0	0	2	0	2.281919
309	3071	0	0	0	1	0	2.909131
310	3083	0	0	0	2	0	2.646426
311	3091	0	0	0	0	0	1.915634
312	3104	0	0	0	1	0	2.790108
313	3114	0	0	0	1	0	2.486823
314	3124	0	0	0	0	0	2.512575
315	3135	0	0	0	1	0	1.658390
316	3146	0	0	0	1	0	2.521374
317	3156	0	0	0	0	0	1.923303
318	3165	0	0	0	2	0	2.077752
319	3175	0	0	0	2	0	2.991796
320	3186	0	0	0	1	0	1.269351
321	3196	0	0	0	1	0	2.718567
322	3203	0	0	0	2	0	2.327605
323	3218	0	0	0	1	0	2.412675
324	3234	0	0	0	2	0	2.253336
325	3241	0	0	0	2	0	2.169659
326	3254	0	0	0	2	0	1.409389
327	3259	0	0	0	1	0	1.433150
328	3270	0	0	0	0	0	2.308395
329	3281	0	0	0	0	0	2.374079
330	3290	0	0	0	1	0	2.999882
331	3298	0	0	0	0	0	2.540712
332	3307	0	0	0	1	0	1.201879
333	3318	0	0	0	0	0	1.595266
334	3323	0	0	0	1	0	2.364541
335	3330	0	0	0	2	0	2.947366
336	3344	0	0	0	0	0	2.729667
337	3357	0	0	0	0	0	1.409295
338	3368	0	0	0	1	0	2.241288
339	3380	0	0	0	0	0	2.507563
340	3387	0	0	0	0	0	2.117252
341	3398	0	0	0	0	0	2.716780
342	3409	0	0	0	1	0	1.221783
343	3425	0	0	0	1	0	1.422367
344	3432	0	0	0	2	0	2.805356
345	3444	0	0	0	2	0	2.883325
346	3456	0	0	0	1	0	2.314664
347	3462	0	0	0	2	0	2.620747
348	3469	0	0	0	0	0	2.724876
349	3480	0	0	0	1	0	1.704804
350	3487	0	0	0	0	0	1.552327
351	3498	0	0	0	1	0	2.536795
352	3506	0	0	0	1	0	2.376776
353	3511	0	0	0	2	0	2.399875
354	3523	0	0	0	0	0	2.018766
355	3530	0	0	0	2	0	2.486785
356	3537	0	0	0	2	0	2.973592
357	3541	0	0	0	2	0	1.888576
358	3549	0	0	0	1	0	1.664886
359	3562	0	0	0	2	0	1.610917
360	3570	0	0	0	0	0	1.100748
361	3580	0	0	0	1	0	2.134262
362	3590	0	0	0	0	0	2.252169
363	3599	0	0	0	1	0	1.656349
364	3612	0	0	0	2	0	2.942067
365	3622	0	0	0	0	0	1.473865
366	3635	0	0	0	0	0	1.199109
367	3647	0	0	0	2	0	1.847467
368	3657	0	0	0	2	0	1.828232
369	3665	0	0	0	1	0	2.382694
370	3673	0	0	0	1	0	1.018414
371	3682	0	0	0	2	0	2.852644
372	3694	0	0	0	0	0	1.602165
373	3710	0	0	0	2	0	1.488760
374	3720	0	0	0	0	0	2.934795
375	3731	0	0	0	0	0	1.745627
376	3736	0	0	0	0	0	1.804581
377	3748	0	0	0	2	0	2.426320
378	3768	0	0	0	1	0	1.231591
379	3785	0	0	0	2	0	1.945270
380	3800	0	0	0	0	0	1.272162
381	3811	0	0	0	2	0	1.764593
382	3819	0	0	0	1	0	2.959359
383	3836	0	0	0	2	0	2.233236
384	3843	0	0	0	1	0	2.986098
385	3846	0	0	0	0	0	2.236712
386	3855	0	0	0	0	0	1.471863
387	3864	0	0	0	2	0	2.665143
388	3875	0	0	0	2	0	2.705128
389	3885	0	0	0	2	0	2.256704
390	3890	0	0	0	2	0	1.930788
391	3906	0	0	0	1	0	1.828127
392	3911	0	0	0	2	0	1.082984
393	3918	0	0	0	1	0	2.947527
394	3926	0	0	0	2	0	2.078106
395	3941	0	0	0	0	0	2.416786
396	3950	0	0	0	2	0	2.437434
397	3957	0	0	0	0	0	2.339158
398	3963	0	0	0	0	0	2.969427
399	3973	0	0	0	0	0	1.156471
400	3979	0	0	0	2	0	2.282984
401	3990	0	0	0	2	0	2.367380
402	3999	0	0	0	1	0	1.262302
403	4015	0	0	0	1	0	1.569916
404	4024	0	0	0	1	0	1.778982
405	4033	0	0	0	0	0	1.824294
406	4046	0	0	0	0	0	2.451478
407	4056	0	0	0	0	0	2.465116
408	4062	0	0	0	1	0	1.291527
409	4070	0	0	0	2	0	1.162302
410	4079	0	0	0	1	0	1.022712
411	4092	0	0	0	2	0	1.144917
412	4111	0	0	0	0	0	2.293513
413	4124	0	0	0	0	0	2.427856
414	4137	0	0	0	2	0	2.781184
415	4148	0	0	0	1	0	1.339593
416	4161	0	0	0	0	0	1.339796
417	4173	0	0	0	2	0	1.253655
418	4184	0	0	0	2	0	2.746315
419	4195	0	0	0	1	0	1.522902
420	4202	0	0	0	1	0	2.840122
421	4209	0	0	0	0	0	1.628761
422	4222	0	0	0	2	0	2.716947
423	4228	0	0	0	1	0	2.187664
424	4238	0	0	0	1	0	1.988439
425	4247	0	0	0	0	0	1.197377
426	4257	0	0	0	0	0	1.231265
427	4276	0	0	0	0	0	1.527535
428	4289	0	0	0	1	0	1.425348
429	4299	0	0	0	1	0	2.894128
430	4304	0	0	0	2	0	2.090347
431	4309	0	0	0	1	0	2.296989
432	4322	0	0	0	1	0	2.881433
433	4330	0	0	0	1	0	2.105981
434	4337	0	0	0	1	0	2.540550
435	4346	0	0	0	2	0	2.964121
436	4354	0	0	0	0	0	2.200988
437	4363	0	0	0	2	0	1.702629
438	4381	0	0	0	1	0	2.934161
439	4390	0	0	0	2	0	2.187110
440	4395	0	0	0	1	0	1.623777
441	4406	0	0	0	0	0	1.266876
442	4416	0	0	0	1	0	1.261323
443	4423	0	0	0	2	0	2.900630
444	4428	0	0	0	1	0	1.612656
445	4433	0	0	0	2	0	1.178582
446	4448	0	0	0	1	0	1.938003
447	4459	0	0	0	2	0	2.230713
448	4468	0	0	0	1	0	2.310368
449	4474	0	0	0	2	0	1.923284
450	4481	0	0	0	1	0	1.592362
451	4489	0	0	0	1	0	1.157724
452	4497	0	0	0	2	0	1.248131
453	4506	0	0	0	1	0	1.580530
454	4521	0	0	0	1	0	1.342586
455	4529	0	0	0	0	0	1.522737
456	4533	0	0	0	1	0	2.318360
457	4542	0	0	0	0	0	1.960720
458	4552	0	0	0	1	0	2.977352
459	4559	0	0	0	1	0	1.793605
460	4568	0	0	0	2	0	2.303605
461	4577	0	0	0	0	0	1.597701
462	4587	0	0	0	1	0	2.972880
463	4598	0	0	0	0	0	2.310577
464	4606	0	0	0	1	0	2.716773
465	4615	0	0	0	1	0	1.732016
466	4619	0	0	0	1	0	1.320428
467	4631	0	0	0	2	0	2.682997
468	4637	0	0	0	0	0	2.522352
469	4654	0	0	0	1	0	2.772655
470	4665	0	0	0	0	0	2.621015
471	4678	0	0	0	2	0	2.691208
472	4692	0	0	0	0	0	1.250112
473	4704	0	0	0	0	0	2.559048
474	4713	0	0	0	1	0	2.518647
475	4722	0	0	0	0	0	1.741564
476	4733	0	0	0	1	0	2.406383
477	4740	0	0	0	1	0	1.451105
478	4756	0	0	0	1	0	2.106443
479	4773	0	0	0	1	0	1.682767
480	4783	0	0	0	1	0	1.103360
481	4794	0	0	0	0	0	2.960583
482	4799	0	0	0	1	0	1.412161
483	4817	0	0	0	2	0	2.706223
484	4825	0	0	0	1	0	1.423302
485	4831	0	0	0	1	0	1.905982
486	4835	0	0	0	1	0	2.677000
487	4842	0	0	0	0	0	1.054716
488	4848	0	0	0	0	0	1.999850
489	4857	0	0	0	0	0	1.489754
490	4870	0	0	0	0	0	2.318032
491	4876	0	0	0	2	0	1.788290
492	4891	0	0	0	0	0	2.498227
493	4901	0	0	0	0	0	2.420725
494	4911	0	0	0	2	0	2.866360
495	4927	0	0	0	2	0	1.551906
496	4936	0	0	0	2	0	1.209378
497	4945	0	0	0	2	0	2.159204
498	4952	0	0	0	2	0	2.084381
499	4964	0	0	0	0	0	2.507263
500	4973	0	0	0	0	0	1.200503
501	4985	0	0	0	0	0	1.785117
502	4996	0	0	0	0	0	1.952312
503	5008	0	0	0	1	0	1.952201
504	5016	0	0	0	0	0	1.343831
505	5029	0	0	0	2	0	1.645849
506	5040	0	0	0	2	0	1.599819
507	5049	0	0	0	1	0	2.612124
508	5058	0	0	0	2	0	1.133868
509	5070	0	0	0	2	0	2.271494
510	5082	0	0	0	2	0	2.707770
511	5097	0	0	0	1	0	2.546055
512	5120	0	0	0	0	0	1.746932
513	5130	0	0	0	0	0	2.722561
514	5136	0	0	0	1	0	1.179166
515	5145	0	0	0	1	0	1.540048
516	5153	0	0	0	0	0	2.711190
517	5168	0	0	0	2	0	2.369590
518	5177	0	0	0	2	0	2.569965
519	5189	0	0	0	2	0	2.312165
520	5196	0	0	0	0	0	2.085942
521	5205	0	0	0	1	0	1.209330
522	5220	0	0	0	0	0	2.470617
523	5236	0	0	0	0	0	1.368031
524	5243	0	0	0	0	0	1.322296
525	5252	0	0	0	2	0	2.199772
526	5262	0	0	0	1	0	2.552366
527	5271	0	0	0	2	0	2.589455
528	5277	0	0	0	1	0	1.470242
529	5288	0	0	0	0	0	2.279110
530	5294	0	0	0	0	0	2.523321
531	5307	0	0	0	1	0	2.403378
532	5317	0	0	0	0	0	2.704397
533	5331	0	0	0	0	0	2.378691
534	5354	0	0	0	2	0	2.378461
535	5359	0	0	0	1	0	1.047537
536	5367	0	0	0	0	0	1.031768
537	5377	0	0	0	2	0	2.930974
538	5387	0	0	0	2	0	2.357277
539	5399	0	0	0	0	0	1.444546
540	5404	0	0	0	2	0	1.464273
541	5418	0	0	0	0	0	2.124230
542	5423	0	0	0	1	0	2.970472
543	5429	0	0	0	0	0	2.749929
544	5442	0	0	0	2	0	1.185165
545	5457	0	0	0	1	0	2.455343
546	5472	0	0	0	0	0	1.100514
547	5484	0	0	0	1	0	2.831865
548	5494	0	0	0	1	0	1.018989
549	5503	0	0	0	0	0	1.231849
550	5512	0	0	0	0	0	2.782610
551	5519	0	0	0	1	0	2.757215
552	5532	0	0	0	1	0	1.364993
553	5549	0	0	0	0	0	2.076561
554	5553	0	0	0	1	0	1.259950
555	5563	0	0	0	1	0	1.237455
556	5571	0	0	0	0	0	1.208848
557	5584	0	0	0	0	0	2.726495
558	5594	0	0	0	2	0	1.379851
559	5602	0	0	0	1	0	1.639159
560	5611	0	0	0	1	0	2.783528
561	5619	0	0	0	1	0	2.336279
562	5633	0	0	0	0	0	1.700790
563	5642	0	0	0	1	0	2.581458
564	5659	0	0	0	1	0	2.356974
565	5671	0	0	0	1	0	2.405799
566	5683	0	0	0	2	0	2.775470
567	5693	0	0	0	0	0	1.497755
568	5701	0	0	0	1	0	2.503628
569	5712	0	0	0	2	0	1.150366
570	5718	0	0	0	1	0	1.882515
571	5729	0	0	0	2	0	1.164349
572	5744	0	0	0	0	0	2.120097
573	5757	0	0	0	1	0	2.720231
574	5768	0	0	0	0	0	2.714680
575	5773	0	0	0	0	0	2.288610
576	5783	0	0	0	0	0	2.897363
577	5793	0	0	0	0	0	2.641454
578	5805	0	0	0	1	0	1.352746
579	5819	0	0	0	2	0	1.050230
580	5834	0	0	0	0	0	1.965754
581	5844	0	0	0	1	0	1.881928
582	5857	0	0	0	0	0	2.555968
583	5871	0	0	0	0	0	2.352866
584	5880	0	0	0	0	0	2.349185
585	5892	0	0	0	1	0	2.804874
586	5908	0	0	0	1	0	1.957389
587	5920	0	0	0	1	0	2.015576
588	5933	0	0	0	0	0	2.705930
589	5943	0	0	0	0	0	2.408303
590	5958	0	0	0	2	0	1.761854
591	5965	0	0	0	2	0	2.550110
592	5971	0	0	0	2	0	2.109350
593	5977	0	0	0	1	0	1.140364
594	5991	0	0	0	1	0	1.224612
595	5995	0	0	0	0	0	1.719067
596	6013	0	0	0	1	0	2.029529
597	6025	0	0	0	0	0	1.931467
598	6033	0	0	0	2	0	1.922636
599	6041	0	0	0	0	0	1.506663
600	6053	0	0	0	0	0	2.833915
601	6063	0	0	0	1	0	2.786907
602	6073	0	0	0	2	0	1.529988
603	6078	0	0	0	0	0	2.183256
604	6084	0	0	0	0	0	2.466940
605	6093	0	0	0	1	0	2.095722
606	6106	0	0	0	1	0	2.358211
607	6119	0	0	0	0	0	1.151772
608	6129	0	0	0	0	0	2.117856
609	6139	0	0	0	2	0	1.609212
610	6149	0	0	0	2	0	1.676069
611	6160	0	0	0	0	0	1.284181
612	6167	0	0	0	2	0	1.315476
613	6175	0	0	0	0	0	1.325923
614	6193	0	0	0	0	0	2.668386
615	6204	0	0	0	0	0	2.692053
616	6221	0	0	0	0	0	1.201796
617	6227	0	0	0	0	0	1.155004
618	6234	0	0	0	1	0	1.567254
619	6246	0	0	0	1	0	2.144474
620	6258	0	0	0	0	0	2.294969
621	6267	0	0	0	1	0	2.780591
622	6280	0	0	0	1	0	1.151451
623	6287	0	0	0	0	0	2.516898
624	6293	0	0	0	2	0	1.017296
625	6302	0	0	0	0	0	2.877257
626	6309	0	0	0	0	0	2.815849
627	6319	0	0	0	0	0	1.862601
628	6327	0	0	0	0	0	2.948980
629	6333	0	0	0	1	0	2.997621
630	6345	0	0	0	2	0	2.515187
631	6356	0	0	0	1	0	1.335595
632	6371	0	0	0	2	0	1.245752
633	6379	0	0	0	1	0	2.775645
634	6389	0	0	0	2	0	1.108530
635	6403	0	0	0	2	0	1.711348
636	6409	0	0	0	2	0	1.679821
637	6417	0	0	0	0	0	2.372158
638	6430	0	0	0	1	0	1.940133
639	6444	0	0	0	2	0	1.501601
640	6457	0	0	0	0	0	1.665774
641	6467	0	0	0	0	0	1.108722
642	6474	0	0	0	1	0	2.114626
643	6482	0	0	0	2	0	2.998961
644	6499	0	0	0	1	0	2.087652
645	6511	0	0	0	2	0	1.049083
646	6518	0	0	0	0	0	1.575308
647	6530	0	0	0	1	0	1.868122
648	6535	0	0	0	2	0	2.082531
649	6547	0	0	0	0	0	2.785786
650	6556	0	0	0	1	0	1.122363
651	6571	0	0	0	0	0	2.387230
652	6579	0	0	0	2	0	2.360979
653	6592	0	0	0	2	0	1.195060
654	6599	0	0	0	0	0	2.406372
655	6610	0	0	0	0	0	2.012208
656	6620	0	0	0	0	0	1.889828
657	6632	0	0	0	0	0	1.855080
658	6643	0	0	0	1	0	2.770565
659	6657	0	0	0	2	0	2.585264
660	6670	0	0	0	2	0	1.296796
661	6680	0	0	0	0	0	2.420350
662	6693	0	0	0	0	0	2.291519
663	6698	0	0	0	2	0	1.156057
664	6712	0	0	0	0	0	2.789608
665	6717	0	0	0	1	0	1.300701
666	6722	0	0	0	0	0	1.400686
667	6735	0	0	0	0	0	1.769383
668	6743	0	0	0	1	0	1.778952
669	6751	0	0	0	1	0	2.369523
670	6759	0	0	0	1	0	2.042699
671	6766	0	0	0	0	0	1.464253
672	6776	0	0	0	0	0	2.742908
673	6785	0	0	0	0	0	2.993288
674	6790	0	0	0	0	0	2.214356
675	6802	0	0	0	1	0	1.493762
676	6811	0	0	0	0	0	2.880590
677	6821	0	0	0	2	0	2.950148
678	6830	0	0	0	0	0	2.570557
679	6840	0	0	0	2	0	2.824350
680	6847	0	0	0	1	0	1.497312
681	6858	0	0	0	2	0	2.711805
682	6869	0	0	0	2	0	1.855060
683	6877	0	0	0	0	0	2.288058
684	6887	0	0	0	1	0	2.205857
685	6902	0	0	0	0	0	1.014829
686	6916	0	0	0	0	0	1.727183
687	6921	0	0	0	1	0	1.232748
688	6934	0	0	0	2	0	2.386602
689	6946	0	0	0	1	0	2.959311
690	6951	0	0	0	1	0	2.536139
691	6959	0	0	0	2	0	1.413881
692	6971	0	0	0	0	0	1.012889
693	6975	0	0	0	0	0	2.624680
694	6983	0	0	0	1	0	2.405313
695	6990	0	0	0	0	0	2.144394
696	6997	0	0	0	1	0	2.142625
697	7009	0	0	0	1	0	2.800692
698	7015	0	0	0	0	0	2.887979
699	7026	0	0	0	0	0	1.183436
700	7036	0	0	0	2	0	1.056588
701	7045	0	0	0	2	0	1.550132
702	7055	0	0	0	0	0	1.128323
703	7064	0	0	0	2	0	1.534068
704	7080	0	0	0	1	0	2.760654
705	7087	0	0	0	2	0	2.022438
706	7097	0	0	0	0	0	1.813181
707	7113	0	0	0	0	0	2.013474
708	7122	0	0	0	0	0	2.573463
709	7130	0	0	0	2	0	1.063706
710	7140	0	0	0	1	0	1.308553
711	7151	0	0	0	0	0	1.805316
712	7161	0	0	0	1	0	2.265800
713	7168	0	0	0	2	0	1.545064
714	7184	0	0	0	2	0	2.931167
715	7195	0	0	0	1	0	1.629965
716	7203	0	0	0	0	0	1.656287
717	7216	0	0	0	2	0	1.737317
718	7229	0	0	0	1	0	2.105802
719	7239	0	0	0	2	0	2.148345
720	7253	0	0	0	1	0	1.824255
721	7259	0	0	0	2	0	2.669672
722	7271	0	0	0	2	0	1.098477
723	7281	0	0	0	1	0	1.123558
724	7295	0	0	0	0	0	2.369597
725	7304	0	0	0	0	0	2.241904
726	7320	0	0	0	0	0	1.884875
727	7332	0	0	0	2	0	2.441133
728	7342	0	0	0	0	0	1.711372
729	7354	0	0	0	2	0	1.583569
730	7362	0	0	0	0	0	2.241161
731	7368	0	0	0	1	0	1.740735
732	7376	0	0	0	2	0	2.632424
733	7390	0	0	0	2	0	1.044550
734	7397	0	0	0	0	0	1.511183
735	7408	0	0	0	1	0	1.792976
736	7418	0	0	0	0	0	2.912367
737	7428	0	0	0	0	0	1.682538
738	7446	0	0	0	0	0	1.116963
739	7453	0	0	0	1	0	2.789104
740	7473	0	0	0	1	0	2.762667
741	7488	0	0	0	0	0	1.346206
742	7496	0	0	0	0	0	1.345036
743	7506	0	0	0	0	0	2.024957
744	7519	0	0	0	1	0	1.931033
745	7524	0	0	0	0	0	2.994431
746	7535	0	0	0	0	0	1.845116
747	7544	0	0	0	1	0	1.139374
748	7553	0	0	0	0	0	1.614522
749	7562	0	0	0	0	0	2.376363
750	7577	0	0	0	1	0	2.573240
751	7587	0	0	0	2	0	1.029409
752	7599	0	0	0	2	0	1.414542
753	7613	0	0	0	0	0	1.827116
754	7625	0	0	0	2	0	2.390689
755	7638	0	0	0	0	0	2.474857
756	7645	0	0	0	0	0	1.321525
757	7656	0	0	0	1	0	1.815568
758	7669	0	0	0	1	0	1.398119
759	7682	0	0	0	1	0	2.780550
760	7695	0	0	0	0	0	2.546429
761	7704	0	0	0	0	0	1.936918
762	7714	0	0	0	1	0	1.692751
763	7727	0	0	0	0	0	1.446352
764	7736	0	0	0	2	0	1.242272
765	7743	0	0	0	1	0	1.591694
766	7755	0	0	0	0	0	1.287592
767	7767	0	0	0	2	0	2.242335
768	7774	0	0	0	1	0	1.138459
769	7789	0	0	0	0	0	2.092927
770	7795	0	0	0	0	0	2.894844
771	7803	0	0	0	1	0	1.306876
772	7818	0	0	0	1	0	1.675229
773	7831	0	0	0	0	0	2.344938
774	7844	0	0	0	1	0	2.340960
775	7862	0	0	0	1	0	2.594329
776	7874	0	0	0	1	0	1.099475
777	7881	0	0	0	1	0	2.701515
778	7894	0	0	0	1	0	1.539823
779	7900	0	0	0	1	0	2.228920
780	7908	0	0	0	0	0	2.145170
781	7916	0	0	0	2	0	2.861813
782	7924	0	0	0	0	0	2.408258
783	7938	0	0	0	2	0	1.199047
784	7954	0	0	0	1	0	2.061296
785	7962	0	0	0	2	0	2.385694
786	7971	0	0	0	0	0	1.647098
787	7984	0	0	0	0	0	2.167032
788	7992	0	0	0	0	0	2.761066
789	8005	0	0	0	0	0	1.827318
790	8013	0	0	0	1	0	1.146339
791	8019	0	0	0	1	0	2.264555
792	8025	0	0	0	1	0	2.118887
793	8031	0	0	0	1	0	1.402083
794	8048	0	0	0	1	0	2.560498
795	8055	0	0	0	0	0	1.836403
796	8064	0	0	0	0	0	1.821492
797	8071	0	0	0	2	0	2.803358
798	8079	0	0	0	0	0	2.024334
799	8095	0	0	0	2	0	1.622881
800	8111	0	0	0	1	0	2.691924
801	8126	0	0	0	1	0	1.126309
802	8131	0	0	0	1	0	1.232911
803	8143	0	0	0	1	0	1.686960
804	8150	0	0	0	2	0	1.833392
805	8162	0	0	0	2	0	1.013168
806	8172	0	0	0	2	0	2.820616
807	8178	0	0	0	2	0	1.355211
808	8190	0	0	0	2	0	2.318469
809	8196	0	0	0	1	0	2.250213
810	8211	0	0	0	1	0	2.379362
811	8217	0	0	0	0	0	1.851087
812	8228	0	0	0	1	0	2.527201
813	8244	0	0	0	0	0	1.815962
814	8248	0	0	0	1	0	1.916416
815	8257	0	0	0	1	0	1.889859
816	8269	0	0	0	2	0	1.121985
817	8280	0	0	0	2	0	2.259892
818	8289	0	0	0	2	0	2.470613
819	8292	0	0	0	1	0	1.515212
820	8296	0	0	0	0	0	2.221010
821	8305	0	0	0	1	0	2.734344
822	8315	0	0	0	2	0	2.319770
823	8322	0	0	0	2	0	2.096174
824	8328	0	0	0	0	0	2.465640
825	8333	0	0	0	0	0	2.988664
826	8347	0	0	0	2	0	2.501651
827	8356	0	0	0	2	0	1.826092
828	8361	0	0	0	0	0	2.765345
829	8374	0	0	0	1	0	2.343745
830	8386	0	0	0	0	0	1.184171
831	8393	0	0	0	1	0	2.978549
832	8405	0	0	0	2	0	1.853187
833	8413	0	0	0	2	0	2.040997
834	8421	0	0	0	2	0	2.228939
835	8434	0	0	0	2	0	1.250404
836	8447	0	0	0	0	0	1.118560
837	8454	0	0	0	1	0	1.654024
838	8461	0	0	0	0	0	1.212005
839	8470	0	0	0	2	0	1.110975
840	8480	0	0	0	2	0	2.601146
841	8493	0	0	0	2	0	1.061879
842	8502	0	0	0	2	0	1.344261
843	8512	0	0	0	0	0	2.975495
844	8520	0	0	0	2	0	2.771540
845	8527	0	0	0	2	0	1.648814
846	8537	0	0	0	2	0	2.497174
847	8547	0	0	0	0	0	1.438606
848	8558	0	0	0	0	0	1.733003
849	8570	0	0	0	1	0	2.850976
850	8582	0	0	0	1	0	1.307738
851	8591	0	0	0	2	0	2.324300
852	8605	0	0	0	2	0	1.635006
853	8617	0	0	0	0	0	2.559625
854	8628	0	0	0	0	0	2.194331
855	8637	0	0	0	0	0	2.004765
856	8652	0	0	0	1	0	1.979591
857	8669	0	0	0	2	0	1.620460
858	8682	0	0	0	0	0	1.753464
859	8695	0	0	0	2	0	2.143948
860	8701	0	0	0	0	0	2.135658
861	8712	0	0	0	1	0	1.912765
862	8722	0	0	0	1	0	1.453816
863	8732	0	0	0	2	0	1.612001
864	8736	0	0	0	0	0	1.428315
865	8748	0	0	0	2	0	2.131699
866	8759	0	0	0	2	0	1.972555
867	8774	0	0	0	2	0	1.069445
868	8777	0	0	0	0	0	2.076391
869	8788	0	0	0	0	0	1.205399
870	8799	0	0	0	1	0	2.567445
871	8808	0	0	0	0	0	1.763673
872	8820	0	0	0	0	0	2.855963
873	8824	0	0	0	2	0	2.188576
874	8834	0	0	0	1	0	1.737006
875	8842	0	0	0	0	0	1.272795
876	8854	0	0	0	2	0	1.444755
877	8861	0	0	0	2	0	1.750061
878	8875	0	0	0	2	0	2.627320
879	8887	0	0	0	0	0	2.809533
880	8893	0	0	0	1	0	2.147678
881	8902	0	0	0	0	0	2.949491
882	8916	0	0	0	1	0	2.539272
883	8929	0	0	0	0	0	1.552029
884	8938	0	0	0	0	0	1.547384
885	8947	0	0	0	2	0	1.719669
886	8958	0	0	0	2	0	1.073650
887	8968	0	0	0	2	0	2.588918
888	8980	0	0	0	1	0	2.885931
889	8990	0	0	0	0	0	2.718154
890	8998	0	0	0	1	0	1.229535
891	9008	0	0	0	2	0	1.555732
892	9018	0	0	0	2	0	2.609510
893	9027	0	0	0	2	0	2.844685
894	9037	0	0	0	2	0	2.873258
895	9052	0	0	0	0	0	1.123544
896	9062	0	0	0	0	0	2.727242
897	9071	0	0	0	1	0	2.656907
898	9085	0	0	0	1	0	2.981983
899	9099	0	0	0	2	0	2.778863
900	9112	0	0	0	0	0	2.252944
901	9129	0	0	0	1	0	2.971672
902	9138	0	0	0	0	0	1.698720
903	9148	0	0	0	2	0	2.290052
904	9152	0	0	0	2	0	1.934242
905	9158	0	0	0	2	0	1.368298
906	9168	0	0	0	0	0	2.865015
907	9173	0	0	0	0	0	2.869147
908	9179	0	0	0	2	0	2.130756
909	9188	0	0	0	0	0	2.277161
910	9196	0	0	0	1	0	1.117897
911	9201	0	0	0	0	0	1.800640
912	9212	0	0	0	0	0	2.274881
913	9222	0	0	0	0	0	2.079893
914	9235	0	0	0	2	0	1.767704
915	9248	0	0	0	0	0	1.885699
916	9255	0	0	0	1	0	1.153545
917	9266	0	0	0	1	0	1.644893
918	9279	0	0	0	2	0	2.948660
919	9297	0	0	0	0	0	2.950778
920	9304	0	0	0	1	0	1.369401
921	9317	0	0	0	0	0	2.434064
922	9328	0	0	0	0	0	2.700500
923	9333	0	0	0	0	0	1.778219
924	9346	0	0	0	2	0	1.511905
925	9358	0	0	0	1	0	1.774817
926	9370	0	0	0	1	0	2.690497
927	9386	0	0	0	2	0	1.986189
928	9396	0	0	0	0	0	1.318797
929	9408	0	0	0	0	0	2.670307
930	9419	0	0	0	1	0	1.819579
931	9427	0	0	0	1	0	2.019560
932	9439	0	0	0	1	0	1.241921
933	9446	0	0	0	1	0	2.185382
934	9454	0	0	0	1	0	2.139996
935	9464	0	0	0	0	0	2.040005
936	9471	0	0	0	1	0	2.253707
937	9483	0	0	0	1	0	2.646116
938	9494	0	0	0	0	0	1.086382
939	9510	0	0	0	2	0	2.705258
940	9522	0	0	0	2	0	2.779908
941	9534	0	0	0	2	0	1.428227
942	9545	0	0	0	1	0	1.450855
943	9554	0	0	0	2	0	2.122674
944	9563	0	0	0	0	0	2.523575
945	9568	0	0	0	0	0	1.421265
946	9574	0	0	0	0	0	1.701440
947	9585	0	0	0	0	0	1.517646
948	9592	0	0	0	2	0	1.514776
949	9600	0	0	0	0	0	1.641488
950	9609	0	0	0	2	0	1.848562
951	9617	0	0	0	1	0	2.505398
952	9627	0	0	0	0	0	1.046061
953	9639	0	0	0	1	0	1.171050
954	9642	0	0	0	0	0	1.658585
955	9654	0	0	0	0	0	1.020571
956	9660	0	0	0	0	0	2.031824
957	9671	0	0	0	0	0	2.382842
958	9680	0	0	0	0	0	1.059814
959	9695	0	0	0	1	0	2.381537
960	9705	0	0	0	0	0	2.018319
961	9715	0	0	0	0	0	2.789738
962	9729	0	0	0	2	0	1.715354
963	9737	0	0	0	0	0	1.037089
964	9745	0	0	0	2	0	1.940324
965	9755	0	0	0	2	0	1.565055
966	9762	0	0	0	0	0	2.951289
967	9772	0	0	0	0	0	1.352730
968	9781	0	0	0	2	0	2.415496
969	9793	0	0	0	1	0	2.225968
970	9807	0	0	0	1	0	2.489405
971	9820	0	0	0	2	0	2.985714
972	9828	0	0	0	1	0	2.143124
973	9835	0	0	0	2	0	2.412488
974	9847	0	0	0	0	0	2.916481
975	9857	0	0	0	1	0	1.178679
976	9868	0	0	0	1	0	1.620345
977	9878	0	0	0	2	0	2.942920
978	9891	0	0	0	2	0	1.664049
979	9901	0	0	0	2	0	2.298509
980	9920	0	0	0	0	0	1.487787
981	9929	0	0	0	0	0	2.080447
982	9944	0	0	0	0	0	1.581886
983	9960	0	0	0	1	0	2.038165
984	9980	0	0	0	1	0	1.620335
985	9991	0	0	0	2	0	2.986981
986	10003	0	0	0	0	0	2.158673
987	10006	0	0	0	0	0	2.167234
988	10018	0	0	0	1	0	2.395508
989	10030	0	0	0	2	0	2.903308
990	10038	0	0	0	1	0	1.072171
991	10050	0	0	0	2	0	1.920416
992	10070	0	0	0	0	0	1.237780
993	10081	0	0	0	0	0	1.739619
994	10091	0	0	0	0	0	1.463020
995	10100	0	0	0	1	0	1.348307
996	10106	0	0	0	0	0	1.960536
997	10114	0	0	0	2	0	1.250994
998	10122	0	0	0	1	0	1.572413
999	10138	0	0	0	0	0	2.340288
