0	1	0	0	0	1	0	2.513187
1	13	0	0	0	1	0	1.759893
2	24	0	0	0	2	0	2.661935
3	30	0	0	0	1	0	1.323299
4	38	0	0	0	1	0	1.434298
5	54	0	0	0	0	0	2.234434
6	62	0	0	0	2	0	2.086891
7	72	0	0	0	1	0	2.394682
8	82	0	0	0	0	0	2.011986
9	96	0	0	0	0	0	2.019414
10	104	0	0	0	2	0	2.943255
11	117	0	0	0	1	0	2.075830
12	128	0	0	0	0	0	1.138309
13	137	0	0	0	0	0	2.629208
14	146	0	0	0	0	0	2.562916
15	158	0	0	0	1	0	1.014167
16	171	0	0	0	0	0	1.303889
17	179	0	0	0	0	0	1.952007
18	191	0	0	0	1	0	2.614686
19	198	0	0	0	0	0	1.817382
20	206	0	0	0	0	0	2.772057
21	217	0	0	0	0	0	2.252072
22	230	0	0	0	2	0	2.622103
23	247	0	0	0	0	0	2.844151
24	256	0	0	0	2	0	1.271635
25	269	0	0	0	0	0	1.273750
26	284	0	0	0	0	0	2.384268
27	293	0	0	0	2	0	1.024363
28	305	0	0	0	2	0	2.843714
29	311	0	0	0	2	0	1.838317
30	320	0	0	0	1	0	1.366162
31	337	0	0	0	1	0	2.940436
32	347	0	0	0	2	0	1.321031
33	358	0	0	0	0	0	2.169883
34	361	0	0	0	0	0	1.810292
35	366	0	0	0	1	0	2.676555
36	382	0	0	0	2	0	2.003106
37	392	0	0	0	1	0	2.876836
38	397	0	0	0	1	0	2.692428
39	407	0	0	0	2	0	2.461866
40	414	0	0	0	1	0	1.204566
41	420	0	0	0	1	0	2.863781
42	425	0	0	0	0	0	2.515342
43	439	0	0	0	2	0	2.297557
44	448	0	0	0	1	0	1.839636
45	459	0	0	0	0	0	2.704494
46	476	0	0	0	1	0	2.906299
47	488	0	0	0	2	0	2.748940
48	501	0	0	0	0	0	1.184423
49	513	0	0	0	0	0	1.827436
50	517	0	0	0	1	0	1.495360
51	527	0	0	0	2	0	1.960253
52	539	0	0	0	2	0	2.474185
53	553	0	0	0	2	0	2.659262
54	559	0	0	0	2	0	2.359633
55	570	0	0	0	0	0	1.846933
56	583	0	0	0	1	0	1.394911
57	592	0	0	0	1	0	2.387837
58	600	0	0	0	0	0	2.850072
59	610	0	0	0	1	0	2.625330
60	619	0	0	0	1	0	2.551928
61	625	0	0	0	2	0	2.996028
62	633	0	0	0	0	0	1.898066
63	642	0	0	0	2	0	1.579074
64	654	0	0	0	0	0	1.208933
65	658	0	0	0	2	0	1.597937
66	668	0	0	0	1	0	2.422641
67	673	0	0	0	2	0	2.686150
68	691	0	0	0	0	0	2.265300
69	698	0	0	0	1	0	2.852520
70	708	0	0	0	2	0	1.909675
71	715	0	0	0	0	0	1.641331
72	728	0	0	0	0	0	1.911270
73	743	0	0	0	0	0	2.234832
74	750	0	0	0	0	0	1.909575
75	761	0	0	0	0	0	1.775135
76	770	0	0	0	1	0	1.536006
77	779	0	0	0	0	0	1.098487
78	786	0	0	0	1	0	2.211519
79	799	0	0	0	1	0	1.059523
80	814	0	0	0	0	0	2.469937
81	825	0	0	0	0	0	2.938120
82	833	0	0	0	0	0	1.424325
83	848	0	0	0	1	0	1.402737
84	860	0	0	0	2	0	2.532618
85	873	0	0	0	1	0	2.173601
86	886	0	0	0	1	0	1.172619
87	896	0	0	0	0	0	1.924583
88	901	0	0	0	2	0	1.817329
89	917	0	0	0	1	0	2.700930
90	927	0	0	0	1	0	2.200715
91	936	0	0	0	1	0	1.868611
92	946	0	0	0	0	0	1.700648
93	953	0	0	0	2	0	2.594891
94	966	0	0	0	1	0	1.130414
95	974	0	0	0	2	0	1.516150
96	987	0	0	0	2	0	2.350038
97	1003	0	0	0	0	0	1.054716
98	1014	0	0	0	0	0	1.316336
99	1024	0	0	0	0	0	2.400197
100	1031	0	0	0	1	0	2.158818
101	1041	0	0	0	0	0	1.501875
102	1050	0	0	0	2	0	1.070699
103	1062	0	0	0	0	0	1.776560
104	1067	0	0	0	0	0	2.854290
105	1079	0	0	0	0	0	1.213463
106	1094	0	0	0	1	0	1.629214
107	1100	0	0	0	0	0	2.637550
108	1114	0	0	0	0	0	2.336956
109	1124	0	0	0	0	0	1.938953
110	1141	0	0	0	0	0	1.503063
111	1149	0	0	0	2	0	2.499223
112	1157	0	0	0	2	0	2.865552
113	1167	0	0	0	1	0	1.026376
114	1173	0	0	0	0	0	1.384430
115	1176	0	0	0	1	0	1.472334
116	1187	0	0	0	1	0	2.463688
117	1200	0	0	0	0	0	2.531111
118	1208	0	0	0	1	0	2.599185
119	1215	0	0	0	1	0	1.485242
120	1223	0	0	0	2	0	2.890210
121	1230	0	0	0	2	0	2.014804
122	1244	0	0	0	1	0	1.727637
123	1250	0	0	0	2	0	2.729355
124	1264	0	0	0	0	0	2.614850
125	1272	0	0	0	1	0	1.514536
126	1282	0	0	0	1	0	1.944563
127	1294	0	0	0	2	0	1.254970
128	1309	0	0	0	0	0	1.500471
129	1321	0	0	0	0	0	2.997403
130	1325	0	0	0	0	0	1.145964
131	1338	0	0	0	0	0	1.104970
132	1341	0	0	0	2	0	1.376298
133	1349	0	0	0	0	0	2.030646
134	1364	0	0	0	2	0	1.844574
135	1374	0	0	0	0	0	2.672372
136	1381	0	0	0	1	0	2.727503
137	1389	0	0	0	1	0	2.639180
138	1400	0	0	0	0	0	2.044954
139	1412	0	0	0	0	0	2.281780
140	1418	0	0	0	2	0	2.288613
141	1425	0	0	0	1	0	2.568513
142	1433	0	0	0	2	0	2.620705
143	1444	0	0	0	1	0	2.310740
144	1453	0	0	0	1	0	1.664994
145	1463	0	0	0	0	0	1.067897
146	1471	0	0	0	1	0	2.991783
147	1483	0	0	0	2	0	2.900340
148	1489	0	0	0	0	0	2.324678
149	1501	0	0	0	1	0	2.863983
150	1511	0	0	0	1	0	1.003496
151	1528	0	0	0	0	0	2.633427
152	1541	0	0	0	1	0	2.768580
153	1543	0	0	0	1	0	2.136592
154	1555	0	0	0	1	0	2.466817
155	1564	0	0	0	1	0	1.374106
156	1574	0	0	0	1	0	1.372996
157	1580	0	0	0	1	0	1.408049
158	1594	0	0	0	1	0	1.734235
159	1611	0	0	0	2	0	2.852025
160	1622	0	0	0	1	0	2.758823
161	1634	0	0	0	0	0	1.600592
162	1653	0	0	0	2	0	1.482303
163	1660	0	0	0	1	0	2.780252
164	1675	0	0	0	0	0	2.525086
165	1680	0	0	0	0	0	1.561378
166	1687	0	0	0	1	0	1.561501
167	1700	0	0	0	0	0	2.252957
168	1709	0	0	0	2	0	1.274927
169	1719	0	0	0	1	0	1.672365
170	1727	0	0	0	1	0	2.727050
171	1741	0	0	0	1	0	1.727597
172	1754	0	0	0	1	0	2.242518
173	1768	0	0	0	1	0	1.892518
174	1775	0	0	0	0	0	1.988339
175	1788	0	0	0	0	0	1.194973
176	1796	0	0	0	2	0	1.580319
177	1805	0	0	0	2	0	1.136159
178	1813	0	0	0	0	0	1.762833
179	1822	0	0	0	0	0	2.785020
180	1832	0	0	0	0	0	2.066701
181	1842	0	0	0	0	0	1.611372
182	1861	0	0	0	1	0	1.052461
183	1875	0	0	0	1	0	2.158547
184	1884	0	0	0	0	0	2.066222
185	1895	0	0	0	1	0	2.242305
186	1903	0	0	0	0	0	1.060900
187	1914	0	0	0	0	0	2.895003
188	1926	0	0	0	0	0	2.152664
189	1937	0	0	0	0	0	1.568118
190	1943	0	0	0	1	0	2.993390
191	1955	0	0	0	0	0	2.187303
192	1972	0	0	0	0	0	1.750450
193	1984	0	0	0	0	0	2.165133
194	1993	0	0	0	1	0	1.211605
195	1999	0	0	0	0	0	2.414952
196	2011	0	0	0	0	0	2.336551
197	2028	0	0	0	0	0	1.537905
198	2041	0	0	0	0	0	1.271971
199	2049	0	0	0	1	0	1.813674
200	2058	0	0	0	0	0	1.835381
201	2069	0	0	0	0	0	1.064142
202	2082	0	0	0	0	0	2.227553
203	2088	0	0	0	0	0	2.568133
204	2097	0	0	0	0	0	2.978401
205	2114	0	0	0	2	0	2.446694
206	2123	0	0	0	2	0	1.167986
207	2131	0	0	0	2	0	1.722597
208	2138	0	0	0	1	0	2.246685
209	2146	0	0	0	1	0	1.503084
210	2154	0	0	0	2	0	1.276813
211	2164	0	0	0	1	0	2.634572
212	2174	0	0	0	2	0	2.187735
213	2181	0	0	0	0	0	1.988761
214	2190	0	0	0	1	0	1.196197
215	2197	0	0	0	0	0	2.876265
216	2207	0	0	0	2	0	2.271270
217	2219	0	0	0	2	0	1.442113
218	2234	0	0	0	0	0	2.283795
219	2247	0	0	0	1	0	1.948981
220	2258	0	0	0	1	0	1.005790
221	2271	0	0	0	1	0	1.447610
222	2275	0	0	0	1	0	2.461746
223	2284	0	0	0	1	0	2.798646
224	2293	0	0	0	0	0	1.623444
225	2302	0	0	0	0	0	1.147745
226	2306	0	0	0	0	0	2.786501
227	2314	0	0	0	1	0	1.876263
228	2322	0	0	0	0	0	2.954937
229	2338	0	0	0	0	0	2.294493
230	2347	0	0	0	0	0	2.708605
231	2358	0	0	0	2	0	1.032656
232	2368	0	0	0	1	0	1.330786
233	2375	0	0	0	1	0	2.830550
234	2393	0	0	0	1	0	1.100080
235	2407	0	0	0	0	0	2.117778
236	2419	0	0	0	0	0	1.330337
237	2433	0	0	0	2	0	2.905743
238	2442	0	0	0	0	0	1.566593
239	2447	0	0	0	0	0	2.559571
240	2454	0	0	0	0	0	2.387762
241	2464	0	0	0	1	0	1.327978
242	2470	0	0	0	1	0	1.014792
243	2484	0	0	0	0	0	2.635938
244	2493	0	0	0	2	0	1.180177
245	2497	0	0	0	2	0	2.843706
246	2503	0	0	0	2	0	1.502789
247	2506	0	0	0	0	0	2.428697
248	2517	0	0	0	0	0	2.063543
249	2528	0	0	0	0	0	1.691120
250	2540	0	0	0	0	0	2.260411
251	2552	0	0	0	1	0	1.777205
252	2558	0	0	0	2	0	2.689112
253	2570	0	0	0	0	0	2.457877
254	2576	0	0	0	0	0	2.882148
255	2582	0	0	0	1	0	2.585367
256	2589	0	0	0	2	0	1.715279
257	2597	0	0	0	1	0	2.058386
258	2606	0	0	0	0	0	2.490950
259	2620	0	0	0	1	0	2.967909
260	2626	0	0	0	1	0	2.783754
261	2633	0	0	0	1	0	1.647092
262	2643	0	0	0	0	0	1.590577
263	2653	0	0	0	2	0	2.944996
264	2663	0	0	0	1	0	1.540899
265	2668	0	0	0	1	0	1.478365
266	2679	0	0	0	1	0	1.875174
267	2684	0	0	0	0	0	1.061663
268	2690	0	0	0	1	0	2.943573
269	2698	0	0	0	0	0	2.087499
270	2708	0	0	0	0	0	2.053011
271	2718	0	0	0	1	0	2.227872
272	2732	0	0	0	1	0	2.940061
273	2736	0	0	0	0	0	2.204368
274	2753	0	0	0	1	0	1.656733
275	2769	0	0	0	0	0	1.477331
276	2780	0	0	0	2	0	1.509869
277	2791	0	0	0	0	0	2.257135
278	2803	0	0	0	1	0	1.147826
279	2813	0	0	0	2	0	1.245485
280	2825	0	0	0	2	0	1.241232
281	2831	0	0	0	2	0	2.395478
282	2837	0	0	0	2	0	1.485429
283	2847	0	0	0	0	0	2.200195
284	2859	0	0	0	1	0	1.997655
285	2867	0	0	0	1	0	2.759956
286	2881	0	0	0	0	0	2.072465
287	2893	0	0	0	0	0	2.650460
288	2900	0	0	0	0	0	1.552329
289	2908	0	0	0	1	0	2.269022
290	2920	0	0	0	0	0	2.768446
291	2931	0	0	0	1	0	2.834357
292	2937	0	0	0	0	0	1.113845
293	2944	0	0	0	0	0	2.197488
294	2951	0	0	0	0	0	2.030281
295	2961	0	0	0	1	0	1.153124
296	2973	0	0	0	1	0	2.044381
297	2984	0	0	0	0	0	1.579227
298	2996	0	0	0	1	0	1.819324
299	3008	0	0	0	0	0	2.708247
300	3021	0	0	0	2	0	1.333494
301	3027	0	0	0	1	0	2.748076
302	3036	0	0	0	2	0	2.179866
303	3042	0	0	0	2	0	1.568924
304	3055	0	0	0	1	0	2.119620
305	3067	0	0	0	1	0	2.488685
306	3074	0	0	0	1	0	1.153451
307	3082	0	0	0	0	0	2.623788
308	3094	0	0	0	2	0	2.156829
309	3104	0	0	0	0	0	1.900402
310	3113	0	0	0	0	0	2.099990
311	3128	0	0	0	0	0	2.996827
312	3139	0	0	0	0	0	1.986390
313	3152	0	0	0	0	0	1.554107
314	3161	0	0	0	0	0	2.900174
315	3172	0	0	0	0	0	1.022245
316	3181	0	0	0	0	0	1.680277
317	3191	0	0	0	0	0	1.946734
318	3201	0	0	0	0	0	1.472076
319	3205	0	0	0	0	0	2.808633
320	3221	0	0	0	1	0	1.225427
321	3231	0	0	0	1	0	2.490904
322	3239	0	0	0	0	0	2.439421
323	3245	0	0	0	0	0	1.184824
324	3253	0	0	0	0	0	1.924601
325	3263	0	0	0	0	0	1.689034
326	3271	0	0	0	2	0	2.631246
327	3277	0	0	0	2	0	1.795617
328	3286	0	0	0	0	0	1.761375
329	3293	0	0	0	0	0	1.347844
330	3306	0	0	0	1	0	2.263270
331	3317	0	0	0	1	0	2.841148
332	3324	0	0	0	0	0	2.829554
333	3331	0	0	0	0	0	1.408352
334	3334	0	0	0	1	0	1.146469
335	3346	0	0	0	1	0	1.163522
336	3357	0	0	0	1	0	2.948197
337	3368	0	0	0	1	0	2.653946
338	3377	0	0	0	2	0	1.904556
339	3387	0	0	0	1	0	1.856856
340	3402	0	0	0	0	0	1.411247
341	3416	0	0	0	2	0	1.667721
342	3431	0	0	0	2	0	2.623105
343	3438	0	0	0	0	0	1.263787
344	3443	0	0	0	1	0	2.143876
345	3450	0	0	0	2	0	1.163544
346	3461	0	0	0	1	0	2.345038
347	3470	0	0	0	1	0	2.368635
348	3483	0	0	0	1	0	2.181069
349	3496	0	0	0	2	0	2.254416
350	3503	0	0	0	0	0	2.397309
351	3516	0	0	0	1	0	2.835176
352	3528	0	0	0	2	0	1.058920
353	3536	0	0	0	0	0	2.507963
354	3549	0	0	0	2	0	1.367130
355	3563	0	0	0	2	0	2.561020
356	3572	0	0	0	0	0	2.778669
357	3582	0	0	0	2	0	1.651323
358	3592	0	0	0	1	0	1.974597
359	3604	0	0	0	0	0	2.509867
360	3617	0	0	0	2	0	1.604976
361	3630	0	0	0	2	0	2.523195
362	3636	0	0	0	1	0	1.105672
363	3647	0	0	0	1	0	1.181961
364	3657	0	0	0	2	0	1.160413
365	3666	0	0	0	2	0	1.187497
366	3682	0	0	0	1	0	1.426735
367	3698	0	0	0	1	0	1.826325
368	3719	0	0	0	1	0	2.040212
369	3729	0	0	0	2	0	2.972953
370	3744	0	0	0	0	0	1.481404
371	3754	0	0	0	0	0	1.976811
372	3761	0	0	0	0	0	1.126896
373	3768	0	0	0	2	0	2.554764
374	3775	0	0	0	1	0	2.524203
375	3785	0	0	0	2	0	2.179087
376	3794	0	0	0	0	0	1.682961
377	3806	0	0	0	1	0	2.380864
378	3815	0	0	0	1	0	1.641430
379	3824	0	0	0	1	0	2.645728
380	3832	0	0	0	1	0	2.648174
381	3846	0	0	0	1	0	1.046077
382	3851	0	0	0	2	0	1.674614
383	3858	0	0	0	0	0	2.592703
384	3867	0	0	0	0	0	1.308310
385	3876	0	0	0	0	0	2.188562
386	3885	0	0	0	0	0	2.794481
387	3893	0	0	0	0	0	2.904737
388	3907	0	0	0	1	0	1.170651
389	3916	0	0	0	1	0	2.566820
390	3934	0	0	0	1	0	2.603112
391	3942	0	0	0	2	0	1.884502
392	3953	0	0	0	1	0	1.934186
393	3960	0	0	0	2	0	2.857837
394	3969	0	0	0	2	0	2.837414
395	3982	0	0	0	1	0	2.033331
396	3986	0	0	0	1	0	2.633084
397	3998	0	0	0	0	0	1.063409
398	4009	0	0	0	2	0	2.150629
399	4022	0	0	0	0	0	2.934958
400	4031	0	0	0	0	0	1.389347
401	4040	0	0	0	1	0	1.995202
402	4048	0	0	0	0	0	1.729332
403	4054	0	0	0	2	0	2.718634
404	4061	0	0	0	1	0	2.517873
405	4072	0	0	0	0	0	2.651250
406	4083	0	0	0	0	0	2.297852
407	4097	0	0	0	1	0	2.140641
408	4106	0	0	0	0	0	1.560480
409	4118	0	0	0	1	0	1.198799
410	4127	0	0	0	0	0	2.701324
411	4135	0	0	0	2	0	1.716231
412	4142	0	0	0	1	0	2.289597
413	4153	0	0	0	0	0	1.096035
414	4161	0	0	0	0	0	1.728248
415	4168	0	0	0	2	0	2.494545
416	4178	0	0	0	1	0	2.583490
417	4187	0	0	0	2	0	1.789563
418	4196	0	0	0	1	0	2.017501
419	4207	0	0	0	2	0	1.437955
420	4216	0	0	0	0	0	1.617745
421	4225	0	0	0	1	0	2.159982
422	4234	0	0	0	0	0	1.949168
423	4247	0	0	0	2	0	1.919490
424	4257	0	0	0	2	0	1.928784
425	4263	0	0	0	1	0	1.814465
426	4268	0	0	0	2	0	2.609862
427	4282	0	0	0	1	0	1.948061
428	4292	0	0	0	1	0	1.892471
429	4304	0	0	0	1	0	1.593720
430	4317	0	0	0	0	0	2.986765
431	4331	0	0	0	1	0	2.460955
432	4340	0	0	0	1	0	1.011491
433	4355	0	0	0	0	0	1.367704
434	4369	0	0	0	1	0	1.248231
435	4379	0	0	0	1	0	2.170942
436	4386	0	0	0	0	0	1.787088
437	4396	0	0	0	2	0	1.394523
438	4406	0	0	0	0	0	2.133886
439	4416	0	0	0	1	0	2.565659
440	4432	0	0	0	1	0	2.888640
441	4443	0	0	0	1	0	2.804153
442	4448	0	0	0	1	0	1.028430
443	4458	0	0	0	2	0	2.851067
444	4469	0	0	0	0	0	2.368100
445	4481	0	0	0	0	0	2.307776
446	4488	0	0	0	0	0	2.164640
447	4498	0	0	0	2	0	1.522183
448	4507	0	0	0	0	0	1.169967
449	4517	0	0	0	1	0	2.125495
450	4533	0	0	0	1	0	2.826721
451	4543	0	0	0	0	0	1.891390
452	4549	0	0	0	0	0	2.479483
453	4557	0	0	0	0	0	1.540169
454	4564	0	0	0	0	0	1.992937
455	4577	0	0	0	2	0	2.766572
456	4584	0	0	0	1	0	2.675539
457	4595	0	0	0	0	0	1.329700
458	4605	0	0	0	0	0	1.677116
459	4616	0	0	0	2	0	2.610258
460	4622	0	0	0	2	0	2.722847
461	4635	0	0	0	1	0	2.001646
462	4642	0	0	0	1	0	1.907612
463	4652	0	0	0	1	0	2.452235
464	4661	0	0	0	0	0	2.003219
465	4672	0	0	0	0	0	2.808796
466	4683	0	0	0	0	0	2.039907
467	4692	0	0	0	2	0	2.483640
468	4699	0	0	0	1	0	2.534518
469	4714	0	0	0	1	0	1.326427
470	4728	0	0	0	2	0	2.425025
471	4736	0	0	0	0	0	1.718953
472	4740	0	0	0	1	0	1.012364
473	4753	0	0	0	0	0	2.333685
474	4760	0	0	0	1	0	1.533987
475	4770	0	0	0	0	0	1.981367
476	4781	0	0	0	1	0	2.983604
477	4793	0	0	0	1	0	1.705336
478	4806	0	0	0	2	0	2.668747
479	4820	0	0	0	2	0	2.043805
480	4826	0	0	0	0	0	2.956003
481	4833	0	0	0	2	0	1.232063
482	4845	0	0	0	1	0	1.763374
483	4853	0	0	0	1	0	2.029420
484	4861	0	0	0	1	0	2.570368
485	4870	0	0	0	0	0	2.379157
486	4886	0	0	0	2	0	1.222358
487	4893	0	0	0	1	0	2.775511
488	4900	0	0	0	0	0	1.368315
489	4907	0	0	0	0	0	1.677886
490	4915	0	0	0	1	0	1.314483
491	4927	0	0	0	1	0	2.000953
492	4938	0	0	0	0	0	2.738940
493	4947	0	0	0	0	0	2.436057
494	4957	0	0	0	0	0	2.544539
495	4972	0	0	0	1	0	2.067605
496	4980	0	0	0	0	0	2.814051
497	4990	0	0	0	0	0	1.823783
498	4997	0	0	0	1	0	2.580442
499	5001	0	0	0	1	0	2.618544
500	5013	0	0	0	1	0	2.264518
501	5020	0	0	0	1	0	2.943387
502	5025	0	0	0	0	0	1.374107
503	5040	0	0	0	2	0	1.569039
504	5055	0	0	0	2	0	2.861870
505	5064	0	0	0	0	0	1.786585
506	5074	0	0	0	1	0	1.324554
507	5083	0	0	0	0	0	1.459379
508	5090	0	0	0	0	0	2.896396
509	5095	0	0	0	1	0	1.304353
510	5097	0	0	0	0	0	1.727056
511	5106	0	0	0	0	0	2.120506
512	5126	0	0	0	1	0	2.716766
513	5133	0	0	0	1	0	2.279212
514	5145	0	0	0	2	0	1.837261
515	5151	0	0	0	2	0	2.961282
516	5163	0	0	0	2	0	1.030432
517	5173	0	0	0	1	0	2.267069
518	5185	0	0	0	2	0	2.446704
519	5197	0	0	0	1	0	1.937652
520	5203	0	0	0	0	0	1.417799
521	5212	0	0	0	0	0	1.201628
522	5217	0	0	0	0	0	2.290091
523	5225	0	0	0	1	0	2.422130
524	5236	0	0	0	0	0	1.033800
525	5245	0	0	0	0	0	1.669641
526	5255	0	0	0	0	0	1.397257
527	5266	0	0	0	1	0	2.030699
528	5277	0	0	0	0	0	2.393750
529	5296	0	0	0	0	0	2.066851
530	5308	0	0	0	0	0	2.668548
531	5313	0	0	0	1	0	1.463358
532	5327	0	0	0	0	0	2.394668
533	5336	0	0	0	2	0	1.836586
534	5345	0	0	0	0	0	2.358149
535	5351	0	0	0	1	0	1.821228
536	5358	0	0	0	1	0	1.012408
537	5364	0	0	0	2	0	2.256242
538	5371	0	0	0	2	0	2.012109
539	5378	0	0	0	1	0	2.176405
540	5386	0	0	0	1	0	1.053484
541	5393	0	0	0	1	0	1.370401
542	5400	0	0	0	1	0	2.247662
543	5408	0	0	0	0	0	1.402034
544	5418	0	0	0	2	0	2.112728
545	5433	0	0	0	2	0	1.217004
546	5436	0	0	0	0	0	2.676146
547	5454	0	0	0	1	0	2.520584
548	5463	0	0	0	1	0	2.017389
549	5473	0	0	0	1	0	2.613265
550	5482	0	0	0	1	0	1.245863
551	5491	0	0	0	1	0	2.332982
552	5501	0	0	0	2	0	2.076250
553	5512	0	0	0	1	0	1.765759
554	5518	0	0	0	1	0	2.823638
555	5526	0	0	0	1	0	1.283687
556	5537	0	0	0	0	0	1.815548
557	5545	0	0	0	2	0	2.816477
558	5556	0	0	0	2	0	1.317174
559	5566	0	0	0	2	0	2.711388
560	5580	0	0	0	2	0	2.065970
561	5593	0	0	0	2	0	1.049468
562	5602	0	0	0	2	0	2.125240
563	5613	0	0	0	0	0	2.687954
564	5621	0	0	0	0	0	1.574196
565	5635	0	0	0	2	0	2.142114
566	5643	0	0	0	1	0	1.212937
567	5655	0	0	0	2	0	2.799072
568	5666	0	0	0	0	0	2.156762
569	5677	0	0	0	2	0	2.298115
570	5687	0	0	0	1	0	2.399537
571	5692	0	0	0	0	0	2.514512
572	5706	0	0	0	1	0	1.013441
573	5713	0	0	0	1	0	1.143985
574	5727	0	0	0	1	0	1.308180
575	5735	0	0	0	1	0	2.618751
576	5751	0	0	0	0	0	1.292704
577	5761	0	0	0	0	0	1.006184
578	5766	0	0	0	2	0	1.279776
579	5774	0	0	0	0	0	1.130868
580	5782	0	0	0	1	0	2.172727
581	5789	0	0	0	2	0	2.651214
582	5798	0	0	0	2	0	1.899311
583	5808	0	0	0	0	0	2.993270
584	5817	0	0	0	0	0	2.698850
585	5832	0	0	0	1	0	2.839687
586	5838	0	0	0	0	0	1.699470
587	5848	0	0	0	0	0	2.093746
588	5858	0	0	0	1	0	1.838992
589	5869	0	0	0	0	0	1.252382
590	5882	0	0	0	2	0	2.045305
591	5891	0	0	0	0	0	1.283731
592	5901	0	0	0	0	0	1.017127
593	5916	0	0	0	2	0	2.370734
594	5928	0	0	0	0	0	1.032506
595	5943	0	0	0	1	0	1.576639
596	5955	0	0	0	2	0	1.145248
597	5965	0	0	0	2	0	1.951267
598	5979	0	0	0	1	0	1.793771
599	5993	0	0	0	0	0	1.829520
600	6004	0	0	0	1	0	1.356630
601	6014	0	0	0	1	0	1.774637
602	6022	0	0	0	1	0	2.598053
603	6030	0	0	0	1	0	1.840318
604	6040	0	0	0	2	0	1.645418
605	6052	0	0	0	2	0	2.321532
606	6063	0	0	0	1	0	1.487412
607	6069	0	0	0	0	0	1.435760
608	6080	0	0	0	0	0	2.172762
609	6088	0	0	0	1	0	1.978193
610	6098	0	0	0	2	0	2.982922
611	6107	0	0	0	1	0	2.359674
612	6119	0	0	0	2	0	1.759664
613	6132	0	0	0	0	0	2.082203
614	6142	0	0	0	1	0	1.320561
615	6154	0	0	0	1	0	1.173589
616	6159	0	0	0	0	0	1.480973
617	6166	0	0	0	0	0	2.942183
618	6177	0	0	0	1	0	2.650965
619	6182	0	0	0	2	0	1.446311
620	6193	0	0	0	0	0	1.580603
621	6197	0	0	0	2	0	2.099145
622	6209	0	0	0	1	0	1.285670
623	6214	0	0	0	0	0	1.157303
624	6226	0	0	0	1	0	1.084779
625	6236	0	0	0	0	0	1.100603
626	6244	0	0	0	0	0	1.781416
627	6253	0	0	0	0	0	1.272464
628	6259	0	0	0	1	0	2.525016
629	6266	0	0	0	1	0	2.332841
630	6271	0	0	0	2	0	1.525461
631	6286	0	0	0	0	0	2.459505
632	6295	0	0	0	0	0	1.909611
633	6305	0	0	0	1	0	1.473830
634	6321	0	0	0	1	0	1.992482
635	6335	0	0	0	2	0	2.110983
636	6343	0	0	0	2	0	1.150867
637	6350	0	0	0	0	0	1.599544
638	6364	0	0	0	2	0	1.892776
639	6375	0	0	0	0	0	1.203323
640	6387	0	0	0	1	0	2.509381
641	6396	0	0	0	0	0	1.793869
642	6404	0	0	0	2	0	2.416462
643	6409	0	0	0	1	0	1.136824
644	6420	0	0	0	2	0	1.037158
645	6430	0	0	0	2	0	2.438026
646	6440	0	0	0	2	0	1.513016
647	6451	0	0	0	0	0	2.743102
648	6461	0	0	0	1	0	2.070466
649	6470	0	0	0	0	0	1.146074
650	6480	0	0	0	1	0	2.416237
651	6490	0	0	0	0	0	2.461557
652	6499	0	0	0	0	0	2.381180
653	6511	0	0	0	0	0	2.460775
654	6522	0	0	0	2	0	2.857646
655	6529	0	0	0	1	0	1.656571
656	6545	0	0	0	0	0	2.958153
657	6554	0	0	0	1	0	1.543808
658	6557	0	0	0	1	0	1.686000
659	6565	0	0	0	2	0	2.909745
660	6578	0	0	0	0	0	2.547883
661	6584	0	0	0	0	0	1.125876
662	6588	0	0	0	0	0	2.103229
663	6596	0	0	0	2	0	2.389551
664	6599	0	0	0	0	0	2.458674
665	6609	0	0	0	0	0	1.303079
666	6619	0	0	0	0	0	2.033748
667	6635	0	0	0	1	0	2.801550
668	6648	0	0	0	0	0	2.206028
669	6656	0	0	0	1	0	1.139958
670	6668	0	0	0	0	0	1.806664
671	6673	0	0	0	1	0	1.715527
672	6682	0	0	0	2	0	1.660415
673	6685	0	0	0	2	0	1.057789
674	6691	0	0	0	0	0	2.044473
675	6700	0	0	0	1	0	2.657626
676	6708	0	0	0	0	0	2.335273
677	6716	0	0	0	1	0	1.590431
678	6728	0	0	0	0	0	2.166201
679	6738	0	0	0	1	0	1.133050
680	6744	0	0	0	2	0	2.637052
681	6752	0	0	0	0	0	2.094445
682	6765	0	0	0	0	0	2.966785
683	6774	0	0	0	0	0	2.635252
684	6783	0	0	0	0	0	2.560621
685	6790	0	0	0	1	0	2.600537
686	6800	0	0	0	2	0	1.411572
687	6814	0	0	0	1	0	2.951877
688	6824	0	0	0	2	0	1.765262
689	6835	0	0	0	1	0	2.537726
690	6849	0	0	0	0	0	1.179014
691	6862	0	0	0	0	0	1.237010
692	6875	0	0	0	2	0	2.837590
693	6882	0	0	0	0	0	1.083983
694	6891	0	0	0	0	0	1.365739
695	6900	0	0	0	1	0	1.141533
696	6909	0	0	0	1	0	2.714443
697	6915	0	0	0	0	0	1.118217
698	6927	0	0	0	1	0	2.154405
699	6936	0	0	0	2	0	1.029035
700	6943	0	0	0	0	0	1.882066
701	6953	0	0	0	0	0	1.520161
702	6971	0	0	0	1	0	2.658848
703	6975	0	0	0	1	0	1.958540
704	6985	0	0	0	1	0	1.477028
705	6998	0	0	0	1	0	2.258785
706	7010	0	0	0	1	0	1.961435
707	7021	0	0	0	2	0	1.920253
708	7028	0	0	0	1	0	2.725669
709	7035	0	0	0	2	0	1.543884
710	7045	0	0	0	2	0	2.507947
711	7058	0	0	0	0	0	1.254911
712	7076	0	0	0	1	0	2.879221
713	7082	0	0	0	0	0	1.347661
714	7092	0	0	0	0	0	2.295484
715	7103	0	0	0	0	0	1.283311
716	7110	0	0	0	1	0	1.911679
717	7126	0	0	0	0	0	2.592159
718	7136	0	0	0	0	0	1.276630
719	7143	0	0	0	0	0	2.730352
720	7150	0	0	0	2	0	2.491053
721	7160	0	0	0	2	0	2.737746
722	7172	0	0	0	1	0	1.707442
723	7177	0	0	0	1	0	1.237732
724	7188	0	0	0	2	0	1.412597
725	7197	0	0	0	0	0	2.597777
726	7209	0	0	0	1	0	2.934805
727	7221	0	0	0	0	0	2.138122
728	7230	0	0	0	0	0	2.325946
729	7242	0	0	0	2	0	2.652681
730	7250	0	0	0	2	0	1.147364
731	7255	0	0	0	0	0	2.692060
732	7263	0	0	0	1	0	1.806931
733	7274	0	0	0	2	0	2.150823
734	7285	0	0	0	0	0	2.682277
735	7298	0	0	0	2	0	1.878322
736	7312	0	0	0	1	0	2.997742
737	7319	0	0	0	2	0	1.001973
738	7327	0	0	0	0	0	2.811266
739	7337	0	0	0	2	0	2.151292
740	7341	0	0	0	1	0	1.565934
741	7350	0	0	0	2	0	2.563141
742	7359	0	0	0	0	0	1.397822
743	7374	0	0	0	0	0	1.949200
744	7379	0	0	0	0	0	2.564936
745	7392	0	0	0	2	0	2.540513
746	7402	0	0	0	0	0	2.159245
747	7409	0	0	0	0	0	2.332808
748	7419	0	0	0	2	0	2.653363
749	7428	0	0	0	0	0	1.397540
750	7438	0	0	0	2	0	2.295691
751	7453	0	0	0	2	0	2.838870
752	7471	0	0	0	1	0	2.764821
753	7481	0	0	0	1	0	2.780988
754	7492	0	0	0	1	0	1.125103
755	7497	0	0	0	1	0	2.209763
756	7505	0	0	0	2	0	1.632744
757	7515	0	0	0	1	0	1.328852
758	7529	0	0	0	0	0	2.436209
759	7539	0	0	0	0	0	2.280760
760	7549	0	0	0	1	0	2.515186
761	7558	0	0	0	1	0	1.286852
762	7573	0	0	0	0	0	2.287817
763	7582	0	0	0	0	0	2.325014
764	7598	0	0	0	0	0	2.549264
765	7611	0	0	0	0	0	2.642845
766	7623	0	0	0	1	0	1.484079
767	7635	0	0	0	0	0	1.070709
768	7645	0	0	0	1	0	1.404707
769	7661	0	0	0	0	0	2.297339
770	7673	0	0	0	1	0	2.899897
771	7678	0	0	0	0	0	1.778317
772	7682	0	0	0	0	0	2.495737
773	7694	0	0	0	2	0	1.449982
774	7709	0	0	0	1	0	1.590250
775	7721	0	0	0	0	0	2.481478
776	7734	0	0	0	0	0	1.664179
777	7745	0	0	0	0	0	2.297597
778	7755	0	0	0	2	0	1.714540
779	7766	0	0	0	1	0	1.568373
780	7775	0	0	0	0	0	2.256635
781	7783	0	0	0	2	0	1.075017
782	7796	0	0	0	0	0	1.862390
783	7802	0	0	0	2	0	2.383574
784	7811	0	0	0	2	0	2.419558
785	7823	0	0	0	1	0	2.095444
786	7830	0	0	0	0	0	2.620995
787	7838	0	0	0	2	0	2.628955
788	7850	0	0	0	2	0	2.448177
789	7866	0	0	0	0	0	1.514870
790	7872	0	0	0	1	0	1.109794
791	7879	0	0	0	1	0	2.748136
792	7896	0	0	0	1	0	2.716747
793	7909	0	0	0	1	0	2.303444
794	7913	0	0	0	2	0	2.833242
795	7923	0	0	0	2	0	1.855405
796	7935	0	0	0	0	0	1.012777
797	7939	0	0	0	0	0	2.789438
798	7948	0	0	0	2	0	1.256097
799	7955	0	0	0	2	0	2.817460
800	7965	0	0	0	1	0	2.770867
801	7971	0	0	0	2	0	1.016215
802	7983	0	0	0	0	0	2.331821
803	7997	0	0	0	1	0	2.213422
804	8006	0	0	0	1	0	1.111001
805	8018	0	0	0	1	0	1.614808
806	8025	0	0	0	0	0	1.206320
807	8038	0	0	0	0	0	2.549717
808	8046	0	0	0	0	0	2.942596
809	8062	0	0	0	0	0	1.099496
810	8073	0	0	0	0	0	1.588791
811	8082	0	0	0	0	0	1.667115
812	8093	0	0	0	2	0	1.409486
813	8098	0	0	0	1	0	1.678293
814	8113	0	0	0	2	0	1.857111
815	8120	0	0	0	1	0	1.365497
816	8129	0	0	0	0	0	1.298895
817	8142	0	0	0	2	0	1.278301
818	8154	0	0	0	2	0	2.932669
819	8165	0	0	0	0	0	1.710178
820	8177	0	0	0	1	0	2.125698
821	8183	0	0	0	1	0	2.289022
822	8202	0	0	0	2	0	1.948287
823	8212	0	0	0	2	0	2.820240
824	8224	0	0	0	0	0	2.208323
825	8233	0	0	0	0	0	1.945781
826	8249	0	0	0	1	0	2.888017
827	8254	0	0	0	2	0	1.047809
828	8267	0	0	0	0	0	2.214596
829	8277	0	0	0	1	0	2.644474
830	8288	0	0	0	1	0	2.154902
831	8295	0	0	0	0	0	2.516747
832	8304	0	0	0	2	0	1.746223
833	8318	0	0	0	1	0	1.175152
834	8327	0	0	0	1	0	2.016955
835	8331	0	0	0	1	0	2.382632
836	8345	0	0	0	2	0	2.886992
837	8353	0	0	0	0	0	1.736355
838	8363	0	0	0	2	0	2.480437
839	8377	0	0	0	2	0	1.061835
840	8382	0	0	0	1	0	1.580044
841	8393	0	0	0	0	0	2.623856
842	8404	0	0	0	1	0	2.860386
843	8424	0	0	0	1	0	2.699120
844	8433	0	0	0	0	0	2.818350
845	8442	0	0	0	2	0	2.075186
846	8454	0	0	0	2	0	2.835126
847	8459	0	0	0	2	0	1.397065
848	8471	0	0	0	0	0	2.039303
849	8478	0	0	0	0	0	2.694510
850	8487	0	0	0	1	0	2.072863
851	8495	0	0	0	2	0	1.300062
852	8511	0	0	0	1	0	1.665128
853	8524	0	0	0	2	0	2.116349
854	8533	0	0	0	2	0	2.473965
855	8538	0	0	0	0	0	1.946298
856	8548	0	0	0	0	0	1.479130
857	8559	0	0	0	1	0	2.960476
858	8573	0	0	0	1	0	2.438147
859	8581	0	0	0	1	0	1.126739
860	8592	0	0	0	1	0	2.670726
861	8601	0	0	0	0	0	2.225008
862	8611	0	0	0	1	0	1.306334
863	8623	0	0	0	1	0	2.660926
864	8634	0	0	0	0	0	2.463936
865	8643	0	0	0	2	0	1.732320
866	8657	0	0	0	1	0	1.848708
867	8673	0	0	0	1	0	2.700094
868	8685	0	0	0	2	0	1.022833
869	8695	0	0	0	2	0	2.297361
870	8705	0	0	0	1	0	2.585514
871	8716	0	0	0	0	0	2.467337
872	8721	0	0	0	0	0	1.566685
873	8740	0	0	0	1	0	1.743945
874	8749	0	0	0	1	0	2.698237
875	8760	0	0	0	1	0	2.247910
876	8774	0	0	0	1	0	1.468151
877	8784	0	0	0	1	0	2.194086
878	8797	0	0	0	1	0	2.822780
879	8805	0	0	0	1	0	2.393536
880	8819	0	0	0	2	0	2.600864
881	8823	0	0	0	1	0	2.517627
882	8840	0	0	0	1	0	2.443887
883	8846	0	0	0	1	0	1.044773
884	8859	0	0	0	0	0	1.436633
885	8868	0	0	0	2	0	1.093433
886	8880	0	0	0	1	0	2.961472
887	8889	0	0	0	0	0	1.519878
888	8900	0	0	0	2	0	2.729128
889	8909	0	0	0	0	0	2.027370
890	8922	0	0	0	1	0	1.541343
891	8931	0	0	0	2	0	2.941773
892	8942	0	0	0	2	0	1.453668
893	8955	0	0	0	1	0	1.383362
894	8968	0	0	0	2	0	2.391782
895	8977	0	0	0	2	0	1.942864
896	8985	0	0	0	0	0	2.768928
897	8988	0	0	0	0	0	1.718682
898	9001	0	0	0	0	0	2.492219
899	9017	0	0	0	1	0	1.112372
900	9031	0	0	0	2	0	2.876502
901	9044	0	0	0	2	0	1.370124
902	9051	0	0	0	2	0	2.060574
903	9062	0	0	0	0	0	1.514537
904	9071	0	0	0	1	0	2.475958
905	9081	0	0	0	0	0	2.643074
906	9093	0	0	0	0	0	1.263794
907	9108	0	0	0	0	0	2.806269
908	9113	0	0	0	0	0	2.464587
909	9123	0	0	0	1	0	2.061525
910	9131	0	0	0	1	0	2.990622
911	9148	0	0	0	2	0	2.852740
912	9164	0	0	0	1	0	1.165509
913	9179	0	0	0	1	0	1.372814
914	9188	0	0	0	2	0	1.519429
915	9205	0	0	0	2	0	2.041988
916	9216	0	0	0	0	0	1.033923
917	9224	0	0	0	2	0	2.456706
918	9236	0	0	0	0	0	2.830215
919	9256	0	0	0	1	0	1.883579
920	9266	0	0	0	1	0	2.644166
921	9273	0	0	0	0	0	1.653321
922	9280	0	0	0	2	0	2.852816
923	9289	0	0	0	1	0	2.696320
924	9293	0	0	0	0	0	1.567193
925	9308	0	0	0	0	0	2.857219
926	9315	0	0	0	0	0	1.509261
927	9324	0	0	0	2	0	1.292248
928	9332	0	0	0	0	0	2.924861
929	9340	0	0	0	2	0	1.899319
930	9352	0	0	0	0	0	2.327993
931	9363	0	0	0	0	0	2.087386
932	9374	0	0	0	2	0	1.547623
933	9386	0	0	0	0	0	1.769277
934	9396	0	0	0	2	0	1.266886
935	9404	0	0	0	1	0	1.516408
936	9415	0	0	0	0	0	2.160916
937	9425	0	0	0	0	0	1.464205
938	9433	0	0	0	1	0	1.232544
939	9444	0	0	0	1	0	2.930519
940	9455	0	0	0	0	0	1.619656
941	9468	0	0	0	2	0	1.290576
942	9475	0	0	0	0	0	1.796020
943	9481	0	0	0	0	0	1.301496
944	9493	0	0	0	1	0	2.179818
945	9505	0	0	0	2	0	2.950416
946	9516	0	0	0	2	0	2.655277
947	9527	0	0	0	0	0	1.328326
948	9536	0	0	0	1	0	2.426267
949	9539	0	0	0	0	0	1.779316
950	9553	0	0	0	0	0	2.271052
951	9558	0	0	0	0	0	1.545641
952	9571	0	0	0	0	0	2.256404
953	9577	0	0	0	2	0	2.256158
954	9587	0	0	0	1	0	1.241222
955	9597	0	0	0	2	0	1.778789
956	9607	0	0	0	2	0	1.726080
957	9615	0	0	0	2	0	1.592353
958	9625	0	0	0	0	0	1.669859
959	9637	0	0	0	2	0	1.883457
960	9646	0	0	0	0	0	1.132466
961	9657	0	0	0	2	0	2.744880
962	9666	0	0	0	0	0	1.808084
963	9679	0	0	0	1	0	2.869701
964	9684	0	0	0	1	0	2.699007
965	9697	0	0	0	0	0	1.562888
966	9709	0	0	0	1	0	1.977752
967	9719	0	0	0	2	0	1.104515
968	9729	0	0	0	1	0	1.407382
969	9737	0	0	0	1	0	1.118897
970	9745	0	0	0	1	0	2.169580
971	9757	0	0	0	2	0	1.179087
972	9779	0	0	0	1	0	2.437994
973	9791	0	0	0	0	0	2.742322
974	9800	0	0	0	2	0	2.393566
975	9807	0	0	0	0	0	2.571545
976	9812	0	0	0	0	0	1.226676
977	9831	0	0	0	0	0	2.014236
978	9834	0	0	0	0	0	1.262549
979	9845	0	0	0	1	0	2.397884
980	9860	0	0	0	1	0	2.199555
981	9871	0	0	0	2	0	1.938615
982	9881	0	0	0	1	0	2.160704
983	9897	0	0	0	0	0	2.122226
984	9906	0	0	0	2	0	1.079339
985	9919	0	0	0	1	0	1.273265
986	9934	0	0	0	2	0	1.482793
987	9937	0	0	0	1	0	2.434002
988	9947	0	0	0	0	0	2.719245
989	9955	0	0	0	0	0	1.008382
990	9965	0	0	0	0	0	2.184870
991	9982	0	0	0	1	0	2.381175
992	9994	0	0	0	0	0	1.342176
993	10003	0	0	0	1	0	1.875959
994	10016	0	0	0	1	0	1.852222
995	10020	0	0	0	1	0	2.969974
996	10037	0	0	0	2	0	1.792102
997	10044	0	0	0	0	0	1.296358
998	10054	0	0	0	1	0	1.587256
999	10066	0	0	0	2	0	1.072179
