0	1	0	0	0	0	0	2.832293
1	10	0	0	0	0	0	2.260135
2	16	0	0	0	1	0	1.322627
3	27	0	0	0	0	0	2.753197
4	38	0	0	0	1	0	1.429608
5	49	0	0	0	0	0	2.949678
6	60	0	0	0	0	0	2.773704
7	65	0	0	0	0	0	2.932669
8	79	0	0	0	0	0	2.187212
9	90	0	0	0	1	0	1.682811
10	100	0	0	0	0	0	1.174406
11	108	0	0	0	1	0	1.388951
12	119	0	0	0	2	0	1.852742
13	130	0	0	0	1	0	2.478300
14	140	0	0	0	1	0	1.624105
15	150	0	0	0	1	0	1.869142
16	156	0	0	0	2	0	2.583453
17	162	0	0	0	2	0	1.576579
18	177	0	0	0	2	0	1.767288
19	186	0	0	0	1	0	1.088734
20	195	0	0	0	2	0	2.169212
21	205	0	0	0	0	0	2.189997
22	216	0	0	0	1	0	1.425897
23	222	0	0	0	0	0	2.678038
24	237	0	0	0	0	0	1.297778
25	246	0	0	0	1	0	2.655320
26	256	0	0	0	2	0	1.321406
27	269	0	0	0	1	0	1.045315
28	279	0	0	0	0	0	2.527058
29	289	0	0	0	1	0	1.676938
30	297	0	0	0	0	0	1.320514
31	303	0	0	0	2	0	1.290079
32	314	0	0	0	0	0	2.845768
33	318	0	0	0	1	0	2.310207
34	325	0	0	0	1	0	1.436595
35	334	0	0	0	0	0	2.654538
36	345	0	0	0	1	0	1.913713
37	353	0	0	0	1	0	2.987826
38	362	0	0	0	0	0	1.809544
39	366	0	0	0	0	0	1.566079
40	372	0	0	0	1	0	2.940243
41	379	0	0	0	0	0	2.106443
42	392	0	0	0	2	0	1.453628
43	407	0	0	0	1	0	1.834542
44	415	0	0	0	1	0	2.727484
45	425	0	0	0	1	0	2.756559
46	434	0	0	0	0	0	2.790910
47	443	0	0	0	1	0	2.413991
48	452	0	0	0	1	0	2.202379
49	460	0	0	0	2	0	2.923365
50	472	0	0	0	0	0	2.665681
51	477	0	0	0	1	0	2.598539
52	495	0	0	0	0	0	1.911937
53	506	0	0	0	0	0	1.031772
54	514	0	0	0	2	0	1.636080
55	523	0	0	0	0	0	2.022642
56	532	0	0	0	2	0	1.846775
57	539	0	0	0	2	0	1.429887
58	548	0	0	0	0	0	2.817293
59	557	0	0	0	0	0	1.536050
60	567	0	0	0	1	0	2.263098
61	571	0	0	0	2	0	1.318950
62	585	0	0	0	1	0	2.993685
63	592	0	0	0	1	0	1.133071
64	610	0	0	0	1	0	1.047315
65	622	0	0	0	1	0	1.173012
66	629	0	0	0	0	0	1.164700
67	636	0	0	0	2	0	1.936091
68	651	0	0	0	1	0	1.475012
69	661	0	0	0	1	0	2.591005
70	674	0	0	0	0	0	1.850151
71	683	0	0	0	0	0	1.192692
72	696	0	0	0	0	0	1.725072
73	717	0	0	0	2	0	1.900918
74	728	0	0	0	1	0	2.554772
75	742	0	0	0	1	0	1.414117
76	758	0	0	0	2	0	2.235513
77	768	0	0	0	1	0	2.809871
78	781	0	0	0	1	0	2.551180
79	792	0	0	0	0	0	2.661820
80	802	0	0	0	1	0	1.065155
81	808	0	0	0	0	0	1.426867
82	813	0	0	0	2	0	1.345493
83	823	0	0	0	1	0	1.732972
84	838	0	0	0	2	0	2.621074
85	849	0	0	0	2	0	2.645880
86	854	0	0	0	0	0	2.830031
87	867	0	0	0	2	0	2.020302
88	885	0	0	0	2	0	2.646581
89	896	0	0	0	2	0	2.526160
90	907	0	0	0	1	0	2.195089
91	918	0	0	0	2	0	2.916467
92	933	0	0	0	2	0	1.009243
93	938	0	0	0	2	0	2.467104
94	950	0	0	0	0	0	1.423120
95	965	0	0	0	1	0	1.924607
96	973	0	0	0	2	0	2.144578
97	984	0	0	0	2	0	2.247732
98	993	0	0	0	2	0	1.170161
99	1003	0	0	0	2	0	1.386877
100	1014	0	0	0	0	0	2.488884
101	1029	0	0	0	0	0	1.326335
102	1041	0	0	0	0	0	2.091922
103	1058	0	0	0	1	0	1.510716
104	1076	0	0	0	2	0	2.483635
105	1090	0	0	0	0	0	2.565452
106	1098	0	0	0	2	0	2.170282
107	1109	0	0	0	0	0	2.533639
108	1119	0	0	0	0	0	1.465394
109	1127	0	0	0	0	0	2.516728
110	1134	0	0	0	1	0	1.349458
111	1140	0	0	0	2	0	2.028741
112	1149	0	0	0	0	0	2.981444
113	1158	0	0	0	0	0	2.553059
114	1167	0	0	0	1	0	1.476558
115	1180	0	0	0	1	0	1.373016
116	1189	0	0	0	0	0	1.888312
117	1202	0	0	0	0	0	2.852477
118	1211	0	0	0	1	0	1.285814
119	1217	0	0	0	2	0	2.834904
120	1226	0	0	0	1	0	1.025906
121	1231	0	0	0	1	0	1.053911
122	1240	0	0	0	2	0	2.835383
123	1251	0	0	0	1	0	2.379568
124	1261	0	0	0	2	0	1.153569
125	1269	0	0	0	0	0	1.580506
126	1279	0	0	0	0	0	2.584986
127	1284	0	0	0	1	0	1.311588
128	1294	0	0	0	0	0	1.008044
129	1312	0	0	0	0	0	1.844514
130	1317	0	0	0	2	0	2.207876
131	1324	0	0	0	1	0	1.587014
132	1329	0	0	0	1	0	2.308263
133	1338	0	0	0	2	0	1.463545
134	1345	0	0	0	1	0	1.563576
135	1357	0	0	0	1	0	2.091991
136	1373	0	0	0	0	0	2.614242
137	1384	0	0	0	0	0	2.300610
138	1390	0	0	0	0	0	2.684735
139	1399	0	0	0	0	0	2.232012
140	1407	0	0	0	0	0	2.459167
141	1419	0	0	0	1	0	1.715659
142	1426	0	0	0	0	0	1.030230
143	1436	0	0	0	1	0	2.384324
144	1447	0	0	0	1	0	1.330998
145	1451	0	0	0	0	0	2.346812
146	1467	0	0	0	0	0	1.804780
147	1478	0	0	0	2	0	2.593215
148	1486	0	0	0	2	0	2.564593
149	1495	0	0	0	1	0	2.004728
150	1505	0	0	0	0	0	2.748525
151	1516	0	0	0	2	0	2.821890
152	1523	0	0	0	1	0	2.278733
153	1534	0	0	0	2	0	2.954438
154	1548	0	0	0	2	0	2.228574
155	1554	0	0	0	2	0	2.254708
156	1560	0	0	0	0	0	1.613348
157	1568	0	0	0	0	0	1.889479
158	1581	0	0	0	1	0	1.394690
159	1589	0	0	0	0	0	2.137025
160	1602	0	0	0	1	0	2.960998
161	1613	0	0	0	1	0	1.074485
162	1621	0	0	0	2	0	1.064500
163	1627	0	0	0	0	0	2.239307
164	1641	0	0	0	0	0	1.062449
165	1645	0	0	0	2	0	2.097503
166	1656	0	0	0	1	0	2.436459
167	1668	0	0	0	1	0	1.693559
168	1681	0	0	0	0	0	1.169412
169	1698	0	0	0	0	0	2.548755
170	1702	0	0	0	2	0	1.063599
171	1719	0	0	0	0	0	2.173110
172	1731	0	0	0	0	0	2.592948
173	1739	0	0	0	0	0	2.353342
174	1754	0	0	0	0	0	2.838617
175	1766	0	0	0	0	0	2.379771
176	1785	0	0	0	1	0	2.323616
177	1797	0	0	0	2	0	1.474933
178	1808	0	0	0	0	0	1.426935
179	1819	0	0	0	2	0	1.744215
180	1825	0	0	0	0	0	1.431502
181	1833	0	0	0	1	0	2.237320
182	1841	0	0	0	1	0	1.983560
183	1847	0	0	0	0	0	1.948955
184	1855	0	0	0	1	0	2.087944
185	1869	0	0	0	2	0	1.629101
186	1882	0	0	0	0	0	1.827132
187	1893	0	0	0	2	0	1.295388
188	1908	0	0	0	0	0	2.923346
189	1923	0	0	0	1	0	1.105697
190	1930	0	0	0	2	0	2.979466
191	1945	0	0	0	2	0	2.505651
192	1953	0	0	0	1	0	1.758737
193	1961	0	0	0	2	0	2.803225
194	1969	0	0	0	0	0	2.878420
195	1978	0	0	0	2	0	2.046773
196	1991	0	0	0	1	0	1.405785
197	1999	0	0	0	0	0	2.391917
198	2009	0	0	0	0	0	1.698728
199	2019	0	0	0	1	0	1.495628
200	2028	0	0	0	1	0	1.331375
201	2036	0	0	0	2	0	1.269565
202	2042	0	0	0	0	0	2.483310
203	2056	0	0	0	1	0	2.565557
204	2063	0	0	0	0	0	2.869648
205	2073	0	0	0	2	0	1.234199
206	2083	0	0	0	1	0	1.038983
207	2090	0	0	0	0	0	1.607614
208	2097	0	0	0	0	0	1.415027
209	2112	0	0	0	1	0	2.888154
210	2124	0	0	0	0	0	2.771212
211	2141	0	0	0	2	0	1.495701
212	2149	0	0	0	1	0	2.298942
213	2164	0	0	0	2	0	2.164495
214	2173	0	0	0	1	0	2.041314
215	2187	0	0	0	1	0	1.017345
216	2196	0	0	0	0	0	1.721687
217	2203	0	0	0	2	0	2.981473
218	2210	0	0	0	2	0	1.092091
219	2217	0	0	0	0	0	1.976886
220	2221	0	0	0	0	0	1.741556
221	2228	0	0	0	0	0	2.365567
222	2236	0	0	0	2	0	1.354569
223	2244	0	0	0	1	0	1.467301
224	2255	0	0	0	0	0	2.506987
225	2268	0	0	0	2	0	2.352047
226	2278	0	0	0	0	0	2.049255
227	2284	0	0	0	1	0	2.004394
228	2295	0	0	0	0	0	1.609384
229	2307	0	0	0	1	0	1.562950
230	2315	0	0	0	0	0	2.360722
231	2330	0	0	0	0	0	2.334074
232	2346	0	0	0	1	0	1.752572
233	2359	0	0	0	2	0	2.099525
234	2369	0	0	0	2	0	2.940492
235	2380	0	0	0	0	0	2.145120
236	2393	0	0	0	0	0	1.947609
237	2401	0	0	0	1	0	2.386941
238	2409	0	0	0	1	0	2.070732
239	2422	0	0	0	2	0	1.414007
240	2429	0	0	0	0	0	2.304920
241	2440	0	0	0	0	0	2.514683
242	2445	0	0	0	2	0	2.538998
243	2452	0	0	0	2	0	1.676806
244	2463	0	0	0	0	0	1.092602
245	2476	0	0	0	2	0	1.827702
246	2482	0	0	0	1	0	1.899449
247	2489	0	0	0	0	0	2.029531
248	2498	0	0	0	2	0	2.199420
249	2505	0	0	0	0	0	2.501207
250	2515	0	0	0	2	0	1.911778
251	2526	0	0	0	2	0	1.172690
252	2531	0	0	0	0	0	1.649507
253	2544	0	0	0	1	0	1.696801
254	2556	0	0	0	0	0	1.781872
255	2570	0	0	0	0	0	1.411707
256	2579	0	0	0	0	0	1.938353
257	2589	0	0	0	0	0	2.411066
258	2599	0	0	0	0	0	1.834239
259	2607	0	0	0	0	0	2.817256
260	2618	0	0	0	1	0	1.923068
261	2630	0	0	0	0	0	2.512395
262	2641	0	0	0	1	0	1.919313
263	2647	0	0	0	0	0	2.896393
264	2656	0	0	0	2	0	2.543160
265	2664	0	0	0	0	0	2.800107
266	2670	0	0	0	1	0	2.812352
267	2679	0	0	0	1	0	1.527507
268	2682	0	0	0	2	0	2.332511
269	2697	0	0	0	1	0	2.298096
270	2706	0	0	0	1	0	1.838270
271	2715	0	0	0	1	0	2.257952
272	2724	0	0	0	0	0	1.071825
273	2731	0	0	0	2	0	1.818886
274	2742	0	0	0	0	0	1.175942
275	2750	0	0	0	1	0	1.235595
276	2763	0	0	0	1	0	2.825546
277	2774	0	0	0	1	0	2.845244
278	2784	0	0	0	0	0	2.324220
279	2802	0	0	0	1	0	2.461893
280	2815	0	0	0	1	0	2.759472
281	2830	0	0	0	0	0	2.128734
282	2841	0	0	0	1	0	2.742368
283	2851	0	0	0	0	0	1.249883
284	2859	0	0	0	2	0	2.348079
285	2874	0	0	0	2	0	2.818829
286	2880	0	0	0	0	0	1.073839
287	2891	0	0	0	0	0	2.051462
288	2906	0	0	0	0	0	1.162766
289	2917	0	0	0	1	0	1.241989
290	2928	0	0	0	2	0	2.106387
291	2939	0	0	0	0	0	2.679029
292	2946	0	0	0	0	0	2.472308
293	2952	0	0	0	0	0	2.405538
294	2963	0	0	0	0	0	2.375112
295	2974	0	0	0	1	0	1.924189
296	2985	0	0	0	1	0	2.852877
297	2989	0	0	0	2	0	2.973528
298	2997	0	0	0	0	0	2.813649
299	3010	0	0	0	0	0	1.705750
300	3018	0	0	0	0	0	2.947928
301	3030	0	0	0	2	0	1.378452
302	3036	0	0	0	2	0	2.255275
303	3046	0	0	0	0	0	1.650222
304	3058	0	0	0	0	0	2.382179
305	3068	0	0	0	1	0	2.627088
306	3082	0	0	0	1	0	2.620543
307	3094	0	0	0	2	0	2.188091
308	3106	0	0	0	1	0	1.174976
309	3117	0	0	0	0	0	2.905417
310	3129	0	0	0	0	0	2.841308
311	3135	0	0	0	0	0	2.742121
312	3141	0	0	0	0	0	1.736590
313	3147	0	0	0	0	0	1.567083
314	3161	0	0	0	2	0	2.483483
315	3171	0	0	0	0	0	1.833869
316	3185	0	0	0	1	0	1.437071
317	3196	0	0	0	1	0	1.366926
318	3208	0	0	0	1	0	2.674897
319	3216	0	0	0	0	0	1.523750
320	3224	0	0	0	1	0	2.155474
321	3232	0	0	0	2	0	1.676457
322	3241	0	0	0	1	0	1.765727
323	3250	0	0	0	1	0	1.895592
324	3262	0	0	0	0	0	1.471589
325	3270	0	0	0	1	0	1.868831
326	3282	0	0	0	2	0	2.011507
327	3288	0	0	0	2	0	1.752494
328	3301	0	0	0	1	0	1.065321
329	3317	0	0	0	2	0	1.763637
330	3321	0	0	0	1	0	2.553191
331	3331	0	0	0	2	0	1.381912
332	3340	0	0	0	2	0	2.628252
333	3354	0	0	0	0	0	1.547485
334	3365	0	0	0	0	0	2.789835
335	3374	0	0	0	1	0	1.737480
336	3382	0	0	0	1	0	2.017508
337	3387	0	0	0	1	0	1.250462
338	3393	0	0	0	1	0	2.624432
339	3407	0	0	0	0	0	2.314397
340	3417	0	0	0	0	0	2.225772
341	3427	0	0	0	2	0	2.199866
342	3438	0	0	0	2	0	1.978801
343	3449	0	0	0	0	0	2.299166
344	3460	0	0	0	1	0	1.728045
345	3469	0	0	0	1	0	1.748919
346	3485	0	0	0	1	0	1.195659
347	3500	0	0	0	0	0	2.505334
348	3509	0	0	0	2	0	2.044872
349	3516	0	0	0	0	0	1.489168
350	3528	0	0	0	1	0	1.361973
351	3544	0	0	0	2	0	2.818761
352	3554	0	0	0	0	0	2.535988
353	3567	0	0	0	0	0	1.279381
354	3574	0	0	0	2	0	1.944531
355	3585	0	0	0	0	0	1.003029
356	3599	0	0	0	0	0	1.323704
357	3608	0	0	0	1	0	1.918066
358	3616	0	0	0	2	0	1.538607
359	3627	0	0	0	1	0	2.250650
360	3640	0	0	0	1	0	2.817831
361	3649	0	0	0	0	0	2.793341
362	3662	0	0	0	0	0	2.559092
363	3675	0	0	0	1	0	1.743336
364	3683	0	0	0	0	0	2.893559
365	3692	0	0	0	2	0	1.799594
366	3698	0	0	0	2	0	1.198923
367	3710	0	0	0	1	0	2.109053
368	3719	0	0	0	0	0	2.780445
369	3727	0	0	0	0	0	2.837533
370	3734	0	0	0	1	0	1.594712
371	3741	0	0	0	0	0	2.277756
372	3751	0	0	0	0	0	2.086530
373	3761	0	0	0	1	0	1.999836
374	3772	0	0	0	0	0	1.316840
375	3783	0	0	0	0	0	2.765587
376	3791	0	0	0	2	0	1.094997
377	3804	0	0	0	0	0	2.500727
378	3816	0	0	0	0	0	2.488113
379	3822	0	0	0	1	0	2.102026
380	3832	0	0	0	1	0	1.831635
381	3843	0	0	0	2	0	2.038914
382	3857	0	0	0	1	0	2.542622
383	3866	0	0	0	2	0	2.878749
384	3874	0	0	0	1	0	1.326673
385	3888	0	0	0	2	0	2.830928
386	3905	0	0	0	0	0	1.394540
387	3919	0	0	0	0	0	1.341216
388	3925	0	0	0	2	0	1.589020
389	3934	0	0	0	0	0	2.676560
390	3945	0	0	0	1	0	1.854485
391	3954	0	0	0	1	0	2.940626
392	3966	0	0	0	0	0	1.728324
393	3975	0	0	0	2	0	1.776670
394	3983	0	0	0	1	0	1.829000
395	3989	0	0	0	0	0	1.778875
396	3997	0	0	0	1	0	2.425888
397	4003	0	0	0	1	0	1.968961
398	4014	0	0	0	1	0	1.517149
399	4023	0	0	0	2	0	2.850896
400	4031	0	0	0	0	0	1.807734
401	4041	0	0	0	0	0	2.982377
402	4049	0	0	0	1	0	1.652580
403	4061	0	0	0	2	0	2.904874
404	4067	0	0	0	1	0	1.739094
405	4075	0	0	0	0	0	2.472081
406	4083	0	0	0	0	0	2.869422
407	4094	0	0	0	0	0	1.026113
408	4108	0	0	0	0	0	2.442882
409	4120	0	0	0	1	0	2.607842
410	4127	0	0	0	0	0	2.623019
411	4131	0	0	0	0	0	1.320048
412	4143	0	0	0	0	0	1.737843
413	4157	0	0	0	2	0	1.419026
414	4167	0	0	0	0	0	2.242347
415	4183	0	0	0	1	0	2.534479
416	4193	0	0	0	1	0	2.126349
417	4200	0	0	0	2	0	1.412497
418	4206	0	0	0	0	0	2.734140
419	4220	0	0	0	1	0	2.680298
420	4237	0	0	0	0	0	2.927532
421	4242	0	0	0	2	0	2.330327
422	4250	0	0	0	0	0	2.829309
423	4262	0	0	0	0	0	1.152802
424	4279	0	0	0	0	0	2.077475
425	4294	0	0	0	2	0	2.432329
426	4310	0	0	0	0	0	2.996239
427	4320	0	0	0	2	0	1.195094
428	4324	0	0	0	0	0	1.997853
429	4336	0	0	0	0	0	1.921666
430	4347	0	0	0	1	0	2.817430
431	4360	0	0	0	0	0	1.492878
432	4373	0	0	0	1	0	1.930387
433	4381	0	0	0	1	0	2.782537
434	4393	0	0	0	2	0	1.954203
435	4413	0	0	0	0	0	2.184477
436	4421	0	0	0	2	0	2.945442
437	4430	0	0	0	2	0	2.106517
438	4435	0	0	0	0	0	1.693818
439	4443	0	0	0	2	0	1.150224
440	4451	0	0	0	0	0	2.083580
441	4461	0	0	0	2	0	2.116903
442	4472	0	0	0	0	0	1.570241
443	4480	0	0	0	1	0	1.181437
444	4489	0	0	0	0	0	1.369517
445	4498	0	0	0	0	0	1.376829
446	4506	0	0	0	2	0	2.737850
447	4513	0	0	0	0	0	2.578931
448	4523	0	0	0	1	0	1.312567
449	4533	0	0	0	1	0	2.672899
450	4542	0	0	0	0	0	2.340225
451	4552	0	0	0	1	0	2.242077
452	4555	0	0	0	0	0	1.708782
453	4561	0	0	0	1	0	2.569649
454	4570	0	0	0	0	0	2.977480
455	4577	0	0	0	2	0	2.009749
456	4586	0	0	0	1	0	1.098785
457	4596	0	0	0	1	0	2.240829
458	4605	0	0	0	0	0	1.630973
459	4616	0	0	0	0	0	2.267071
460	4627	0	0	0	1	0	1.070789
461	4636	0	0	0	0	0	1.859557
462	4647	0	0	0	0	0	1.126252
463	4663	0	0	0	0	0	1.801262
464	4672	0	0	0	0	0	1.667124
465	4685	0	0	0	1	0	1.678040
466	4700	0	0	0	1	0	1.018488
467	4715	0	0	0	1	0	1.633908
468	4722	0	0	0	1	0	2.630818
469	4731	0	0	0	0	0	2.703037
470	4738	0	0	0	0	0	2.000787
471	4752	0	0	0	1	0	1.607650
472	4762	0	0	0	0	0	2.640527
473	4773	0	0	0	1	0	1.669660
474	4786	0	0	0	1	0	2.876487
475	4798	0	0	0	2	0	2.630522
476	4804	0	0	0	1	0	1.308597
477	4812	0	0	0	1	0	2.648560
478	4824	0	0	0	0	0	2.229342
479	4829	0	0	0	2	0	2.363511
480	4833	0	0	0	0	0	2.723966
481	4838	0	0	0	1	0	2.650931
482	4847	0	0	0	0	0	1.386482
483	4856	0	0	0	2	0	1.639403
484	4864	0	0	0	1	0	2.979343
485	4870	0	0	0	1	0	1.383780
486	4883	0	0	0	2	0	1.862465
487	4892	0	0	0	1	0	2.514183
488	4900	0	0	0	0	0	2.579762
489	4911	0	0	0	0	0	2.690177
490	4916	0	0	0	2	0	2.112497
491	4926	0	0	0	0	0	2.917513
492	4936	0	0	0	1	0	1.964780
493	4943	0	0	0	0	0	1.380551
494	4957	0	0	0	0	0	1.966087
495	4970	0	0	0	0	0	2.388514
496	4980	0	0	0	1	0	1.325872
497	4997	0	0	0	0	0	2.796648
498	5011	0	0	0	0	0	1.434750
499	5020	0	0	0	0	0	2.870997
500	5031	0	0	0	0	0	2.808426
501	5038	0	0	0	0	0	2.247823
502	5056	0	0	0	2	0	1.796840
503	5063	0	0	0	2	0	1.096002
504	5076	0	0	0	0	0	2.814970
505	5087	0	0	0	0	0	2.830232
506	5097	0	0	0	0	0	2.772308
507	5110	0	0	0	0	0	2.949797
508	5115	0	0	0	2	0	1.011258
509	5127	0	0	0	0	0	2.186032
510	5136	0	0	0	2	0	1.837633
511	5146	0	0	0	1	0	1.690024
512	5158	0	0	0	1	0	1.394138
513	5168	0	0	0	1	0	1.336457
514	5179	0	0	0	2	0	2.156383
515	5190	0	0	0	1	0	1.833261
516	5201	0	0	0	0	0	2.750870
517	5215	0	0	0	0	0	1.771675
518	5228	0	0	0	0	0	2.409860
519	5239	0	0	0	0	0	2.245187
520	5254	0	0	0	1	0	2.967833
521	5264	0	0	0	1	0	1.690295
522	5274	0	0	0	1	0	2.330086
523	5284	0	0	0	1	0	1.851986
524	5294	0	0	0	2	0	2.636546
525	5307	0	0	0	0	0	1.649854
526	5317	0	0	0	0	0	2.280422
527	5326	0	0	0	0	0	2.854125
528	5335	0	0	0	0	0	1.167609
529	5345	0	0	0	2	0	1.655625
530	5361	0	0	0	0	0	2.189171
531	5368	0	0	0	1	0	2.576673
532	5379	0	0	0	0	0	2.065953
533	5385	0	0	0	2	0	1.453852
534	5396	0	0	0	0	0	2.836372
535	5401	0	0	0	1	0	2.028483
536	5406	0	0	0	1	0	2.860416
537	5417	0	0	0	2	0	1.104481
538	5434	0	0	0	2	0	2.710473
539	5445	0	0	0	1	0	1.689653
540	5450	0	0	0	2	0	1.228051
541	5457	0	0	0	2	0	2.163300
542	5466	0	0	0	0	0	1.185425
543	5472	0	0	0	1	0	2.688564
544	5485	0	0	0	1	0	1.009173
545	5491	0	0	0	1	0	1.303636
546	5503	0	0	0	1	0	2.405213
547	5513	0	0	0	2	0	2.064775
548	5519	0	0	0	2	0	1.053995
549	5531	0	0	0	2	0	2.782735
550	5538	0	0	0	1	0	2.496183
551	5548	0	0	0	1	0	2.162170
552	5559	0	0	0	1	0	2.470993
553	5569	0	0	0	0	0	2.752737
554	5581	0	0	0	2	0	1.859389
555	5588	0	0	0	1	0	1.427495
556	5604	0	0	0	0	0	2.106908
557	5611	0	0	0	0	0	1.178052
558	5617	0	0	0	1	0	2.495051
559	5626	0	0	0	1	0	2.225513
560	5631	0	0	0	0	0	1.025064
561	5645	0	0	0	2	0	2.082876
562	5653	0	0	0	0	0	2.975621
563	5668	0	0	0	1	0	2.769253
564	5680	0	0	0	0	0	1.917624
565	5688	0	0	0	1	0	2.257106
566	5697	0	0	0	1	0	2.816183
567	5708	0	0	0	0	0	1.455270
568	5718	0	0	0	1	0	2.278847
569	5728	0	0	0	2	0	2.997388
570	5732	0	0	0	1	0	2.300546
571	5745	0	0	0	0	0	2.416372
572	5754	0	0	0	2	0	2.508164
573	5765	0	0	0	1	0	2.761349
574	5777	0	0	0	0	0	2.864491
575	5788	0	0	0	1	0	2.826761
576	5799	0	0	0	0	0	2.951796
577	5808	0	0	0	0	0	2.644809
578	5819	0	0	0	1	0	2.970576
579	5828	0	0	0	1	0	1.983091
580	5835	0	0	0	0	0	1.465089
581	5845	0	0	0	0	0	2.912754
582	5858	0	0	0	2	0	1.488255
583	5867	0	0	0	1	0	2.662586
584	5883	0	0	0	2	0	2.188481
585	5897	0	0	0	0	0	2.925331
586	5909	0	0	0	2	0	1.300630
587	5920	0	0	0	1	0	2.421286
588	5935	0	0	0	0	0	2.465352
589	5944	0	0	0	1	0	2.927878
590	5949	0	0	0	2	0	1.034377
591	5960	0	0	0	0	0	2.809913
592	5977	0	0	0	1	0	1.337363
593	5983	0	0	0	2	0	2.592347
594	5990	0	0	0	1	0	2.344119
595	5995	0	0	0	1	0	1.510302
596	6002	0	0	0	0	0	1.348003
597	6011	0	0	0	1	0	1.673405
598	6023	0	0	0	0	0	2.941778
599	6033	0	0	0	2	0	2.431968
600	6039	0	0	0	2	0	2.141363
601	6046	0	0	0	0	0	1.370511
602	6062	0	0	0	1	0	1.535782
603	6070	0	0	0	2	0	2.145341
604	6078	0	0	0	0	0	2.960537
605	6087	0	0	0	0	0	1.845862
606	6095	0	0	0	2	0	2.628075
607	6104	0	0	0	2	0	1.258972
608	6114	0	0	0	1	0	1.383364
609	6120	0	0	0	2	0	2.971826
610	6128	0	0	0	1	0	1.007448
611	6145	0	0	0	0	0	1.955321
612	6151	0	0	0	1	0	1.728198
613	6160	0	0	0	0	0	2.814335
614	6179	0	0	0	1	0	2.876317
615	6188	0	0	0	1	0	1.102625
616	6192	0	0	0	0	0	1.418592
617	6207	0	0	0	0	0	2.124846
618	6215	0	0	0	1	0	2.642673
619	6223	0	0	0	1	0	2.437427
620	6233	0	0	0	0	0	1.436984
621	6239	0	0	0	2	0	1.675721
622	6254	0	0	0	2	0	2.963551
623	6262	0	0	0	0	0	1.637839
624	6269	0	0	0	1	0	1.290930
625	6282	0	0	0	2	0	1.266943
626	6294	0	0	0	1	0	2.076182
627	6304	0	0	0	0	0	2.066648
628	6311	0	0	0	1	0	1.911746
629	6320	0	0	0	2	0	1.553256
630	6330	0	0	0	2	0	2.423143
631	6338	0	0	0	1	0	1.662772
632	6348	0	0	0	0	0	1.642653
633	6360	0	0	0	0	0	2.898568
634	6367	0	0	0	2	0	2.575859
635	6378	0	0	0	0	0	2.635063
636	6386	0	0	0	1	0	1.922040
637	6396	0	0	0	2	0	2.064867
638	6410	0	0	0	2	0	1.322515
639	6419	0	0	0	0	0	2.078349
640	6428	0	0	0	1	0	2.304194
641	6440	0	0	0	0	0	2.007498
642	6447	0	0	0	2	0	2.143583
643	6450	0	0	0	2	0	1.440646
644	6458	0	0	0	2	0	1.713023
645	6466	0	0	0	1	0	2.837031
646	6472	0	0	0	1	0	2.915294
647	6487	0	0	0	2	0	2.366404
648	6497	0	0	0	0	0	2.315207
649	6506	0	0	0	0	0	2.404377
650	6511	0	0	0	0	0	2.071340
651	6519	0	0	0	1	0	1.753080
652	6526	0	0	0	0	0	2.125319
653	6540	0	0	0	0	0	1.151606
654	6548	0	0	0	0	0	1.469782
655	6557	0	0	0	0	0	1.370776
656	6566	0	0	0	0	0	1.121530
657	6574	0	0	0	1	0	1.798227
658	6586	0	0	0	1	0	2.467514
659	6593	0	0	0	0	0	2.041138
660	6603	0	0	0	0	0	1.072354
661	6614	0	0	0	1	0	2.984305
662	6625	0	0	0	0	0	2.439763
663	6638	0	0	0	0	0	2.081381
664	6643	0	0	0	0	0	1.807728
665	6652	0	0	0	0	0	1.194662
666	6662	0	0	0	0	0	1.877246
667	6669	0	0	0	1	0	2.777521
668	6673	0	0	0	0	0	2.960353
669	6681	0	0	0	2	0	2.748259
670	6695	0	0	0	2	0	1.219586
671	6706	0	0	0	2	0	1.678528
672	6718	0	0	0	2	0	1.132584
673	6728	0	0	0	0	0	2.725336
674	6736	0	0	0	1	0	2.897431
675	6741	0	0	0	2	0	2.361892
676	6752	0	0	0	1	0	2.955749
677	6758	0	0	0	1	0	2.594296
678	6770	0	0	0	0	0	2.643938
679	6781	0	0	0	1	0	2.419881
680	6791	0	0	0	1	0	1.326503
681	6801	0	0	0	1	0	2.435144
682	6809	0	0	0	2	0	2.498884
683	6819	0	0	0	2	0	2.643042
684	6826	0	0	0	0	0	1.019225
685	6832	0	0	0	1	0	2.097214
686	6843	0	0	0	0	0	2.247787
687	6860	0	0	0	0	0	1.592472
688	6867	0	0	0	0	0	2.929498
689	6883	0	0	0	0	0	1.726379
690	6895	0	0	0	0	0	1.024253
691	6910	0	0	0	2	0	2.895475
692	6919	0	0	0	1	0	1.324348
693	6931	0	0	0	0	0	1.750638
694	6939	0	0	0	1	0	1.255724
695	6952	0	0	0	1	0	2.647336
696	6965	0	0	0	1	0	2.120134
697	6978	0	0	0	0	0	2.551365
698	6992	0	0	0	0	0	1.718550
699	7002	0	0	0	1	0	1.582042
700	7017	0	0	0	1	0	1.890100
701	7026	0	0	0	0	0	2.862310
702	7037	0	0	0	0	0	1.177200
703	7055	0	0	0	0	0	2.967354
704	7063	0	0	0	2	0	1.958110
705	7075	0	0	0	0	0	2.046898
706	7088	0	0	0	2	0	2.595611
707	7094	0	0	0	0	0	1.559996
708	7102	0	0	0	1	0	2.534350
709	7114	0	0	0	2	0	1.162611
710	7126	0	0	0	0	0	2.864660
711	7140	0	0	0	1	0	1.966999
712	7148	0	0	0	1	0	1.904772
713	7156	0	0	0	2	0	2.176863
714	7169	0	0	0	0	0	2.426313
715	7179	0	0	0	1	0	2.672347
716	7193	0	0	0	2	0	2.012180
717	7208	0	0	0	1	0	1.693597
718	7220	0	0	0	1	0	2.309071
719	7226	0	0	0	1	0	1.788100
720	7235	0	0	0	1	0	2.857063
721	7244	0	0	0	1	0	1.540215
722	7251	0	0	0	1	0	1.733028
723	7256	0	0	0	2	0	1.759852
724	7265	0	0	0	2	0	2.371325
725	7280	0	0	0	0	0	1.823169
726	7298	0	0	0	2	0	1.762721
727	7309	0	0	0	1	0	1.310115
728	7323	0	0	0	0	0	2.016715
729	7334	0	0	0	1	0	2.601073
730	7342	0	0	0	0	0	1.645229
731	7350	0	0	0	1	0	2.039284
732	7359	0	0	0	1	0	1.645547
733	7371	0	0	0	0	0	2.641218
734	7379	0	0	0	0	0	2.993652
735	7389	0	0	0	1	0	1.660958
736	7397	0	0	0	1	0	1.690034
737	7409	0	0	0	0	0	2.676492
738	7418	0	0	0	2	0	1.180327
739	7421	0	0	0	0	0	2.735890
740	7430	0	0	0	1	0	1.505790
741	7441	0	0	0	1	0	1.354689
742	7446	0	0	0	1	0	1.249585
743	7460	0	0	0	0	0	2.095251
744	7469	0	0	0	2	0	1.068549
745	7476	0	0	0	0	0	1.595793
746	7480	0	0	0	0	0	1.349330
747	7489	0	0	0	1	0	1.341338
748	7497	0	0	0	0	0	2.265417
749	7514	0	0	0	1	0	1.430635
750	7527	0	0	0	0	0	1.625093
751	7531	0	0	0	0	0	2.705854
752	7539	0	0	0	2	0	1.213133
753	7549	0	0	0	0	0	1.879958
754	7559	0	0	0	2	0	1.466181
755	7567	0	0	0	1	0	1.343127
756	7576	0	0	0	2	0	2.333965
757	7584	0	0	0	2	0	1.201417
758	7593	0	0	0	0	0	2.255596
759	7599	0	0	0	2	0	2.513219
760	7605	0	0	0	0	0	1.575358
761	7612	0	0	0	0	0	2.087242
762	7628	0	0	0	0	0	1.088154
763	7636	0	0	0	1	0	1.223642
764	7646	0	0	0	0	0	2.134923
765	7652	0	0	0	0	0	1.815650
766	7666	0	0	0	1	0	2.926779
767	7679	0	0	0	0	0	2.158347
768	7684	0	0	0	1	0	1.186844
769	7691	0	0	0	2	0	2.192598
770	7701	0	0	0	1	0	2.911500
771	7710	0	0	0	1	0	1.849339
772	7713	0	0	0	1	0	1.360804
773	7725	0	0	0	1	0	1.695481
774	7731	0	0	0	1	0	1.948622
775	7742	0	0	0	2	0	2.188775
776	7754	0	0	0	0	0	1.011734
777	7762	0	0	0	2	0	2.766828
778	7775	0	0	0	0	0	1.795395
779	7787	0	0	0	2	0	1.362853
780	7799	0	0	0	0	0	1.899836
781	7810	0	0	0	1	0	2.031436
782	7816	0	0	0	0	0	1.463509
783	7822	0	0	0	2	0	2.409185
784	7828	0	0	0	1	0	1.748424
785	7835	0	0	0	0	0	1.947406
786	7846	0	0	0	1	0	1.349258
787	7851	0	0	0	0	0	1.287944
788	7862	0	0	0	2	0	1.964883
789	7869	0	0	0	0	0	2.635669
790	7881	0	0	0	2	0	2.813523
791	7891	0	0	0	1	0	1.073801
792	7905	0	0	0	2	0	2.503746
793	7914	0	0	0	2	0	1.191511
794	7924	0	0	0	0	0	1.360738
795	7930	0	0	0	1	0	2.146350
796	7936	0	0	0	1	0	2.363997
797	7943	0	0	0	1	0	1.940457
798	7952	0	0	0	1	0	2.034078
799	7961	0	0	0	2	0	2.831704
800	7973	0	0	0	0	0	1.525933
801	7982	0	0	0	0	0	2.028265
802	7993	0	0	0	0	0	1.188038
803	8005	0	0	0	1	0	1.366057
804	8016	0	0	0	0	0	1.257803
805	8027	0	0	0	2	0	1.811898
806	8033	0	0	0	2	0	2.217118
807	8046	0	0	0	2	0	2.485196
808	8058	0	0	0	0	0	2.382961
809	8064	0	0	0	2	0	2.705808
810	8076	0	0	0	2	0	1.816590
811	8090	0	0	0	0	0	2.615143
812	8095	0	0	0	2	0	2.132902
813	8103	0	0	0	2	0	2.833378
814	8117	0	0	0	0	0	2.125753
815	8121	0	0	0	2	0	2.758454
816	8136	0	0	0	0	0	1.678886
817	8151	0	0	0	0	0	1.236307
818	8163	0	0	0	0	0	1.718660
819	8171	0	0	0	2	0	2.090828
820	8179	0	0	0	1	0	1.988481
821	8187	0	0	0	0	0	1.225142
822	8200	0	0	0	2	0	1.874610
823	8205	0	0	0	2	0	1.440632
824	8219	0	0	0	1	0	2.114719
825	8225	0	0	0	2	0	2.257609
826	8233	0	0	0	2	0	1.015653
827	8241	0	0	0	0	0	1.752848
828	8249	0	0	0	0	0	1.409649
829	8260	0	0	0	1	0	1.020137
830	8276	0	0	0	0	0	2.416015
831	8294	0	0	0	0	0	2.123217
832	8307	0	0	0	2	0	1.170008
833	8327	0	0	0	1	0	1.744426
834	8336	0	0	0	0	0	2.212528
835	8349	0	0	0	0	0	2.832117
836	8359	0	0	0	1	0	2.415092
837	8366	0	0	0	1	0	2.178570
838	8372	0	0	0	1	0	1.607747
839	8376	0	0	0	1	0	2.085584
840	8388	0	0	0	0	0	1.317888
841	8400	0	0	0	2	0	2.121250
842	8411	0	0	0	0	0	2.110812
843	8420	0	0	0	1	0	2.419477
844	8433	0	0	0	1	0	2.880623
845	8446	0	0	0	1	0	2.620003
846	8459	0	0	0	0	0	1.396070
847	8468	0	0	0	0	0	1.887712
848	8477	0	0	0	0	0	2.331235
849	8485	0	0	0	2	0	1.445298
850	8498	0	0	0	0	0	2.320730
851	8508	0	0	0	0	0	1.946012
852	8514	0	0	0	0	0	2.546287
853	8526	0	0	0	1	0	2.996163
854	8535	0	0	0	0	0	1.736273
855	8545	0	0	0	2	0	1.881336
856	8555	0	0	0	0	0	2.688962
857	8566	0	0	0	2	0	2.174803
858	8585	0	0	0	2	0	1.091708
859	8595	0	0	0	2	0	1.849325
860	8609	0	0	0	1	0	2.467793
861	8616	0	0	0	2	0	2.363126
862	8624	0	0	0	2	0	2.658542
863	8633	0	0	0	1	0	1.524048
864	8641	0	0	0	1	0	1.704069
865	8646	0	0	0	2	0	2.411135
866	8655	0	0	0	2	0	1.477361
867	8671	0	0	0	2	0	2.317840
868	8676	0	0	0	0	0	2.111142
869	8685	0	0	0	0	0	1.465015
870	8696	0	0	0	1	0	1.465041
871	8704	0	0	0	2	0	2.429109
872	8711	0	0	0	0	0	1.478469
873	8719	0	0	0	0	0	1.723933
874	8737	0	0	0	2	0	2.584977
875	8742	0	0	0	0	0	1.942226
876	8756	0	0	0	0	0	1.415682
877	8771	0	0	0	2	0	1.401416
878	8775	0	0	0	2	0	2.787140
879	8778	0	0	0	2	0	2.904088
880	8785	0	0	0	0	0	2.197558
881	8796	0	0	0	2	0	1.988281
882	8803	0	0	0	1	0	1.222267
883	8813	0	0	0	0	0	1.445805
884	8824	0	0	0	2	0	2.655058
885	8830	0	0	0	1	0	1.586298
886	8837	0	0	0	0	0	1.120862
887	8850	0	0	0	1	0	2.947713
888	8860	0	0	0	2	0	2.241652
889	8870	0	0	0	1	0	1.094388
890	8882	0	0	0	0	0	2.355247
891	8893	0	0	0	2	0	1.492022
892	8901	0	0	0	0	0	1.867838
893	8908	0	0	0	0	0	1.141238
894	8917	0	0	0	1	0	1.836269
895	8930	0	0	0	1	0	2.657000
896	8937	0	0	0	2	0	1.014567
897	8939	0	0	0	0	0	1.386329
898	8949	0	0	0	2	0	1.090127
899	8957	0	0	0	1	0	1.237103
900	8959	0	0	0	0	0	2.292271
901	8971	0	0	0	2	0	2.720673
902	8986	0	0	0	2	0	1.951417
903	8994	0	0	0	0	0	2.462972
904	9000	0	0	0	0	0	2.979272
905	9007	0	0	0	2	0	1.085294
906	9013	0	0	0	2	0	1.723263
907	9024	0	0	0	0	0	1.308862
908	9036	0	0	0	1	0	2.243508
909	9048	0	0	0	1	0	2.314340
910	9056	0	0	0	0	0	1.425446
911	9064	0	0	0	0	0	2.774385
912	9074	0	0	0	1	0	1.349436
913	9082	0	0	0	2	0	1.372868
914	9087	0	0	0	0	0	1.290486
915	9098	0	0	0	1	0	2.757348
916	9112	0	0	0	0	0	2.359752
917	9126	0	0	0	0	0	2.218560
918	9135	0	0	0	2	0	2.281485
919	9149	0	0	0	0	0	1.790179
920	9154	0	0	0	0	0	2.839030
921	9162	0	0	0	1	0	2.783285
922	9167	0	0	0	2	0	2.114967
923	9177	0	0	0	0	0	1.701914
924	9188	0	0	0	1	0	1.685365
925	9199	0	0	0	1	0	2.901587
926	9211	0	0	0	1	0	1.007583
927	9226	0	0	0	2	0	2.017918
928	9238	0	0	0	0	0	2.318922
929	9248	0	0	0	0	0	2.000721
930	9258	0	0	0	0	0	1.300420
931	9276	0	0	0	1	0	1.510288
932	9284	0	0	0	0	0	2.351000
933	9295	0	0	0	2	0	2.773972
934	9308	0	0	0	0	0	2.242175
935	9314	0	0	0	1	0	2.734883
936	9319	0	0	0	2	0	2.337389
937	9328	0	0	0	2	0	1.772956
938	9338	0	0	0	2	0	1.350445
939	9352	0	0	0	0	0	2.313364
940	9363	0	0	0	0	0	1.976054
941	9375	0	0	0	1	0	2.763959
942	9384	0	0	0	1	0	2.451465
943	9393	0	0	0	0	0	1.388008
944	9404	0	0	0	1	0	1.946456
945	9411	0	0	0	0	0	2.417295
946	9415	0	0	0	0	0	2.557875
947	9424	0	0	0	1	0	1.727946
948	9439	0	0	0	1	0	1.146068
949	9447	0	0	0	1	0	2.093728
950	9456	0	0	0	0	0	1.361104
951	9462	0	0	0	1	0	2.787225
952	9472	0	0	0	1	0	2.155376
953	9478	0	0	0	0	0	2.580525
954	9483	0	0	0	2	0	2.764586
955	9493	0	0	0	1	0	1.392923
956	9504	0	0	0	0	0	2.367124
957	9516	0	0	0	2	0	1.694771
958	9525	0	0	0	2	0	2.393782
959	9535	0	0	0	2	0	1.783080
960	9551	0	0	0	1	0	2.863385
961	9563	0	0	0	1	0	1.935116
962	9570	0	0	0	2	0	1.508563
963	9582	0	0	0	1	0	2.934725
964	9588	0	0	0	1	0	1.987574
965	9599	0	0	0	2	0	1.909285
966	9610	0	0	0	1	0	2.434742
967	9624	0	0	0	2	0	2.901334
968	9640	0	0	0	0	0	2.082018
969	9650	0	0	0	0	0	2.327238
970	9660	0	0	0	0	0	2.950359
971	9671	0	0	0	1	0	2.927434
972	9684	0	0	0	0	0	2.022423
973	9697	0	0	0	0	0	1.686790
974	9708	0	0	0	0	0	2.308544
975	9714	0	0	0	1	0	2.834140
976	9726	0	0	0	1	0	2.680874
977	9730	0	0	0	0	0	1.406621
978	9736	0	0	0	0	0	1.739325
979	9746	0	0	0	2	0	1.825057
980	9755	0	0	0	1	0	2.757543
981	9763	0	0	0	0	0	2.897887
982	9777	0	0	0	1	0	2.033316
983	9786	0	0	0	2	0	1.319203
984	9795	0	0	0	0	0	2.336076
985	9802	0	0	0	0	0	2.848520
986	9810	0	0	0	0	0	1.249459
987	9820	0	0	0	1	0	2.906017
988	9826	0	0	0	1	0	2.512964
989	9835	0	0	0	1	0	1.464083
990	9845	0	0	0	0	0	2.542454
991	9863	0	0	0	1	0	1.611463
992	9870	0	0	0	2	0	1.606224
993	9875	0	0	0	0	0	1.035302
994	9889	0	0	0	1	0	1.833421
995	9898	0	0	0	0	0	2.988154
996	9904	0	0	0	2	0	1.408786
997	9916	0	0	0	1	0	2.530059
998	9927	0	0	0	0	0	2.253308
999	9934	0	0	0	1	0	1.660549
