0	1	0	0	0	1	0	1.084664
1	10	0	0	0	1	0	2.984409
2	19	0	0	0	0	0	1.207213
3	27	0	0	0	0	0	2.015037
4	39	0	0	0	1	0	2.485625
5	52	0	0	0	2	0	1.101174
6	64	0	0	0	2	0	2.484960
7	79	0	0	0	1	0	1.398015
8	89	0	0	0	0	0	2.300617
9	98	0	0	0	1	0	1.468895
10	109	0	0	0	2	0	1.080374
11	117	0	0	0	1	0	1.731516
12	129	0	0	0	2	0	1.422896
13	136	0	0	0	1	0	2.825134
14	147	0	0	0	1	0	2.329335
15	155	0	0	0	2	0	2.309544
16	165	0	0	0	1	0	1.282944
17	176	0	0	0	2	0	1.282928
18	185	0	0	0	2	0	1.080833
19	194	0	0	0	0	0	2.507495
20	203	0	0	0	2	0	1.812870
21	214	0	0	0	2	0	1.075366
22	218	0	0	0	0	0	2.331012
23	227	0	0	0	1	0	2.750967
24	236	0	0	0	0	0	1.153573
25	247	0	0	0	1	0	1.439020
26	261	0	0	0	0	0	1.269199
27	269	0	0	0	2	0	2.173413
28	275	0	0	0	1	0	2.393941
29	285	0	0	0	2	0	2.194250
30	291	0	0	0	2	0	2.561857
31	303	0	0	0	0	0	1.581427
32	310	0	0	0	2	0	1.237369
33	318	0	0	0	0	0	1.736895
34	329	0	0	0	1	0	2.095044
35	343	0	0	0	2	0	1.797440
36	350	0	0	0	0	0	2.945257
37	360	0	0	0	0	0	1.023455
38	372	0	0	0	1	0	2.430050
39	381	0	0	0	2	0	2.465658
40	390	0	0	0	1	0	1.599175
41	403	0	0	0	1	0	1.910975
42	415	0	0	0	1	0	2.132573
43	427	0	0	0	0	0	2.686865
44	438	0	0	0	0	0	1.398987
45	449	0	0	0	1	0	1.598272
46	460	0	0	0	0	0	2.594265
47	479	0	0	0	0	0	2.669910
48	489	0	0	0	2	0	2.108134
49	500	0	0	0	1	0	2.989770
50	506	0	0	0	2	0	2.822313
51	514	0	0	0	0	0	2.418635
52	522	0	0	0	2	0	1.854101
53	535	0	0	0	1	0	2.459722
54	545	0	0	0	2	0	1.986467
55	554	0	0	0	1	0	2.587907
56	563	0	0	0	0	0	2.703064
57	577	0	0	0	0	0	2.601136
58	590	0	0	0	1	0	1.455536
59	598	0	0	0	0	0	2.660206
60	603	0	0	0	1	0	1.409395
61	614	0	0	0	0	0	1.264960
62	623	0	0	0	0	0	2.808329
63	635	0	0	0	0	0	2.276870
64	640	0	0	0	1	0	2.407479
65	652	0	0	0	1	0	2.295199
66	665	0	0	0	2	0	2.737470
67	675	0	0	0	2	0	1.679548
68	685	0	0	0	2	0	1.144891
69	693	0	0	0	2	0	2.563547
70	703	0	0	0	2	0	1.401174
71	713	0	0	0	2	0	2.256949
72	723	0	0	0	0	0	2.041846
73	729	0	0	0	0	0	1.888437
74	745	0	0	0	1	0	1.483588
75	757	0	0	0	1	0	1.226286
76	765	0	0	0	0	0	1.714804
77	776	0	0	0	2	0	2.543407
78	784	0	0	0	1	0	1.382005
79	792	0	0	0	1	0	1.338731
80	811	0	0	0	0	0	2.403357
81	819	0	0	0	1	0	2.398194
82	829	0	0	0	0	0	2.741877
83	838	0	0	0	0	0	2.288509
84	848	0	0	0	1	0	2.497810
85	859	0	0	0	0	0	2.356249
86	872	0	0	0	1	0	1.451731
87	880	0	0	0	0	0	1.487321
88	884	0	0	0	0	0	2.064156
89	897	0	0	0	1	0	1.637772
90	902	0	0	0	1	0	1.868374
91	906	0	0	0	1	0	1.165357
92	911	0	0	0	1	0	1.793681
93	923	0	0	0	0	0	1.561675
94	933	0	0	0	0	0	1.746210
95	944	0	0	0	0	0	1.754764
96	954	0	0	0	1	0	2.882536
97	966	0	0	0	2	0	2.866998
98	974	0	0	0	1	0	2.387695
99	988	0	0	0	1	0	1.589520
100	998	0	0	0	0	0	2.036019
101	1003	0	0	0	1	0	2.128366
102	1011	0	0	0	1	0	1.123510
103	1019	0	0	0	0	0	2.063296
104	1029	0	0	0	1	0	1.836162
105	1036	0	0	0	0	0	2.925694
106	1048	0	0	0	2	0	1.558179
107	1059	0	0	0	0	0	2.448421
108	1069	0	0	0	2	0	1.139826
109	1080	0	0	0	0	0	2.014399
110	1096	0	0	0	0	0	1.410872
111	1105	0	0	0	1	0	2.732601
112	1111	0	0	0	1	0	1.377779
113	1119	0	0	0	0	0	1.088284
114	1129	0	0	0	0	0	1.152624
115	1139	0	0	0	1	0	1.068610
116	1149	0	0	0	2	0	2.192491
117	1155	0	0	0	1	0	2.975997
118	1166	0	0	0	0	0	1.906449
119	1178	0	0	0	2	0	2.048005
120	1191	0	0	0	1	0	2.038435
121	1207	0	0	0	0	0	2.746114
122	1222	0	0	0	1	0	2.336399
123	1236	0	0	0	0	0	1.602971
124	1252	0	0	0	0	0	1.107504
125	1265	0	0	0	2	0	1.596208
126	1281	0	0	0	0	0	1.823847
127	1293	0	0	0	0	0	1.672957
128	1300	0	0	0	1	0	1.010536
129	1309	0	0	0	0	0	1.224279
130	1322	0	0	0	1	0	2.903706
131	1328	0	0	0	0	0	1.084837
132	1342	0	0	0	0	0	2.896037
133	1353	0	0	0	0	0	2.460817
134	1358	0	0	0	1	0	2.842474
135	1368	0	0	0	1	0	2.877169
136	1376	0	0	0	0	0	2.490596
137	1382	0	0	0	2	0	2.240934
138	1394	0	0	0	1	0	1.576604
139	1404	0	0	0	0	0	2.637432
140	1415	0	0	0	0	0	2.437818
141	1429	0	0	0	0	0	1.388632
142	1439	0	0	0	1	0	1.222476
143	1446	0	0	0	0	0	2.317129
144	1459	0	0	0	0	0	2.760873
145	1470	0	0	0	2	0	2.706334
146	1479	0	0	0	1	0	2.222122
147	1491	0	0	0	0	0	2.500727
148	1496	0	0	0	1	0	1.518148
149	1510	0	0	0	1	0	2.180832
150	1517	0	0	0	2	0	1.536785
151	1524	0	0	0	0	0	2.624442
152	1538	0	0	0	1	0	1.189918
153	1550	0	0	0	0	0	2.569611
154	1559	0	0	0	0	0	1.366493
155	1568	0	0	0	1	0	1.688066
156	1579	0	0	0	1	0	2.130540
157	1593	0	0	0	0	0	1.517761
158	1599	0	0	0	1	0	2.522685
159	1607	0	0	0	0	0	1.155848
160	1615	0	0	0	0	0	1.641530
161	1621	0	0	0	1	0	1.883435
162	1631	0	0	0	1	0	1.966400
163	1644	0	0	0	0	0	1.786462
164	1654	0	0	0	1	0	2.804439
165	1666	0	0	0	1	0	2.862804
166	1671	0	0	0	1	0	1.838727
167	1678	0	0	0	1	0	1.222802
168	1689	0	0	0	1	0	2.255964
169	1696	0	0	0	2	0	1.514816
170	1705	0	0	0	1	0	2.636790
171	1716	0	0	0	1	0	1.059705
172	1726	0	0	0	2	0	1.172192
173	1733	0	0	0	0	0	1.196728
174	1740	0	0	0	1	0	2.450440
175	1749	0	0	0	2	0	2.694203
176	1763	0	0	0	1	0	1.634350
177	1770	0	0	0	0	0	2.493004
178	1776	0	0	0	0	0	2.770891
179	1783	0	0	0	0	0	2.986160
180	1792	0	0	0	1	0	2.319642
181	1811	0	0	0	0	0	1.308122
182	1820	0	0	0	1	0	1.576042
183	1836	0	0	0	0	0	1.313321
184	1852	0	0	0	1	0	2.089568
185	1860	0	0	0	1	0	2.271278
186	1875	0	0	0	2	0	2.546515
187	1885	0	0	0	0	0	2.045821
188	1897	0	0	0	1	0	1.286956
189	1903	0	0	0	1	0	1.792605
190	1909	0	0	0	0	0	1.718616
191	1921	0	0	0	2	0	1.706520
192	1934	0	0	0	2	0	2.639750
193	1946	0	0	0	0	0	1.484706
194	1951	0	0	0	2	0	1.027850
195	1956	0	0	0	0	0	1.073622
196	1967	0	0	0	0	0	1.484825
197	1984	0	0	0	0	0	1.100188
198	1989	0	0	0	1	0	2.142511
199	2000	0	0	0	1	0	1.867759
200	2008	0	0	0	2	0	2.790747
201	2030	0	0	0	0	0	2.548266
202	2043	0	0	0	2	0	1.200020
203	2054	0	0	0	0	0	2.918202
204	2061	0	0	0	2	0	1.899540
205	2074	0	0	0	0	0	1.594473
206	2082	0	0	0	2	0	1.697205
207	2092	0	0	0	1	0	2.842086
208	2101	0	0	0	2	0	2.522120
209	2111	0	0	0	2	0	2.508198
210	2118	0	0	0	2	0	2.786480
211	2123	0	0	0	2	0	2.676609
212	2133	0	0	0	0	0	2.486704
213	2144	0	0	0	0	0	2.792809
214	2155	0	0	0	2	0	1.908244
215	2165	0	0	0	1	0	2.922578
216	2171	0	0	0	2	0	1.107087
217	2181	0	0	0	2	0	2.008287
218	2194	0	0	0	2	0	2.671999
219	2207	0	0	0	1	0	1.385180
220	2216	0	0	0	2	0	2.940434
221	2222	0	0	0	0	0	2.056377
222	2233	0	0	0	1	0	1.439530
223	2238	0	0	0	0	0	2.729642
224	2247	0	0	0	1	0	2.411418
225	2254	0	0	0	1	0	2.512709
226	2260	0	0	0	0	0	1.107136
227	2270	0	0	0	0	0	2.679525
228	2276	0	0	0	0	0	1.330064
229	2289	0	0	0	0	0	2.201263
230	2297	0	0	0	2	0	2.160882
231	2308	0	0	0	1	0	2.999667
232	2323	0	0	0	0	0	2.265885
233	2331	0	0	0	0	0	2.159555
234	2343	0	0	0	1	0	2.598879
235	2354	0	0	0	1	0	2.483396
236	2372	0	0	0	0	0	2.407580
237	2380	0	0	0	1	0	1.068636
238	2386	0	0	0	1	0	2.308649
239	2397	0	0	0	1	0	1.649740
240	2405	0	0	0	2	0	2.600106
241	2417	0	0	0	1	0	2.946229
242	2427	0	0	0	2	0	2.364716
243	2435	0	0	0	0	0	2.342273
244	2440	0	0	0	1	0	2.671708
245	2448	0	0	0	2	0	2.261265
246	2454	0	0	0	2	0	1.033524
247	2463	0	0	0	2	0	1.095570
248	2474	0	0	0	0	0	1.455691
249	2488	0	0	0	1	0	1.785887
250	2492	0	0	0	0	0	2.471337
251	2508	0	0	0	0	0	1.452475
252	2516	0	0	0	2	0	1.785678
253	2524	0	0	0	0	0	1.910477
254	2538	0	0	0	0	0	1.556513
255	2546	0	0	0	0	0	2.135205
256	2555	0	0	0	2	0	1.159263
257	2558	0	0	0	0	0	2.735822
258	2567	0	0	0	0	0	2.544408
259	2583	0	0	0	0	0	2.915085
260	2594	0	0	0	2	0	1.049116
261	2609	0	0	0	0	0	2.107382
262	2619	0	0	0	2	0	2.089550
263	2629	0	0	0	1	0	2.261506
264	2639	0	0	0	1	0	1.782805
265	2649	0	0	0	1	0	2.252326
266	2661	0	0	0	0	0	1.153465
267	2668	0	0	0	0	0	1.893803
268	2682	0	0	0	0	0	2.541975
269	2685	0	0	0	1	0	2.406632
270	2697	0	0	0	1	0	2.137511
271	2707	0	0	0	1	0	1.334721
272	2726	0	0	0	1	0	1.944488
273	2732	0	0	0	1	0	1.331530
274	2745	0	0	0	0	0	2.838119
275	2758	0	0	0	0	0	2.135964
276	2771	0	0	0	0	0	2.486328
277	2783	0	0	0	0	0	1.922736
278	2794	0	0	0	0	0	2.540759
279	2804	0	0	0	0	0	2.796087
280	2814	0	0	0	0	0	1.474609
281	2823	0	0	0	1	0	2.047659
282	2828	0	0	0	2	0	2.967715
283	2838	0	0	0	1	0	1.020454
284	2851	0	0	0	1	0	1.116353
285	2860	0	0	0	2	0	1.811925
286	2873	0	0	0	0	0	2.242377
287	2880	0	0	0	1	0	2.566971
288	2888	0	0	0	0	0	2.521529
289	2896	0	0	0	1	0	1.650459
290	2901	0	0	0	1	0	1.868847
291	2914	0	0	0	0	0	1.225807
292	2922	0	0	0	1	0	2.828723
293	2928	0	0	0	1	0	1.767142
294	2936	0	0	0	0	0	1.302572
295	2943	0	0	0	0	0	2.217817
296	2949	0	0	0	2	0	1.765203
297	2959	0	0	0	0	0	2.098193
298	2968	0	0	0	0	0	2.110592
299	2979	0	0	0	0	0	1.344373
300	2990	0	0	0	0	0	1.206169
301	3001	0	0	0	2	0	2.833490
302	3014	0	0	0	0	0	2.561059
303	3026	0	0	0	2	0	1.333361
304	3034	0	0	0	0	0	1.481929
305	3043	0	0	0	0	0	2.844882
306	3055	0	0	0	1	0	2.558182
307	3066	0	0	0	2	0	2.108158
308	3080	0	0	0	2	0	2.417546
309	3087	0	0	0	1	0	1.027106
310	3099	0	0	0	0	0	1.732924
311	3110	0	0	0	1	0	1.009609
312	3116	0	0	0	2	0	1.904821
313	3127	0	0	0	2	0	2.386274
314	3138	0	0	0	1	0	2.474423
315	3148	0	0	0	0	0	2.285620
316	3154	0	0	0	0	0	2.631790
317	3164	0	0	0	2	0	2.755310
318	3174	0	0	0	0	0	2.223152
319	3189	0	0	0	2	0	2.556845
320	3205	0	0	0	1	0	2.406848
321	3216	0	0	0	2	0	2.642008
322	3226	0	0	0	0	0	1.488132
323	3232	0	0	0	0	0	2.773943
324	3246	0	0	0	1	0	1.266583
325	3253	0	0	0	0	0	1.268624
326	3260	0	0	0	0	0	1.997883
327	3271	0	0	0	2	0	2.219563
328	3282	0	0	0	1	0	1.031858
329	3299	0	0	0	2	0	1.545358
330	3310	0	0	0	0	0	2.104437
331	3322	0	0	0	0	0	2.915264
332	3332	0	0	0	0	0	1.811328
333	3341	0	0	0	1	0	2.353689
334	3344	0	0	0	1	0	2.875707
335	3354	0	0	0	1	0	1.859313
336	3363	0	0	0	0	0	1.149387
337	3372	0	0	0	1	0	2.304111
338	3383	0	0	0	1	0	2.431644
339	3396	0	0	0	0	0	2.949533
340	3405	0	0	0	0	0	1.884882
341	3419	0	0	0	0	0	1.970616
342	3431	0	0	0	1	0	1.216344
343	3438	0	0	0	0	0	2.526887
344	3447	0	0	0	1	0	1.288518
345	3457	0	0	0	2	0	2.975661
346	3464	0	0	0	2	0	2.873936
347	3476	0	0	0	1	0	2.615131
348	3487	0	0	0	0	0	1.954558
349	3493	0	0	0	2	0	2.115367
350	3504	0	0	0	2	0	2.654405
351	3509	0	0	0	2	0	2.978518
352	3519	0	0	0	0	0	2.729716
353	3525	0	0	0	2	0	2.396130
354	3534	0	0	0	0	0	1.751702
355	3543	0	0	0	0	0	1.063015
356	3551	0	0	0	0	0	2.598693
357	3556	0	0	0	2	0	1.356619
358	3567	0	0	0	1	0	2.556356
359	3574	0	0	0	0	0	2.229761
360	3587	0	0	0	0	0	2.922193
361	3594	0	0	0	1	0	1.738089
362	3606	0	0	0	1	0	2.592713
363	3613	0	0	0	1	0	2.297393
364	3626	0	0	0	2	0	2.205819
365	3637	0	0	0	1	0	2.193698
366	3652	0	0	0	0	0	1.120342
367	3663	0	0	0	0	0	1.135139
368	3681	0	0	0	0	0	1.542198
369	3689	0	0	0	2	0	1.773165
370	3697	0	0	0	1	0	1.777573
371	3707	0	0	0	1	0	2.440302
372	3713	0	0	0	2	0	2.731970
373	3722	0	0	0	0	0	2.868921
374	3725	0	0	0	0	0	2.378040
375	3733	0	0	0	2	0	1.547848
376	3744	0	0	0	0	0	2.354003
377	3758	0	0	0	2	0	2.670443
378	3767	0	0	0	0	0	2.112298
379	3774	0	0	0	1	0	1.634127
380	3784	0	0	0	2	0	2.351296
381	3794	0	0	0	0	0	1.918210
382	3800	0	0	0	0	0	2.313387
383	3815	0	0	0	1	0	1.266544
384	3825	0	0	0	0	0	2.173810
385	3840	0	0	0	0	0	1.786886
386	3852	0	0	0	0	0	2.168789
387	3860	0	0	0	1	0	2.918212
388	3868	0	0	0	1	0	2.391773
389	3875	0	0	0	2	0	2.145829
390	3885	0	0	0	1	0	1.410139
391	3899	0	0	0	1	0	2.106897
392	3910	0	0	0	1	0	2.974191
393	3917	0	0	0	0	0	1.604734
394	3927	0	0	0	0	0	1.295919
395	3937	0	0	0	2	0	1.253566
396	3945	0	0	0	0	0	2.671373
397	3953	0	0	0	0	0	1.669681
398	3963	0	0	0	2	0	2.383630
399	3979	0	0	0	0	0	1.355418
400	3999	0	0	0	1	0	1.358211
401	4006	0	0	0	1	0	1.169580
402	4022	0	0	0	0	0	2.229829
403	4036	0	0	0	0	0	2.270927
404	4048	0	0	0	1	0	1.161796
405	4057	0	0	0	0	0	2.280475
406	4069	0	0	0	1	0	2.174812
407	4081	0	0	0	1	0	2.198810
408	4089	0	0	0	2	0	2.022912
409	4104	0	0	0	2	0	2.759417
410	4110	0	0	0	1	0	1.042452
411	4116	0	0	0	1	0	2.223312
412	4128	0	0	0	1	0	1.220207
413	4139	0	0	0	1	0	1.346526
414	4151	0	0	0	2	0	2.868811
415	4161	0	0	0	0	0	2.960873
416	4171	0	0	0	0	0	2.409598
417	4179	0	0	0	1	0	2.383775
418	4183	0	0	0	0	0	2.801615
419	4194	0	0	0	2	0	1.054893
420	4208	0	0	0	1	0	2.289436
421	4213	0	0	0	0	0	2.915383
422	4222	0	0	0	1	0	2.039632
423	4233	0	0	0	0	0	1.636373
424	4242	0	0	0	1	0	2.310340
425	4247	0	0	0	2	0	2.357453
426	4259	0	0	0	1	0	2.031276
427	4271	0	0	0	2	0	1.003184
428	4278	0	0	0	0	0	1.942857
429	4288	0	0	0	0	0	2.233925
430	4298	0	0	0	1	0	2.231806
431	4312	0	0	0	1	0	2.294713
432	4321	0	0	0	1	0	2.592224
433	4334	0	0	0	0	0	2.354170
434	4347	0	0	0	2	0	2.851478
435	4353	0	0	0	0	0	2.245944
436	4362	0	0	0	0	0	1.818042
437	4375	0	0	0	0	0	2.742584
438	4388	0	0	0	1	0	2.218379
439	4394	0	0	0	1	0	1.268342
440	4403	0	0	0	0	0	1.651887
441	4409	0	0	0	0	0	1.411468
442	4419	0	0	0	1	0	1.770395
443	4425	0	0	0	0	0	2.948877
444	4428	0	0	0	0	0	1.293438
445	4438	0	0	0	2	0	2.672891
446	4453	0	0	0	1	0	1.048109
447	4473	0	0	0	2	0	1.828690
448	4483	0	0	0	1	0	2.398408
449	4492	0	0	0	1	0	2.558879
450	4504	0	0	0	0	0	2.364996
451	4510	0	0	0	0	0	1.106194
452	4519	0	0	0	2	0	2.697858
453	4527	0	0	0	2	0	2.179619
454	4537	0	0	0	0	0	2.187851
455	4546	0	0	0	0	0	2.032893
456	4553	0	0	0	2	0	1.072198
457	4564	0	0	0	1	0	2.337043
458	4570	0	0	0	0	0	1.830611
459	4583	0	0	0	2	0	2.495761
460	4595	0	0	0	0	0	1.566415
461	4602	0	0	0	0	0	2.274380
462	4609	0	0	0	0	0	1.914369
463	4621	0	0	0	1	0	2.078606
464	4632	0	0	0	1	0	2.121262
465	4645	0	0	0	2	0	1.893815
466	4660	0	0	0	0	0	2.642207
467	4670	0	0	0	0	0	1.184482
468	4676	0	0	0	0	0	1.263222
469	4687	0	0	0	1	0	2.096807
470	4697	0	0	0	1	0	1.953578
471	4707	0	0	0	2	0	1.485423
472	4718	0	0	0	0	0	1.103809
473	4731	0	0	0	2	0	1.579131
474	4742	0	0	0	2	0	2.860266
475	4750	0	0	0	0	0	1.240651
476	4759	0	0	0	0	0	2.393180
477	4770	0	0	0	1	0	2.365960
478	4777	0	0	0	1	0	1.987682
479	4791	0	0	0	0	0	2.656753
480	4797	0	0	0	0	0	1.932051
481	4808	0	0	0	0	0	1.178574
482	4820	0	0	0	1	0	2.502514
483	4828	0	0	0	0	0	1.601730
484	4840	0	0	0	0	0	1.655842
485	4852	0	0	0	0	0	1.852700
486	4863	0	0	0	1	0	1.225197
487	4870	0	0	0	1	0	1.845530
488	4876	0	0	0	0	0	1.050744
489	4886	0	0	0	1	0	1.671448
490	4893	0	0	0	0	0	1.203404
491	4899	0	0	0	2	0	2.213026
492	4911	0	0	0	0	0	1.974694
493	4920	0	0	0	0	0	1.402777
494	4924	0	0	0	2	0	1.575881
495	4937	0	0	0	1	0	1.615268
496	4951	0	0	0	1	0	2.414754
497	4963	0	0	0	0	0	1.616544
498	4980	0	0	0	0	0	1.405122
499	4989	0	0	0	0	0	2.043710
500	5001	0	0	0	1	0	2.629114
501	5006	0	0	0	0	0	2.114913
502	5018	0	0	0	2	0	2.986530
503	5023	0	0	0	0	0	1.347774
504	5036	0	0	0	0	0	1.777776
505	5053	0	0	0	1	0	2.136801
506	5067	0	0	0	0	0	2.665500
507	5073	0	0	0	0	0	2.757054
508	5078	0	0	0	0	0	1.777422
509	5084	0	0	0	1	0	2.714287
510	5096	0	0	0	2	0	1.224401
511	5104	0	0	0	2	0	2.239815
512	5112	0	0	0	0	0	1.939104
513	5119	0	0	0	1	0	1.824781
514	5129	0	0	0	2	0	2.498576
515	5143	0	0	0	0	0	2.616331
516	5147	0	0	0	0	0	1.030746
517	5155	0	0	0	2	0	1.967018
518	5169	0	0	0	2	0	2.270678
519	5177	0	0	0	0	0	1.992468
520	5185	0	0	0	1	0	1.803837
521	5194	0	0	0	1	0	1.908189
522	5205	0	0	0	1	0	1.518549
523	5221	0	0	0	1	0	1.609611
524	5236	0	0	0	2	0	2.584153
525	5244	0	0	0	0	0	1.018055
526	5249	0	0	0	1	0	1.526585
527	5262	0	0	0	1	0	1.524498
528	5271	0	0	0	0	0	1.628337
529	5279	0	0	0	1	0	2.243224
530	5288	0	0	0	1	0	2.412871
531	5302	0	0	0	0	0	1.766391
532	5309	0	0	0	0	0	1.418697
533	5325	0	0	0	1	0	1.356320
534	5338	0	0	0	1	0	1.927034
535	5350	0	0	0	0	0	1.908616
536	5364	0	0	0	2	0	2.437866
537	5377	0	0	0	2	0	1.180284
538	5384	0	0	0	1	0	1.892926
539	5395	0	0	0	1	0	1.353211
540	5406	0	0	0	1	0	1.275429
541	5414	0	0	0	2	0	1.883979
542	5427	0	0	0	2	0	2.418677
543	5437	0	0	0	0	0	1.818626
544	5452	0	0	0	1	0	2.908608
545	5460	0	0	0	1	0	1.187199
546	5474	0	0	0	0	0	2.270729
547	5479	0	0	0	1	0	2.189945
548	5486	0	0	0	0	0	1.911865
549	5500	0	0	0	0	0	2.707168
550	5505	0	0	0	1	0	1.568320
551	5516	0	0	0	1	0	1.299158
552	5528	0	0	0	2	0	2.807872
553	5537	0	0	0	1	0	2.613010
554	5548	0	0	0	1	0	1.324184
555	5560	0	0	0	2	0	2.525547
556	5568	0	0	0	1	0	2.235154
557	5581	0	0	0	1	0	2.979590
558	5586	0	0	0	1	0	1.283352
559	5595	0	0	0	2	0	1.774778
560	5599	0	0	0	1	0	1.697092
561	5614	0	0	0	1	0	2.463164
562	5630	0	0	0	0	0	2.839386
563	5635	0	0	0	0	0	1.244453
564	5643	0	0	0	0	0	2.034687
565	5648	0	0	0	1	0	2.137119
566	5660	0	0	0	0	0	2.460367
567	5666	0	0	0	2	0	2.442296
568	5679	0	0	0	1	0	2.263190
569	5689	0	0	0	0	0	2.815974
570	5699	0	0	0	1	0	2.453861
571	5705	0	0	0	2	0	1.452279
572	5715	0	0	0	0	0	2.695206
573	5732	0	0	0	1	0	1.601319
574	5744	0	0	0	2	0	2.989245
575	5758	0	0	0	1	0	2.767592
576	5767	0	0	0	0	0	1.123557
577	5777	0	0	0	0	0	1.327870
578	5790	0	0	0	0	0	2.570476
579	5803	0	0	0	1	0	1.763241
580	5811	0	0	0	2	0	2.613331
581	5819	0	0	0	1	0	1.689067
582	5830	0	0	0	1	0	1.289606
583	5837	0	0	0	1	0	1.222822
584	5847	0	0	0	0	0	1.101723
585	5855	0	0	0	0	0	1.250496
586	5867	0	0	0	2	0	1.194686
587	5877	0	0	0	0	0	2.169448
588	5885	0	0	0	2	0	2.154371
589	5892	0	0	0	1	0	1.432808
590	5906	0	0	0	1	0	2.779538
591	5912	0	0	0	1	0	2.891651
592	5927	0	0	0	0	0	1.232312
593	5937	0	0	0	2	0	1.640907
594	5947	0	0	0	2	0	2.361889
595	5958	0	0	0	0	0	2.429944
596	5968	0	0	0	0	0	2.982193
597	5979	0	0	0	2	0	1.479003
598	5992	0	0	0	2	0	1.362669
599	6006	0	0	0	0	0	1.896382
600	6017	0	0	0	1	0	2.896115
601	6031	0	0	0	2	0	1.815730
602	6042	0	0	0	0	0	1.107506
603	6053	0	0	0	2	0	2.466648
604	6066	0	0	0	1	0	2.494475
605	6077	0	0	0	0	0	1.180234
606	6086	0	0	0	2	0	2.291515
607	6098	0	0	0	0	0	1.951877
608	6112	0	0	0	0	0	2.489189
609	6118	0	0	0	1	0	1.473928
610	6127	0	0	0	0	0	1.669335
611	6137	0	0	0	2	0	2.688741
612	6148	0	0	0	1	0	1.221212
613	6156	0	0	0	0	0	1.556354
614	6167	0	0	0	0	0	1.916990
615	6175	0	0	0	1	0	2.404843
616	6188	0	0	0	0	0	1.270408
617	6197	0	0	0	0	0	2.708372
618	6204	0	0	0	0	0	1.888181
619	6218	0	0	0	0	0	1.964207
620	6229	0	0	0	2	0	1.369258
621	6245	0	0	0	1	0	1.882873
622	6252	0	0	0	2	0	1.396700
623	6259	0	0	0	2	0	2.143053
624	6272	0	0	0	1	0	2.762838
625	6280	0	0	0	1	0	2.617944
626	6290	0	0	0	1	0	1.138315
627	6305	0	0	0	0	0	2.306144
628	6321	0	0	0	0	0	2.600434
629	6328	0	0	0	1	0	2.383855
630	6336	0	0	0	0	0	2.552788
631	6345	0	0	0	1	0	1.003347
632	6356	0	0	0	1	0	2.551264
633	6368	0	0	0	2	0	1.304043
634	6375	0	0	0	1	0	2.728332
635	6381	0	0	0	1	0	2.318608
636	6386	0	0	0	0	0	2.255102
637	6394	0	0	0	1	0	1.829331
638	6409	0	0	0	1	0	1.993172
639	6417	0	0	0	2	0	2.235813
640	6433	0	0	0	1	0	1.031183
641	6444	0	0	0	1	0	1.048617
642	6449	0	0	0	1	0	1.976854
643	6457	0	0	0	0	0	2.037108
644	6468	0	0	0	1	0	1.785733
645	6482	0	0	0	2	0	2.139718
646	6489	0	0	0	1	0	2.503906
647	6499	0	0	0	0	0	1.148707
648	6505	0	0	0	2	0	1.782491
649	6514	0	0	0	0	0	1.293439
650	6529	0	0	0	0	0	2.645759
651	6538	0	0	0	0	0	2.208708
652	6550	0	0	0	0	0	2.865160
653	6567	0	0	0	1	0	1.011813
654	6576	0	0	0	0	0	1.791723
655	6583	0	0	0	0	0	2.967725
656	6592	0	0	0	2	0	2.157765
657	6602	0	0	0	0	0	1.500157
658	6621	0	0	0	0	0	2.301045
659	6633	0	0	0	1	0	2.160863
660	6646	0	0	0	2	0	2.463466
661	6654	0	0	0	0	0	2.761642
662	6662	0	0	0	2	0	1.058739
663	6674	0	0	0	2	0	2.906021
664	6687	0	0	0	0	0	2.607529
665	6693	0	0	0	2	0	1.891595
666	6699	0	0	0	1	0	2.076829
667	6705	0	0	0	0	0	2.418330
668	6714	0	0	0	1	0	1.745432
669	6723	0	0	0	0	0	1.051306
670	6734	0	0	0	2	0	1.571766
671	6745	0	0	0	1	0	1.337993
672	6754	0	0	0	0	0	2.398606
673	6764	0	0	0	1	0	1.730458
674	6774	0	0	0	1	0	2.370658
675	6782	0	0	0	0	0	1.104939
676	6794	0	0	0	0	0	1.073018
677	6806	0	0	0	1	0	1.778801
678	6817	0	0	0	0	0	1.370997
679	6830	0	0	0	1	0	2.632096
680	6835	0	0	0	1	0	1.855538
681	6846	0	0	0	1	0	2.687081
682	6851	0	0	0	2	0	2.335434
683	6858	0	0	0	1	0	2.665756
684	6875	0	0	0	2	0	1.689862
685	6889	0	0	0	2	0	2.199473
686	6896	0	0	0	2	0	2.162315
687	6905	0	0	0	2	0	2.736154
688	6915	0	0	0	0	0	2.421147
689	6922	0	0	0	1	0	2.518339
690	6927	0	0	0	2	0	2.188592
691	6935	0	0	0	0	0	2.895372
692	6944	0	0	0	0	0	2.400322
693	6955	0	0	0	0	0	2.762181
694	6963	0	0	0	0	0	1.886970
695	6970	0	0	0	1	0	1.382216
696	6980	0	0	0	0	0	2.139516
697	6988	0	0	0	0	0	1.235698
698	6994	0	0	0	1	0	2.089092
699	7001	0	0	0	0	0	1.445131
700	7008	0	0	0	0	0	1.355121
701	7021	0	0	0	1	0	2.390827
702	7030	0	0	0	2	0	2.890244
703	7041	0	0	0	2	0	2.251976
704	7047	0	0	0	1	0	1.206482
705	7059	0	0	0	1	0	1.124421
706	7065	0	0	0	1	0	2.110730
707	7075	0	0	0	1	0	2.238428
708	7085	0	0	0	2	0	2.286315
709	7103	0	0	0	2	0	2.625389
710	7114	0	0	0	1	0	2.887746
711	7118	0	0	0	2	0	1.928924
712	7128	0	0	0	1	0	1.436004
713	7134	0	0	0	2	0	2.744420
714	7145	0	0	0	0	0	1.519928
715	7153	0	0	0	2	0	2.452390
716	7163	0	0	0	1	0	2.741279
717	7175	0	0	0	2	0	1.548909
718	7185	0	0	0	0	0	2.611436
719	7195	0	0	0	2	0	1.350007
720	7199	0	0	0	2	0	1.282960
721	7202	0	0	0	1	0	1.598886
722	7209	0	0	0	2	0	2.193160
723	7220	0	0	0	1	0	2.466102
724	7225	0	0	0	0	0	2.179894
725	7241	0	0	0	1	0	2.221506
726	7255	0	0	0	1	0	2.973153
727	7264	0	0	0	0	0	1.574352
728	7278	0	0	0	0	0	2.260800
729	7290	0	0	0	0	0	2.121590
730	7302	0	0	0	1	0	1.601853
731	7308	0	0	0	1	0	1.056710
732	7321	0	0	0	0	0	1.876987
733	7335	0	0	0	0	0	1.952929
734	7346	0	0	0	2	0	2.536511
735	7352	0	0	0	1	0	1.834216
736	7365	0	0	0	2	0	1.970465
737	7378	0	0	0	0	0	2.055988
738	7386	0	0	0	1	0	1.329213
739	7393	0	0	0	2	0	1.076454
740	7397	0	0	0	0	0	2.923101
741	7406	0	0	0	0	0	2.756899
742	7410	0	0	0	0	0	1.506774
743	7418	0	0	0	1	0	1.608730
744	7427	0	0	0	1	0	2.807186
745	7439	0	0	0	1	0	1.622072
746	7452	0	0	0	2	0	1.505777
747	7464	0	0	0	0	0	2.199580
748	7479	0	0	0	0	0	2.252390
749	7488	0	0	0	2	0	1.275644
750	7500	0	0	0	1	0	1.619347
751	7510	0	0	0	1	0	1.566461
752	7521	0	0	0	1	0	1.715871
753	7529	0	0	0	1	0	1.260737
754	7538	0	0	0	2	0	1.667161
755	7547	0	0	0	2	0	2.115036
756	7559	0	0	0	1	0	1.825870
757	7567	0	0	0	1	0	2.772813
758	7585	0	0	0	1	0	1.530219
759	7592	0	0	0	2	0	1.358887
760	7601	0	0	0	0	0	1.380407
761	7610	0	0	0	1	0	2.196632
762	7618	0	0	0	0	0	1.864272
763	7626	0	0	0	0	0	1.260314
764	7634	0	0	0	0	0	1.337687
765	7643	0	0	0	0	0	1.632901
766	7658	0	0	0	0	0	2.980175
767	7669	0	0	0	0	0	2.349972
768	7674	0	0	0	1	0	2.798280
769	7684	0	0	0	2	0	2.654313
770	7696	0	0	0	1	0	1.994524
771	7704	0	0	0	2	0	2.742013
772	7714	0	0	0	0	0	2.653680
773	7725	0	0	0	0	0	2.236299
774	7734	0	0	0	1	0	2.098599
775	7745	0	0	0	2	0	2.047767
776	7752	0	0	0	2	0	2.705876
777	7764	0	0	0	2	0	2.578702
778	7777	0	0	0	0	0	2.865826
779	7790	0	0	0	1	0	2.819638
780	7798	0	0	0	1	0	2.715781
781	7810	0	0	0	2	0	1.173604
782	7818	0	0	0	1	0	2.759567
783	7829	0	0	0	2	0	2.189541
784	7843	0	0	0	1	0	1.724262
785	7855	0	0	0	0	0	2.030891
786	7865	0	0	0	2	0	2.224464
787	7874	0	0	0	0	0	1.130852
788	7879	0	0	0	2	0	2.522868
789	7897	0	0	0	0	0	2.930731
790	7907	0	0	0	1	0	2.713327
791	7916	0	0	0	2	0	2.251063
792	7921	0	0	0	2	0	2.740571
793	7939	0	0	0	1	0	1.046124
794	7952	0	0	0	1	0	1.428034
795	7959	0	0	0	1	0	2.223988
796	7971	0	0	0	0	0	2.066888
797	7980	0	0	0	0	0	2.936909
798	7992	0	0	0	0	0	2.184022
799	8004	0	0	0	2	0	1.606506
800	8017	0	0	0	0	0	2.858677
801	8029	0	0	0	1	0	2.935057
802	8042	0	0	0	2	0	1.577659
803	8054	0	0	0	2	0	2.440164
804	8067	0	0	0	2	0	2.758872
805	8089	0	0	0	0	0	1.632380
806	8101	0	0	0	0	0	2.108457
807	8115	0	0	0	0	0	1.892978
808	8118	0	0	0	0	0	2.564645
809	8124	0	0	0	0	0	1.989283
810	8130	0	0	0	0	0	1.986529
811	8133	0	0	0	1	0	2.272166
812	8144	0	0	0	0	0	1.019797
813	8150	0	0	0	2	0	1.988990
814	8160	0	0	0	1	0	2.369285
815	8169	0	0	0	0	0	2.884943
816	8176	0	0	0	0	0	2.566857
817	8183	0	0	0	0	0	2.639489
818	8196	0	0	0	1	0	1.233692
819	8211	0	0	0	2	0	1.872335
820	8220	0	0	0	0	0	2.486148
821	8231	0	0	0	1	0	2.788458
822	8239	0	0	0	2	0	2.030329
823	8255	0	0	0	1	0	1.952331
824	8268	0	0	0	1	0	2.600589
825	8279	0	0	0	0	0	2.403136
826	8295	0	0	0	2	0	2.583960
827	8302	0	0	0	0	0	2.209950
828	8312	0	0	0	1	0	1.218014
829	8326	0	0	0	1	0	2.792173
830	8337	0	0	0	0	0	1.538935
831	8350	0	0	0	1	0	1.316976
832	8363	0	0	0	0	0	2.061353
833	8375	0	0	0	0	0	2.349725
834	8382	0	0	0	1	0	1.622255
835	8393	0	0	0	1	0	1.637817
836	8405	0	0	0	1	0	1.028790
837	8414	0	0	0	0	0	2.903631
838	8423	0	0	0	2	0	2.155317
839	8433	0	0	0	2	0	2.348495
840	8441	0	0	0	2	0	2.472447
841	8450	0	0	0	2	0	1.513701
842	8459	0	0	0	1	0	2.744423
843	8471	0	0	0	2	0	2.184410
844	8488	0	0	0	0	0	2.822652
845	8494	0	0	0	2	0	2.028434
846	8505	0	0	0	0	0	1.686698
847	8513	0	0	0	1	0	1.364303
848	8524	0	0	0	2	0	2.700736
849	8534	0	0	0	0	0	1.929689
850	8543	0	0	0	1	0	1.923497
851	8558	0	0	0	2	0	2.168308
852	8568	0	0	0	1	0	2.452581
853	8580	0	0	0	1	0	1.806642
854	8587	0	0	0	0	0	1.182824
855	8602	0	0	0	1	0	2.181715
856	8613	0	0	0	0	0	2.206452
857	8623	0	0	0	1	0	2.840993
858	8636	0	0	0	0	0	1.295289
859	8648	0	0	0	2	0	1.787354
860	8658	0	0	0	1	0	2.109360
861	8671	0	0	0	2	0	2.800243
862	8677	0	0	0	0	0	2.176979
863	8688	0	0	0	2	0	1.300920
864	8699	0	0	0	1	0	1.521792
865	8704	0	0	0	1	0	1.461850
866	8709	0	0	0	0	0	1.758911
867	8719	0	0	0	1	0	2.441764
868	8729	0	0	0	0	0	1.414041
869	8740	0	0	0	0	0	1.831058
870	8746	0	0	0	0	0	1.041312
871	8753	0	0	0	0	0	2.517248
872	8762	0	0	0	0	0	2.772568
873	8771	0	0	0	0	0	1.551694
874	8783	0	0	0	2	0	2.039036
875	8791	0	0	0	1	0	2.057247
876	8805	0	0	0	0	0	2.634760
877	8815	0	0	0	0	0	2.458274
878	8822	0	0	0	2	0	1.892091
879	8835	0	0	0	2	0	2.636947
880	8853	0	0	0	1	0	1.622531
881	8868	0	0	0	2	0	1.772339
882	8886	0	0	0	0	0	2.254681
883	8889	0	0	0	2	0	2.522136
884	8899	0	0	0	0	0	1.381348
885	8910	0	0	0	0	0	1.015139
886	8923	0	0	0	1	0	2.605227
887	8930	0	0	0	0	0	1.358061
888	8937	0	0	0	1	0	1.114636
889	8944	0	0	0	1	0	2.170240
890	8955	0	0	0	2	0	1.312229
891	8964	0	0	0	2	0	1.649961
892	8973	0	0	0	1	0	2.983680
893	8982	0	0	0	2	0	2.490365
894	8987	0	0	0	0	0	2.470935
895	8992	0	0	0	0	0	1.447183
896	9003	0	0	0	0	0	1.880960
897	9018	0	0	0	2	0	2.531175
898	9031	0	0	0	0	0	2.839593
899	9041	0	0	0	1	0	1.220255
900	9052	0	0	0	0	0	2.504220
901	9058	0	0	0	0	0	2.732799
902	9072	0	0	0	1	0	1.423241
903	9081	0	0	0	0	0	2.348113
904	9089	0	0	0	0	0	2.059110
905	9095	0	0	0	1	0	1.595269
906	9106	0	0	0	0	0	2.013835
907	9113	0	0	0	1	0	2.949570
908	9120	0	0	0	1	0	1.860746
909	9132	0	0	0	0	0	1.639455
910	9146	0	0	0	1	0	1.922644
911	9157	0	0	0	2	0	1.332843
912	9167	0	0	0	1	0	2.642392
913	9179	0	0	0	0	0	1.105972
914	9187	0	0	0	0	0	2.245718
915	9199	0	0	0	1	0	2.442979
916	9208	0	0	0	0	0	1.712894
917	9219	0	0	0	0	0	1.660690
918	9238	0	0	0	0	0	2.644427
919	9252	0	0	0	1	0	2.778742
920	9260	0	0	0	1	0	1.233875
921	9270	0	0	0	1	0	2.322055
922	9286	0	0	0	2	0	2.693242
923	9298	0	0	0	1	0	2.331117
924	9307	0	0	0	2	0	2.726043
925	9318	0	0	0	0	0	1.348957
926	9332	0	0	0	2	0	2.647041
927	9342	0	0	0	0	0	1.501256
928	9358	0	0	0	1	0	1.442775
929	9367	0	0	0	0	0	2.311193
930	9375	0	0	0	1	0	2.326764
931	9390	0	0	0	2	0	2.993708
932	9407	0	0	0	0	0	2.044825
933	9419	0	0	0	1	0	1.903354
934	9427	0	0	0	0	0	1.917410
935	9444	0	0	0	2	0	1.146103
936	9451	0	0	0	0	0	2.184701
937	9461	0	0	0	0	0	2.047039
938	9467	0	0	0	1	0	2.682687
939	9475	0	0	0	0	0	2.952390
940	9483	0	0	0	0	0	1.495606
941	9494	0	0	0	2	0	1.234976
942	9502	0	0	0	1	0	2.503346
943	9513	0	0	0	2	0	2.943107
944	9522	0	0	0	2	0	2.660231
945	9532	0	0	0	0	0	2.900437
946	9544	0	0	0	1	0	1.106702
947	9552	0	0	0	1	0	1.991923
948	9562	0	0	0	2	0	2.216788
949	9573	0	0	0	0	0	1.425725
950	9577	0	0	0	0	0	1.397476
951	9591	0	0	0	2	0	2.365917
952	9605	0	0	0	0	0	1.653102
953	9613	0	0	0	1	0	2.952274
954	9623	0	0	0	1	0	1.594548
955	9631	0	0	0	0	0	1.305969
956	9641	0	0	0	0	0	2.435494
957	9652	0	0	0	2	0	2.630163
958	9672	0	0	0	0	0	2.391233
959	9680	0	0	0	1	0	2.161479
960	9693	0	0	0	1	0	1.252094
961	9705	0	0	0	0	0	2.989842
962	9710	0	0	0	1	0	1.368432
963	9720	0	0	0	0	0	1.432689
964	9734	0	0	0	1	0	2.085966
965	9744	0	0	0	1	0	2.245675
966	9754	0	0	0	1	0	2.057918
967	9764	0	0	0	0	0	2.707396
968	9772	0	0	0	1	0	1.241147
969	9781	0	0	0	2	0	1.341860
970	9789	0	0	0	2	0	2.961923
971	9798	0	0	0	0	0	2.596942
972	9807	0	0	0	1	0	2.481894
973	9816	0	0	0	2	0	2.120125
974	9825	0	0	0	2	0	1.454741
975	9833	0	0	0	0	0	2.145974
976	9846	0	0	0	1	0	2.094260
977	9857	0	0	0	1	0	1.406302
978	9863	0	0	0	0	0	1.074022
979	9868	0	0	0	1	0	2.314208
980	9878	0	0	0	0	0	1.552586
981	9886	0	0	0	1	0	1.186631
982	9899	0	0	0	1	0	2.582260
983	9902	0	0	0	1	0	2.392577
984	9913	0	0	0	0	0	2.569854
985	9923	0	0	0	0	0	1.708640
986	9935	0	0	0	0	0	2.114904
987	9942	0	0	0	2	0	1.224140
988	9957	0	0	0	1	0	2.666511
989	9961	0	0	0	1	0	1.833249
990	9972	0	0	0	0	0	1.885833
991	9980	0	0	0	1	0	1.076357
992	9988	0	0	0	1	0	1.394663
993	9998	0	0	0	2	0	1.209183
994	10011	0	0	0	1	0	2.952606
995	10027	0	0	0	1	0	1.710897
996	10032	0	0	0	0	0	2.729731
997	10040	0	0	0	0	0	1.067025
998	10051	0	0	0	2	0	2.430177
999	10059	0	0	0	2	0	1.060332
