0	1	0	0	0	0	0	2.062340
1	16	0	0	0	1	0	1.780717
2	30	0	0	0	1	0	2.157174
3	35	0	0	0	2	0	1.401200
4	47	0	0	0	1	0	2.574895
5	61	0	0	0	0	0	1.463906
6	70	0	0	0	2	0	1.766730
7	78	0	0	0	0	0	2.692049
8	86	0	0	0	1	0	1.207923
9	95	0	0	0	2	0	2.335071
10	105	0	0	0	1	0	1.815310
11	116	0	0	0	1	0	1.125582
12	128	0	0	0	2	0	1.866092
13	140	0	0	0	0	0	2.173054
14	150	0	0	0	1	0	2.159042
15	161	0	0	0	1	0	2.322946
16	170	0	0	0	1	0	2.678128
17	184	0	0	0	1	0	2.650875
18	196	0	0	0	1	0	1.657775
19	204	0	0	0	0	0	2.162955
20	213	0	0	0	0	0	2.965760
21	223	0	0	0	2	0	2.528201
22	235	0	0	0	1	0	1.478270
23	250	0	0	0	1	0	1.751909
24	258	0	0	0	1	0	1.002611
25	269	0	0	0	0	0	2.549099
26	280	0	0	0	0	0	2.719134
27	291	0	0	0	0	0	2.933992
28	303	0	0	0	2	0	1.184793
29	313	0	0	0	1	0	2.078918
30	327	0	0	0	0	0	1.402110
31	340	0	0	0	1	0	2.216708
32	358	0	0	0	2	0	1.303431
33	370	0	0	0	0	0	1.819451
34	378	0	0	0	0	0	2.165970
35	385	0	0	0	0	0	1.917883
36	393	0	0	0	2	0	1.539095
37	400	0	0	0	0	0	1.796338
38	413	0	0	0	1	0	2.381660
39	426	0	0	0	1	0	1.502985
40	442	0	0	0	0	0	2.495384
41	452	0	0	0	0	0	2.174166
42	462	0	0	0	1	0	2.664914
43	466	0	0	0	1	0	2.833719
44	479	0	0	0	0	0	1.853634
45	497	0	0	0	0	0	2.883702
46	511	0	0	0	0	0	1.246869
47	521	0	0	0	0	0	2.621264
48	532	0	0	0	1	0	2.657759
49	541	0	0	0	1	0	2.014131
50	558	0	0	0	1	0	1.853335
51	569	0	0	0	0	0	2.141130
52	574	0	0	0	0	0	2.405717
53	578	0	0	0	0	0	1.125367
54	589	0	0	0	0	0	1.051987
55	599	0	0	0	0	0	2.188191
56	613	0	0	0	1	0	2.083075
57	622	0	0	0	1	0	2.455774
58	633	0	0	0	1	0	1.240281
59	647	0	0	0	0	0	2.621388
60	654	0	0	0	0	0	1.678012
61	663	0	0	0	2	0	2.812264
62	670	0	0	0	2	0	1.240851
63	684	0	0	0	1	0	1.267205
64	692	0	0	0	2	0	1.710776
65	699	0	0	0	2	0	1.737535
66	711	0	0	0	1	0	2.265365
67	719	0	0	0	2	0	1.833362
68	723	0	0	0	2	0	1.237862
69	733	0	0	0	0	0	1.860526
70	739	0	0	0	2	0	2.204341
71	749	0	0	0	0	0	1.764689
72	764	0	0	0	2	0	1.715737
73	773	0	0	0	0	0	1.722400
74	781	0	0	0	1	0	1.618397
75	792	0	0	0	1	0	2.257361
76	805	0	0	0	1	0	1.522995
77	814	0	0	0	2	0	1.662168
78	826	0	0	0	1	0	2.296145
79	836	0	0	0	1	0	1.082684
80	851	0	0	0	0	0	1.035917
81	867	0	0	0	1	0	1.009180
82	878	0	0	0	1	0	2.143601
83	884	0	0	0	0	0	1.844898
84	892	0	0	0	1	0	2.238438
85	904	0	0	0	0	0	1.376207
86	914	0	0	0	0	0	2.446397
87	928	0	0	0	0	0	2.532082
88	938	0	0	0	1	0	1.089036
89	946	0	0	0	1	0	2.357540
90	953	0	0	0	0	0	1.958982
91	970	0	0	0	0	0	2.571374
92	979	0	0	0	1	0	2.006980
93	988	0	0	0	2	0	2.506651
94	1000	0	0	0	0	0	2.337593
95	1015	0	0	0	0	0	2.210580
96	1023	0	0	0	1	0	2.863150
97	1033	0	0	0	1	0	1.560666
98	1041	0	0	0	0	0	1.136491
99	1049	0	0	0	0	0	1.828486
100	1059	0	0	0	0	0	2.497178
101	1071	0	0	0	1	0	2.346908
102	1083	0	0	0	0	0	2.142364
103	1093	0	0	0	1	0	2.599285
104	1106	0	0	0	0	0	2.440069
105	1115	0	0	0	2	0	2.283115
106	1124	0	0	0	2	0	1.385783
107	1141	0	0	0	2	0	2.271066
108	1145	0	0	0	0	0	1.601134
109	1154	0	0	0	2	0	2.672130
110	1164	0	0	0	0	0	1.566740
111	1172	0	0	0	1	0	2.320880
112	1180	0	0	0	2	0	2.943730
113	1188	0	0	0	2	0	2.578891
114	1197	0	0	0	1	0	2.071261
115	1203	0	0	0	2	0	2.659277
116	1208	0	0	0	0	0	2.719146
117	1216	0	0	0	0	0	1.697267
118	1226	0	0	0	1	0	1.125720
119	1237	0	0	0	2	0	1.093542
120	1246	0	0	0	0	0	2.958273
121	1258	0	0	0	2	0	1.678895
122	1268	0	0	0	2	0	2.826781
123	1276	0	0	0	1	0	1.408912
124	1284	0	0	0	0	0	2.931938
125	1291	0	0	0	1	0	2.733451
126	1306	0	0	0	1	0	2.024034
127	1318	0	0	0	0	0	2.666834
128	1331	0	0	0	2	0	1.222519
129	1343	0	0	0	1	0	1.827578
130	1353	0	0	0	0	0	1.310499
131	1362	0	0	0	1	0	1.168459
132	1370	0	0	0	0	0	2.748365
133	1380	0	0	0	1	0	1.192583
134	1392	0	0	0	1	0	2.100396
135	1404	0	0	0	1	0	2.911874
136	1410	0	0	0	2	0	2.910133
137	1418	0	0	0	0	0	2.480955
138	1430	0	0	0	0	0	2.895406
139	1439	0	0	0	0	0	2.754620
140	1454	0	0	0	1	0	1.730727
141	1463	0	0	0	2	0	2.390468
142	1475	0	0	0	0	0	2.054723
143	1482	0	0	0	0	0	2.667221
144	1494	0	0	0	1	0	1.806853
145	1503	0	0	0	2	0	2.544880
146	1515	0	0	0	0	0	2.540578
147	1527	0	0	0	2	0	1.513094
148	1536	0	0	0	2	0	2.159695
149	1551	0	0	0	0	0	2.606101
150	1559	0	0	0	0	0	2.945854
151	1568	0	0	0	1	0	1.137226
152	1576	0	0	0	0	0	1.859114
153	1587	0	0	0	0	0	2.938298
154	1598	0	0	0	0	0	2.783691
155	1605	0	0	0	1	0	1.327229
156	1613	0	0	0	2	0	2.302365
157	1623	0	0	0	1	0	2.733132
158	1631	0	0	0	0	0	2.286364
159	1640	0	0	0	0	0	1.184580
160	1653	0	0	0	2	0	2.255359
161	1664	0	0	0	0	0	1.809198
162	1671	0	0	0	1	0	2.014558
163	1678	0	0	0	0	0	2.619803
164	1685	0	0	0	0	0	1.817515
165	1698	0	0	0	2	0	2.708091
166	1709	0	0	0	0	0	1.203404
167	1714	0	0	0	0	0	1.213587
168	1723	0	0	0	1	0	2.219595
169	1729	0	0	0	1	0	2.116833
170	1736	0	0	0	0	0	2.659921
171	1743	0	0	0	1	0	2.579586
172	1753	0	0	0	0	0	1.266297
173	1760	0	0	0	0	0	1.774777
174	1768	0	0	0	0	0	1.772247
175	1777	0	0	0	1	0	2.065559
176	1786	0	0	0	1	0	2.199592
177	1793	0	0	0	1	0	1.714926
178	1808	0	0	0	1	0	1.124654
179	1812	0	0	0	0	0	1.588471
180	1826	0	0	0	0	0	2.712480
181	1837	0	0	0	1	0	2.442532
182	1847	0	0	0	2	0	2.915856
183	1856	0	0	0	2	0	2.991564
184	1864	0	0	0	1	0	2.607955
185	1868	0	0	0	2	0	1.548720
186	1878	0	0	0	1	0	2.141087
187	1888	0	0	0	0	0	1.687423
188	1893	0	0	0	1	0	1.920859
189	1903	0	0	0	0	0	2.127759
190	1913	0	0	0	0	0	2.492704
191	1927	0	0	0	0	0	2.271053
192	1936	0	0	0	1	0	2.272003
193	1942	0	0	0	2	0	1.510112
194	1956	0	0	0	0	0	1.605183
195	1963	0	0	0	0	0	1.374731
196	1977	0	0	0	1	0	2.526847
197	1985	0	0	0	0	0	1.264937
198	1992	0	0	0	1	0	1.802587
199	2001	0	0	0	0	0	1.359392
200	2012	0	0	0	2	0	1.052185
201	2020	0	0	0	1	0	2.540887
202	2028	0	0	0	1	0	1.405083
203	2034	0	0	0	1	0	1.911072
204	2041	0	0	0	0	0	2.833629
205	2060	0	0	0	1	0	2.945003
206	2067	0	0	0	0	0	1.310751
207	2079	0	0	0	1	0	1.130466
208	2095	0	0	0	2	0	1.119074
209	2111	0	0	0	0	0	1.401228
210	2125	0	0	0	0	0	2.565400
211	2133	0	0	0	0	0	2.324070
212	2138	0	0	0	1	0	2.119769
213	2147	0	0	0	0	0	1.868354
214	2154	0	0	0	1	0	1.561388
215	2163	0	0	0	2	0	2.806827
216	2175	0	0	0	1	0	2.153389
217	2180	0	0	0	0	0	2.742163
218	2191	0	0	0	0	0	1.260570
219	2202	0	0	0	1	0	2.629471
220	2215	0	0	0	2	0	1.976623
221	2230	0	0	0	2	0	2.794732
222	2243	0	0	0	0	0	2.354850
223	2250	0	0	0	2	0	1.928980
224	2261	0	0	0	2	0	2.027234
225	2272	0	0	0	1	0	1.254793
226	2281	0	0	0	2	0	1.986389
227	2295	0	0	0	2	0	1.748870
228	2305	0	0	0	0	0	2.807171
229	2317	0	0	0	2	0	1.963881
230	2329	0	0	0	0	0	1.578391
231	2338	0	0	0	1	0	1.702885
232	2350	0	0	0	0	0	1.878252
233	2351	0	0	0	2	0	2.509574
234	2365	0	0	0	1	0	2.507923
235	2376	0	0	0	0	0	1.706929
236	2384	0	0	0	2	0	2.051595
237	2396	0	0	0	0	0	1.852671
238	2404	0	0	0	0	0	1.240624
239	2417	0	0	0	1	0	2.334528
240	2426	0	0	0	1	0	1.535611
241	2436	0	0	0	2	0	2.409273
242	2443	0	0	0	1	0	2.279584
243	2448	0	0	0	2	0	2.266313
244	2461	0	0	0	0	0	1.237813
245	2472	0	0	0	0	0	1.755473
246	2479	0	0	0	2	0	1.626120
247	2493	0	0	0	1	0	2.003142
248	2505	0	0	0	1	0	2.628703
249	2511	0	0	0	1	0	1.763373
250	2519	0	0	0	0	0	1.036623
251	2526	0	0	0	2	0	1.425076
252	2534	0	0	0	0	0	2.723465
253	2545	0	0	0	2	0	2.286640
254	2552	0	0	0	2	0	1.043581
255	2566	0	0	0	0	0	2.021522
256	2574	0	0	0	2	0	1.475257
257	2582	0	0	0	2	0	2.391175
258	2593	0	0	0	1	0	1.518145
259	2606	0	0	0	0	0	2.663339
260	2613	0	0	0	0	0	2.790637
261	2621	0	0	0	1	0	2.478432
262	2637	0	0	0	2	0	2.429607
263	2648	0	0	0	1	0	1.522416
264	2662	0	0	0	0	0	1.266431
265	2676	0	0	0	1	0	1.169577
266	2682	0	0	0	1	0	1.938782
267	2692	0	0	0	0	0	2.625641
268	2706	0	0	0	0	0	2.082825
269	2722	0	0	0	0	0	2.550959
270	2728	0	0	0	2	0	1.364571
271	2744	0	0	0	0	0	1.059273
272	2754	0	0	0	0	0	1.044337
273	2762	0	0	0	1	0	2.599349
274	2774	0	0	0	1	0	2.990621
275	2783	0	0	0	0	0	2.455965
276	2793	0	0	0	0	0	1.750856
277	2801	0	0	0	0	0	1.501412
278	2813	0	0	0	1	0	2.710776
279	2825	0	0	0	1	0	1.007651
280	2830	0	0	0	0	0	1.155409
281	2842	0	0	0	0	0	1.190673
282	2853	0	0	0	1	0	1.538521
283	2865	0	0	0	2	0	1.922416
284	2870	0	0	0	2	0	1.629000
285	2880	0	0	0	1	0	2.701852
286	2884	0	0	0	0	0	2.162496
287	2890	0	0	0	2	0	2.486188
288	2896	0	0	0	2	0	1.064103
289	2907	0	0	0	2	0	2.414387
290	2921	0	0	0	2	0	2.200377
291	2932	0	0	0	2	0	2.212712
292	2944	0	0	0	1	0	1.929824
293	2957	0	0	0	2	0	2.781318
294	2965	0	0	0	2	0	1.289613
295	2974	0	0	0	2	0	1.721137
296	2983	0	0	0	1	0	2.245470
297	2993	0	0	0	0	0	1.801391
298	3004	0	0	0	0	0	2.014543
299	3012	0	0	0	2	0	1.967750
300	3020	0	0	0	2	0	1.211972
301	3027	0	0	0	1	0	2.111780
302	3038	0	0	0	0	0	2.726448
303	3053	0	0	0	2	0	1.100312
304	3061	0	0	0	0	0	2.832722
305	3069	0	0	0	0	0	1.914298
306	3076	0	0	0	0	0	1.801005
307	3088	0	0	0	0	0	1.243700
308	3100	0	0	0	1	0	2.743795
309	3109	0	0	0	0	0	2.012065
310	3118	0	0	0	1	0	1.056163
311	3125	0	0	0	1	0	2.031496
312	3139	0	0	0	0	0	1.128737
313	3148	0	0	0	2	0	2.886408
314	3153	0	0	0	2	0	2.226925
315	3167	0	0	0	2	0	1.779288
316	3182	0	0	0	0	0	1.245348
317	3192	0	0	0	0	0	1.787602
318	3195	0	0	0	0	0	2.892236
319	3204	0	0	0	2	0	2.623355
320	3213	0	0	0	1	0	2.395344
321	3223	0	0	0	1	0	1.408581
322	3233	0	0	0	2	0	2.875779
323	3242	0	0	0	2	0	1.726760
324	3255	0	0	0	2	0	1.742844
325	3266	0	0	0	0	0	1.213644
326	3276	0	0	0	0	0	2.860295
327	3282	0	0	0	1	0	1.928269
328	3288	0	0	0	1	0	1.218957
329	3296	0	0	0	2	0	1.746900
330	3306	0	0	0	0	0	2.479849
331	3315	0	0	0	1	0	1.629776
332	3326	0	0	0	0	0	2.308461
333	3338	0	0	0	2	0	2.242352
334	3348	0	0	0	0	0	1.531762
335	3356	0	0	0	2	0	2.009413
336	3367	0	0	0	2	0	2.589603
337	3372	0	0	0	1	0	2.073337
338	3381	0	0	0	2	0	2.704314
339	3391	0	0	0	0	0	2.226329
340	3400	0	0	0	1	0	1.651448
341	3409	0	0	0	0	0	1.035834
342	3419	0	0	0	2	0	1.410981
343	3428	0	0	0	0	0	2.905629
344	3436	0	0	0	0	0	1.406185
345	3443	0	0	0	1	0	2.139574
346	3455	0	0	0	1	0	1.885085
347	3463	0	0	0	0	0	2.888065
348	3473	0	0	0	0	0	1.936117
349	3481	0	0	0	0	0	2.921476
350	3489	0	0	0	1	0	1.467498
351	3499	0	0	0	0	0	2.969527
352	3507	0	0	0	1	0	1.836145
353	3517	0	0	0	1	0	1.943129
354	3527	0	0	0	0	0	2.017241
355	3537	0	0	0	2	0	2.801324
356	3548	0	0	0	2	0	2.509023
357	3553	0	0	0	2	0	1.000632
358	3563	0	0	0	1	0	1.204421
359	3574	0	0	0	2	0	1.339347
360	3583	0	0	0	0	0	2.152310
361	3587	0	0	0	0	0	1.123159
362	3598	0	0	0	0	0	2.881669
363	3614	0	0	0	1	0	2.736302
364	3623	0	0	0	0	0	1.929410
365	3636	0	0	0	1	0	2.992754
366	3644	0	0	0	0	0	2.935749
367	3657	0	0	0	1	0	1.347996
368	3671	0	0	0	1	0	1.302834
369	3678	0	0	0	0	0	2.504575
370	3688	0	0	0	1	0	2.179549
371	3699	0	0	0	1	0	2.979203
372	3715	0	0	0	0	0	2.939372
373	3725	0	0	0	1	0	2.471036
374	3740	0	0	0	0	0	1.479825
375	3753	0	0	0	2	0	2.371923
376	3765	0	0	0	1	0	2.286904
377	3773	0	0	0	0	0	2.109853
378	3784	0	0	0	0	0	1.728836
379	3797	0	0	0	0	0	2.079968
380	3811	0	0	0	2	0	1.084727
381	3823	0	0	0	2	0	1.210610
382	3835	0	0	0	1	0	2.427145
383	3845	0	0	0	1	0	1.570476
384	3854	0	0	0	1	0	1.583732
385	3864	0	0	0	0	0	1.484154
386	3878	0	0	0	1	0	1.073066
387	3888	0	0	0	1	0	1.859491
388	3902	0	0	0	0	0	1.844062
389	3918	0	0	0	0	0	1.231200
390	3932	0	0	0	2	0	2.360252
391	3945	0	0	0	0	0	2.383528
392	3957	0	0	0	0	0	1.424189
393	3968	0	0	0	0	0	1.363902
394	3974	0	0	0	1	0	1.938969
395	3980	0	0	0	1	0	2.078801
396	3987	0	0	0	0	0	1.776151
397	3994	0	0	0	2	0	2.966768
398	4002	0	0	0	1	0	1.998649
399	4011	0	0	0	1	0	1.174627
400	4020	0	0	0	2	0	1.999277
401	4025	0	0	0	1	0	1.652149
402	4034	0	0	0	0	0	2.112446
403	4038	0	0	0	2	0	1.319540
404	4048	0	0	0	1	0	2.744468
405	4059	0	0	0	0	0	2.867054
406	4073	0	0	0	0	0	1.059221
407	4086	0	0	0	1	0	2.607873
408	4096	0	0	0	2	0	2.622863
409	4099	0	0	0	0	0	1.833026
410	4108	0	0	0	0	0	1.318330
411	4121	0	0	0	2	0	1.163504
412	4128	0	0	0	2	0	1.579156
413	4146	0	0	0	2	0	1.992434
414	4153	0	0	0	2	0	2.973811
415	4159	0	0	0	1	0	1.107021
416	4176	0	0	0	0	0	2.876216
417	4184	0	0	0	0	0	2.354463
418	4199	0	0	0	1	0	2.401253
419	4211	0	0	0	2	0	1.860647
420	4219	0	0	0	2	0	2.963847
421	4224	0	0	0	0	0	1.071103
422	4237	0	0	0	0	0	1.565945
423	4248	0	0	0	1	0	2.872560
424	4256	0	0	0	0	0	1.354851
425	4263	0	0	0	1	0	1.951786
426	4275	0	0	0	0	0	1.742167
427	4284	0	0	0	2	0	1.502145
428	4297	0	0	0	2	0	1.198488
429	4305	0	0	0	2	0	1.829847
430	4313	0	0	0	0	0	1.570846
431	4324	0	0	0	1	0	1.420763
432	4334	0	0	0	0	0	2.031747
433	4338	0	0	0	1	0	2.516243
434	4348	0	0	0	1	0	1.193793
435	4359	0	0	0	0	0	1.808864
436	4373	0	0	0	0	0	2.228510
437	4378	0	0	0	2	0	2.511953
438	4389	0	0	0	0	0	2.267066
439	4402	0	0	0	0	0	1.116712
440	4409	0	0	0	0	0	1.893917
441	4417	0	0	0	1	0	2.917011
442	4428	0	0	0	1	0	2.349498
443	4440	0	0	0	1	0	2.770534
444	4448	0	0	0	1	0	1.172552
445	4462	0	0	0	2	0	1.529364
446	4474	0	0	0	0	0	1.947990
447	4486	0	0	0	1	0	2.304647
448	4493	0	0	0	0	0	1.953796
449	4499	0	0	0	1	0	2.296691
450	4513	0	0	0	0	0	2.193979
451	4518	0	0	0	1	0	1.609507
452	4524	0	0	0	1	0	2.614378
453	4532	0	0	0	1	0	1.774536
454	4538	0	0	0	2	0	2.962542
455	4549	0	0	0	2	0	2.533246
456	4556	0	0	0	0	0	1.438434
457	4566	0	0	0	1	0	2.420273
458	4574	0	0	0	0	0	1.980906
459	4581	0	0	0	1	0	2.318823
460	4594	0	0	0	1	0	2.263870
461	4606	0	0	0	1	0	2.386893
462	4618	0	0	0	1	0	1.108654
463	4627	0	0	0	0	0	1.460900
464	4636	0	0	0	0	0	2.959875
465	4651	0	0	0	1	0	1.799370
466	4662	0	0	0	2	0	2.788250
467	4683	0	0	0	0	0	1.155026
468	4692	0	0	0	2	0	2.411650
469	4706	0	0	0	0	0	1.825188
470	4712	0	0	0	1	0	1.512353
471	4724	0	0	0	1	0	2.367062
472	4738	0	0	0	0	0	2.306327
473	4750	0	0	0	1	0	2.679645
474	4759	0	0	0	0	0	1.257549
475	4777	0	0	0	0	0	2.212592
476	4784	0	0	0	0	0	2.074138
477	4792	0	0	0	0	0	1.790176
478	4804	0	0	0	0	0	2.665353
479	4820	0	0	0	2	0	1.653466
480	4832	0	0	0	0	0	2.051206
481	4845	0	0	0	2	0	1.052553
482	4856	0	0	0	0	0	1.267012
483	4865	0	0	0	0	0	2.308964
484	4872	0	0	0	0	0	2.952942
485	4883	0	0	0	0	0	1.161490
486	4893	0	0	0	0	0	2.467853
487	4899	0	0	0	0	0	1.310466
488	4904	0	0	0	0	0	1.109602
489	4912	0	0	0	0	0	2.846166
490	4919	0	0	0	0	0	1.838982
491	4929	0	0	0	0	0	1.351920
492	4940	0	0	0	2	0	2.771873
493	4962	0	0	0	1	0	2.207496
494	4966	0	0	0	2	0	2.119690
495	4970	0	0	0	2	0	2.468328
496	4983	0	0	0	1	0	2.052780
497	4997	0	0	0	1	0	2.661298
498	5004	0	0	0	1	0	2.448906
499	5014	0	0	0	1	0	2.827255
500	5023	0	0	0	2	0	2.621532
501	5037	0	0	0	2	0	2.344090
502	5047	0	0	0	0	0	1.361992
503	5057	0	0	0	1	0	2.981565
504	5070	0	0	0	1	0	2.882453
505	5084	0	0	0	1	0	1.322205
506	5088	0	0	0	2	0	1.513414
507	5097	0	0	0	0	0	2.530218
508	5102	0	0	0	1	0	1.162792
509	5112	0	0	0	2	0	1.076490
510	5121	0	0	0	0	0	2.924777
511	5129	0	0	0	2	0	1.758859
512	5133	0	0	0	2	0	1.631289
513	5148	0	0	0	0	0	2.809079
514	5154	0	0	0	2	0	2.601193
515	5162	0	0	0	0	0	2.960574
516	5176	0	0	0	2	0	2.048710
517	5186	0	0	0	2	0	1.333455
518	5193	0	0	0	0	0	1.125276
519	5204	0	0	0	2	0	1.533774
520	5219	0	0	0	1	0	2.405114
521	5228	0	0	0	0	0	2.578280
522	5239	0	0	0	0	0	2.405190
523	5252	0	0	0	0	0	1.657717
524	5261	0	0	0	2	0	1.543359
525	5269	0	0	0	0	0	1.181806
526	5286	0	0	0	1	0	2.041383
527	5302	0	0	0	0	0	1.174872
528	5314	0	0	0	0	0	2.243571
529	5322	0	0	0	0	0	2.696384
530	5329	0	0	0	0	0	2.360568
531	5338	0	0	0	1	0	2.857654
532	5348	0	0	0	0	0	1.531731
533	5360	0	0	0	0	0	2.744793
534	5377	0	0	0	2	0	2.478405
535	5386	0	0	0	0	0	2.615018
536	5400	0	0	0	1	0	1.476838
537	5416	0	0	0	2	0	1.577280
538	5424	0	0	0	0	0	2.446561
539	5435	0	0	0	0	0	2.247475
540	5442	0	0	0	0	0	1.056510
541	5456	0	0	0	2	0	2.798444
542	5466	0	0	0	1	0	2.232136
543	5479	0	0	0	1	0	1.988872
544	5483	0	0	0	0	0	1.877734
545	5488	0	0	0	2	0	1.499914
546	5503	0	0	0	1	0	2.815985
547	5516	0	0	0	2	0	2.874658
548	5527	0	0	0	0	0	2.009388
549	5544	0	0	0	0	0	2.345451
550	5558	0	0	0	1	0	2.416621
551	5568	0	0	0	2	0	1.628013
552	5575	0	0	0	2	0	1.557905
553	5583	0	0	0	1	0	1.611488
554	5590	0	0	0	0	0	2.446479
555	5597	0	0	0	0	0	2.606236
556	5607	0	0	0	2	0	2.272567
557	5623	0	0	0	0	0	2.486853
558	5632	0	0	0	0	0	1.423968
559	5640	0	0	0	0	0	2.327482
560	5649	0	0	0	2	0	2.893779
561	5658	0	0	0	1	0	2.483428
562	5667	0	0	0	0	0	2.954083
563	5685	0	0	0	0	0	2.837475
564	5692	0	0	0	1	0	1.878396
565	5702	0	0	0	1	0	1.555253
566	5710	0	0	0	0	0	1.483063
567	5721	0	0	0	0	0	2.138664
568	5731	0	0	0	1	0	2.099338
569	5741	0	0	0	1	0	2.811644
570	5752	0	0	0	1	0	1.523058
571	5760	0	0	0	0	0	2.290090
572	5768	0	0	0	0	0	2.911185
573	5780	0	0	0	0	0	2.618478
574	5789	0	0	0	1	0	2.400841
575	5806	0	0	0	2	0	1.136009
576	5812	0	0	0	0	0	1.323895
577	5824	0	0	0	1	0	2.780485
578	5832	0	0	0	1	0	1.380435
579	5840	0	0	0	0	0	2.133135
580	5848	0	0	0	1	0	2.384035
581	5856	0	0	0	2	0	1.549756
582	5865	0	0	0	0	0	2.258313
583	5873	0	0	0	2	0	1.067610
584	5886	0	0	0	1	0	2.589134
585	5890	0	0	0	1	0	2.269365
586	5900	0	0	0	0	0	1.714539
587	5917	0	0	0	0	0	2.197223
588	5924	0	0	0	2	0	1.204269
589	5936	0	0	0	1	0	1.159646
590	5941	0	0	0	0	0	1.390835
591	5948	0	0	0	0	0	1.791615
592	5959	0	0	0	0	0	1.845416
593	5967	0	0	0	2	0	1.506319
594	5974	0	0	0	2	0	2.611800
595	5982	0	0	0	1	0	2.040255
596	5990	0	0	0	2	0	2.346936
597	5995	0	0	0	2	0	2.014908
598	6005	0	0	0	1	0	2.182833
599	6015	0	0	0	2	0	1.950050
600	6031	0	0	0	2	0	1.128203
601	6050	0	0	0	2	0	2.240349
602	6055	0	0	0	0	0	2.576579
603	6068	0	0	0	1	0	2.048078
604	6082	0	0	0	2	0	2.273324
605	6091	0	0	0	1	0	2.653159
606	6100	0	0	0	1	0	1.323591
607	6107	0	0	0	2	0	2.608516
608	6119	0	0	0	1	0	2.288419
609	6127	0	0	0	0	0	2.743734
610	6140	0	0	0	1	0	1.107598
611	6159	0	0	0	2	0	2.764043
612	6172	0	0	0	0	0	2.262826
613	6179	0	0	0	0	0	2.862261
614	6190	0	0	0	0	0	2.629957
615	6198	0	0	0	2	0	1.155048
616	6211	0	0	0	0	0	1.706900
617	6216	0	0	0	0	0	1.000052
618	6229	0	0	0	0	0	2.231726
619	6237	0	0	0	1	0	1.606193
620	6244	0	0	0	1	0	1.283097
621	6251	0	0	0	0	0	1.653274
622	6262	0	0	0	2	0	1.508340
623	6269	0	0	0	0	0	1.693709
624	6278	0	0	0	1	0	2.715701
625	6283	0	0	0	1	0	2.186117
626	6293	0	0	0	2	0	1.145211
627	6297	0	0	0	0	0	2.939919
628	6307	0	0	0	2	0	2.585149
629	6317	0	0	0	2	0	1.263735
630	6332	0	0	0	2	0	1.925725
631	6345	0	0	0	2	0	2.699324
632	6352	0	0	0	1	0	2.824879
633	6366	0	0	0	1	0	1.878970
634	6382	0	0	0	0	0	2.909675
635	6389	0	0	0	1	0	1.190318
636	6399	0	0	0	0	0	2.374058
637	6409	0	0	0	2	0	2.784485
638	6416	0	0	0	2	0	2.030115
639	6426	0	0	0	1	0	1.399366
640	6442	0	0	0	0	0	2.635973
641	6451	0	0	0	2	0	1.847533
642	6463	0	0	0	2	0	2.798089
643	6472	0	0	0	0	0	2.750468
644	6482	0	0	0	1	0	1.566931
645	6490	0	0	0	0	0	2.877434
646	6503	0	0	0	1	0	2.837027
647	6510	0	0	0	2	0	2.152609
648	6518	0	0	0	1	0	2.824232
649	6531	0	0	0	0	0	2.083622
650	6537	0	0	0	0	0	2.536972
651	6543	0	0	0	2	0	2.467380
652	6547	0	0	0	1	0	2.528119
653	6553	0	0	0	1	0	1.227529
654	6567	0	0	0	2	0	1.259320
655	6578	0	0	0	2	0	2.339193
656	6596	0	0	0	2	0	1.653264
657	6607	0	0	0	1	0	1.346744
658	6618	0	0	0	2	0	1.359552
659	6629	0	0	0	2	0	1.276838
660	6643	0	0	0	2	0	1.362335
661	6656	0	0	0	0	0	2.541770
662	6664	0	0	0	0	0	2.514465
663	6679	0	0	0	1	0	1.105301
664	6687	0	0	0	1	0	1.193248
665	6695	0	0	0	1	0	2.687980
666	6704	0	0	0	0	0	1.779817
667	6714	0	0	0	2	0	1.842816
668	6729	0	0	0	1	0	2.661462
669	6736	0	0	0	0	0	1.265870
670	6749	0	0	0	1	0	2.055405
671	6756	0	0	0	2	0	2.666041
672	6764	0	0	0	1	0	1.945310
673	6779	0	0	0	1	0	1.691301
674	6789	0	0	0	2	0	1.654483
675	6798	0	0	0	2	0	2.401786
676	6809	0	0	0	1	0	1.810644
677	6817	0	0	0	1	0	1.718086
678	6827	0	0	0	1	0	1.276719
679	6838	0	0	0	1	0	2.310775
680	6846	0	0	0	0	0	1.903877
681	6853	0	0	0	1	0	1.592996
682	6868	0	0	0	0	0	2.845512
683	6883	0	0	0	1	0	1.189543
684	6892	0	0	0	0	0	2.852620
685	6900	0	0	0	0	0	2.094061
686	6912	0	0	0	2	0	2.253059
687	6916	0	0	0	0	0	1.982879
688	6931	0	0	0	1	0	1.630264
689	6939	0	0	0	1	0	1.554767
690	6951	0	0	0	2	0	2.033224
691	6967	0	0	0	0	0	1.427972
692	6984	0	0	0	2	0	1.280780
693	6991	0	0	0	1	0	1.106112
694	7001	0	0	0	1	0	1.009271
695	7018	0	0	0	1	0	1.183504
696	7029	0	0	0	1	0	1.316791
697	7032	0	0	0	1	0	2.188950
698	7040	0	0	0	1	0	2.642797
699	7046	0	0	0	0	0	2.339794
700	7057	0	0	0	1	0	1.545810
701	7070	0	0	0	0	0	1.316251
702	7078	0	0	0	1	0	1.317158
703	7090	0	0	0	0	0	2.493840
704	7102	0	0	0	0	0	1.537599
705	7111	0	0	0	0	0	1.102916
706	7121	0	0	0	1	0	2.591579
707	7129	0	0	0	2	0	2.814230
708	7138	0	0	0	2	0	2.488956
709	7147	0	0	0	0	0	1.892476
710	7157	0	0	0	1	0	2.335566
711	7169	0	0	0	2	0	2.722101
712	7180	0	0	0	0	0	1.645079
713	7192	0	0	0	1	0	2.950011
714	7204	0	0	0	0	0	2.826441
715	7214	0	0	0	1	0	1.126988
716	7221	0	0	0	1	0	2.945713
717	7230	0	0	0	1	0	1.535676
718	7241	0	0	0	1	0	1.879755
719	7256	0	0	0	1	0	2.608216
720	7262	0	0	0	0	0	2.275824
721	7271	0	0	0	1	0	1.915804
722	7277	0	0	0	1	0	1.956127
723	7285	0	0	0	1	0	2.677575
724	7292	0	0	0	1	0	2.186257
725	7304	0	0	0	0	0	2.491446
726	7314	0	0	0	0	0	1.776645
727	7327	0	0	0	2	0	2.358644
728	7335	0	0	0	1	0	1.426395
729	7346	0	0	0	1	0	2.622695
730	7358	0	0	0	1	0	1.287338
731	7373	0	0	0	2	0	1.966133
732	7385	0	0	0	0	0	2.975333
733	7395	0	0	0	1	0	2.632095
734	7406	0	0	0	1	0	2.430259
735	7418	0	0	0	1	0	2.907426
736	7427	0	0	0	1	0	2.166510
737	7440	0	0	0	0	0	1.799091
738	7452	0	0	0	0	0	1.619399
739	7462	0	0	0	0	0	1.116389
740	7471	0	0	0	1	0	1.182538
741	7482	0	0	0	0	0	1.153411
742	7494	0	0	0	1	0	2.751110
743	7507	0	0	0	2	0	2.620714
744	7519	0	0	0	1	0	2.712236
745	7527	0	0	0	1	0	2.852114
746	7533	0	0	0	1	0	1.167339
747	7550	0	0	0	0	0	1.603622
748	7556	0	0	0	1	0	2.696641
749	7565	0	0	0	0	0	1.326149
750	7571	0	0	0	0	0	1.100364
751	7580	0	0	0	2	0	1.295108
752	7592	0	0	0	0	0	2.826185
753	7601	0	0	0	1	0	2.649724
754	7611	0	0	0	0	0	2.443298
755	7619	0	0	0	1	0	1.393164
756	7627	0	0	0	0	0	2.990770
757	7634	0	0	0	1	0	2.012758
758	7645	0	0	0	1	0	1.817774
759	7652	0	0	0	1	0	2.832213
760	7660	0	0	0	2	0	2.678771
761	7676	0	0	0	0	0	1.644784
762	7690	0	0	0	1	0	2.696386
763	7701	0	0	0	2	0	1.808910
764	7711	0	0	0	1	0	2.614450
765	7722	0	0	0	0	0	2.543266
766	7727	0	0	0	0	0	1.502783
767	7734	0	0	0	0	0	2.659511
768	7745	0	0	0	2	0	2.812542
769	7753	0	0	0	1	0	2.581273
770	7758	0	0	0	1	0	2.082094
771	7763	0	0	0	0	0	1.497542
772	7773	0	0	0	0	0	2.981028
773	7784	0	0	0	2	0	2.283662
774	7799	0	0	0	2	0	1.026158
775	7804	0	0	0	1	0	2.920753
776	7811	0	0	0	0	0	1.819559
777	7826	0	0	0	1	0	1.889917
778	7841	0	0	0	0	0	1.735448
779	7851	0	0	0	2	0	1.052794
780	7859	0	0	0	0	0	2.168102
781	7877	0	0	0	2	0	1.181736
782	7888	0	0	0	0	0	2.388805
783	7900	0	0	0	0	0	1.615494
784	7907	0	0	0	0	0	2.511526
785	7920	0	0	0	0	0	2.520199
786	7928	0	0	0	1	0	2.034678
787	7935	0	0	0	0	0	1.045732
788	7942	0	0	0	0	0	2.566119
789	7951	0	0	0	0	0	1.413614
790	7959	0	0	0	2	0	1.420429
791	7969	0	0	0	0	0	2.265336
792	7980	0	0	0	0	0	2.593119
793	7986	0	0	0	1	0	2.100164
794	8002	0	0	0	2	0	1.595381
795	8009	0	0	0	1	0	2.693221
796	8022	0	0	0	0	0	2.936950
797	8039	0	0	0	0	0	2.829351
798	8049	0	0	0	1	0	2.029936
799	8072	0	0	0	0	0	2.351244
800	8089	0	0	0	1	0	1.374551
801	8102	0	0	0	1	0	2.181948
802	8118	0	0	0	0	0	1.270978
803	8123	0	0	0	2	0	2.622669
804	8130	0	0	0	0	0	1.520682
805	8139	0	0	0	0	0	1.991174
806	8145	0	0	0	0	0	1.954899
807	8151	0	0	0	0	0	2.231416
808	8160	0	0	0	1	0	1.710642
809	8173	0	0	0	1	0	1.128026
810	8188	0	0	0	2	0	2.536362
811	8197	0	0	0	1	0	1.103750
812	8211	0	0	0	0	0	1.011928
813	8224	0	0	0	2	0	1.649700
814	8236	0	0	0	0	0	1.632562
815	8249	0	0	0	2	0	2.472037
816	8261	0	0	0	1	0	1.688327
817	8265	0	0	0	1	0	2.316108
818	8275	0	0	0	2	0	2.401112
819	8283	0	0	0	0	0	1.509458
820	8301	0	0	0	0	0	2.054760
821	8314	0	0	0	0	0	2.457447
822	8323	0	0	0	1	0	1.982854
823	8332	0	0	0	2	0	2.224100
824	8339	0	0	0	2	0	2.281350
825	8345	0	0	0	0	0	2.749983
826	8353	0	0	0	0	0	1.323222
827	8361	0	0	0	2	0	1.938015
828	8372	0	0	0	2	0	2.423716
829	8380	0	0	0	1	0	1.810259
830	8387	0	0	0	0	0	1.448889
831	8395	0	0	0	2	0	1.714156
832	8405	0	0	0	2	0	1.788009
833	8415	0	0	0	1	0	1.941426
834	8420	0	0	0	1	0	1.797076
835	8435	0	0	0	2	0	1.875641
836	8448	0	0	0	1	0	1.168294
837	8458	0	0	0	2	0	2.629935
838	8471	0	0	0	0	0	1.491980
839	8481	0	0	0	1	0	2.465070
840	8494	0	0	0	0	0	1.677233
841	8502	0	0	0	0	0	2.664830
842	8514	0	0	0	1	0	1.531610
843	8524	0	0	0	1	0	2.289503
844	8535	0	0	0	1	0	1.588206
845	8547	0	0	0	1	0	2.060283
846	8558	0	0	0	1	0	1.177771
847	8568	0	0	0	1	0	1.628996
848	8583	0	0	0	2	0	2.730066
849	8594	0	0	0	0	0	1.882092
850	8601	0	0	0	1	0	1.594533
851	8608	0	0	0	0	0	2.922148
852	8617	0	0	0	1	0	1.322384
853	8632	0	0	0	1	0	1.778096
854	8647	0	0	0	0	0	1.513383
855	8656	0	0	0	2	0	1.809596
856	8666	0	0	0	2	0	2.416717
857	8673	0	0	0	1	0	1.657968
858	8683	0	0	0	2	0	2.471365
859	8687	0	0	0	0	0	2.280623
860	8701	0	0	0	0	0	1.896001
861	8713	0	0	0	1	0	1.766387
862	8721	0	0	0	1	0	2.605939
863	8729	0	0	0	0	0	1.202663
864	8735	0	0	0	0	0	2.497988
865	8747	0	0	0	0	0	1.288988
866	8766	0	0	0	0	0	2.451304
867	8771	0	0	0	2	0	2.153231
868	8780	0	0	0	2	0	2.024704
869	8782	0	0	0	1	0	2.557702
870	8793	0	0	0	2	0	1.217296
871	8801	0	0	0	0	0	2.680719
872	8813	0	0	0	2	0	2.612800
873	8826	0	0	0	1	0	1.545151
874	8834	0	0	0	2	0	2.767273
875	8839	0	0	0	2	0	2.867374
876	8844	0	0	0	0	0	2.905735
877	8856	0	0	0	1	0	1.060130
878	8863	0	0	0	1	0	1.959552
879	8874	0	0	0	1	0	1.334069
880	8882	0	0	0	0	0	2.065770
881	8896	0	0	0	0	0	2.749190
882	8905	0	0	0	1	0	1.306476
883	8920	0	0	0	0	0	2.060012
884	8933	0	0	0	2	0	1.787894
885	8945	0	0	0	0	0	1.003507
886	8953	0	0	0	1	0	2.516445
887	8964	0	0	0	1	0	1.743427
888	8977	0	0	0	2	0	1.342420
889	8989	0	0	0	1	0	2.784788
890	9001	0	0	0	0	0	1.351156
891	9005	0	0	0	2	0	1.937522
892	9016	0	0	0	0	0	1.310275
893	9023	0	0	0	1	0	1.075354
894	9036	0	0	0	2	0	1.435421
895	9049	0	0	0	1	0	1.888464
896	9060	0	0	0	0	0	2.723472
897	9072	0	0	0	1	0	1.391747
898	9084	0	0	0	0	0	1.046522
899	9094	0	0	0	0	0	2.712499
900	9104	0	0	0	0	0	1.947381
901	9119	0	0	0	0	0	2.968464
902	9125	0	0	0	1	0	1.456466
903	9135	0	0	0	2	0	1.024188
904	9149	0	0	0	0	0	2.216780
905	9162	0	0	0	0	0	2.801516
906	9173	0	0	0	0	0	2.645770
907	9181	0	0	0	2	0	1.655276
908	9188	0	0	0	1	0	1.890164
909	9194	0	0	0	2	0	2.309987
910	9205	0	0	0	2	0	1.248813
911	9214	0	0	0	2	0	1.772413
912	9221	0	0	0	0	0	1.629976
913	9232	0	0	0	0	0	1.127978
914	9244	0	0	0	0	0	1.326432
915	9253	0	0	0	2	0	1.013231
916	9262	0	0	0	0	0	2.191883
917	9271	0	0	0	0	0	2.378832
918	9281	0	0	0	0	0	2.317505
919	9292	0	0	0	2	0	2.350323
920	9303	0	0	0	2	0	2.262073
921	9314	0	0	0	2	0	2.403912
922	9322	0	0	0	0	0	1.713360
923	9330	0	0	0	1	0	2.500694
924	9336	0	0	0	1	0	2.841267
925	9340	0	0	0	0	0	1.170499
926	9352	0	0	0	0	0	2.376855
927	9366	0	0	0	0	0	2.183807
928	9372	0	0	0	2	0	2.983101
929	9380	0	0	0	0	0	2.821259
930	9388	0	0	0	1	0	1.410781
931	9397	0	0	0	1	0	1.699047
932	9408	0	0	0	1	0	1.654519
933	9411	0	0	0	0	0	1.733665
934	9419	0	0	0	0	0	1.960672
935	9430	0	0	0	1	0	1.552320
936	9443	0	0	0	2	0	2.310126
937	9458	0	0	0	0	0	1.879860
938	9465	0	0	0	0	0	2.916797
939	9472	0	0	0	2	0	2.311101
940	9484	0	0	0	2	0	1.372759
941	9499	0	0	0	0	0	2.350585
942	9510	0	0	0	2	0	2.016990
943	9519	0	0	0	0	0	1.001951
944	9528	0	0	0	0	0	1.433445
945	9538	0	0	0	2	0	1.637905
946	9554	0	0	0	1	0	1.628563
947	9560	0	0	0	1	0	2.597300
948	9566	0	0	0	0	0	1.922949
949	9576	0	0	0	0	0	2.923014
950	9584	0	0	0	1	0	2.947820
951	9599	0	0	0	1	0	1.259439
952	9610	0	0	0	0	0	1.261783
953	9621	0	0	0	2	0	1.668213
954	9629	0	0	0	2	0	1.979424
955	9636	0	0	0	0	0	2.036681
956	9644	0	0	0	0	0	2.010485
957	9659	0	0	0	0	0	1.277690
958	9672	0	0	0	1	0	1.022104
959	9687	0	0	0	1	0	1.226827
960	9698	0	0	0	2	0	1.713118
961	9705	0	0	0	1	0	2.891760
962	9708	0	0	0	1	0	1.461798
963	9723	0	0	0	0	0	2.077752
964	9734	0	0	0	2	0	1.473287
965	9745	0	0	0	2	0	2.609074
966	9753	0	0	0	0	0	2.037434
967	9765	0	0	0	0	0	1.068495
968	9771	0	0	0	1	0	2.582114
969	9782	0	0	0	0	0	2.495091
970	9792	0	0	0	2	0	2.118525
971	9805	0	0	0	0	0	1.825176
972	9811	0	0	0	0	0	2.965629
973	9818	0	0	0	0	0	2.556874
974	9827	0	0	0	2	0	2.600863
975	9841	0	0	0	0	0	1.531040
976	9851	0	0	0	0	0	1.985310
977	9857	0	0	0	1	0	2.592237
978	9872	0	0	0	0	0	2.949120
979	9882	0	0	0	1	0	1.978909
980	9898	0	0	0	0	0	1.604617
981	9910	0	0	0	0	0	1.774064
982	9927	0	0	0	0	0	2.746688
983	9935	0	0	0	0	0	2.784274
984	9942	0	0	0	0	0	2.555033
985	9951	0	0	0	1	0	1.038390
986	9962	0	0	0	1	0	1.271026
987	9975	0	0	0	0	0	2.263425
988	9985	0	0	0	1	0	2.293276
989	10001	0	0	0	1	0	1.382685
990	10005	0	0	0	0	0	1.758476
991	10021	0	0	0	0	0	2.133769
992	10036	0	0	0	0	0	2.400325
993	10050	0	0	0	0	0	1.019940
994	10060	0	0	0	1	0	1.070368
995	10072	0	0	0	2	0	1.024894
996	10082	0	0	0	0	0	2.492593
997	10094	0	0	0	1	0	2.510899
998	10106	0	0	0	1	0	1.148307
999	10121	0	0	0	1	0	1.986930
