0	1	0	0	0	1	0	1.764270
1	7	0	0	0	1	0	1.044655
2	21	0	0	0	0	0	1.975701
3	30	0	0	0	0	0	2.187169
4	39	0	0	0	0	0	2.206724
5	50	0	0	0	1	0	1.545367
6	59	0	0	0	1	0	1.785510
7	73	0	0	0	2	0	1.255527
8	85	0	0	0	1	0	2.990609
9	93	0	0	0	0	0	2.484016
10	104	0	0	0	0	0	2.307375
11	118	0	0	0	2	0	2.839478
12	125	0	0	0	0	0	1.961978
13	136	0	0	0	1	0	1.655556
14	149	0	0	0	0	0	2.802673
15	162	0	0	0	1	0	1.578037
16	172	0	0	0	2	0	1.711369
17	181	0	0	0	0	0	1.179310
18	190	0	0	0	1	0	1.289130
19	198	0	0	0	0	0	1.646165
20	209	0	0	0	0	0	1.343691
21	217	0	0	0	1	0	2.234361
22	226	0	0	0	0	0	2.662179
23	238	0	0	0	2	0	1.953790
24	250	0	0	0	1	0	1.058445
25	259	0	0	0	0	0	1.741098
26	272	0	0	0	0	0	1.137647
27	285	0	0	0	1	0	2.328628
28	293	0	0	0	0	0	2.166333
29	303	0	0	0	0	0	2.820726
30	312	0	0	0	0	0	1.732678
31	322	0	0	0	0	0	1.666459
32	335	0	0	0	0	0	2.666723
33	342	0	0	0	0	0	1.709173
34	351	0	0	0	0	0	1.980976
35	361	0	0	0	0	0	2.688856
36	373	0	0	0	0	0	2.378181
37	382	0	0	0	0	0	1.834459
38	395	0	0	0	1	0	1.313218
39	407	0	0	0	1	0	2.805067
40	418	0	0	0	1	0	1.794023
41	429	0	0	0	2	0	1.587459
42	440	0	0	0	0	0	2.024855
43	457	0	0	0	0	0	2.068188
44	465	0	0	0	0	0	2.373014
45	477	0	0	0	0	0	2.742007
46	487	0	0	0	0	0	1.753203
47	495	0	0	0	1	0	2.117971
48	507	0	0	0	1	0	2.015620
49	518	0	0	0	1	0	1.735282
50	528	0	0	0	0	0	1.923121
51	542	0	0	0	1	0	2.922827
52	554	0	0	0	1	0	1.968764
53	561	0	0	0	0	0	2.723109
54	567	0	0	0	2	0	2.139653
55	579	0	0	0	1	0	2.276840
56	588	0	0	0	2	0	1.875769
57	596	0	0	0	1	0	1.074086
58	605	0	0	0	0	0	1.200421
59	613	0	0	0	1	0	1.421104
60	621	0	0	0	0	0	1.556863
61	632	0	0	0	1	0	2.340376
62	643	0	0	0	0	0	2.438101
63	652	0	0	0	1	0	1.516762
64	663	0	0	0	2	0	2.285532
65	677	0	0	0	0	0	1.725386
66	684	0	0	0	0	0	1.525182
67	690	0	0	0	0	0	1.063099
68	702	0	0	0	2	0	1.173596
69	712	0	0	0	0	0	2.169891
70	723	0	0	0	1	0	1.857052
71	733	0	0	0	1	0	1.029101
72	743	0	0	0	1	0	2.273497
73	753	0	0	0	1	0	2.615096
74	765	0	0	0	2	0	1.122087
75	776	0	0	0	0	0	1.167483
76	789	0	0	0	2	0	2.493293
77	800	0	0	0	0	0	1.852717
78	814	0	0	0	1	0	2.363728
79	824	0	0	0	2	0	1.041946
80	830	0	0	0	2	0	2.622652
81	840	0	0	0	0	0	2.028967
82	849	0	0	0	2	0	1.183719
83	862	0	0	0	1	0	1.055671
84	873	0	0	0	2	0	1.367932
85	888	0	0	0	0	0	1.260155
86	896	0	0	0	1	0	2.009180
87	904	0	0	0	1	0	2.490775
88	911	0	0	0	1	0	2.779027
89	920	0	0	0	2	0	1.074357
90	926	0	0	0	0	0	1.797868
91	931	0	0	0	0	0	1.506425
92	940	0	0	0	0	0	1.540404
93	951	0	0	0	1	0	1.337904
94	964	0	0	0	1	0	1.415689
95	974	0	0	0	0	0	1.059291
96	983	0	0	0	2	0	2.994095
97	996	0	0	0	1	0	1.745284
98	1009	0	0	0	0	0	1.375955
99	1021	0	0	0	1	0	2.059706
100	1028	0	0	0	1	0	2.966428
101	1035	0	0	0	0	0	2.953171
102	1042	0	0	0	1	0	2.049037
103	1052	0	0	0	2	0	1.527523
104	1061	0	0	0	1	0	1.003726
105	1068	0	0	0	0	0	2.599732
106	1085	0	0	0	1	0	2.483024
107	1094	0	0	0	2	0	2.146896
108	1106	0	0	0	0	0	2.444064
109	1113	0	0	0	2	0	2.738258
110	1127	0	0	0	2	0	1.071423
111	1142	0	0	0	2	0	1.066211
112	1149	0	0	0	1	0	1.751589
113	1155	0	0	0	1	0	1.311278
114	1165	0	0	0	2	0	1.800947
115	1172	0	0	0	1	0	1.588530
116	1179	0	0	0	1	0	2.934180
117	1185	0	0	0	1	0	2.847078
118	1204	0	0	0	1	0	2.817999
119	1218	0	0	0	1	0	2.625970
120	1228	0	0	0	2	0	2.345348
121	1234	0	0	0	0	0	2.774001
122	1243	0	0	0	0	0	2.418353
123	1252	0	0	0	1	0	1.818809
124	1264	0	0	0	2	0	1.313274
125	1276	0	0	0	1	0	1.317436
126	1293	0	0	0	1	0	1.890586
127	1310	0	0	0	1	0	1.026820
128	1323	0	0	0	0	0	1.471420
129	1327	0	0	0	0	0	1.600343
130	1339	0	0	0	0	0	2.473295
131	1347	0	0	0	0	0	2.056703
132	1352	0	0	0	1	0	2.303739
133	1360	0	0	0	0	0	2.263438
134	1370	0	0	0	0	0	2.463326
135	1376	0	0	0	1	0	2.907126
136	1389	0	0	0	2	0	1.194572
137	1399	0	0	0	1	0	2.808686
138	1405	0	0	0	2	0	2.896366
139	1413	0	0	0	1	0	2.901674
140	1422	0	0	0	2	0	2.562870
141	1435	0	0	0	1	0	1.951376
142	1446	0	0	0	0	0	1.133402
143	1461	0	0	0	1	0	2.860538
144	1470	0	0	0	2	0	1.444062
145	1481	0	0	0	2	0	1.684921
146	1492	0	0	0	0	0	2.171646
147	1503	0	0	0	2	0	2.838416
148	1514	0	0	0	0	0	1.532310
149	1526	0	0	0	2	0	2.071328
150	1533	0	0	0	0	0	2.081440
151	1544	0	0	0	1	0	2.907994
152	1550	0	0	0	0	0	2.324990
153	1566	0	0	0	0	0	1.750783
154	1582	0	0	0	0	0	2.004180
155	1598	0	0	0	1	0	1.398456
156	1610	0	0	0	0	0	2.251047
157	1615	0	0	0	1	0	1.452539
158	1626	0	0	0	1	0	1.029752
159	1638	0	0	0	0	0	1.454105
160	1645	0	0	0	0	0	1.325942
161	1661	0	0	0	0	0	2.118559
162	1674	0	0	0	0	0	2.888657
163	1679	0	0	0	0	0	2.939977
164	1687	0	0	0	0	0	1.535955
165	1695	0	0	0	2	0	2.139918
166	1699	0	0	0	0	0	2.658992
167	1708	0	0	0	1	0	1.287749
168	1721	0	0	0	1	0	1.834874
169	1730	0	0	0	1	0	2.196735
170	1742	0	0	0	1	0	2.275005
171	1755	0	0	0	0	0	1.632553
172	1767	0	0	0	2	0	1.220757
173	1773	0	0	0	0	0	1.173017
174	1785	0	0	0	0	0	1.349871
175	1796	0	0	0	2	0	2.195380
176	1807	0	0	0	0	0	2.394466
177	1815	0	0	0	2	0	1.118775
178	1824	0	0	0	0	0	2.206722
179	1835	0	0	0	2	0	2.190617
180	1843	0	0	0	2	0	2.141791
181	1849	0	0	0	1	0	1.141681
182	1866	0	0	0	0	0	1.098283
183	1877	0	0	0	0	0	1.336587
184	1882	0	0	0	0	0	2.607375
185	1890	0	0	0	1	0	1.914827
186	1901	0	0	0	0	0	1.657399
187	1908	0	0	0	2	0	1.086140
188	1914	0	0	0	0	0	2.653588
189	1927	0	0	0	0	0	2.389494
190	1933	0	0	0	0	0	2.747965
191	1939	0	0	0	0	0	2.054942
192	1952	0	0	0	0	0	1.428984
193	1959	0	0	0	2	0	2.758747
194	1967	0	0	0	2	0	1.984209
195	1975	0	0	0	2	0	1.641325
196	1988	0	0	0	2	0	2.870012
197	1996	0	0	0	1	0	1.329264
198	2004	0	0	0	1	0	1.306828
199	2012	0	0	0	1	0	1.637579
200	2018	0	0	0	0	0	1.518252
201	2027	0	0	0	1	0	2.223852
202	2036	0	0	0	1	0	2.386931
203	2049	0	0	0	2	0	2.228248
204	2058	0	0	0	0	0	1.920818
205	2071	0	0	0	2	0	1.814513
206	2084	0	0	0	2	0	1.104712
207	2094	0	0	0	0	0	1.185882
208	2101	0	0	0	1	0	2.176798
209	2105	0	0	0	0	0	1.284182
210	2116	0	0	0	0	0	1.698650
211	2128	0	0	0	1	0	2.561993
212	2140	0	0	0	2	0	2.015893
213	2152	0	0	0	1	0	2.158632
214	2164	0	0	0	2	0	1.326796
215	2175	0	0	0	0	0	1.127762
216	2191	0	0	0	1	0	2.476355
217	2202	0	0	0	2	0	2.029974
218	2213	0	0	0	1	0	1.874761
219	2223	0	0	0	0	0	1.664302
220	2234	0	0	0	2	0	2.788091
221	2244	0	0	0	0	0	2.994095
222	2249	0	0	0	1	0	1.337256
223	2262	0	0	0	1	0	2.246555
224	2274	0	0	0	1	0	1.480742
225	2284	0	0	0	0	0	2.024024
226	2291	0	0	0	1	0	2.517726
227	2300	0	0	0	0	0	2.831860
228	2304	0	0	0	0	0	1.295691
229	2314	0	0	0	1	0	2.216046
230	2332	0	0	0	0	0	2.230503
231	2346	0	0	0	0	0	1.857316
232	2363	0	0	0	1	0	2.320335
233	2376	0	0	0	0	0	1.006493
234	2380	0	0	0	2	0	1.144037
235	2392	0	0	0	0	0	1.653785
236	2397	0	0	0	1	0	1.350249
237	2410	0	0	0	1	0	2.338142
238	2419	0	0	0	1	0	2.803345
239	2429	0	0	0	1	0	1.922658
240	2439	0	0	0	2	0	1.980262
241	2451	0	0	0	1	0	1.674807
242	2460	0	0	0	2	0	2.568285
243	2471	0	0	0	1	0	1.676590
244	2485	0	0	0	1	0	2.158352
245	2494	0	0	0	2	0	2.340369
246	2503	0	0	0	2	0	2.350401
247	2510	0	0	0	1	0	1.664805
248	2522	0	0	0	1	0	1.313554
249	2533	0	0	0	2	0	2.171409
250	2541	0	0	0	0	0	2.902671
251	2554	0	0	0	0	0	1.295432
252	2558	0	0	0	1	0	1.343787
253	2566	0	0	0	0	0	1.384993
254	2580	0	0	0	2	0	2.665603
255	2590	0	0	0	0	0	1.666360
256	2603	0	0	0	0	0	1.411287
257	2612	0	0	0	1	0	1.418110
258	2624	0	0	0	0	0	1.518689
259	2634	0	0	0	2	0	2.008716
260	2645	0	0	0	2	0	2.104234
261	2652	0	0	0	2	0	1.035749
262	2660	0	0	0	2	0	1.660574
263	2667	0	0	0	0	0	1.299047
264	2678	0	0	0	0	0	1.957660
265	2687	0	0	0	2	0	1.780450
266	2698	0	0	0	0	0	1.421203
267	2710	0	0	0	2	0	1.230167
268	2720	0	0	0	0	0	2.545485
269	2729	0	0	0	0	0	1.170500
270	2742	0	0	0	2	0	2.027872
271	2751	0	0	0	1	0	2.097862
272	2762	0	0	0	1	0	2.055277
273	2769	0	0	0	0	0	1.468403
274	2774	0	0	0	0	0	1.013828
275	2789	0	0	0	2	0	1.849906
276	2800	0	0	0	1	0	1.317005
277	2814	0	0	0	2	0	2.765526
278	2827	0	0	0	0	0	2.860274
279	2839	0	0	0	0	0	1.914804
280	2845	0	0	0	1	0	1.100523
281	2849	0	0	0	1	0	2.320103
282	2854	0	0	0	2	0	1.868976
283	2862	0	0	0	0	0	2.090929
284	2874	0	0	0	0	0	1.370955
285	2888	0	0	0	0	0	1.374657
286	2896	0	0	0	1	0	2.768394
287	2905	0	0	0	1	0	1.963455
288	2916	0	0	0	1	0	1.377948
289	2928	0	0	0	1	0	1.530564
290	2937	0	0	0	1	0	1.430017
291	2945	0	0	0	0	0	2.180543
292	2961	0	0	0	1	0	1.817890
293	2970	0	0	0	1	0	1.002632
294	2983	0	0	0	2	0	2.033816
295	2995	0	0	0	1	0	1.869102
296	3003	0	0	0	1	0	1.288940
297	3014	0	0	0	1	0	2.714534
298	3025	0	0	0	0	0	2.376052
299	3034	0	0	0	2	0	1.818977
300	3044	0	0	0	2	0	1.213810
301	3055	0	0	0	1	0	1.588423
302	3066	0	0	0	0	0	2.040679
303	3077	0	0	0	0	0	1.625853
304	3089	0	0	0	1	0	2.812349
305	3092	0	0	0	1	0	1.613996
306	3104	0	0	0	0	0	2.880699
307	3111	0	0	0	1	0	2.929464
308	3119	0	0	0	0	0	1.525817
309	3132	0	0	0	0	0	2.530032
310	3140	0	0	0	2	0	2.856913
311	3154	0	0	0	1	0	2.606982
312	3164	0	0	0	2	0	1.100342
313	3169	0	0	0	0	0	1.205969
314	3182	0	0	0	0	0	2.014792
315	3189	0	0	0	0	0	1.897766
316	3202	0	0	0	1	0	1.229546
317	3210	0	0	0	0	0	1.778528
318	3218	0	0	0	1	0	2.508166
319	3230	0	0	0	1	0	1.796407
320	3239	0	0	0	0	0	2.173817
321	3254	0	0	0	2	0	2.070412
322	3266	0	0	0	2	0	2.666735
323	3275	0	0	0	0	0	2.780677
324	3287	0	0	0	1	0	2.414870
325	3296	0	0	0	1	0	2.603128
326	3307	0	0	0	0	0	2.214554
327	3321	0	0	0	1	0	1.538087
328	3332	0	0	0	1	0	2.288263
329	3345	0	0	0	1	0	1.841133
330	3355	0	0	0	1	0	1.015674
331	3364	0	0	0	0	0	2.025695
332	3376	0	0	0	0	0	1.459622
333	3388	0	0	0	0	0	2.358131
334	3396	0	0	0	2	0	1.347077
335	3411	0	0	0	1	0	2.238809
336	3426	0	0	0	1	0	1.647321
337	3433	0	0	0	2	0	1.453313
338	3441	0	0	0	0	0	1.586248
339	3452	0	0	0	1	0	2.571942
340	3465	0	0	0	1	0	1.940429
341	3478	0	0	0	2	0	1.548620
342	3487	0	0	0	2	0	1.003496
343	3497	0	0	0	0	0	2.405401
344	3503	0	0	0	0	0	1.960303
345	3511	0	0	0	2	0	2.682995
346	3528	0	0	0	0	0	1.471242
347	3540	0	0	0	0	0	2.554590
348	3555	0	0	0	0	0	2.711567
349	3563	0	0	0	2	0	1.450339
350	3572	0	0	0	1	0	1.567314
351	3587	0	0	0	0	0	2.236307
352	3594	0	0	0	0	0	2.527730
353	3604	0	0	0	1	0	2.108320
354	3612	0	0	0	0	0	2.758753
355	3620	0	0	0	2	0	1.893900
356	3632	0	0	0	1	0	1.116888
357	3639	0	0	0	2	0	1.642271
358	3647	0	0	0	2	0	2.008136
359	3652	0	0	0	0	0	1.502747
360	3665	0	0	0	2	0	2.967237
361	3676	0	0	0	0	0	2.417278
362	3688	0	0	0	1	0	2.878567
363	3699	0	0	0	0	0	2.810725
364	3706	0	0	0	1	0	1.571883
365	3716	0	0	0	0	0	1.509118
366	3723	0	0	0	1	0	1.861240
367	3733	0	0	0	2	0	1.275569
368	3744	0	0	0	0	0	2.205417
369	3751	0	0	0	0	0	1.237032
370	3756	0	0	0	2	0	1.942357
371	3764	0	0	0	1	0	1.261820
372	3778	0	0	0	0	0	1.744041
373	3786	0	0	0	1	0	1.392518
374	3799	0	0	0	1	0	1.612650
375	3810	0	0	0	2	0	1.364740
376	3818	0	0	0	2	0	2.331785
377	3825	0	0	0	1	0	2.985024
378	3829	0	0	0	1	0	2.879049
379	3838	0	0	0	0	0	1.725426
380	3846	0	0	0	1	0	1.974495
381	3853	0	0	0	0	0	2.193569
382	3862	0	0	0	1	0	1.618955
383	3875	0	0	0	2	0	1.778385
384	3886	0	0	0	2	0	1.780177
385	3892	0	0	0	0	0	1.383085
386	3898	0	0	0	0	0	1.481009
387	3906	0	0	0	2	0	2.190837
388	3919	0	0	0	2	0	2.154838
389	3925	0	0	0	0	0	2.381149
390	3932	0	0	0	0	0	1.372518
391	3939	0	0	0	0	0	1.096180
392	3954	0	0	0	0	0	2.969414
393	3968	0	0	0	0	0	2.870787
394	3980	0	0	0	0	0	2.611023
395	3991	0	0	0	0	0	2.762006
396	4001	0	0	0	1	0	1.832854
397	4004	0	0	0	2	0	2.684806
398	4015	0	0	0	1	0	1.593432
399	4023	0	0	0	0	0	1.764148
400	4030	0	0	0	2	0	1.433986
401	4039	0	0	0	1	0	1.545304
402	4049	0	0	0	0	0	2.359921
403	4061	0	0	0	1	0	2.621879
404	4077	0	0	0	0	0	2.723695
405	4085	0	0	0	1	0	1.278020
406	4096	0	0	0	1	0	2.649592
407	4103	0	0	0	0	0	2.170198
408	4114	0	0	0	2	0	1.824861
409	4124	0	0	0	0	0	1.492630
410	4134	0	0	0	0	0	1.898932
411	4144	0	0	0	0	0	2.018260
412	4154	0	0	0	1	0	1.044185
413	4168	0	0	0	0	0	1.595660
414	4173	0	0	0	1	0	2.451071
415	4180	0	0	0	1	0	2.390596
416	4188	0	0	0	1	0	1.797318
417	4203	0	0	0	0	0	1.152249
418	4208	0	0	0	2	0	1.646224
419	4222	0	0	0	0	0	2.434082
420	4232	0	0	0	1	0	2.896972
421	4238	0	0	0	0	0	1.407412
422	4249	0	0	0	2	0	2.061581
423	4257	0	0	0	1	0	2.828893
424	4266	0	0	0	2	0	1.580135
425	4275	0	0	0	1	0	1.926330
426	4291	0	0	0	1	0	1.629485
427	4301	0	0	0	1	0	1.522453
428	4310	0	0	0	0	0	1.290040
429	4316	0	0	0	0	0	1.525678
430	4324	0	0	0	0	0	2.993515
431	4336	0	0	0	1	0	2.127537
432	4345	0	0	0	1	0	1.473047
433	4362	0	0	0	0	0	2.389968
434	4372	0	0	0	2	0	2.500178
435	4380	0	0	0	2	0	1.527372
436	4393	0	0	0	0	0	1.749570
437	4398	0	0	0	0	0	2.816365
438	4409	0	0	0	1	0	1.897953
439	4420	0	0	0	1	0	1.819196
440	4421	0	0	0	1	0	1.072724
441	4434	0	0	0	1	0	2.557469
442	4444	0	0	0	0	0	1.291692
443	4453	0	0	0	0	0	1.319577
444	4463	0	0	0	0	0	1.236784
445	4474	0	0	0	2	0	2.494385
446	4479	0	0	0	2	0	2.482975
447	4495	0	0	0	0	0	1.999873
448	4509	0	0	0	1	0	1.197327
449	4522	0	0	0	1	0	2.721561
450	4529	0	0	0	2	0	2.006659
451	4535	0	0	0	1	0	2.949591
452	4548	0	0	0	0	0	1.957769
453	4560	0	0	0	2	0	2.092776
454	4569	0	0	0	1	0	1.183502
455	4579	0	0	0	0	0	1.810084
456	4592	0	0	0	0	0	2.898851
457	4599	0	0	0	0	0	1.079287
458	4606	0	0	0	1	0	2.873847
459	4621	0	0	0	0	0	2.572568
460	4628	0	0	0	2	0	2.701131
461	4641	0	0	0	1	0	1.253049
462	4652	0	0	0	0	0	1.355859
463	4657	0	0	0	0	0	1.482610
464	4673	0	0	0	1	0	1.023269
465	4680	0	0	0	0	0	1.478014
466	4693	0	0	0	2	0	1.374217
467	4704	0	0	0	1	0	1.461449
468	4714	0	0	0	0	0	1.556075
469	4721	0	0	0	2	0	2.556047
470	4728	0	0	0	0	0	1.280562
471	4733	0	0	0	0	0	1.802343
472	4744	0	0	0	0	0	1.678861
473	4750	0	0	0	0	0	1.201806
474	4757	0	0	0	1	0	2.690755
475	4768	0	0	0	1	0	2.382494
476	4774	0	0	0	0	0	1.771407
477	4782	0	0	0	2	0	2.340469
478	4791	0	0	0	1	0	1.089553
479	4801	0	0	0	1	0	2.215986
480	4809	0	0	0	2	0	1.441328
481	4817	0	0	0	2	0	1.772238
482	4823	0	0	0	0	0	1.158308
483	4835	0	0	0	1	0	2.557306
484	4842	0	0	0	2	0	1.062008
485	4847	0	0	0	2	0	2.855917
486	4854	0	0	0	0	0	2.749115
487	4862	0	0	0	0	0	2.640453
488	4874	0	0	0	0	0	2.609219
489	4886	0	0	0	0	0	2.529260
490	4900	0	0	0	1	0	1.973143
491	4910	0	0	0	1	0	2.641999
492	4920	0	0	0	2	0	2.788877
493	4925	0	0	0	1	0	2.769637
494	4936	0	0	0	2	0	1.066888
495	4944	0	0	0	0	0	1.703899
496	4957	0	0	0	0	0	1.158684
497	4969	0	0	0	0	0	1.805460
498	4978	0	0	0	2	0	2.105676
499	4992	0	0	0	0	0	2.615407
500	5001	0	0	0	0	0	2.890700
501	5009	0	0	0	1	0	1.212117
502	5022	0	0	0	1	0	2.382002
503	5033	0	0	0	0	0	1.079214
504	5042	0	0	0	0	0	1.505560
505	5052	0	0	0	0	0	1.351795
506	5063	0	0	0	0	0	2.000412
507	5071	0	0	0	2	0	2.222819
508	5086	0	0	0	0	0	1.359484
509	5093	0	0	0	0	0	1.499961
510	5100	0	0	0	2	0	1.860235
511	5111	0	0	0	0	0	2.881635
512	5122	0	0	0	0	0	1.336398
513	5129	0	0	0	1	0	1.382832
514	5136	0	0	0	2	0	2.578243
515	5148	0	0	0	1	0	2.984640
516	5158	0	0	0	0	0	2.457938
517	5176	0	0	0	0	0	2.747254
518	5189	0	0	0	2	0	1.493039
519	5201	0	0	0	0	0	2.304514
520	5210	0	0	0	0	0	2.710938
521	5220	0	0	0	2	0	1.685453
522	5228	0	0	0	1	0	2.870059
523	5245	0	0	0	2	0	2.053633
524	5258	0	0	0	0	0	1.005810
525	5270	0	0	0	2	0	1.793480
526	5275	0	0	0	0	0	1.120540
527	5281	0	0	0	2	0	1.145674
528	5295	0	0	0	2	0	2.674344
529	5303	0	0	0	0	0	2.812224
530	5314	0	0	0	0	0	1.174722
531	5323	0	0	0	2	0	1.652540
532	5333	0	0	0	2	0	2.457794
533	5341	0	0	0	1	0	2.972486
534	5347	0	0	0	1	0	1.275830
535	5353	0	0	0	0	0	1.873387
536	5360	0	0	0	0	0	1.116950
537	5370	0	0	0	2	0	2.006932
538	5382	0	0	0	1	0	1.766152
539	5396	0	0	0	1	0	2.754092
540	5412	0	0	0	1	0	1.470715
541	5421	0	0	0	0	0	2.776255
542	5430	0	0	0	0	0	2.552348
543	5448	0	0	0	1	0	1.135391
544	5457	0	0	0	1	0	2.908215
545	5473	0	0	0	0	0	1.449064
546	5482	0	0	0	0	0	2.742578
547	5487	0	0	0	0	0	2.246694
548	5500	0	0	0	0	0	1.708668
549	5510	0	0	0	1	0	1.621538
550	5515	0	0	0	0	0	1.289818
551	5526	0	0	0	1	0	2.424447
552	5538	0	0	0	2	0	1.710878
553	5553	0	0	0	0	0	1.019170
554	5560	0	0	0	0	0	1.402956
555	5566	0	0	0	1	0	2.868045
556	5574	0	0	0	1	0	2.207918
557	5587	0	0	0	0	0	1.543115
558	5596	0	0	0	1	0	1.019309
559	5603	0	0	0	0	0	2.310845
560	5615	0	0	0	0	0	1.229946
561	5626	0	0	0	1	0	1.951335
562	5637	0	0	0	0	0	1.127551
563	5645	0	0	0	1	0	2.216388
564	5652	0	0	0	2	0	1.190332
565	5669	0	0	0	1	0	2.325212
566	5676	0	0	0	0	0	2.494416
567	5686	0	0	0	1	0	1.814893
568	5698	0	0	0	2	0	1.293575
569	5710	0	0	0	0	0	1.696615
570	5723	0	0	0	0	0	2.778105
571	5731	0	0	0	1	0	1.008759
572	5738	0	0	0	1	0	2.164834
573	5747	0	0	0	0	0	1.798676
574	5759	0	0	0	0	0	2.045678
575	5765	0	0	0	0	0	2.814053
576	5774	0	0	0	0	0	2.552866
577	5790	0	0	0	1	0	1.004695
578	5800	0	0	0	2	0	1.416234
579	5807	0	0	0	2	0	2.496151
580	5822	0	0	0	1	0	2.865983
581	5838	0	0	0	1	0	2.815549
582	5846	0	0	0	2	0	1.769296
583	5855	0	0	0	1	0	2.438102
584	5865	0	0	0	1	0	2.841137
585	5876	0	0	0	2	0	1.381358
586	5890	0	0	0	0	0	1.926808
587	5898	0	0	0	0	0	1.685406
588	5911	0	0	0	2	0	1.200267
589	5918	0	0	0	0	0	2.490701
590	5933	0	0	0	0	0	2.867551
591	5945	0	0	0	0	0	2.560766
592	5953	0	0	0	0	0	2.521679
593	5964	0	0	0	0	0	2.877842
594	5972	0	0	0	2	0	2.845644
595	5989	0	0	0	2	0	2.615417
596	5995	0	0	0	1	0	1.512372
597	6008	0	0	0	1	0	1.030926
598	6019	0	0	0	1	0	1.985971
599	6027	0	0	0	1	0	2.671083
600	6038	0	0	0	2	0	1.782878
601	6052	0	0	0	0	0	1.099460
602	6067	0	0	0	1	0	2.629589
603	6078	0	0	0	2	0	1.538098
604	6085	0	0	0	1	0	2.623664
605	6093	0	0	0	1	0	2.931964
606	6106	0	0	0	1	0	2.277052
607	6114	0	0	0	0	0	2.211793
608	6130	0	0	0	0	0	2.740883
609	6143	0	0	0	1	0	2.280554
610	6147	0	0	0	1	0	2.326959
611	6152	0	0	0	1	0	2.746080
612	6163	0	0	0	2	0	1.353466
613	6176	0	0	0	0	0	2.918413
614	6194	0	0	0	1	0	2.879022
615	6203	0	0	0	0	0	1.076432
616	6214	0	0	0	2	0	1.892000
617	6221	0	0	0	2	0	2.252534
618	6231	0	0	0	0	0	2.843439
619	6237	0	0	0	0	0	1.864984
620	6244	0	0	0	0	0	2.807869
621	6252	0	0	0	0	0	1.539645
622	6259	0	0	0	1	0	1.621077
623	6269	0	0	0	0	0	2.573845
624	6277	0	0	0	1	0	2.275791
625	6289	0	0	0	0	0	2.572558
626	6301	0	0	0	0	0	1.079563
627	6312	0	0	0	0	0	2.309179
628	6324	0	0	0	0	0	2.292331
629	6331	0	0	0	0	0	2.014989
630	6344	0	0	0	0	0	1.148237
631	6355	0	0	0	2	0	2.474954
632	6368	0	0	0	1	0	2.094600
633	6385	0	0	0	2	0	1.636764
634	6398	0	0	0	1	0	1.639543
635	6410	0	0	0	2	0	1.726603
636	6420	0	0	0	0	0	1.829905
637	6429	0	0	0	1	0	1.226503
638	6442	0	0	0	2	0	1.128188
639	6455	0	0	0	1	0	1.275845
640	6464	0	0	0	0	0	2.950026
641	6472	0	0	0	0	0	1.477691
642	6481	0	0	0	1	0	2.604922
643	6493	0	0	0	0	0	2.685183
644	6503	0	0	0	0	0	1.636888
645	6513	0	0	0	1	0	1.339059
646	6521	0	0	0	1	0	1.868128
647	6528	0	0	0	1	0	2.116096
648	6541	0	0	0	1	0	1.335495
649	6554	0	0	0	2	0	1.369765
650	6563	0	0	0	1	0	1.083891
651	6574	0	0	0	2	0	2.285742
652	6581	0	0	0	0	0	1.514962
653	6594	0	0	0	2	0	1.392629
654	6602	0	0	0	1	0	1.492588
655	6615	0	0	0	0	0	1.090630
656	6623	0	0	0	1	0	1.759313
657	6629	0	0	0	0	0	1.578200
658	6638	0	0	0	0	0	1.856470
659	6648	0	0	0	0	0	1.886453
660	6654	0	0	0	1	0	2.683139
661	6668	0	0	0	1	0	2.394765
662	6677	0	0	0	2	0	2.496285
663	6691	0	0	0	2	0	2.082299
664	6712	0	0	0	1	0	1.789571
665	6724	0	0	0	0	0	2.257644
666	6735	0	0	0	2	0	2.213121
667	6746	0	0	0	2	0	2.485908
668	6757	0	0	0	1	0	1.302506
669	6772	0	0	0	1	0	2.791104
670	6781	0	0	0	0	0	1.227547
671	6792	0	0	0	0	0	2.561860
672	6799	0	0	0	0	0	1.271735
673	6812	0	0	0	2	0	2.962093
674	6826	0	0	0	1	0	1.318117
675	6837	0	0	0	1	0	2.976696
676	6847	0	0	0	0	0	2.276887
677	6862	0	0	0	1	0	2.086819
678	6871	0	0	0	0	0	1.522588
679	6884	0	0	0	0	0	2.919688
680	6898	0	0	0	0	0	2.647884
681	6904	0	0	0	1	0	2.791069
682	6917	0	0	0	0	0	2.634984
683	6924	0	0	0	2	0	2.694590
684	6934	0	0	0	2	0	1.362517
685	6947	0	0	0	0	0	1.131353
686	6958	0	0	0	0	0	2.091728
687	6969	0	0	0	2	0	1.002955
688	6977	0	0	0	0	0	2.443234
689	6991	0	0	0	1	0	1.269035
690	7002	0	0	0	0	0	2.366811
691	7012	0	0	0	0	0	1.419701
692	7017	0	0	0	1	0	1.822472
693	7027	0	0	0	2	0	1.071406
694	7038	0	0	0	0	0	2.248805
695	7051	0	0	0	0	0	2.144237
696	7061	0	0	0	0	0	2.015348
697	7078	0	0	0	1	0	1.075257
698	7093	0	0	0	2	0	2.809875
699	7099	0	0	0	0	0	1.521704
700	7108	0	0	0	2	0	1.001851
701	7122	0	0	0	0	0	1.477860
702	7132	0	0	0	1	0	2.511592
703	7142	0	0	0	0	0	2.374782
704	7153	0	0	0	0	0	1.029522
705	7164	0	0	0	0	0	2.793929
706	7169	0	0	0	0	0	1.644699
707	7182	0	0	0	0	0	2.858719
708	7188	0	0	0	1	0	1.522807
709	7200	0	0	0	0	0	2.159552
710	7212	0	0	0	2	0	2.688641
711	7222	0	0	0	1	0	2.757959
712	7235	0	0	0	2	0	2.158575
713	7242	0	0	0	0	0	2.525472
714	7252	0	0	0	0	0	1.553241
715	7267	0	0	0	2	0	1.604401
716	7280	0	0	0	1	0	2.810302
717	7294	0	0	0	2	0	2.262675
718	7304	0	0	0	1	0	1.964474
719	7315	0	0	0	0	0	1.358933
720	7330	0	0	0	1	0	2.715087
721	7335	0	0	0	2	0	1.399747
722	7350	0	0	0	2	0	1.832615
723	7360	0	0	0	1	0	2.836162
724	7375	0	0	0	0	0	2.481794
725	7386	0	0	0	2	0	2.018317
726	7391	0	0	0	0	0	2.589966
727	7401	0	0	0	1	0	1.212091
728	7412	0	0	0	2	0	1.959947
729	7431	0	0	0	2	0	2.643411
730	7439	0	0	0	1	0	1.784185
731	7450	0	0	0	0	0	1.384121
732	7459	0	0	0	1	0	1.921079
733	7471	0	0	0	0	0	2.906650
734	7479	0	0	0	1	0	1.715618
735	7488	0	0	0	2	0	2.377503
736	7499	0	0	0	1	0	2.686235
737	7507	0	0	0	1	0	1.286511
738	7522	0	0	0	0	0	2.037051
739	7532	0	0	0	1	0	1.460662
740	7543	0	0	0	1	0	2.716895
741	7552	0	0	0	2	0	1.494393
742	7563	0	0	0	1	0	1.551114
743	7574	0	0	0	0	0	2.045632
744	7588	0	0	0	2	0	2.503420
745	7594	0	0	0	0	0	1.477719
746	7599	0	0	0	2	0	1.572929
747	7608	0	0	0	0	0	2.599353
748	7617	0	0	0	0	0	1.819667
749	7635	0	0	0	0	0	2.198343
750	7639	0	0	0	2	0	2.094316
751	7645	0	0	0	0	0	1.222671
752	7658	0	0	0	0	0	1.983156
753	7665	0	0	0	0	0	1.208386
754	7672	0	0	0	2	0	2.734522
755	7679	0	0	0	2	0	2.043359
756	7689	0	0	0	0	0	2.153214
757	7700	0	0	0	2	0	2.654052
758	7716	0	0	0	2	0	1.757964
759	7725	0	0	0	1	0	2.424897
760	7732	0	0	0	1	0	2.298262
761	7742	0	0	0	1	0	2.162244
762	7756	0	0	0	2	0	2.400964
763	7763	0	0	0	0	0	1.935500
764	7768	0	0	0	1	0	2.672503
765	7773	0	0	0	2	0	1.327590
766	7783	0	0	0	1	0	1.278266
767	7794	0	0	0	0	0	2.210763
768	7805	0	0	0	0	0	2.411594
769	7812	0	0	0	0	0	2.917810
770	7821	0	0	0	1	0	2.190071
771	7832	0	0	0	0	0	1.945275
772	7839	0	0	0	0	0	2.677813
773	7852	0	0	0	2	0	2.938799
774	7862	0	0	0	0	0	1.773865
775	7870	0	0	0	0	0	2.686431
776	7880	0	0	0	2	0	2.154216
777	7895	0	0	0	2	0	2.750148
778	7901	0	0	0	0	0	2.073582
779	7912	0	0	0	0	0	2.944184
780	7921	0	0	0	1	0	2.560298
781	7936	0	0	0	2	0	2.016239
782	7944	0	0	0	1	0	1.534678
783	7957	0	0	0	2	0	2.098771
784	7966	0	0	0	2	0	1.916904
785	7974	0	0	0	1	0	2.723600
786	7986	0	0	0	1	0	1.562218
787	7998	0	0	0	2	0	1.585971
788	8009	0	0	0	0	0	2.448911
789	8017	0	0	0	2	0	2.909004
790	8026	0	0	0	0	0	2.391144
791	8033	0	0	0	1	0	2.193595
792	8041	0	0	0	2	0	1.478602
793	8046	0	0	0	1	0	1.647127
794	8054	0	0	0	0	0	1.634673
795	8062	0	0	0	0	0	1.113740
796	8073	0	0	0	2	0	2.411920
797	8078	0	0	0	2	0	1.807479
798	8087	0	0	0	2	0	2.511178
799	8093	0	0	0	0	0	1.934613
800	8103	0	0	0	1	0	1.995593
801	8108	0	0	0	0	0	1.884189
802	8120	0	0	0	1	0	2.545676
803	8127	0	0	0	2	0	1.657867
804	8136	0	0	0	2	0	1.159559
805	8143	0	0	0	1	0	1.824619
806	8153	0	0	0	1	0	1.339475
807	8167	0	0	0	2	0	2.858345
808	8176	0	0	0	2	0	2.131376
809	8187	0	0	0	2	0	2.232150
810	8194	0	0	0	2	0	1.104852
811	8203	0	0	0	0	0	2.309780
812	8211	0	0	0	2	0	2.863173
813	8218	0	0	0	0	0	1.299708
814	8227	0	0	0	0	0	2.718157
815	8242	0	0	0	1	0	2.035424
816	8254	0	0	0	0	0	2.975110
817	8269	0	0	0	1	0	2.099431
818	8281	0	0	0	0	0	1.994358
819	8289	0	0	0	0	0	2.108804
820	8295	0	0	0	2	0	2.351771
821	8306	0	0	0	1	0	2.114404
822	8317	0	0	0	2	0	2.590297
823	8322	0	0	0	2	0	2.258052
824	8331	0	0	0	1	0	1.764797
825	8340	0	0	0	1	0	1.745204
826	8350	0	0	0	0	0	2.313014
827	8361	0	0	0	2	0	2.880145
828	8377	0	0	0	2	0	2.254078
829	8384	0	0	0	1	0	1.945989
830	8397	0	0	0	2	0	2.890494
831	8405	0	0	0	1	0	2.083184
832	8417	0	0	0	1	0	2.408250
833	8429	0	0	0	1	0	1.411367
834	8441	0	0	0	1	0	1.750402
835	8445	0	0	0	0	0	1.584915
836	8455	0	0	0	1	0	1.739524
837	8464	0	0	0	1	0	2.553704
838	8473	0	0	0	1	0	1.885801
839	8479	0	0	0	2	0	2.867190
840	8485	0	0	0	0	0	2.730021
841	8495	0	0	0	2	0	1.579147
842	8508	0	0	0	2	0	2.724347
843	8515	0	0	0	1	0	2.028794
844	8528	0	0	0	0	0	1.792197
845	8539	0	0	0	0	0	1.732711
846	8548	0	0	0	0	0	2.885761
847	8561	0	0	0	1	0	1.226457
848	8573	0	0	0	0	0	1.854230
849	8580	0	0	0	0	0	1.763437
850	8588	0	0	0	2	0	2.062884
851	8600	0	0	0	1	0	2.104341
852	8610	0	0	0	1	0	1.002211
853	8620	0	0	0	0	0	2.346792
854	8631	0	0	0	1	0	1.396135
855	8642	0	0	0	0	0	2.915038
856	8656	0	0	0	2	0	1.648705
857	8668	0	0	0	0	0	2.910149
858	8675	0	0	0	0	0	2.579515
859	8688	0	0	0	0	0	1.910882
860	8697	0	0	0	0	0	1.850238
861	8704	0	0	0	2	0	2.288077
862	8713	0	0	0	0	0	2.307583
863	8729	0	0	0	1	0	1.317007
864	8739	0	0	0	1	0	1.727713
865	8756	0	0	0	0	0	2.290106
866	8767	0	0	0	0	0	1.589099
867	8775	0	0	0	0	0	2.364218
868	8784	0	0	0	0	0	2.169166
869	8792	0	0	0	1	0	1.889744
870	8804	0	0	0	1	0	1.393142
871	8815	0	0	0	2	0	2.409383
872	8826	0	0	0	2	0	1.517611
873	8834	0	0	0	0	0	2.442176
874	8848	0	0	0	1	0	2.211870
875	8858	0	0	0	1	0	1.618891
876	8868	0	0	0	0	0	1.395950
877	8877	0	0	0	1	0	1.428807
878	8888	0	0	0	1	0	1.943920
879	8896	0	0	0	0	0	1.795519
880	8907	0	0	0	2	0	1.747040
881	8917	0	0	0	2	0	2.861368
882	8925	0	0	0	0	0	2.242842
883	8937	0	0	0	1	0	1.893674
884	8945	0	0	0	0	0	1.160657
885	8957	0	0	0	0	0	2.439924
886	8965	0	0	0	0	0	1.646515
887	8975	0	0	0	0	0	1.429133
888	8985	0	0	0	1	0	1.697929
889	8994	0	0	0	0	0	2.032417
890	9007	0	0	0	0	0	1.343479
891	9026	0	0	0	0	0	2.481353
892	9036	0	0	0	1	0	2.734115
893	9044	0	0	0	2	0	1.409349
894	9057	0	0	0	0	0	2.824061
895	9068	0	0	0	2	0	1.705965
896	9075	0	0	0	2	0	1.345166
897	9085	0	0	0	1	0	2.330764
898	9097	0	0	0	0	0	2.026978
899	9108	0	0	0	2	0	1.602972
900	9118	0	0	0	0	0	1.948489
901	9129	0	0	0	0	0	1.456674
902	9138	0	0	0	1	0	1.536907
903	9153	0	0	0	0	0	2.706801
904	9160	0	0	0	0	0	2.408531
905	9168	0	0	0	1	0	1.853967
906	9173	0	0	0	0	0	1.662000
907	9183	0	0	0	0	0	2.228581
908	9200	0	0	0	0	0	1.982517
909	9209	0	0	0	0	0	1.867727
910	9217	0	0	0	2	0	2.679732
911	9224	0	0	0	2	0	1.165570
912	9234	0	0	0	0	0	1.186609
913	9248	0	0	0	0	0	1.985692
914	9255	0	0	0	0	0	2.456492
915	9272	0	0	0	0	0	2.759667
916	9277	0	0	0	0	0	2.335141
917	9287	0	0	0	0	0	1.829427
918	9293	0	0	0	0	0	1.671659
919	9304	0	0	0	1	0	2.559767
920	9310	0	0	0	2	0	1.526167
921	9319	0	0	0	1	0	2.914338
922	9325	0	0	0	2	0	2.205633
923	9334	0	0	0	1	0	1.134168
924	9347	0	0	0	1	0	2.109290
925	9354	0	0	0	0	0	2.955063
926	9358	0	0	0	0	0	2.377449
927	9366	0	0	0	1	0	2.721616
928	9369	0	0	0	0	0	1.318328
929	9379	0	0	0	0	0	1.194562
930	9391	0	0	0	0	0	2.953291
931	9398	0	0	0	0	0	1.543003
932	9403	0	0	0	0	0	1.420373
933	9410	0	0	0	1	0	1.122307
934	9425	0	0	0	1	0	2.355607
935	9434	0	0	0	1	0	2.528804
936	9441	0	0	0	2	0	2.495864
937	9452	0	0	0	1	0	2.918787
938	9454	0	0	0	1	0	1.026155
939	9462	0	0	0	0	0	1.800484
940	9471	0	0	0	0	0	2.109502
941	9480	0	0	0	0	0	1.632940
942	9489	0	0	0	2	0	2.536369
943	9495	0	0	0	0	0	1.006397
944	9505	0	0	0	2	0	2.028715
945	9513	0	0	0	1	0	1.059817
946	9522	0	0	0	2	0	1.859370
947	9534	0	0	0	1	0	1.762514
948	9544	0	0	0	0	0	1.598676
949	9553	0	0	0	1	0	2.039516
950	9563	0	0	0	1	0	2.644800
951	9576	0	0	0	1	0	1.940695
952	9589	0	0	0	1	0	1.841540
953	9594	0	0	0	0	0	1.552965
954	9603	0	0	0	1	0	1.209141
955	9614	0	0	0	2	0	1.919356
956	9626	0	0	0	0	0	1.638673
957	9640	0	0	0	1	0	1.744542
958	9652	0	0	0	0	0	1.958580
959	9667	0	0	0	1	0	2.599114
960	9680	0	0	0	2	0	1.860707
961	9692	0	0	0	1	0	1.696649
962	9700	0	0	0	1	0	2.649944
963	9709	0	0	0	2	0	1.140964
964	9718	0	0	0	1	0	1.292017
965	9728	0	0	0	1	0	2.458709
966	9737	0	0	0	0	0	2.169845
967	9750	0	0	0	0	0	1.921289
968	9757	0	0	0	2	0	1.631826
969	9761	0	0	0	2	0	1.327613
970	9769	0	0	0	2	0	1.809133
971	9783	0	0	0	2	0	2.185887
972	9793	0	0	0	0	0	1.090817
973	9801	0	0	0	0	0	2.060291
974	9813	0	0	0	0	0	1.100706
975	9816	0	0	0	2	0	1.240777
976	9822	0	0	0	0	0	2.540321
977	9826	0	0	0	2	0	1.858708
978	9837	0	0	0	0	0	1.958452
979	9848	0	0	0	0	0	1.438229
980	9856	0	0	0	1	0	1.337554
981	9872	0	0	0	2	0	1.301228
982	9878	0	0	0	0	0	2.269946
983	9885	0	0	0	0	0	1.085248
984	9902	0	0	0	2	0	2.300098
985	9915	0	0	0	0	0	2.123639
986	9924	0	0	0	1	0	1.475225
987	9931	0	0	0	0	0	2.993529
988	9939	0	0	0	1	0	1.423094
989	9947	0	0	0	0	0	1.722500
990	9956	0	0	0	2	0	1.490861
991	9969	0	0	0	0	0	1.588884
992	9978	0	0	0	0	0	2.713216
993	9986	0	0	0	0	0	2.513803
994	9998	0	0	0	2	0	1.131608
995	10004	0	0	0	1	0	2.858648
996	10012	0	0	0	2	0	1.153632
997	10018	0	0	0	1	0	1.186406
998	10025	0	0	0	0	0	1.878259
999	10033	0	0	0	2	0	1.861016
