0	1	0	0	0	2	0	1.426702
1	9	0	0	0	2	0	2.907320
2	17	0	0	0	1	0	2.701516
3	29	0	0	0	1	0	2.754466
4	40	0	0	0	0	0	1.028232
5	57	0	0	0	2	0	1.366215
6	71	0	0	0	2	0	2.385354
7	78	0	0	0	0	0	1.429228
8	93	0	0	0	0	0	2.615985
9	103	0	0	0	1	0	2.400908
10	115	0	0	0	0	0	1.314384
11	127	0	0	0	0	0	1.398438
12	136	0	0	0	0	0	2.015937
13	145	0	0	0	1	0	2.923798
14	161	0	0	0	0	0	2.217980
15	174	0	0	0	0	0	2.999468
16	189	0	0	0	0	0	1.707589
17	195	0	0	0	1	0	2.656128
18	201	0	0	0	1	0	1.334677
19	208	0	0	0	2	0	1.757638
20	218	0	0	0	0	0	1.412431
21	230	0	0	0	1	0	1.311151
22	242	0	0	0	2	0	2.699513
23	250	0	0	0	0	0	1.826396
24	261	0	0	0	1	0	2.609294
25	274	0	0	0	0	0	2.098869
26	286	0	0	0	1	0	1.573578
27	295	0	0	0	2	0	2.560156
28	297	0	0	0	0	0	1.273116
29	311	0	0	0	0	0	2.136668
30	319	0	0	0	1	0	1.847668
31	333	0	0	0	0	0	2.832818
32	342	0	0	0	1	0	2.999439
33	351	0	0	0	1	0	2.049045
34	359	0	0	0	0	0	1.736105
35	367	0	0	0	1	0	2.088849
36	378	0	0	0	2	0	1.473492
37	387	0	0	0	0	0	1.275389
38	395	0	0	0	2	0	1.923766
39	405	0	0	0	1	0	1.034610
40	415	0	0	0	2	0	2.008827
41	430	0	0	0	1	0	1.160802
42	441	0	0	0	1	0	2.888973
43	448	0	0	0	1	0	2.209278
44	461	0	0	0	1	0	1.045513
45	469	0	0	0	0	0	2.615661
46	480	0	0	0	2	0	2.919187
47	489	0	0	0	0	0	2.663683
48	496	0	0	0	1	0	1.505274
49	504	0	0	0	2	0	1.778640
50	512	0	0	0	0	0	2.241417
51	523	0	0	0	0	0	1.306037
52	535	0	0	0	2	0	1.283650
53	545	0	0	0	1	0	1.873771
54	556	0	0	0	1	0	1.902794
55	565	0	0	0	2	0	2.980013
56	570	0	0	0	0	0	2.204298
57	587	0	0	0	1	0	2.149226
58	604	0	0	0	0	0	2.374953
59	608	0	0	0	1	0	1.154596
60	622	0	0	0	1	0	1.624822
61	631	0	0	0	2	0	2.633300
62	637	0	0	0	2	0	2.012848
63	643	0	0	0	0	0	1.762906
64	657	0	0	0	1	0	2.932519
65	668	0	0	0	2	0	2.257791
66	674	0	0	0	0	0	2.827571
67	687	0	0	0	1	0	1.115352
68	698	0	0	0	0	0	1.396523
69	710	0	0	0	2	0	2.594848
70	718	0	0	0	0	0	2.744939
71	733	0	0	0	1	0	2.855622
72	741	0	0	0	2	0	1.087699
73	752	0	0	0	2	0	1.330143
74	760	0	0	0	1	0	2.792233
75	777	0	0	0	2	0	1.519481
76	787	0	0	0	2	0	1.127548
77	797	0	0	0	1	0	1.535622
78	807	0	0	0	0	0	2.407385
79	816	0	0	0	1	0	2.248111
80	832	0	0	0	0	0	1.836440
81	844	0	0	0	0	0	2.413789
82	858	0	0	0	2	0	2.286194
83	870	0	0	0	0	0	1.737307
84	876	0	0	0	2	0	1.640897
85	893	0	0	0	1	0	2.899759
86	905	0	0	0	1	0	1.493905
87	910	0	0	0	0	0	2.627633
88	920	0	0	0	0	0	1.450169
89	931	0	0	0	1	0	1.336466
90	939	0	0	0	0	0	2.441120
91	958	0	0	0	0	0	1.388951
92	966	0	0	0	2	0	1.813261
93	979	0	0	0	0	0	2.726898
94	986	0	0	0	1	0	2.892767
95	995	0	0	0	2	0	2.243388
96	1009	0	0	0	0	0	2.036551
97	1022	0	0	0	0	0	2.099828
98	1039	0	0	0	2	0	2.548571
99	1045	0	0	0	0	0	1.779303
100	1053	0	0	0	0	0	1.386872
101	1068	0	0	0	1	0	1.116216
102	1080	0	0	0	1	0	2.822957
103	1090	0	0	0	1	0	2.594794
104	1102	0	0	0	2	0	2.761870
105	1111	0	0	0	2	0	1.116417
106	1122	0	0	0	1	0	2.177916
107	1129	0	0	0	0	0	2.073915
108	1145	0	0	0	0	0	1.340035
109	1156	0	0	0	0	0	1.383661
110	1164	0	0	0	2	0	1.452904
111	1174	0	0	0	1	0	2.384203
112	1187	0	0	0	1	0	1.591348
113	1197	0	0	0	0	0	2.360532
114	1204	0	0	0	1	0	1.429063
115	1212	0	0	0	0	0	1.437839
116	1226	0	0	0	2	0	2.286618
117	1236	0	0	0	0	0	2.469305
118	1253	0	0	0	0	0	1.613534
119	1261	0	0	0	1	0	2.169473
120	1269	0	0	0	0	0	2.473590
121	1282	0	0	0	0	0	1.967003
122	1291	0	0	0	2	0	1.038664
123	1299	0	0	0	2	0	2.501835
124	1307	0	0	0	0	0	2.083413
125	1312	0	0	0	0	0	1.676166
126	1322	0	0	0	1	0	2.523480
127	1332	0	0	0	1	0	1.661907
128	1347	0	0	0	1	0	2.191274
129	1367	0	0	0	0	0	1.660155
130	1379	0	0	0	1	0	2.847850
131	1387	0	0	0	1	0	2.141233
132	1397	0	0	0	0	0	1.656519
133	1406	0	0	0	2	0	1.216664
134	1412	0	0	0	0	0	2.416462
135	1419	0	0	0	2	0	1.017784
136	1432	0	0	0	0	0	1.137047
137	1436	0	0	0	0	0	1.952166
138	1442	0	0	0	0	0	2.537057
139	1457	0	0	0	0	0	1.231755
140	1463	0	0	0	0	0	2.419921
141	1474	0	0	0	0	0	2.554460
142	1485	0	0	0	0	0	1.019575
143	1491	0	0	0	1	0	2.406613
144	1501	0	0	0	1	0	2.076107
145	1508	0	0	0	1	0	2.457119
146	1515	0	0	0	2	0	1.987489
147	1524	0	0	0	0	0	1.953834
148	1536	0	0	0	0	0	1.825460
149	1548	0	0	0	0	0	2.215900
150	1559	0	0	0	0	0	2.294628
151	1578	0	0	0	0	0	1.535234
152	1585	0	0	0	1	0	2.904720
153	1597	0	0	0	2	0	2.441751
154	1607	0	0	0	0	0	1.648163
155	1613	0	0	0	1	0	1.607367
156	1626	0	0	0	0	0	2.995531
157	1640	0	0	0	2	0	1.336134
158	1648	0	0	0	0	0	1.291082
159	1660	0	0	0	1	0	2.051650
160	1668	0	0	0	1	0	2.277992
161	1678	0	0	0	1	0	1.817959
162	1690	0	0	0	0	0	1.812783
163	1701	0	0	0	2	0	2.918984
164	1710	0	0	0	2	0	1.353225
165	1723	0	0	0	0	0	2.531969
166	1730	0	0	0	0	0	2.473000
167	1742	0	0	0	0	0	1.313365
168	1749	0	0	0	0	0	2.005229
169	1756	0	0	0	0	0	2.085650
170	1761	0	0	0	0	0	1.786381
171	1774	0	0	0	1	0	2.527344
172	1781	0	0	0	1	0	1.862999
173	1789	0	0	0	2	0	1.812922
174	1795	0	0	0	2	0	1.783725
175	1805	0	0	0	1	0	2.851516
176	1816	0	0	0	0	0	2.473414
177	1828	0	0	0	1	0	1.636907
178	1835	0	0	0	2	0	1.295830
179	1846	0	0	0	0	0	2.275643
180	1858	0	0	0	1	0	1.792246
181	1869	0	0	0	0	0	1.140267
182	1881	0	0	0	1	0	2.854941
183	1889	0	0	0	1	0	2.840987
184	1893	0	0	0	1	0	2.540158
185	1899	0	0	0	0	0	2.600615
186	1909	0	0	0	0	0	1.629727
187	1922	0	0	0	0	0	1.623024
188	1927	0	0	0	0	0	2.916639
189	1941	0	0	0	1	0	1.801656
190	1952	0	0	0	2	0	1.329724
191	1967	0	0	0	2	0	2.778834
192	1986	0	0	0	0	0	2.966945
193	1998	0	0	0	2	0	2.706840
194	2011	0	0	0	0	0	1.917503
195	2020	0	0	0	0	0	2.952161
196	2037	0	0	0	1	0	1.342781
197	2049	0	0	0	0	0	2.562364
198	2055	0	0	0	2	0	2.924276
199	2069	0	0	0	0	0	1.433746
200	2082	0	0	0	0	0	1.176423
201	2090	0	0	0	0	0	2.938688
202	2100	0	0	0	0	0	2.247887
203	2108	0	0	0	2	0	1.967017
204	2120	0	0	0	1	0	2.909002
205	2135	0	0	0	2	0	1.857567
206	2152	0	0	0	1	0	2.664227
207	2165	0	0	0	1	0	2.802398
208	2172	0	0	0	1	0	2.908986
209	2184	0	0	0	1	0	1.279821
210	2193	0	0	0	0	0	1.190547
211	2200	0	0	0	1	0	1.433411
212	2206	0	0	0	1	0	2.148680
213	2213	0	0	0	0	0	1.191294
214	2220	0	0	0	2	0	2.402241
215	2233	0	0	0	2	0	1.321680
216	2243	0	0	0	0	0	1.550226
217	2258	0	0	0	0	0	1.717605
218	2268	0	0	0	0	0	2.446842
219	2283	0	0	0	1	0	1.654574
220	2292	0	0	0	2	0	2.142460
221	2297	0	0	0	2	0	2.240221
222	2304	0	0	0	0	0	1.726692
223	2311	0	0	0	0	0	2.568818
224	2316	0	0	0	0	0	2.473437
225	2324	0	0	0	2	0	2.358053
226	2330	0	0	0	1	0	2.174827
227	2342	0	0	0	1	0	2.266540
228	2354	0	0	0	2	0	2.195556
229	2370	0	0	0	0	0	1.886151
230	2385	0	0	0	2	0	1.772071
231	2392	0	0	0	0	0	2.029739
232	2402	0	0	0	2	0	2.597843
233	2414	0	0	0	2	0	2.724271
234	2423	0	0	0	1	0	1.376038
235	2431	0	0	0	2	0	2.462149
236	2446	0	0	0	1	0	2.840168
237	2452	0	0	0	1	0	2.174324
238	2463	0	0	0	1	0	2.267013
239	2474	0	0	0	1	0	1.027222
240	2486	0	0	0	2	0	2.734771
241	2499	0	0	0	0	0	1.580208
242	2508	0	0	0	0	0	1.996944
243	2520	0	0	0	0	0	1.133658
244	2526	0	0	0	0	0	1.181645
245	2537	0	0	0	0	0	1.543145
246	2549	0	0	0	1	0	2.539839
247	2555	0	0	0	2	0	2.721953
248	2569	0	0	0	1	0	2.807092
249	2580	0	0	0	1	0	2.242098
250	2596	0	0	0	0	0	1.681544
251	2608	0	0	0	1	0	2.267891
252	2619	0	0	0	1	0	1.241360
253	2631	0	0	0	0	0	1.328642
254	2644	0	0	0	0	0	2.098557
255	2655	0	0	0	1	0	1.024539
256	2664	0	0	0	1	0	1.464644
257	2672	0	0	0	2	0	2.593696
258	2683	0	0	0	0	0	1.678238
259	2693	0	0	0	0	0	1.913824
260	2705	0	0	0	1	0	2.186604
261	2709	0	0	0	1	0	1.268650
262	2719	0	0	0	0	0	2.189700
263	2727	0	0	0	0	0	2.547597
264	2733	0	0	0	1	0	2.066611
265	2737	0	0	0	0	0	1.122781
266	2746	0	0	0	0	0	1.178256
267	2758	0	0	0	1	0	2.073204
268	2771	0	0	0	0	0	2.981947
269	2783	0	0	0	1	0	1.171501
270	2790	0	0	0	1	0	2.669085
271	2800	0	0	0	2	0	1.209471
272	2809	0	0	0	1	0	1.372868
273	2815	0	0	0	0	0	2.156219
274	2820	0	0	0	0	0	1.693184
275	2831	0	0	0	1	0	2.165405
276	2839	0	0	0	1	0	2.116030
277	2852	0	0	0	0	0	1.084897
278	2867	0	0	0	1	0	2.793959
279	2875	0	0	0	1	0	1.050307
280	2887	0	0	0	1	0	1.096041
281	2901	0	0	0	1	0	1.612702
282	2909	0	0	0	1	0	1.868183
283	2918	0	0	0	2	0	2.103843
284	2922	0	0	0	1	0	2.648325
285	2934	0	0	0	1	0	2.600185
286	2942	0	0	0	0	0	1.983963
287	2949	0	0	0	0	0	1.264302
288	2960	0	0	0	1	0	2.034899
289	2970	0	0	0	1	0	2.973992
290	2977	0	0	0	2	0	2.995405
291	2988	0	0	0	1	0	1.285741
292	3004	0	0	0	1	0	2.113651
293	3017	0	0	0	0	0	2.668835
294	3027	0	0	0	0	0	2.498891
295	3034	0	0	0	2	0	2.670427
296	3045	0	0	0	0	0	1.306227
297	3057	0	0	0	1	0	2.584546
298	3072	0	0	0	1	0	1.578587
299	3079	0	0	0	1	0	2.270298
300	3086	0	0	0	1	0	2.831179
301	3097	0	0	0	2	0	2.930315
302	3109	0	0	0	0	0	2.777177
303	3119	0	0	0	1	0	2.744634
304	3133	0	0	0	2	0	1.988905
305	3145	0	0	0	0	0	1.203173
306	3160	0	0	0	1	0	1.552845
307	3165	0	0	0	1	0	2.153949
308	3173	0	0	0	0	0	1.091384
309	3184	0	0	0	0	0	2.159107
310	3196	0	0	0	1	0	1.407427
311	3205	0	0	0	2	0	2.932383
312	3213	0	0	0	1	0	1.346678
313	3221	0	0	0	2	0	1.518496
314	3232	0	0	0	0	0	2.551679
315	3245	0	0	0	2	0	2.094553
316	3253	0	0	0	0	0	1.747303
317	3264	0	0	0	0	0	2.493892
318	3277	0	0	0	2	0	2.598622
319	3293	0	0	0	0	0	1.096394
320	3302	0	0	0	0	0	1.961198
321	3312	0	0	0	0	0	1.188440
322	3321	0	0	0	0	0	1.063860
323	3331	0	0	0	1	0	2.701110
324	3336	0	0	0	1	0	1.769025
325	3346	0	0	0	0	0	1.766496
326	3359	0	0	0	1	0	2.363949
327	3368	0	0	0	1	0	1.867613
328	3377	0	0	0	2	0	1.862032
329	3390	0	0	0	2	0	2.925794
330	3399	0	0	0	0	0	2.329197
331	3411	0	0	0	0	0	1.903418
332	3423	0	0	0	0	0	1.578773
333	3432	0	0	0	2	0	1.132439
334	3440	0	0	0	0	0	2.309051
335	3458	0	0	0	0	0	2.097512
336	3471	0	0	0	0	0	2.700998
337	3481	0	0	0	0	0	2.672352
338	3489	0	0	0	0	0	1.165524
339	3503	0	0	0	1	0	2.271897
340	3510	0	0	0	0	0	1.150578
341	3527	0	0	0	1	0	2.208994
342	3539	0	0	0	0	0	1.379528
343	3553	0	0	0	1	0	1.008858
344	3560	0	0	0	0	0	1.615480
345	3572	0	0	0	1	0	2.751072
346	3584	0	0	0	1	0	1.510188
347	3597	0	0	0	1	0	2.640131
348	3607	0	0	0	0	0	1.634792
349	3616	0	0	0	0	0	2.092794
350	3627	0	0	0	2	0	2.110530
351	3636	0	0	0	1	0	2.649198
352	3647	0	0	0	0	0	1.897239
353	3651	0	0	0	1	0	1.918512
354	3663	0	0	0	0	0	2.414127
355	3670	0	0	0	1	0	2.153111
356	3680	0	0	0	0	0	1.901958
357	3692	0	0	0	1	0	1.024618
358	3700	0	0	0	1	0	2.388704
359	3710	0	0	0	2	0	2.856246
360	3716	0	0	0	1	0	2.353040
361	3728	0	0	0	1	0	2.208282
362	3736	0	0	0	1	0	1.325390
363	3747	0	0	0	2	0	2.283138
364	3756	0	0	0	2	0	1.213965
365	3767	0	0	0	0	0	1.426922
366	3774	0	0	0	0	0	2.019521
367	3787	0	0	0	2	0	2.692760
368	3790	0	0	0	1	0	1.118992
369	3803	0	0	0	0	0	1.463740
370	3809	0	0	0	2	0	2.998903
371	3820	0	0	0	1	0	1.875057
372	3826	0	0	0	2	0	1.301198
373	3833	0	0	0	1	0	1.656854
374	3845	0	0	0	0	0	2.950883
375	3854	0	0	0	0	0	1.798765
376	3861	0	0	0	1	0	1.951573
377	3871	0	0	0	0	0	1.919494
378	3881	0	0	0	1	0	1.342659
379	3895	0	0	0	2	0	2.855861
380	3903	0	0	0	0	0	1.551893
381	3916	0	0	0	2	0	2.541286
382	3929	0	0	0	0	0	1.473236
383	3941	0	0	0	0	0	1.244984
384	3952	0	0	0	1	0	2.775041
385	3961	0	0	0	1	0	1.477535
386	3971	0	0	0	2	0	2.505576
387	3981	0	0	0	0	0	2.761124
388	3991	0	0	0	2	0	2.268795
389	4001	0	0	0	0	0	2.417295
390	4012	0	0	0	0	0	1.062868
391	4018	0	0	0	2	0	1.558555
392	4031	0	0	0	1	0	1.112637
393	4042	0	0	0	0	0	2.050504
394	4052	0	0	0	1	0	1.655295
395	4063	0	0	0	0	0	2.140974
396	4069	0	0	0	0	0	1.934464
397	4078	0	0	0	1	0	2.055285
398	4091	0	0	0	2	0	2.196197
399	4105	0	0	0	1	0	2.476192
400	4116	0	0	0	2	0	1.359011
401	4127	0	0	0	1	0	2.843555
402	4142	0	0	0	0	0	1.804883
403	4156	0	0	0	2	0	2.544191
404	4166	0	0	0	1	0	1.718335
405	4173	0	0	0	1	0	1.278197
406	4184	0	0	0	0	0	2.022543
407	4197	0	0	0	0	0	2.902945
408	4210	0	0	0	1	0	2.838898
409	4216	0	0	0	0	0	2.173061
410	4227	0	0	0	1	0	2.761294
411	4237	0	0	0	0	0	1.155492
412	4246	0	0	0	1	0	2.896941
413	4254	0	0	0	1	0	2.458875
414	4264	0	0	0	1	0	2.086280
415	4272	0	0	0	1	0	1.554197
416	4279	0	0	0	1	0	1.340162
417	4289	0	0	0	0	0	2.949751
418	4301	0	0	0	0	0	2.144086
419	4311	0	0	0	0	0	2.191965
420	4322	0	0	0	0	0	2.510681
421	4329	0	0	0	0	0	1.163104
422	4336	0	0	0	0	0	2.707789
423	4351	0	0	0	0	0	1.257372
424	4357	0	0	0	2	0	1.862359
425	4368	0	0	0	2	0	1.178043
426	4387	0	0	0	0	0	2.345399
427	4395	0	0	0	0	0	2.298891
428	4404	0	0	0	1	0	2.093803
429	4410	0	0	0	0	0	2.926332
430	4425	0	0	0	1	0	2.272670
431	4437	0	0	0	1	0	2.491827
432	4441	0	0	0	1	0	1.427360
433	4450	0	0	0	0	0	1.884149
434	4458	0	0	0	0	0	1.406388
435	4469	0	0	0	0	0	2.712409
436	4477	0	0	0	2	0	2.080411
437	4493	0	0	0	1	0	2.532936
438	4506	0	0	0	1	0	1.972928
439	4521	0	0	0	1	0	2.239287
440	4532	0	0	0	1	0	2.505072
441	4544	0	0	0	1	0	2.531577
442	4558	0	0	0	0	0	2.474296
443	4567	0	0	0	0	0	2.230169
444	4578	0	0	0	0	0	1.258071
445	4586	0	0	0	2	0	2.644282
446	4603	0	0	0	1	0	2.943000
447	4610	0	0	0	0	0	2.494386
448	4621	0	0	0	1	0	1.248192
449	4628	0	0	0	2	0	2.348503
450	4634	0	0	0	2	0	2.987285
451	4644	0	0	0	0	0	2.675219
452	4649	0	0	0	1	0	1.575409
453	4659	0	0	0	2	0	1.395644
454	4676	0	0	0	0	0	2.393297
455	4687	0	0	0	0	0	1.430726
456	4695	0	0	0	1	0	2.685974
457	4703	0	0	0	0	0	1.504440
458	4715	0	0	0	1	0	1.185017
459	4730	0	0	0	2	0	2.821506
460	4745	0	0	0	1	0	2.340241
461	4754	0	0	0	2	0	1.013892
462	4761	0	0	0	1	0	2.334285
463	4773	0	0	0	0	0	2.728781
464	4780	0	0	0	2	0	1.081529
465	4791	0	0	0	2	0	1.798916
466	4801	0	0	0	1	0	2.593352
467	4811	0	0	0	0	0	2.545248
468	4820	0	0	0	2	0	1.187539
469	4833	0	0	0	2	0	1.493155
470	4839	0	0	0	1	0	2.701382
471	4853	0	0	0	0	0	2.317291
472	4863	0	0	0	2	0	1.872461
473	4878	0	0	0	1	0	2.841188
474	4885	0	0	0	0	0	2.453640
475	4897	0	0	0	0	0	2.967891
476	4908	0	0	0	0	0	2.028221
477	4917	0	0	0	0	0	1.577631
478	4926	0	0	0	0	0	1.110507
479	4934	0	0	0	2	0	2.875043
480	4943	0	0	0	1	0	2.219740
481	4948	0	0	0	2	0	1.131884
482	4955	0	0	0	1	0	1.286694
483	4967	0	0	0	0	0	1.259579
484	4974	0	0	0	1	0	1.446184
485	4983	0	0	0	1	0	1.239805
486	4992	0	0	0	2	0	1.071169
487	5003	0	0	0	2	0	2.626249
488	5014	0	0	0	2	0	2.409485
489	5028	0	0	0	1	0	2.605895
490	5036	0	0	0	0	0	1.036984
491	5046	0	0	0	0	0	1.042993
492	5056	0	0	0	0	0	2.637815
493	5071	0	0	0	0	0	1.155735
494	5086	0	0	0	0	0	2.325533
495	5095	0	0	0	1	0	2.228739
496	5101	0	0	0	2	0	1.664268
497	5110	0	0	0	1	0	2.225474
498	5118	0	0	0	0	0	1.457603
499	5130	0	0	0	0	0	1.548194
500	5138	0	0	0	1	0	2.990404
501	5151	0	0	0	1	0	1.485612
502	5163	0	0	0	0	0	2.351111
503	5168	0	0	0	2	0	2.459361
504	5179	0	0	0	0	0	1.651550
505	5186	0	0	0	1	0	1.381319
506	5196	0	0	0	0	0	1.616557
507	5207	0	0	0	0	0	1.385485
508	5214	0	0	0	1	0	1.265735
509	5220	0	0	0	2	0	1.367814
510	5224	0	0	0	0	0	1.566764
511	5226	0	0	0	0	0	1.082326
512	5235	0	0	0	2	0	2.046382
513	5250	0	0	0	2	0	2.745627
514	5263	0	0	0	0	0	1.439640
515	5272	0	0	0	0	0	2.574606
516	5281	0	0	0	2	0	2.390329
517	5290	0	0	0	1	0	2.957979
518	5300	0	0	0	0	0	1.903803
519	5311	0	0	0	0	0	2.637288
520	5322	0	0	0	0	0	2.764327
521	5328	0	0	0	0	0	2.321906
522	5342	0	0	0	0	0	1.353016
523	5352	0	0	0	0	0	1.495473
524	5362	0	0	0	1	0	2.905013
525	5374	0	0	0	0	0	2.907167
526	5388	0	0	0	0	0	2.730674
527	5397	0	0	0	0	0	1.039803
528	5404	0	0	0	1	0	1.060028
529	5410	0	0	0	1	0	1.248950
530	5419	0	0	0	2	0	2.154764
531	5425	0	0	0	2	0	1.767873
532	5428	0	0	0	0	0	2.573891
533	5441	0	0	0	1	0	1.923927
534	5451	0	0	0	1	0	1.277343
535	5462	0	0	0	2	0	1.285690
536	5469	0	0	0	2	0	2.330287
537	5482	0	0	0	2	0	1.027690
538	5493	0	0	0	0	0	1.763384
539	5507	0	0	0	2	0	2.803106
540	5514	0	0	0	1	0	2.514670
541	5522	0	0	0	0	0	1.464839
542	5533	0	0	0	1	0	1.735939
543	5537	0	0	0	2	0	2.374353
544	5548	0	0	0	2	0	1.125706
545	5556	0	0	0	1	0	2.429639
546	5568	0	0	0	2	0	1.860759
547	5577	0	0	0	2	0	2.809395
548	5586	0	0	0	1	0	1.233525
549	5597	0	0	0	1	0	2.036954
550	5610	0	0	0	0	0	2.856968
551	5619	0	0	0	2	0	1.457895
552	5629	0	0	0	1	0	1.161640
553	5641	0	0	0	0	0	2.321219
554	5645	0	0	0	0	0	1.432106
555	5659	0	0	0	0	0	2.399313
556	5670	0	0	0	0	0	1.130007
557	5684	0	0	0	0	0	1.354862
558	5696	0	0	0	0	0	1.113682
559	5703	0	0	0	1	0	2.466494
560	5714	0	0	0	2	0	1.662247
561	5723	0	0	0	2	0	1.855707
562	5734	0	0	0	2	0	1.814744
563	5742	0	0	0	2	0	1.113251
564	5753	0	0	0	1	0	2.675153
565	5759	0	0	0	0	0	2.777794
566	5764	0	0	0	0	0	1.706865
567	5774	0	0	0	1	0	2.792651
568	5784	0	0	0	1	0	2.062843
569	5791	0	0	0	0	0	2.280825
570	5803	0	0	0	0	0	1.249703
571	5814	0	0	0	0	0	2.484147
572	5826	0	0	0	0	0	2.448996
573	5841	0	0	0	1	0	1.880190
574	5853	0	0	0	2	0	2.152081
575	5864	0	0	0	1	0	1.390375
576	5873	0	0	0	0	0	1.024711
577	5884	0	0	0	2	0	1.915847
578	5896	0	0	0	2	0	1.873180
579	5901	0	0	0	0	0	1.130233
580	5912	0	0	0	0	0	2.723962
581	5924	0	0	0	1	0	2.511333
582	5937	0	0	0	2	0	2.950241
583	5946	0	0	0	1	0	2.202326
584	5956	0	0	0	2	0	1.588808
585	5967	0	0	0	0	0	1.541791
586	5973	0	0	0	2	0	1.460589
587	5984	0	0	0	1	0	1.475208
588	5994	0	0	0	1	0	1.940512
589	6007	0	0	0	2	0	2.970180
590	6023	0	0	0	0	0	2.030708
591	6027	0	0	0	0	0	1.784342
592	6050	0	0	0	1	0	1.086789
593	6065	0	0	0	2	0	2.752794
594	6075	0	0	0	2	0	2.895606
595	6081	0	0	0	0	0	1.190379
596	6087	0	0	0	1	0	1.414908
597	6094	0	0	0	1	0	2.276056
598	6102	0	0	0	0	0	1.566475
599	6109	0	0	0	1	0	2.349008
600	6115	0	0	0	0	0	1.904480
601	6126	0	0	0	0	0	2.482594
602	6139	0	0	0	0	0	1.567495
603	6150	0	0	0	0	0	2.608181
604	6157	0	0	0	0	0	2.484840
605	6167	0	0	0	1	0	2.349555
606	6180	0	0	0	0	0	2.592699
607	6185	0	0	0	1	0	1.238984
608	6192	0	0	0	0	0	1.204256
609	6206	0	0	0	0	0	1.361696
610	6218	0	0	0	0	0	1.841536
611	6228	0	0	0	0	0	2.367738
612	6234	0	0	0	1	0	2.451635
613	6240	0	0	0	0	0	2.043468
614	6244	0	0	0	2	0	2.345563
615	6248	0	0	0	0	0	1.946728
616	6256	0	0	0	2	0	1.388755
617	6271	0	0	0	0	0	1.132231
618	6281	0	0	0	2	0	1.652366
619	6290	0	0	0	0	0	1.889670
620	6301	0	0	0	1	0	1.814325
621	6314	0	0	0	2	0	2.457038
622	6321	0	0	0	0	0	2.602151
623	6332	0	0	0	0	0	2.336453
624	6342	0	0	0	1	0	1.412738
625	6352	0	0	0	1	0	1.726612
626	6363	0	0	0	0	0	1.468456
627	6372	0	0	0	2	0	1.053177
628	6381	0	0	0	2	0	1.756829
629	6392	0	0	0	2	0	2.145889
630	6405	0	0	0	2	0	1.569365
631	6413	0	0	0	2	0	2.931736
632	6422	0	0	0	1	0	1.715596
633	6430	0	0	0	2	0	2.488441
634	6438	0	0	0	2	0	2.858451
635	6451	0	0	0	0	0	2.310467
636	6461	0	0	0	0	0	2.194044
637	6470	0	0	0	2	0	2.101881
638	6481	0	0	0	1	0	2.272961
639	6498	0	0	0	1	0	2.911542
640	6510	0	0	0	0	0	2.379319
641	6520	0	0	0	1	0	1.517829
642	6528	0	0	0	0	0	1.694810
643	6540	0	0	0	1	0	2.361897
644	6549	0	0	0	0	0	2.562559
645	6561	0	0	0	0	0	1.642359
646	6570	0	0	0	0	0	2.548024
647	6576	0	0	0	1	0	1.668310
648	6589	0	0	0	0	0	1.135447
649	6599	0	0	0	0	0	1.601801
650	6609	0	0	0	1	0	1.957042
651	6618	0	0	0	0	0	1.015495
652	6630	0	0	0	0	0	2.234198
653	6644	0	0	0	2	0	1.215302
654	6656	0	0	0	1	0	1.295259
655	6663	0	0	0	0	0	2.886807
656	6670	0	0	0	0	0	2.716559
657	6681	0	0	0	2	0	1.252969
658	6688	0	0	0	0	0	2.549216
659	6696	0	0	0	1	0	1.362128
660	6705	0	0	0	1	0	2.837595
661	6714	0	0	0	2	0	1.544981
662	6721	0	0	0	1	0	1.416023
663	6729	0	0	0	0	0	1.166317
664	6734	0	0	0	0	0	2.284305
665	6745	0	0	0	1	0	2.628438
666	6758	0	0	0	0	0	1.509183
667	6769	0	0	0	1	0	2.120584
668	6775	0	0	0	0	0	1.564523
669	6788	0	0	0	1	0	1.113960
670	6797	0	0	0	2	0	2.680436
671	6808	0	0	0	2	0	1.643272
672	6819	0	0	0	0	0	2.520295
673	6834	0	0	0	2	0	2.006317
674	6841	0	0	0	1	0	1.463234
675	6849	0	0	0	0	0	2.453606
676	6855	0	0	0	1	0	1.619792
677	6862	0	0	0	0	0	2.509815
678	6870	0	0	0	1	0	1.791987
679	6879	0	0	0	0	0	1.601755
680	6889	0	0	0	2	0	2.540918
681	6894	0	0	0	1	0	1.566520
682	6898	0	0	0	2	0	2.694055
683	6905	0	0	0	0	0	1.157721
684	6920	0	0	0	0	0	1.172821
685	6928	0	0	0	0	0	1.034613
686	6940	0	0	0	2	0	2.629907
687	6941	0	0	0	2	0	1.675259
688	6953	0	0	0	0	0	2.423639
689	6963	0	0	0	0	0	2.424263
690	6970	0	0	0	2	0	2.039259
691	6973	0	0	0	2	0	1.106222
692	6981	0	0	0	0	0	2.170132
693	6994	0	0	0	1	0	1.647012
694	7004	0	0	0	0	0	1.703180
695	7011	0	0	0	1	0	1.622941
696	7023	0	0	0	2	0	1.034732
697	7037	0	0	0	0	0	2.447737
698	7051	0	0	0	0	0	2.982540
699	7057	0	0	0	1	0	1.203664
700	7068	0	0	0	0	0	1.225068
701	7086	0	0	0	1	0	2.727188
702	7097	0	0	0	1	0	2.353297
703	7103	0	0	0	0	0	1.623689
704	7114	0	0	0	0	0	1.544682
705	7122	0	0	0	0	0	2.579509
706	7129	0	0	0	0	0	2.181777
707	7135	0	0	0	1	0	2.971276
708	7141	0	0	0	2	0	2.457823
709	7153	0	0	0	0	0	1.433405
710	7163	0	0	0	1	0	2.499776
711	7172	0	0	0	2	0	1.197854
712	7179	0	0	0	0	0	2.094159
713	7186	0	0	0	0	0	2.882746
714	7203	0	0	0	0	0	1.721336
715	7213	0	0	0	1	0	2.782748
716	7226	0	0	0	2	0	2.101597
717	7236	0	0	0	2	0	1.307790
718	7240	0	0	0	1	0	1.076584
719	7246	0	0	0	1	0	2.831620
720	7253	0	0	0	0	0	1.997160
721	7265	0	0	0	0	0	1.612463
722	7276	0	0	0	1	0	1.783752
723	7285	0	0	0	1	0	1.681159
724	7295	0	0	0	1	0	1.951694
725	7306	0	0	0	0	0	1.298539
726	7311	0	0	0	2	0	2.344633
727	7318	0	0	0	1	0	1.124710
728	7330	0	0	0	0	0	1.086507
729	7340	0	0	0	0	0	2.212563
730	7346	0	0	0	1	0	2.706542
731	7350	0	0	0	0	0	2.793512
732	7360	0	0	0	1	0	2.200662
733	7367	0	0	0	2	0	2.281288
734	7380	0	0	0	2	0	1.659079
735	7391	0	0	0	1	0	2.878718
736	7399	0	0	0	1	0	1.519714
737	7407	0	0	0	1	0	2.763843
738	7418	0	0	0	0	0	2.582381
739	7430	0	0	0	0	0	2.433154
740	7439	0	0	0	2	0	2.749564
741	7446	0	0	0	0	0	1.031388
742	7457	0	0	0	0	0	1.476480
743	7461	0	0	0	1	0	1.178998
744	7472	0	0	0	0	0	2.021689
745	7482	0	0	0	2	0	2.725888
746	7492	0	0	0	0	0	1.074343
747	7503	0	0	0	2	0	2.168652
748	7515	0	0	0	1	0	2.316603
749	7528	0	0	0	0	0	1.594782
750	7541	0	0	0	1	0	1.834808
751	7555	0	0	0	0	0	2.033840
752	7568	0	0	0	0	0	2.804342
753	7578	0	0	0	0	0	2.930067
754	7587	0	0	0	2	0	1.092173
755	7605	0	0	0	2	0	2.242353
756	7614	0	0	0	1	0	2.679148
757	7623	0	0	0	1	0	1.747190
758	7631	0	0	0	0	0	1.571189
759	7648	0	0	0	0	0	2.237653
760	7660	0	0	0	1	0	2.959145
761	7669	0	0	0	2	0	1.442205
762	7674	0	0	0	2	0	1.480346
763	7687	0	0	0	2	0	2.274230
764	7694	0	0	0	1	0	1.105144
765	7707	0	0	0	1	0	2.632169
766	7716	0	0	0	0	0	2.734021
767	7725	0	0	0	0	0	1.930416
768	7732	0	0	0	0	0	1.985195
769	7741	0	0	0	1	0	2.480741
770	7751	0	0	0	1	0	2.850206
771	7763	0	0	0	1	0	2.843155
772	7774	0	0	0	1	0	2.490976
773	7782	0	0	0	1	0	2.270149
774	7795	0	0	0	1	0	2.359673
775	7805	0	0	0	0	0	1.781236
776	7813	0	0	0	0	0	2.260726
777	7820	0	0	0	0	0	1.872486
778	7823	0	0	0	1	0	1.785168
779	7832	0	0	0	1	0	1.315375
780	7839	0	0	0	1	0	1.057889
781	7857	0	0	0	1	0	1.847518
782	7863	0	0	0	1	0	2.718103
783	7876	0	0	0	0	0	1.473985
784	7889	0	0	0	0	0	2.045232
785	7898	0	0	0	1	0	2.524016
786	7905	0	0	0	1	0	2.152691
787	7917	0	0	0	1	0	2.610404
788	7928	0	0	0	2	0	2.644346
789	7937	0	0	0	0	0	2.825705
790	7950	0	0	0	2	0	2.392136
791	7960	0	0	0	1	0	1.302781
792	7977	0	0	0	1	0	1.999847
793	7983	0	0	0	0	0	2.963679
794	7991	0	0	0	0	0	1.468507
795	8000	0	0	0	1	0	1.619473
796	8007	0	0	0	2	0	1.048748
797	8020	0	0	0	0	0	1.490352
798	8026	0	0	0	0	0	1.874702
799	8033	0	0	0	0	0	1.186992
800	8046	0	0	0	1	0	2.907963
801	8060	0	0	0	0	0	2.887821
802	8077	0	0	0	1	0	2.969721
803	8090	0	0	0	2	0	2.644639
804	8102	0	0	0	0	0	1.182723
805	8110	0	0	0	2	0	1.943648
806	8117	0	0	0	0	0	1.708647
807	8124	0	0	0	0	0	1.738448
808	8130	0	0	0	0	0	2.905535
809	8137	0	0	0	2	0	1.995077
810	8144	0	0	0	1	0	1.322447
811	8160	0	0	0	0	0	2.945536
812	8167	0	0	0	1	0	1.711861
813	8180	0	0	0	0	0	1.339526
814	8187	0	0	0	2	0	2.302514
815	8196	0	0	0	1	0	1.646058
816	8205	0	0	0	0	0	2.894173
817	8218	0	0	0	2	0	1.199551
818	8227	0	0	0	2	0	2.172595
819	8235	0	0	0	1	0	1.457652
820	8245	0	0	0	0	0	2.880427
821	8257	0	0	0	2	0	1.833055
822	8265	0	0	0	0	0	2.618318
823	8276	0	0	0	1	0	2.236063
824	8289	0	0	0	0	0	2.649970
825	8299	0	0	0	2	0	2.328545
826	8309	0	0	0	0	0	1.891262
827	8316	0	0	0	1	0	1.386868
828	8323	0	0	0	0	0	1.305717
829	8333	0	0	0	2	0	2.522510
830	8342	0	0	0	1	0	1.224239
831	8351	0	0	0	1	0	1.318868
832	8358	0	0	0	2	0	2.694217
833	8367	0	0	0	1	0	1.320007
834	8382	0	0	0	1	0	2.840878
835	8387	0	0	0	2	0	1.439552
836	8399	0	0	0	1	0	2.059677
837	8403	0	0	0	0	0	1.409900
838	8408	0	0	0	2	0	2.228670
839	8419	0	0	0	2	0	2.421521
840	8434	0	0	0	0	0	2.983531
841	8449	0	0	0	2	0	2.237147
842	8456	0	0	0	1	0	2.127904
843	8462	0	0	0	2	0	1.367664
844	8469	0	0	0	1	0	2.295953
845	8478	0	0	0	2	0	2.215284
846	8489	0	0	0	1	0	1.771716
847	8497	0	0	0	0	0	2.859420
848	8501	0	0	0	0	0	1.677947
849	8507	0	0	0	0	0	1.399893
850	8516	0	0	0	0	0	2.482908
851	8526	0	0	0	1	0	2.807421
852	8536	0	0	0	1	0	1.206484
853	8547	0	0	0	1	0	1.298418
854	8556	0	0	0	2	0	2.319283
855	8565	0	0	0	0	0	1.919052
856	8576	0	0	0	1	0	1.426269
857	8580	0	0	0	1	0	1.732195
858	8590	0	0	0	1	0	1.223698
859	8604	0	0	0	1	0	2.206496
860	8617	0	0	0	0	0	2.203098
861	8622	0	0	0	1	0	1.437743
862	8636	0	0	0	0	0	2.229300
863	8650	0	0	0	1	0	2.271985
864	8658	0	0	0	0	0	1.885805
865	8671	0	0	0	2	0	2.911639
866	8676	0	0	0	0	0	1.789037
867	8686	0	0	0	0	0	1.577677
868	8692	0	0	0	1	0	2.687459
869	8696	0	0	0	0	0	2.347052
870	8703	0	0	0	1	0	1.977977
871	8710	0	0	0	1	0	1.563766
872	8721	0	0	0	0	0	2.341567
873	8728	0	0	0	2	0	1.439281
874	8739	0	0	0	0	0	1.224575
875	8755	0	0	0	0	0	2.993401
876	8764	0	0	0	0	0	1.961044
877	8780	0	0	0	2	0	2.899220
878	8791	0	0	0	1	0	1.667347
879	8803	0	0	0	0	0	2.943375
880	8813	0	0	0	0	0	1.127194
881	8823	0	0	0	0	0	1.701715
882	8830	0	0	0	1	0	2.474357
883	8836	0	0	0	2	0	1.651605
884	8843	0	0	0	0	0	1.531876
885	8858	0	0	0	0	0	1.434454
886	8867	0	0	0	0	0	2.278391
887	8881	0	0	0	1	0	2.489956
888	8892	0	0	0	0	0	2.801343
889	8900	0	0	0	0	0	1.436252
890	8907	0	0	0	0	0	1.601178
891	8918	0	0	0	1	0	2.499219
892	8927	0	0	0	2	0	2.568119
893	8938	0	0	0	1	0	1.037177
894	8953	0	0	0	2	0	1.178378
895	8961	0	0	0	2	0	1.877527
896	8972	0	0	0	0	0	1.046262
897	8980	0	0	0	1	0	1.473621
898	8988	0	0	0	0	0	1.737281
899	8995	0	0	0	0	0	1.524700
900	9007	0	0	0	1	0	2.182930
901	9021	0	0	0	0	0	2.689949
902	9031	0	0	0	1	0	1.609523
903	9045	0	0	0	0	0	2.283217
904	9058	0	0	0	2	0	1.150315
905	9068	0	0	0	0	0	2.435390
906	9079	0	0	0	2	0	2.131845
907	9088	0	0	0	0	0	1.200723
908	9105	0	0	0	1	0	1.541245
909	9115	0	0	0	0	0	1.820757
910	9123	0	0	0	2	0	1.982634
911	9126	0	0	0	1	0	2.154071
912	9138	0	0	0	1	0	1.036782
913	9154	0	0	0	0	0	2.105124
914	9159	0	0	0	1	0	2.010701
915	9166	0	0	0	2	0	1.285391
916	9178	0	0	0	1	0	2.363647
917	9193	0	0	0	1	0	2.523860
918	9200	0	0	0	1	0	1.255984
919	9211	0	0	0	1	0	2.361365
920	9223	0	0	0	2	0	2.276252
921	9229	0	0	0	1	0	1.601823
922	9237	0	0	0	0	0	1.837298
923	9244	0	0	0	0	0	2.550795
924	9251	0	0	0	1	0	1.779491
925	9261	0	0	0	0	0	1.701764
926	9275	0	0	0	1	0	1.195141
927	9286	0	0	0	2	0	2.305885
928	9293	0	0	0	1	0	1.507616
929	9307	0	0	0	0	0	1.537615
930	9317	0	0	0	0	0	2.920583
931	9323	0	0	0	1	0	2.839450
932	9330	0	0	0	1	0	2.984164
933	9342	0	0	0	1	0	1.964250
934	9352	0	0	0	0	0	1.062924
935	9366	0	0	0	0	0	2.430500
936	9375	0	0	0	2	0	1.502370
937	9382	0	0	0	0	0	1.410378
938	9391	0	0	0	1	0	2.355248
939	9399	0	0	0	1	0	2.878223
940	9414	0	0	0	0	0	1.800062
941	9424	0	0	0	0	0	2.103399
942	9438	0	0	0	0	0	2.942304
943	9447	0	0	0	1	0	2.353559
944	9460	0	0	0	0	0	1.442288
945	9473	0	0	0	0	0	1.219191
946	9485	0	0	0	2	0	1.969661
947	9499	0	0	0	2	0	1.057345
948	9509	0	0	0	1	0	2.006101
949	9520	0	0	0	1	0	1.071915
950	9531	0	0	0	2	0	1.616151
951	9542	0	0	0	1	0	2.915061
952	9552	0	0	0	1	0	1.570467
953	9564	0	0	0	0	0	2.419668
954	9574	0	0	0	1	0	1.013458
955	9585	0	0	0	1	0	2.131330
956	9588	0	0	0	1	0	2.475047
957	9596	0	0	0	0	0	2.239750
958	9605	0	0	0	0	0	2.731324
959	9614	0	0	0	0	0	2.457385
960	9624	0	0	0	1	0	1.955548
961	9636	0	0	0	1	0	1.146396
962	9650	0	0	0	1	0	1.869377
963	9668	0	0	0	1	0	2.108658
964	9675	0	0	0	1	0	2.828487
965	9682	0	0	0	2	0	2.091788
966	9695	0	0	0	1	0	1.329062
967	9702	0	0	0	0	0	1.042679
968	9712	0	0	0	0	0	1.643017
969	9724	0	0	0	2	0	2.485323
970	9733	0	0	0	0	0	1.447822
971	9746	0	0	0	1	0	1.330575
972	9755	0	0	0	0	0	1.236981
973	9769	0	0	0	0	0	1.109345
974	9775	0	0	0	0	0	2.301225
975	9784	0	0	0	2	0	1.254910
976	9793	0	0	0	0	0	2.189590
977	9803	0	0	0	0	0	2.074928
978	9809	0	0	0	1	0	2.968267
979	9818	0	0	0	1	0	1.875708
980	9830	0	0	0	0	0	2.869166
981	9842	0	0	0	2	0	2.564793
982	9848	0	0	0	1	0	2.877649
983	9854	0	0	0	2	0	2.378200
984	9867	0	0	0	2	0	2.486115
985	9871	0	0	0	2	0	1.214852
986	9879	0	0	0	1	0	1.695740
987	9887	0	0	0	1	0	1.403828
988	9904	0	0	0	1	0	1.578865
989	9915	0	0	0	1	0	1.952176
990	9925	0	0	0	0	0	1.981145
991	9934	0	0	0	2	0	2.621321
992	9951	0	0	0	2	0	2.019101
993	9963	0	0	0	1	0	1.043860
994	9971	0	0	0	0	0	2.804258
995	9981	0	0	0	2	0	1.128780
996	9992	0	0	0	1	0	1.109215
997	10001	0	0	0	0	0	1.074625
998	10017	0	0	0	1	0	1.067688
999	10020	0	0	0	1	0	1.731421
