0	1	0	0	0	1	0	2.162192
1	17	0	0	0	0	0	1.387862
2	38	0	0	0	2	0	1.584819
3	46	0	0	0	0	0	1.170986
4	57	0	0	0	0	0	2.589632
5	67	0	0	0	0	0	1.106063
6	74	0	0	0	1	0	2.145922
7	81	0	0	0	1	0	1.724843
8	92	0	0	0	1	0	2.520352
9	103	0	0	0	1	0	2.715725
10	118	0	0	0	1	0	2.106945
11	131	0	0	0	1	0	1.757517
12	142	0	0	0	0	0	1.712284
13	156	0	0	0	1	0	1.107261
14	163	0	0	0	2	0	1.087136
15	166	0	0	0	0	0	2.304280
16	176	0	0	0	0	0	1.418754
17	182	0	0	0	1	0	1.902524
18	194	0	0	0	1	0	1.491539
19	204	0	0	0	0	0	2.709303
20	215	0	0	0	0	0	2.789276
21	219	0	0	0	1	0	2.752456
22	228	0	0	0	0	0	2.970927
23	238	0	0	0	0	0	2.322335
24	252	0	0	0	2	0	2.188249
25	263	0	0	0	0	0	2.651227
26	269	0	0	0	2	0	1.137030
27	288	0	0	0	2	0	1.945683
28	300	0	0	0	0	0	1.411128
29	308	0	0	0	2	0	2.184573
30	317	0	0	0	0	0	2.829486
31	329	0	0	0	2	0	2.508057
32	335	0	0	0	2	0	1.608149
33	353	0	0	0	1	0	2.714580
34	363	0	0	0	2	0	1.998337
35	372	0	0	0	1	0	1.049051
36	383	0	0	0	1	0	1.972787
37	399	0	0	0	0	0	1.915465
38	407	0	0	0	0	0	1.601929
39	418	0	0	0	0	0	2.552532
40	423	0	0	0	1	0	2.482999
41	434	0	0	0	0	0	2.500273
42	443	0	0	0	0	0	1.361874
43	455	0	0	0	1	0	1.780084
44	467	0	0	0	1	0	1.862165
45	481	0	0	0	1	0	1.695252
46	497	0	0	0	1	0	2.583625
47	509	0	0	0	0	0	2.946038
48	518	0	0	0	2	0	1.685015
49	531	0	0	0	1	0	1.292095
50	541	0	0	0	0	0	1.476582
51	554	0	0	0	2	0	2.027751
52	561	0	0	0	1	0	2.698058
53	573	0	0	0	0	0	1.458431
54	582	0	0	0	1	0	1.631206
55	593	0	0	0	0	0	2.404630
56	603	0	0	0	0	0	1.429932
57	618	0	0	0	1	0	2.844142
58	630	0	0	0	1	0	1.592942
59	647	0	0	0	0	0	2.087461
60	657	0	0	0	1	0	1.512273
61	664	0	0	0	0	0	1.696863
62	678	0	0	0	1	0	2.149289
63	687	0	0	0	2	0	1.477698
64	692	0	0	0	2	0	1.396672
65	704	0	0	0	0	0	2.904547
66	711	0	0	0	1	0	2.050374
67	724	0	0	0	1	0	1.806941
68	736	0	0	0	2	0	1.089711
69	745	0	0	0	1	0	2.500616
70	753	0	0	0	2	0	1.592186
71	765	0	0	0	1	0	1.847422
72	783	0	0	0	2	0	2.766595
73	790	0	0	0	0	0	2.711581
74	805	0	0	0	1	0	2.462462
75	812	0	0	0	0	0	2.881404
76	821	0	0	0	0	0	2.663659
77	832	0	0	0	0	0	1.392852
78	838	0	0	0	1	0	1.015020
79	845	0	0	0	0	0	2.215180
80	854	0	0	0	1	0	1.285426
81	859	0	0	0	1	0	2.702341
82	870	0	0	0	0	0	1.493675
83	883	0	0	0	2	0	1.357485
84	890	0	0	0	1	0	2.752204
85	900	0	0	0	2	0	2.309035
86	908	0	0	0	1	0	1.432611
87	917	0	0	0	0	0	2.552862
88	925	0	0	0	1	0	1.513931
89	932	0	0	0	1	0	2.908759
90	943	0	0	0	0	0	1.824807
91	950	0	0	0	1	0	2.774347
92	958	0	0	0	1	0	2.454244
93	966	0	0	0	2	0	2.013786
94	978	0	0	0	0	0	1.930670
95	987	0	0	0	2	0	2.601568
96	1000	0	0	0	0	0	1.931028
97	1009	0	0	0	0	0	2.969422
98	1017	0	0	0	1	0	2.523692
99	1026	0	0	0	2	0	2.683549
100	1040	0	0	0	1	0	2.949609
101	1048	0	0	0	2	0	1.914057
102	1055	0	0	0	1	0	2.424316
103	1065	0	0	0	2	0	2.246981
104	1072	0	0	0	0	0	1.093632
105	1079	0	0	0	2	0	2.426733
106	1088	0	0	0	1	0	2.127686
107	1097	0	0	0	0	0	1.860152
108	1105	0	0	0	2	0	2.016983
109	1111	0	0	0	2	0	2.613198
110	1117	0	0	0	2	0	2.863977
111	1127	0	0	0	1	0	1.054748
112	1134	0	0	0	0	0	2.887850
113	1144	0	0	0	2	0	2.856958
114	1155	0	0	0	1	0	1.319558
115	1166	0	0	0	1	0	2.027853
116	1173	0	0	0	0	0	2.290878
117	1183	0	0	0	1	0	2.541245
118	1191	0	0	0	2	0	2.331816
119	1197	0	0	0	2	0	2.176520
120	1203	0	0	0	2	0	1.984117
121	1211	0	0	0	0	0	2.579413
122	1221	0	0	0	0	0	1.736755
123	1235	0	0	0	2	0	2.910389
124	1242	0	0	0	0	0	1.114098
125	1252	0	0	0	2	0	1.278554
126	1261	0	0	0	2	0	1.005323
127	1276	0	0	0	1	0	1.225433
128	1287	0	0	0	2	0	1.908307
129	1296	0	0	0	1	0	2.577637
130	1305	0	0	0	0	0	2.916972
131	1314	0	0	0	1	0	2.875920
132	1322	0	0	0	0	0	1.368540
133	1331	0	0	0	2	0	1.819147
134	1336	0	0	0	2	0	1.474722
135	1347	0	0	0	0	0	2.428898
136	1353	0	0	0	0	0	2.108408
137	1360	0	0	0	1	0	1.640938
138	1372	0	0	0	0	0	1.886639
139	1384	0	0	0	0	0	1.862496
140	1391	0	0	0	1	0	1.181706
141	1393	0	0	0	0	0	1.708247
142	1401	0	0	0	1	0	1.496865
143	1412	0	0	0	1	0	2.435412
144	1421	0	0	0	2	0	2.380845
145	1428	0	0	0	2	0	1.652721
146	1436	0	0	0	1	0	1.278894
147	1451	0	0	0	1	0	2.550242
148	1467	0	0	0	0	0	1.008010
149	1482	0	0	0	2	0	1.984014
150	1493	0	0	0	0	0	2.654774
151	1504	0	0	0	2	0	2.004406
152	1513	0	0	0	0	0	1.612322
153	1529	0	0	0	0	0	2.215279
154	1539	0	0	0	2	0	1.723665
155	1554	0	0	0	0	0	2.251578
156	1563	0	0	0	2	0	2.077572
157	1570	0	0	0	0	0	1.206970
158	1574	0	0	0	0	0	1.865205
159	1580	0	0	0	1	0	2.960584
160	1593	0	0	0	0	0	2.070745
161	1606	0	0	0	0	0	1.112661
162	1612	0	0	0	2	0	1.962250
163	1622	0	0	0	1	0	2.988054
164	1634	0	0	0	2	0	1.009219
165	1648	0	0	0	0	0	2.500468
166	1660	0	0	0	0	0	2.890699
167	1668	0	0	0	1	0	1.288319
168	1679	0	0	0	1	0	2.334268
169	1689	0	0	0	1	0	2.915183
170	1704	0	0	0	0	0	1.893561
171	1716	0	0	0	1	0	1.451110
172	1724	0	0	0	1	0	2.296075
173	1732	0	0	0	0	0	2.925321
174	1734	0	0	0	0	0	2.774262
175	1750	0	0	0	1	0	1.223741
176	1753	0	0	0	1	0	2.926480
177	1764	0	0	0	0	0	2.161372
178	1775	0	0	0	2	0	2.478661
179	1781	0	0	0	1	0	1.886355
180	1789	0	0	0	1	0	1.368471
181	1800	0	0	0	1	0	2.579780
182	1809	0	0	0	0	0	2.524690
183	1817	0	0	0	0	0	1.815522
184	1827	0	0	0	0	0	1.667555
185	1834	0	0	0	1	0	2.804456
186	1847	0	0	0	1	0	2.477801
187	1856	0	0	0	1	0	1.765164
188	1863	0	0	0	1	0	2.873515
189	1875	0	0	0	1	0	2.668057
190	1881	0	0	0	1	0	1.109376
191	1890	0	0	0	1	0	1.268216
192	1900	0	0	0	0	0	1.257237
193	1912	0	0	0	0	0	2.038691
194	1924	0	0	0	2	0	1.600630
195	1928	0	0	0	1	0	1.952275
196	1939	0	0	0	1	0	2.594092
197	1952	0	0	0	1	0	1.416782
198	1963	0	0	0	1	0	2.708664
199	1970	0	0	0	2	0	1.804004
200	1975	0	0	0	0	0	2.617987
201	1992	0	0	0	0	0	2.044173
202	2004	0	0	0	1	0	2.533673
203	2013	0	0	0	1	0	1.382560
204	2024	0	0	0	2	0	2.516158
205	2037	0	0	0	0	0	1.708727
206	2046	0	0	0	2	0	1.184008
207	2064	0	0	0	0	0	2.868482
208	2072	0	0	0	0	0	1.923521
209	2085	0	0	0	2	0	1.827784
210	2098	0	0	0	0	0	1.467629
211	2105	0	0	0	0	0	1.211524
212	2120	0	0	0	1	0	2.639251
213	2131	0	0	0	2	0	1.275500
214	2136	0	0	0	2	0	1.935792
215	2144	0	0	0	1	0	1.287684
216	2161	0	0	0	0	0	1.135630
217	2174	0	0	0	0	0	2.957432
218	2180	0	0	0	0	0	1.518254
219	2195	0	0	0	2	0	2.691612
220	2205	0	0	0	0	0	2.145561
221	2211	0	0	0	1	0	1.989478
222	2220	0	0	0	1	0	2.491579
223	2235	0	0	0	1	0	1.909100
224	2242	0	0	0	2	0	1.280734
225	2250	0	0	0	0	0	1.207109
226	2255	0	0	0	2	0	2.640500
227	2269	0	0	0	2	0	1.175000
228	2277	0	0	0	0	0	1.227391
229	2292	0	0	0	2	0	2.506337
230	2302	0	0	0	0	0	1.815841
231	2312	0	0	0	0	0	2.773892
232	2317	0	0	0	2	0	2.424661
233	2325	0	0	0	2	0	2.301821
234	2333	0	0	0	0	0	2.787934
235	2339	0	0	0	0	0	1.399156
236	2351	0	0	0	2	0	2.844215
237	2364	0	0	0	0	0	1.307119
238	2379	0	0	0	2	0	2.656351
239	2385	0	0	0	0	0	1.815431
240	2390	0	0	0	1	0	1.612144
241	2399	0	0	0	1	0	2.514119
242	2409	0	0	0	0	0	2.732879
243	2421	0	0	0	0	0	1.907675
244	2432	0	0	0	1	0	2.314007
245	2442	0	0	0	2	0	2.887666
246	2450	0	0	0	0	0	1.916338
247	2455	0	0	0	2	0	1.535650
248	2466	0	0	0	2	0	1.703037
249	2472	0	0	0	0	0	2.936753
250	2486	0	0	0	0	0	2.928408
251	2492	0	0	0	0	0	2.823564
252	2502	0	0	0	0	0	1.611698
253	2510	0	0	0	1	0	2.784390
254	2525	0	0	0	0	0	1.250739
255	2536	0	0	0	2	0	1.291480
256	2547	0	0	0	2	0	1.113720
257	2553	0	0	0	1	0	2.357961
258	2561	0	0	0	2	0	1.199201
259	2567	0	0	0	1	0	1.864832
260	2576	0	0	0	0	0	1.861191
261	2585	0	0	0	1	0	2.004118
262	2599	0	0	0	0	0	2.067507
263	2609	0	0	0	1	0	1.476016
264	2624	0	0	0	0	0	1.531468
265	2637	0	0	0	0	0	2.021796
266	2648	0	0	0	2	0	1.346156
267	2660	0	0	0	0	0	1.348763
268	2672	0	0	0	1	0	2.336737
269	2683	0	0	0	0	0	1.966429
270	2693	0	0	0	2	0	1.053269
271	2708	0	0	0	1	0	2.209402
272	2724	0	0	0	0	0	2.948948
273	2728	0	0	0	2	0	1.004785
274	2739	0	0	0	2	0	1.284589
275	2751	0	0	0	1	0	1.102366
276	2761	0	0	0	0	0	2.345783
277	2770	0	0	0	2	0	1.931177
278	2779	0	0	0	1	0	2.394199
279	2792	0	0	0	1	0	2.437886
280	2798	0	0	0	0	0	1.998991
281	2808	0	0	0	0	0	1.005921
282	2817	0	0	0	1	0	1.282240
283	2834	0	0	0	1	0	1.439646
284	2847	0	0	0	2	0	1.262529
285	2859	0	0	0	0	0	1.001627
286	2873	0	0	0	2	0	2.948421
287	2887	0	0	0	1	0	1.216632
288	2896	0	0	0	0	0	1.164219
289	2907	0	0	0	1	0	2.990385
290	2919	0	0	0	2	0	1.559961
291	2931	0	0	0	1	0	1.734137
292	2937	0	0	0	0	0	2.517032
293	2942	0	0	0	2	0	2.976153
294	2948	0	0	0	2	0	1.587514
295	2959	0	0	0	0	0	2.882585
296	2963	0	0	0	0	0	1.883161
297	2970	0	0	0	0	0	2.935399
298	2981	0	0	0	1	0	2.388060
299	2997	0	0	0	1	0	1.577884
300	3008	0	0	0	1	0	1.471298
301	3012	0	0	0	2	0	2.121571
302	3022	0	0	0	2	0	2.738105
303	3031	0	0	0	0	0	1.269849
304	3042	0	0	0	2	0	1.721587
305	3050	0	0	0	0	0	2.377910
306	3058	0	0	0	2	0	1.341183
307	3065	0	0	0	1	0	1.957189
308	3076	0	0	0	1	0	1.157105
309	3084	0	0	0	1	0	2.335132
310	3092	0	0	0	0	0	2.929155
311	3101	0	0	0	1	0	1.938166
312	3109	0	0	0	1	0	1.368086
313	3117	0	0	0	1	0	1.501155
314	3127	0	0	0	0	0	2.777020
315	3138	0	0	0	1	0	1.458208
316	3152	0	0	0	1	0	1.546348
317	3161	0	0	0	2	0	2.989861
318	3171	0	0	0	1	0	2.005378
319	3184	0	0	0	1	0	2.757118
320	3198	0	0	0	1	0	1.235468
321	3206	0	0	0	1	0	2.000387
322	3209	0	0	0	0	0	1.786014
323	3220	0	0	0	2	0	2.109378
324	3235	0	0	0	0	0	2.946635
325	3248	0	0	0	0	0	2.885297
326	3258	0	0	0	0	0	1.807949
327	3269	0	0	0	1	0	2.597755
328	3277	0	0	0	0	0	1.190111
329	3291	0	0	0	0	0	2.973079
330	3299	0	0	0	1	0	2.524542
331	3307	0	0	0	2	0	2.315798
332	3319	0	0	0	1	0	1.468418
333	3328	0	0	0	1	0	1.720506
334	3345	0	0	0	1	0	1.341912
335	3355	0	0	0	0	0	1.054224
336	3366	0	0	0	0	0	2.235350
337	3375	0	0	0	2	0	1.226474
338	3389	0	0	0	2	0	2.984785
339	3399	0	0	0	2	0	1.667387
340	3411	0	0	0	0	0	2.609414
341	3419	0	0	0	0	0	1.740019
342	3434	0	0	0	2	0	1.997371
343	3442	0	0	0	1	0	1.749554
344	3448	0	0	0	0	0	1.497724
345	3455	0	0	0	0	0	1.018901
346	3465	0	0	0	2	0	2.771292
347	3472	0	0	0	2	0	1.301246
348	3481	0	0	0	0	0	2.598623
349	3490	0	0	0	0	0	1.668802
350	3501	0	0	0	1	0	2.268899
351	3511	0	0	0	0	0	2.634384
352	3522	0	0	0	0	0	1.765643
353	3531	0	0	0	0	0	2.448691
354	3538	0	0	0	2	0	1.792905
355	3544	0	0	0	2	0	1.744920
356	3561	0	0	0	0	0	2.190033
357	3578	0	0	0	0	0	1.936194
358	3593	0	0	0	0	0	2.581156
359	3608	0	0	0	2	0	2.315031
360	3616	0	0	0	0	0	1.110899
361	3621	0	0	0	0	0	2.493299
362	3631	0	0	0	0	0	1.778031
363	3638	0	0	0	2	0	1.433513
364	3650	0	0	0	0	0	2.180249
365	3659	0	0	0	2	0	2.360153
366	3670	0	0	0	1	0	2.027448
367	3679	0	0	0	1	0	2.417485
368	3689	0	0	0	2	0	1.756738
369	3695	0	0	0	1	0	2.029992
370	3705	0	0	0	1	0	1.904634
371	3716	0	0	0	0	0	2.990077
372	3720	0	0	0	1	0	2.026342
373	3729	0	0	0	2	0	2.010798
374	3740	0	0	0	2	0	1.693000
375	3743	0	0	0	1	0	1.570673
376	3751	0	0	0	2	0	1.662716
377	3760	0	0	0	0	0	1.740423
378	3766	0	0	0	2	0	2.105039
379	3775	0	0	0	0	0	2.355188
380	3787	0	0	0	1	0	1.159670
381	3796	0	0	0	0	0	1.787386
382	3811	0	0	0	1	0	1.872718
383	3824	0	0	0	2	0	2.181310
384	3835	0	0	0	0	0	2.161853
385	3842	0	0	0	1	0	2.607251
386	3850	0	0	0	0	0	2.262426
387	3860	0	0	0	0	0	2.317410
388	3870	0	0	0	1	0	1.708397
389	3877	0	0	0	1	0	2.016543
390	3887	0	0	0	1	0	2.556880
391	3899	0	0	0	1	0	1.440307
392	3905	0	0	0	1	0	2.160123
393	3916	0	0	0	2	0	1.494358
394	3921	0	0	0	0	0	1.876526
395	3928	0	0	0	2	0	2.486876
396	3936	0	0	0	2	0	2.685561
397	3952	0	0	0	2	0	1.500029
398	3959	0	0	0	2	0	2.347766
399	3968	0	0	0	0	0	1.985509
400	3974	0	0	0	1	0	1.443251
401	3979	0	0	0	2	0	1.625625
402	3991	0	0	0	2	0	2.522709
403	4003	0	0	0	0	0	1.160844
404	4011	0	0	0	1	0	2.550829
405	4017	0	0	0	0	0	1.385662
406	4031	0	0	0	2	0	2.236017
407	4050	0	0	0	0	0	1.764610
408	4061	0	0	0	0	0	2.711865
409	4067	0	0	0	1	0	2.182820
410	4079	0	0	0	1	0	1.532664
411	4088	0	0	0	1	0	2.921066
412	4099	0	0	0	1	0	1.135412
413	4102	0	0	0	2	0	1.048420
414	4113	0	0	0	2	0	1.841400
415	4121	0	0	0	2	0	2.676204
416	4134	0	0	0	2	0	1.160085
417	4146	0	0	0	2	0	2.555467
418	4156	0	0	0	0	0	2.179761
419	4160	0	0	0	2	0	2.741363
420	4172	0	0	0	1	0	1.256815
421	4178	0	0	0	1	0	1.283000
422	4185	0	0	0	0	0	1.260222
423	4198	0	0	0	2	0	2.348607
424	4205	0	0	0	0	0	1.042510
425	4213	0	0	0	1	0	2.218460
426	4224	0	0	0	0	0	1.363331
427	4237	0	0	0	0	0	2.162684
428	4249	0	0	0	2	0	1.116550
429	4257	0	0	0	0	0	1.572692
430	4266	0	0	0	1	0	2.516620
431	4271	0	0	0	0	0	2.391586
432	4281	0	0	0	0	0	1.823213
433	4289	0	0	0	1	0	2.334210
434	4300	0	0	0	1	0	2.085422
435	4310	0	0	0	1	0	2.627678
436	4319	0	0	0	1	0	2.346639
437	4332	0	0	0	1	0	2.478322
438	4343	0	0	0	1	0	1.787339
439	4355	0	0	0	1	0	1.985553
440	4368	0	0	0	0	0	2.255784
441	4377	0	0	0	2	0	1.130697
442	4387	0	0	0	2	0	2.531357
443	4396	0	0	0	1	0	2.593176
444	4406	0	0	0	2	0	1.364573
445	4410	0	0	0	0	0	1.686949
446	4419	0	0	0	0	0	1.236508
447	4432	0	0	0	1	0	2.173334
448	4441	0	0	0	0	0	2.052897
449	4451	0	0	0	0	0	2.054956
450	4459	0	0	0	2	0	1.920874
451	4472	0	0	0	0	0	1.907467
452	4479	0	0	0	1	0	2.297735
453	4491	0	0	0	1	0	1.351899
454	4497	0	0	0	1	0	2.418568
455	4506	0	0	0	1	0	1.540250
456	4519	0	0	0	2	0	1.935406
457	4530	0	0	0	0	0	1.967366
458	4537	0	0	0	1	0	2.798814
459	4555	0	0	0	0	0	2.546301
460	4559	0	0	0	0	0	1.782518
461	4565	0	0	0	2	0	2.024086
462	4578	0	0	0	1	0	2.662590
463	4588	0	0	0	1	0	2.521243
464	4598	0	0	0	2	0	2.934255
465	4606	0	0	0	2	0	2.987048
466	4611	0	0	0	0	0	2.307300
467	4627	0	0	0	1	0	2.241651
468	4640	0	0	0	0	0	2.268422
469	4650	0	0	0	0	0	1.174953
470	4662	0	0	0	2	0	1.946796
471	4672	0	0	0	2	0	1.839734
472	4686	0	0	0	0	0	2.984466
473	4701	0	0	0	0	0	2.912348
474	4710	0	0	0	1	0	1.216556
475	4719	0	0	0	0	0	2.261662
476	4730	0	0	0	0	0	2.734616
477	4740	0	0	0	0	0	2.871925
478	4749	0	0	0	1	0	1.846923
479	4755	0	0	0	0	0	2.712507
480	4769	0	0	0	0	0	2.523633
481	4777	0	0	0	0	0	2.201175
482	4782	0	0	0	2	0	2.652601
483	4791	0	0	0	1	0	1.175644
484	4798	0	0	0	1	0	2.122206
485	4808	0	0	0	1	0	2.910853
486	4816	0	0	0	1	0	2.081834
487	4828	0	0	0	0	0	2.570557
488	4833	0	0	0	2	0	1.344385
489	4845	0	0	0	1	0	2.202134
490	4850	0	0	0	1	0	2.690105
491	4861	0	0	0	2	0	1.590817
492	4870	0	0	0	0	0	1.928355
493	4881	0	0	0	2	0	1.365309
494	4888	0	0	0	2	0	1.422923
495	4902	0	0	0	1	0	2.035451
496	4912	0	0	0	1	0	1.189940
497	4918	0	0	0	1	0	2.193691
498	4928	0	0	0	0	0	2.288355
499	4936	0	0	0	0	0	2.742353
500	4944	0	0	0	0	0	1.730639
501	4958	0	0	0	1	0	2.200008
502	4971	0	0	0	1	0	2.990195
503	4981	0	0	0	0	0	2.085666
504	4999	0	0	0	1	0	1.398767
505	5009	0	0	0	1	0	1.146056
506	5017	0	0	0	1	0	2.589194
507	5027	0	0	0	2	0	1.462798
508	5034	0	0	0	0	0	1.638792
509	5048	0	0	0	0	0	1.964098
510	5060	0	0	0	1	0	2.151225
511	5070	0	0	0	1	0	1.723804
512	5080	0	0	0	0	0	1.883012
513	5091	0	0	0	0	0	2.281448
514	5100	0	0	0	1	0	1.094757
515	5110	0	0	0	1	0	1.445145
516	5119	0	0	0	2	0	1.243465
517	5126	0	0	0	0	0	1.571551
518	5144	0	0	0	0	0	1.999961
519	5152	0	0	0	2	0	2.873078
520	5160	0	0	0	0	0	1.393038
521	5167	0	0	0	1	0	1.249945
522	5178	0	0	0	0	0	1.034617
523	5187	0	0	0	2	0	1.675407
524	5196	0	0	0	1	0	1.537626
525	5206	0	0	0	0	0	1.044198
526	5215	0	0	0	0	0	1.230572
527	5221	0	0	0	1	0	2.286689
528	5229	0	0	0	2	0	1.406242
529	5236	0	0	0	1	0	1.877583
530	5239	0	0	0	0	0	1.443067
531	5244	0	0	0	2	0	2.833331
532	5252	0	0	0	1	0	1.248384
533	5260	0	0	0	2	0	2.678421
534	5266	0	0	0	1	0	2.209108
535	5279	0	0	0	2	0	2.239212
536	5293	0	0	0	0	0	2.914789
537	5309	0	0	0	0	0	1.825034
538	5317	0	0	0	1	0	1.432745
539	5329	0	0	0	0	0	2.376713
540	5343	0	0	0	2	0	1.621037
541	5357	0	0	0	0	0	2.316941
542	5370	0	0	0	1	0	1.188231
543	5387	0	0	0	0	0	1.117917
544	5394	0	0	0	1	0	1.387448
545	5404	0	0	0	0	0	2.091580
546	5409	0	0	0	1	0	1.675459
547	5423	0	0	0	2	0	2.382550
548	5432	0	0	0	1	0	2.784403
549	5452	0	0	0	0	0	1.880981
550	5463	0	0	0	0	0	1.545360
551	5469	0	0	0	2	0	2.170579
552	5476	0	0	0	1	0	2.006583
553	5485	0	0	0	2	0	1.087988
554	5492	0	0	0	1	0	2.090202
555	5501	0	0	0	1	0	1.550850
556	5514	0	0	0	1	0	1.514132
557	5520	0	0	0	1	0	2.210617
558	5532	0	0	0	0	0	2.926997
559	5542	0	0	0	1	0	2.069512
560	5553	0	0	0	0	0	2.515746
561	5564	0	0	0	1	0	2.708765
562	5571	0	0	0	1	0	2.481901
563	5577	0	0	0	1	0	2.083537
564	5591	0	0	0	0	0	1.192095
565	5600	0	0	0	2	0	1.016682
566	5613	0	0	0	0	0	2.796510
567	5624	0	0	0	0	0	2.446369
568	5633	0	0	0	0	0	2.791293
569	5646	0	0	0	1	0	2.264028
570	5656	0	0	0	1	0	2.241286
571	5667	0	0	0	0	0	1.344105
572	5685	0	0	0	2	0	2.889426
573	5694	0	0	0	1	0	1.065480
574	5704	0	0	0	1	0	1.990183
575	5717	0	0	0	0	0	2.050984
576	5727	0	0	0	0	0	2.339464
577	5735	0	0	0	0	0	1.531080
578	5744	0	0	0	1	0	1.008383
579	5762	0	0	0	1	0	2.555777
580	5775	0	0	0	2	0	1.054241
581	5781	0	0	0	1	0	1.049137
582	5786	0	0	0	1	0	1.711044
583	5798	0	0	0	2	0	2.046543
584	5808	0	0	0	2	0	2.143625
585	5813	0	0	0	0	0	1.092490
586	5824	0	0	0	0	0	1.443989
587	5832	0	0	0	1	0	1.712254
588	5843	0	0	0	1	0	1.107902
589	5852	0	0	0	1	0	1.557930
590	5868	0	0	0	2	0	2.131849
591	5884	0	0	0	0	0	2.345405
592	5890	0	0	0	0	0	1.907364
593	5904	0	0	0	1	0	2.299627
594	5917	0	0	0	1	0	2.605731
595	5929	0	0	0	0	0	1.017770
596	5938	0	0	0	0	0	1.552426
597	5951	0	0	0	2	0	2.006210
598	5959	0	0	0	1	0	1.825490
599	5969	0	0	0	1	0	2.801558
600	5973	0	0	0	0	0	2.198444
601	5985	0	0	0	1	0	1.257432
602	5998	0	0	0	0	0	2.322627
603	6005	0	0	0	0	0	1.283457
604	6016	0	0	0	2	0	2.205400
605	6032	0	0	0	1	0	2.078639
606	6037	0	0	0	2	0	1.954159
607	6043	0	0	0	2	0	1.171424
608	6054	0	0	0	1	0	2.261514
609	6064	0	0	0	1	0	1.232811
610	6069	0	0	0	0	0	1.641094
611	6076	0	0	0	0	0	1.540602
612	6086	0	0	0	0	0	2.980474
613	6097	0	0	0	2	0	2.671754
614	6105	0	0	0	0	0	1.660983
615	6120	0	0	0	1	0	1.091788
616	6136	0	0	0	2	0	1.056659
617	6143	0	0	0	2	0	1.999585
618	6149	0	0	0	1	0	2.632819
619	6156	0	0	0	2	0	1.064265
620	6167	0	0	0	1	0	1.851850
621	6181	0	0	0	2	0	2.127425
622	6191	0	0	0	2	0	1.236394
623	6204	0	0	0	0	0	2.086122
624	6216	0	0	0	0	0	1.976236
625	6226	0	0	0	1	0	2.512466
626	6232	0	0	0	1	0	1.712581
627	6240	0	0	0	2	0	2.129010
628	6249	0	0	0	2	0	2.767961
629	6258	0	0	0	1	0	2.454924
630	6269	0	0	0	0	0	2.991458
631	6276	0	0	0	1	0	1.576006
632	6285	0	0	0	1	0	2.466000
633	6298	0	0	0	0	0	2.984067
634	6308	0	0	0	1	0	1.413664
635	6321	0	0	0	2	0	2.960191
636	6328	0	0	0	1	0	2.702286
637	6336	0	0	0	0	0	1.594108
638	6349	0	0	0	2	0	1.807082
639	6361	0	0	0	0	0	2.602721
640	6374	0	0	0	1	0	2.213836
641	6385	0	0	0	1	0	1.281521
642	6394	0	0	0	0	0	2.346379
643	6405	0	0	0	0	0	1.388883
644	6414	0	0	0	1	0	2.080788
645	6425	0	0	0	1	0	1.083076
646	6431	0	0	0	1	0	2.487536
647	6445	0	0	0	2	0	2.350828
648	6454	0	0	0	0	0	1.672535
649	6470	0	0	0	0	0	2.085478
650	6480	0	0	0	0	0	1.653920
651	6487	0	0	0	2	0	1.229713
652	6496	0	0	0	0	0	1.940282
653	6504	0	0	0	0	0	2.022020
654	6514	0	0	0	2	0	2.561051
655	6527	0	0	0	0	0	2.533610
656	6538	0	0	0	1	0	1.452162
657	6549	0	0	0	2	0	2.029290
658	6556	0	0	0	0	0	1.394003
659	6561	0	0	0	1	0	1.314262
660	6577	0	0	0	1	0	1.244989
661	6587	0	0	0	0	0	1.177644
662	6598	0	0	0	1	0	1.688232
663	6608	0	0	0	0	0	2.242754
664	6617	0	0	0	0	0	2.825276
665	6632	0	0	0	0	0	1.849463
666	6645	0	0	0	1	0	1.275506
667	6659	0	0	0	1	0	2.805691
668	6664	0	0	0	0	0	1.034126
669	6676	0	0	0	2	0	2.767893
670	6682	0	0	0	1	0	1.609714
671	6688	0	0	0	0	0	2.773425
672	6702	0	0	0	0	0	2.540548
673	6712	0	0	0	1	0	2.257460
674	6723	0	0	0	2	0	2.313046
675	6735	0	0	0	1	0	1.788093
676	6740	0	0	0	2	0	2.765678
677	6748	0	0	0	2	0	2.733336
678	6758	0	0	0	1	0	1.041897
679	6770	0	0	0	2	0	2.363894
680	6775	0	0	0	0	0	1.784805
681	6787	0	0	0	0	0	1.958552
682	6798	0	0	0	2	0	1.114847
683	6812	0	0	0	0	0	2.193973
684	6819	0	0	0	1	0	2.217948
685	6831	0	0	0	1	0	2.747824
686	6839	0	0	0	1	0	1.317210
687	6851	0	0	0	0	0	2.378269
688	6858	0	0	0	2	0	2.960291
689	6864	0	0	0	1	0	1.457280
690	6873	0	0	0	1	0	2.183496
691	6882	0	0	0	0	0	1.383930
692	6899	0	0	0	2	0	1.236225
693	6908	0	0	0	0	0	2.428615
694	6917	0	0	0	2	0	2.203852
695	6926	0	0	0	0	0	2.387214
696	6938	0	0	0	2	0	1.828163
697	6945	0	0	0	0	0	2.802205
698	6958	0	0	0	0	0	1.115033
699	6970	0	0	0	0	0	2.800771
700	6980	0	0	0	2	0	1.627313
701	6985	0	0	0	1	0	2.204374
702	7000	0	0	0	1	0	2.305379
703	7008	0	0	0	2	0	1.470875
704	7017	0	0	0	2	0	2.958324
705	7030	0	0	0	2	0	2.080770
706	7035	0	0	0	1	0	1.626308
707	7044	0	0	0	1	0	1.360616
708	7058	0	0	0	1	0	1.017029
709	7067	0	0	0	1	0	2.637445
710	7078	0	0	0	2	0	1.585758
711	7088	0	0	0	0	0	2.646772
712	7096	0	0	0	0	0	2.779040
713	7107	0	0	0	2	0	2.097409
714	7117	0	0	0	0	0	1.795852
715	7122	0	0	0	2	0	1.092317
716	7133	0	0	0	1	0	1.734627
717	7146	0	0	0	1	0	2.039992
718	7154	0	0	0	2	0	1.386682
719	7162	0	0	0	1	0	1.734988
720	7166	0	0	0	0	0	1.542190
721	7173	0	0	0	2	0	1.991784
722	7184	0	0	0	1	0	1.467700
723	7200	0	0	0	0	0	2.206164
724	7203	0	0	0	0	0	1.635789
725	7216	0	0	0	0	0	2.960429
726	7227	0	0	0	0	0	1.567296
727	7239	0	0	0	0	0	2.284554
728	7247	0	0	0	1	0	2.914408
729	7252	0	0	0	2	0	1.571890
730	7259	0	0	0	1	0	2.057772
731	7269	0	0	0	2	0	2.999367
732	7279	0	0	0	2	0	1.601048
733	7291	0	0	0	0	0	1.168194
734	7302	0	0	0	1	0	2.171680
735	7313	0	0	0	0	0	2.569830
736	7320	0	0	0	1	0	1.443414
737	7325	0	0	0	1	0	1.418740
738	7332	0	0	0	0	0	2.856424
739	7346	0	0	0	2	0	1.773495
740	7349	0	0	0	1	0	1.807398
741	7355	0	0	0	0	0	1.543891
742	7363	0	0	0	0	0	2.629746
743	7368	0	0	0	0	0	2.844003
744	7379	0	0	0	1	0	1.284071
745	7392	0	0	0	2	0	2.745803
746	7402	0	0	0	0	0	1.321514
747	7414	0	0	0	0	0	1.745833
748	7424	0	0	0	0	0	1.058750
749	7429	0	0	0	1	0	1.646947
750	7443	0	0	0	0	0	2.245412
751	7458	0	0	0	0	0	1.396335
752	7466	0	0	0	0	0	2.091501
753	7469	0	0	0	1	0	2.798609
754	7478	0	0	0	1	0	2.723825
755	7489	0	0	0	2	0	2.502936
756	7500	0	0	0	2	0	2.096371
757	7516	0	0	0	2	0	2.071428
758	7526	0	0	0	0	0	1.712658
759	7533	0	0	0	2	0	2.934471
760	7545	0	0	0	0	0	2.308756
761	7550	0	0	0	0	0	2.893286
762	7558	0	0	0	0	0	2.687427
763	7568	0	0	0	2	0	2.292226
764	7580	0	0	0	2	0	1.875878
765	7592	0	0	0	0	0	2.610062
766	7604	0	0	0	2	0	2.064609
767	7614	0	0	0	1	0	2.682932
768	7625	0	0	0	0	0	2.883771
769	7628	0	0	0	1	0	2.523552
770	7635	0	0	0	1	0	2.375769
771	7647	0	0	0	0	0	1.247819
772	7652	0	0	0	0	0	1.683593
773	7661	0	0	0	1	0	1.312836
774	7676	0	0	0	1	0	1.979552
775	7690	0	0	0	0	0	1.967812
776	7696	0	0	0	0	0	1.023417
777	7710	0	0	0	2	0	1.467883
778	7722	0	0	0	0	0	2.047042
779	7730	0	0	0	0	0	2.819644
780	7737	0	0	0	1	0	2.432635
781	7746	0	0	0	2	0	2.131428
782	7753	0	0	0	0	0	2.312356
783	7762	0	0	0	1	0	2.066921
784	7772	0	0	0	0	0	1.193732
785	7782	0	0	0	2	0	1.416613
786	7785	0	0	0	1	0	2.238501
787	7793	0	0	0	1	0	2.755766
788	7804	0	0	0	2	0	2.039836
789	7821	0	0	0	0	0	2.803369
790	7834	0	0	0	2	0	2.980838
791	7842	0	0	0	0	0	1.880997
792	7851	0	0	0	0	0	1.397134
793	7857	0	0	0	1	0	1.216674
794	7869	0	0	0	2	0	2.631846
795	7876	0	0	0	0	0	2.518526
796	7881	0	0	0	0	0	2.486777
797	7888	0	0	0	0	0	1.601208
798	7902	0	0	0	1	0	1.544751
799	7911	0	0	0	2	0	2.201176
800	7919	0	0	0	1	0	1.094036
801	7929	0	0	0	2	0	1.599100
802	7938	0	0	0	0	0	1.964188
803	7952	0	0	0	0	0	2.872891
804	7962	0	0	0	1	0	2.638047
805	7974	0	0	0	2	0	2.239208
806	7984	0	0	0	1	0	2.644185
807	7996	0	0	0	1	0	1.876396
808	8005	0	0	0	0	0	2.403722
809	8014	0	0	0	0	0	1.273207
810	8025	0	0	0	1	0	2.304494
811	8033	0	0	0	1	0	2.930219
812	8041	0	0	0	2	0	2.281808
813	8049	0	0	0	1	0	1.671617
814	8059	0	0	0	0	0	2.166568
815	8065	0	0	0	0	0	1.960392
816	8077	0	0	0	0	0	1.469701
817	8093	0	0	0	1	0	1.932997
818	8104	0	0	0	2	0	1.106045
819	8110	0	0	0	0	0	2.028681
820	8119	0	0	0	1	0	2.504274
821	8132	0	0	0	1	0	2.513662
822	8139	0	0	0	0	0	2.937843
823	8144	0	0	0	0	0	2.173948
824	8152	0	0	0	1	0	2.438654
825	8166	0	0	0	1	0	1.363806
826	8172	0	0	0	0	0	2.467929
827	8176	0	0	0	2	0	1.237801
828	8179	0	0	0	2	0	2.274630
829	8185	0	0	0	2	0	2.123167
830	8197	0	0	0	0	0	1.984589
831	8211	0	0	0	0	0	1.952930
832	8222	0	0	0	2	0	2.627291
833	8229	0	0	0	0	0	2.971860
834	8239	0	0	0	1	0	2.859528
835	8248	0	0	0	1	0	1.928343
836	8256	0	0	0	0	0	1.417510
837	8265	0	0	0	1	0	2.971217
838	8276	0	0	0	1	0	1.465857
839	8289	0	0	0	1	0	2.305154
840	8302	0	0	0	0	0	1.762315
841	8317	0	0	0	0	0	1.141834
842	8324	0	0	0	2	0	2.373931
843	8334	0	0	0	0	0	2.740412
844	8341	0	0	0	1	0	2.912896
845	8350	0	0	0	0	0	2.057950
846	8353	0	0	0	0	0	1.135965
847	8366	0	0	0	1	0	2.616644
848	8371	0	0	0	0	0	1.432982
849	8381	0	0	0	0	0	1.691025
850	8394	0	0	0	2	0	2.419454
851	8406	0	0	0	0	0	1.122542
852	8415	0	0	0	0	0	1.313952
853	8421	0	0	0	0	0	2.931527
854	8427	0	0	0	0	0	1.149214
855	8436	0	0	0	1	0	1.405669
856	8441	0	0	0	0	0	2.064697
857	8450	0	0	0	1	0	2.594226
858	8463	0	0	0	0	0	1.232059
859	8468	0	0	0	1	0	1.252824
860	8473	0	0	0	1	0	1.779690
861	8487	0	0	0	1	0	1.797245
862	8495	0	0	0	0	0	2.258419
863	8503	0	0	0	2	0	2.790503
864	8514	0	0	0	1	0	1.365358
865	8527	0	0	0	2	0	1.842511
866	8539	0	0	0	2	0	1.150306
867	8544	0	0	0	2	0	1.706253
868	8554	0	0	0	0	0	1.481569
869	8565	0	0	0	2	0	2.942110
870	8572	0	0	0	1	0	1.393031
871	8586	0	0	0	0	0	1.596647
872	8599	0	0	0	2	0	1.694791
873	8611	0	0	0	1	0	1.061396
874	8622	0	0	0	2	0	1.436872
875	8628	0	0	0	0	0	2.734116
876	8634	0	0	0	1	0	2.011078
877	8645	0	0	0	1	0	1.403722
878	8652	0	0	0	1	0	2.528691
879	8668	0	0	0	0	0	1.818969
880	8684	0	0	0	0	0	1.965578
881	8694	0	0	0	0	0	2.387975
882	8708	0	0	0	2	0	1.208699
883	8727	0	0	0	1	0	2.741705
884	8737	0	0	0	1	0	2.918518
885	8745	0	0	0	0	0	1.888353
886	8758	0	0	0	0	0	2.056879
887	8770	0	0	0	2	0	2.488793
888	8781	0	0	0	2	0	2.778320
889	8789	0	0	0	2	0	1.157520
890	8808	0	0	0	0	0	1.879216
891	8821	0	0	0	0	0	1.723098
892	8832	0	0	0	0	0	1.486411
893	8843	0	0	0	1	0	2.427573
894	8856	0	0	0	0	0	2.337088
895	8865	0	0	0	1	0	1.580314
896	8874	0	0	0	0	0	2.999761
897	8881	0	0	0	0	0	2.745736
898	8886	0	0	0	0	0	1.524493
899	8891	0	0	0	0	0	1.817599
900	8903	0	0	0	0	0	1.567166
901	8911	0	0	0	1	0	1.166224
902	8920	0	0	0	0	0	1.211419
903	8933	0	0	0	2	0	2.397544
904	8947	0	0	0	0	0	2.785993
905	8957	0	0	0	0	0	2.813640
906	8971	0	0	0	0	0	2.214601
907	8979	0	0	0	0	0	1.999954
908	8988	0	0	0	2	0	2.573419
909	8996	0	0	0	1	0	1.463690
910	9005	0	0	0	0	0	1.489733
911	9018	0	0	0	0	0	1.617128
912	9037	0	0	0	2	0	1.233849
913	9048	0	0	0	0	0	2.548595
914	9066	0	0	0	0	0	1.303072
915	9079	0	0	0	1	0	1.415797
916	9090	0	0	0	1	0	1.775123
917	9098	0	0	0	0	0	1.437931
918	9103	0	0	0	0	0	1.893012
919	9113	0	0	0	0	0	2.918688
920	9126	0	0	0	0	0	2.672478
921	9134	0	0	0	2	0	2.033599
922	9141	0	0	0	0	0	1.725147
923	9149	0	0	0	0	0	2.233534
924	9161	0	0	0	1	0	2.986332
925	9174	0	0	0	1	0	1.320631
926	9185	0	0	0	1	0	1.816742
927	9192	0	0	0	0	0	2.474428
928	9204	0	0	0	1	0	1.039425
929	9209	0	0	0	0	0	2.036225
930	9224	0	0	0	1	0	2.282427
931	9233	0	0	0	0	0	2.345197
932	9249	0	0	0	0	0	2.390758
933	9261	0	0	0	1	0	2.630530
934	9273	0	0	0	2	0	2.462057
935	9283	0	0	0	1	0	1.671331
936	9292	0	0	0	2	0	2.071994
937	9300	0	0	0	1	0	2.878646
938	9308	0	0	0	1	0	1.091241
939	9319	0	0	0	0	0	2.283200
940	9325	0	0	0	1	0	2.918210
941	9332	0	0	0	2	0	1.486006
942	9342	0	0	0	2	0	2.603715
943	9353	0	0	0	1	0	2.505186
944	9362	0	0	0	2	0	2.739014
945	9371	0	0	0	0	0	1.608270
946	9384	0	0	0	0	0	1.528751
947	9391	0	0	0	0	0	1.275580
948	9400	0	0	0	1	0	1.286688
949	9409	0	0	0	2	0	2.455088
950	9419	0	0	0	2	0	2.699466
951	9426	0	0	0	0	0	1.692302
952	9435	0	0	0	1	0	2.467194
953	9448	0	0	0	2	0	1.749289
954	9460	0	0	0	2	0	2.772122
955	9471	0	0	0	1	0	1.522025
956	9483	0	0	0	1	0	2.319628
957	9493	0	0	0	1	0	1.981673
958	9502	0	0	0	2	0	1.982590
959	9515	0	0	0	2	0	2.361803
960	9526	0	0	0	1	0	2.155537
961	9533	0	0	0	0	0	2.646219
962	9541	0	0	0	0	0	1.179045
963	9554	0	0	0	1	0	1.144774
964	9569	0	0	0	0	0	2.173936
965	9582	0	0	0	0	0	1.728589
966	9597	0	0	0	2	0	2.480062
967	9611	0	0	0	2	0	1.500351
968	9620	0	0	0	2	0	2.668101
969	9627	0	0	0	1	0	2.074552
970	9632	0	0	0	0	0	1.002906
971	9645	0	0	0	1	0	1.371372
972	9656	0	0	0	0	0	1.665956
973	9673	0	0	0	1	0	1.490374
974	9686	0	0	0	1	0	2.349811
975	9695	0	0	0	2	0	1.983283
976	9705	0	0	0	1	0	2.999059
977	9716	0	0	0	1	0	1.925890
978	9720	0	0	0	0	0	1.039357
979	9735	0	0	0	2	0	2.626148
980	9750	0	0	0	0	0	2.141350
981	9763	0	0	0	1	0	1.284430
982	9768	0	0	0	1	0	2.747689
983	9777	0	0	0	1	0	1.998322
984	9782	0	0	0	0	0	1.785618
985	9787	0	0	0	0	0	1.881699
986	9796	0	0	0	1	0	2.808590
987	9809	0	0	0	0	0	1.885918
988	9823	0	0	0	0	0	2.095358
989	9836	0	0	0	1	0	2.419499
990	9855	0	0	0	1	0	2.220145
991	9866	0	0	0	0	0	2.652831
992	9882	0	0	0	2	0	1.363778
993	9886	0	0	0	1	0	2.532028
994	9897	0	0	0	0	0	2.302358
995	9902	0	0	0	1	0	1.848701
996	9916	0	0	0	1	0	1.899649
997	9922	0	0	0	1	0	1.935262
998	9933	0	0	0	1	0	2.455892
999	9942	0	0	0	1	0	1.129639
