0	1	0	0	0	2	0	2.011536
1	11	0	0	0	0	0	1.366943
2	17	0	0	0	2	0	1.050668
3	23	0	0	0	0	0	1.167318
4	35	0	0	0	0	0	2.747778
5	45	0	0	0	2	0	1.184676
6	53	0	0	0	1	0	2.327028
7	63	0	0	0	1	0	1.278894
8	70	0	0	0	1	0	1.023972
9	82	0	0	0	0	0	2.072224
10	94	0	0	0	1	0	1.294084
11	108	0	0	0	2	0	2.927456
12	117	0	0	0	1	0	1.771769
13	122	0	0	0	0	0	1.894321
14	129	0	0	0	2	0	1.850438
15	137	0	0	0	2	0	2.388414
16	152	0	0	0	0	0	1.513561
17	156	0	0	0	2	0	1.437382
18	159	0	0	0	0	0	1.866216
19	168	0	0	0	0	0	2.529790
20	182	0	0	0	0	0	2.324986
21	190	0	0	0	0	0	2.479475
22	199	0	0	0	0	0	1.803270
23	206	0	0	0	1	0	1.759585
24	211	0	0	0	0	0	1.669481
25	218	0	0	0	0	0	1.685531
26	230	0	0	0	1	0	1.463507
27	240	0	0	0	0	0	1.204365
28	249	0	0	0	0	0	1.392108
29	258	0	0	0	0	0	1.316632
30	270	0	0	0	1	0	2.354349
31	280	0	0	0	0	0	1.516796
32	292	0	0	0	2	0	1.170917
33	300	0	0	0	0	0	1.367378
34	308	0	0	0	1	0	2.273500
35	321	0	0	0	0	0	1.637058
36	325	0	0	0	1	0	1.642731
37	334	0	0	0	0	0	1.617545
38	339	0	0	0	1	0	1.840396
39	347	0	0	0	1	0	2.335254
40	360	0	0	0	1	0	2.174343
41	371	0	0	0	1	0	1.651748
42	383	0	0	0	1	0	2.694925
43	391	0	0	0	0	0	2.075642
44	397	0	0	0	2	0	2.688221
45	407	0	0	0	0	0	1.383098
46	414	0	0	0	1	0	1.548689
47	426	0	0	0	0	0	1.698553
48	433	0	0	0	0	0	2.270074
49	439	0	0	0	1	0	2.129466
50	450	0	0	0	2	0	2.806519
51	462	0	0	0	0	0	1.626219
52	472	0	0	0	2	0	2.068042
53	486	0	0	0	1	0	2.935256
54	497	0	0	0	2	0	2.987448
55	498	0	0	0	0	0	2.894096
56	504	0	0	0	0	0	1.340734
57	516	0	0	0	0	0	2.790866
58	523	0	0	0	2	0	1.448860
59	534	0	0	0	2	0	1.706822
60	542	0	0	0	2	0	1.881385
61	553	0	0	0	1	0	1.326898
62	566	0	0	0	2	0	2.560156
63	577	0	0	0	1	0	1.752076
64	587	0	0	0	0	0	1.270037
65	599	0	0	0	0	0	2.387539
66	610	0	0	0	1	0	1.741639
67	625	0	0	0	1	0	1.975068
68	639	0	0	0	0	0	1.705372
69	644	0	0	0	0	0	1.772947
70	650	0	0	0	2	0	1.513046
71	656	0	0	0	1	0	2.100013
72	662	0	0	0	1	0	2.185596
73	670	0	0	0	0	0	1.464719
74	684	0	0	0	1	0	1.013025
75	692	0	0	0	0	0	2.518735
76	701	0	0	0	2	0	2.364947
77	709	0	0	0	2	0	1.100349
78	716	0	0	0	0	0	1.423495
79	724	0	0	0	1	0	2.604458
80	740	0	0	0	0	0	1.772705
81	748	0	0	0	1	0	2.734755
82	757	0	0	0	1	0	2.116826
83	762	0	0	0	1	0	2.986961
84	773	0	0	0	1	0	1.280416
85	791	0	0	0	1	0	2.984638
86	800	0	0	0	0	0	1.993724
87	816	0	0	0	0	0	2.648407
88	824	0	0	0	0	0	2.739555
89	826	0	0	0	2	0	2.716026
90	839	0	0	0	1	0	1.284644
91	848	0	0	0	2	0	1.326794
92	859	0	0	0	2	0	1.169373
93	868	0	0	0	0	0	2.372537
94	877	0	0	0	1	0	1.688361
95	888	0	0	0	1	0	1.386885
96	895	0	0	0	0	0	2.855645
97	902	0	0	0	0	0	2.836282
98	908	0	0	0	0	0	2.303862
99	917	0	0	0	1	0	1.963758
100	926	0	0	0	0	0	2.588917
101	940	0	0	0	2	0	2.692384
102	951	0	0	0	0	0	1.374175
103	957	0	0	0	2	0	1.819883
104	963	0	0	0	0	0	2.494229
105	972	0	0	0	2	0	1.410238
106	982	0	0	0	1	0	2.086645
107	989	0	0	0	2	0	1.888397
108	993	0	0	0	0	0	2.915842
109	1010	0	0	0	0	0	1.592474
110	1016	0	0	0	1	0	1.522753
111	1023	0	0	0	0	0	1.479382
112	1029	0	0	0	2	0	1.197118
113	1042	0	0	0	2	0	1.792785
114	1055	0	0	0	0	0	1.253344
115	1062	0	0	0	0	0	1.859212
116	1068	0	0	0	2	0	1.595025
117	1075	0	0	0	1	0	1.454508
118	1085	0	0	0	0	0	1.086067
119	1097	0	0	0	0	0	2.229259
120	1105	0	0	0	0	0	2.600109
121	1120	0	0	0	1	0	2.483262
122	1130	0	0	0	0	0	2.205512
123	1133	0	0	0	0	0	1.936231
124	1140	0	0	0	2	0	1.047955
125	1153	0	0	0	2	0	2.229048
126	1162	0	0	0	0	0	1.866392
127	1170	0	0	0	0	0	1.815634
128	1178	0	0	0	1	0	1.913055
129	1186	0	0	0	2	0	1.462517
130	1195	0	0	0	1	0	1.427779
131	1209	0	0	0	0	0	1.397757
132	1225	0	0	0	2	0	1.064836
133	1233	0	0	0	1	0	2.803189
134	1249	0	0	0	0	0	1.432701
135	1259	0	0	0	2	0	2.447600
136	1267	0	0	0	2	0	2.258124
137	1285	0	0	0	0	0	1.950919
138	1292	0	0	0	1	0	2.414380
139	1301	0	0	0	1	0	1.564351
140	1311	0	0	0	2	0	1.993304
141	1321	0	0	0	2	0	2.223992
142	1330	0	0	0	0	0	2.735798
143	1339	0	0	0	0	0	1.725840
144	1346	0	0	0	1	0	1.986902
145	1358	0	0	0	0	0	1.772329
146	1370	0	0	0	0	0	1.941332
147	1378	0	0	0	1	0	1.088937
148	1391	0	0	0	0	0	1.669651
149	1399	0	0	0	2	0	1.769541
150	1417	0	0	0	0	0	2.617867
151	1429	0	0	0	1	0	1.814738
152	1436	0	0	0	0	0	2.843416
153	1452	0	0	0	0	0	2.909413
154	1467	0	0	0	2	0	2.948959
155	1476	0	0	0	0	0	1.010011
156	1494	0	0	0	1	0	2.321615
157	1501	0	0	0	1	0	1.750163
158	1504	0	0	0	1	0	2.111290
159	1517	0	0	0	0	0	2.318050
160	1528	0	0	0	0	0	2.832961
161	1535	0	0	0	2	0	2.083802
162	1544	0	0	0	0	0	2.468331
163	1550	0	0	0	0	0	2.051382
164	1563	0	0	0	1	0	2.636146
165	1573	0	0	0	2	0	2.655323
166	1584	0	0	0	0	0	1.556513
167	1592	0	0	0	0	0	2.597838
168	1611	0	0	0	0	0	2.730219
169	1624	0	0	0	1	0	1.368034
170	1633	0	0	0	1	0	1.075636
171	1644	0	0	0	1	0	2.846327
172	1656	0	0	0	0	0	1.904099
173	1669	0	0	0	2	0	1.984752
174	1678	0	0	0	0	0	1.814124
175	1693	0	0	0	2	0	2.379118
176	1707	0	0	0	1	0	2.452063
177	1720	0	0	0	1	0	2.974291
178	1726	0	0	0	2	0	2.034741
179	1731	0	0	0	0	0	2.303062
180	1744	0	0	0	0	0	2.548795
181	1753	0	0	0	0	0	2.389809
182	1761	0	0	0	0	0	2.640841
183	1771	0	0	0	2	0	1.145306
184	1781	0	0	0	0	0	1.812618
185	1791	0	0	0	1	0	2.591737
186	1800	0	0	0	0	0	1.492671
187	1808	0	0	0	0	0	1.837038
188	1812	0	0	0	2	0	2.374998
189	1821	0	0	0	0	0	2.217844
190	1833	0	0	0	0	0	2.683624
191	1843	0	0	0	2	0	1.605300
192	1855	0	0	0	1	0	2.066675
193	1863	0	0	0	0	0	1.536079
194	1872	0	0	0	1	0	1.064894
195	1878	0	0	0	0	0	2.289266
196	1892	0	0	0	1	0	2.864519
197	1899	0	0	0	0	0	1.347166
198	1908	0	0	0	1	0	1.335044
199	1917	0	0	0	2	0	2.558373
200	1927	0	0	0	1	0	1.385185
201	1936	0	0	0	1	0	1.891118
202	1949	0	0	0	0	0	1.922498
203	1962	0	0	0	1	0	2.383423
204	1972	0	0	0	0	0	2.258646
205	1977	0	0	0	1	0	2.362290
206	1993	0	0	0	2	0	2.073473
207	2002	0	0	0	0	0	2.844258
208	2010	0	0	0	1	0	2.648936
209	2023	0	0	0	0	0	2.522248
210	2028	0	0	0	2	0	1.767256
211	2038	0	0	0	2	0	1.932755
212	2050	0	0	0	2	0	2.408554
213	2061	0	0	0	1	0	2.835494
214	2072	0	0	0	1	0	1.358882
215	2077	0	0	0	0	0	2.791335
216	2080	0	0	0	0	0	2.724590
217	2086	0	0	0	1	0	1.651319
218	2095	0	0	0	1	0	2.408560
219	2105	0	0	0	0	0	2.371310
220	2119	0	0	0	0	0	2.757413
221	2132	0	0	0	0	0	1.250493
222	2142	0	0	0	1	0	2.455850
223	2157	0	0	0	1	0	1.440159
224	2167	0	0	0	0	0	2.739500
225	2183	0	0	0	1	0	2.418765
226	2192	0	0	0	0	0	1.767220
227	2204	0	0	0	0	0	2.649386
228	2218	0	0	0	0	0	1.412427
229	2221	0	0	0	2	0	2.391388
230	2226	0	0	0	1	0	1.144642
231	2240	0	0	0	0	0	2.057374
232	2245	0	0	0	1	0	2.020702
233	2257	0	0	0	0	0	1.957125
234	2269	0	0	0	2	0	1.250064
235	2281	0	0	0	1	0	1.158167
236	2291	0	0	0	1	0	1.043722
237	2299	0	0	0	1	0	1.980204
238	2311	0	0	0	2	0	1.811869
239	2328	0	0	0	0	0	2.187654
240	2340	0	0	0	0	0	2.629806
241	2351	0	0	0	2	0	1.905582
242	2361	0	0	0	1	0	2.947736
243	2368	0	0	0	1	0	1.164821
244	2380	0	0	0	0	0	2.392334
245	2392	0	0	0	0	0	2.989153
246	2403	0	0	0	0	0	2.746615
247	2405	0	0	0	1	0	1.389310
248	2411	0	0	0	1	0	1.568557
249	2418	0	0	0	2	0	2.692915
250	2432	0	0	0	0	0	2.133695
251	2445	0	0	0	0	0	1.648309
252	2449	0	0	0	1	0	1.487251
253	2456	0	0	0	0	0	1.106370
254	2468	0	0	0	1	0	2.945826
255	2480	0	0	0	1	0	2.745118
256	2485	0	0	0	1	0	1.923012
257	2493	0	0	0	2	0	1.246727
258	2501	0	0	0	1	0	2.365649
259	2512	0	0	0	1	0	1.692206
260	2519	0	0	0	2	0	2.617783
261	2526	0	0	0	1	0	1.287025
262	2532	0	0	0	2	0	2.757304
263	2544	0	0	0	1	0	2.049323
264	2555	0	0	0	1	0	2.120207
265	2564	0	0	0	0	0	1.220019
266	2576	0	0	0	1	0	1.506926
267	2586	0	0	0	2	0	1.024651
268	2595	0	0	0	0	0	2.753396
269	2600	0	0	0	0	0	1.505032
270	2609	0	0	0	0	0	2.467211
271	2618	0	0	0	1	0	1.269740
272	2632	0	0	0	0	0	2.818201
273	2650	0	0	0	0	0	1.060329
274	2660	0	0	0	0	0	2.160945
275	2679	0	0	0	0	0	1.512384
276	2688	0	0	0	0	0	1.103797
277	2697	0	0	0	0	0	2.681802
278	2706	0	0	0	0	0	2.635708
279	2718	0	0	0	1	0	1.534072
280	2732	0	0	0	2	0	1.069808
281	2740	0	0	0	2	0	2.376613
282	2746	0	0	0	1	0	2.102795
283	2762	0	0	0	0	0	2.735605
284	2772	0	0	0	1	0	2.381414
285	2782	0	0	0	0	0	2.986046
286	2792	0	0	0	0	0	2.294620
287	2796	0	0	0	0	0	1.230147
288	2802	0	0	0	2	0	2.039354
289	2811	0	0	0	0	0	2.087891
290	2821	0	0	0	2	0	2.067963
291	2833	0	0	0	2	0	1.597353
292	2839	0	0	0	0	0	2.963086
293	2851	0	0	0	0	0	1.922468
294	2861	0	0	0	0	0	1.524820
295	2865	0	0	0	2	0	2.890351
296	2870	0	0	0	0	0	2.239078
297	2881	0	0	0	0	0	2.077928
298	2887	0	0	0	0	0	2.431551
299	2902	0	0	0	1	0	1.053344
300	2916	0	0	0	1	0	2.448338
301	2930	0	0	0	1	0	2.083744
302	2948	0	0	0	0	0	2.229303
303	2960	0	0	0	2	0	2.703216
304	2972	0	0	0	0	0	1.565810
305	2981	0	0	0	2	0	1.978031
306	2990	0	0	0	2	0	2.452263
307	2997	0	0	0	1	0	1.092303
308	3011	0	0	0	1	0	1.579953
309	3019	0	0	0	0	0	1.550922
310	3031	0	0	0	0	0	1.539281
311	3037	0	0	0	1	0	1.614839
312	3054	0	0	0	2	0	1.154208
313	3068	0	0	0	1	0	1.260184
314	3080	0	0	0	0	0	1.668372
315	3087	0	0	0	2	0	1.760184
316	3097	0	0	0	0	0	1.521668
317	3105	0	0	0	1	0	2.247442
318	3113	0	0	0	0	0	2.167654
319	3125	0	0	0	2	0	2.321657
320	3136	0	0	0	2	0	1.797343
321	3148	0	0	0	0	0	1.662675
322	3156	0	0	0	2	0	2.515005
323	3170	0	0	0	2	0	2.317420
324	3180	0	0	0	1	0	1.992387
325	3189	0	0	0	0	0	2.064727
326	3195	0	0	0	0	0	2.424791
327	3211	0	0	0	1	0	2.311655
328	3220	0	0	0	0	0	2.803248
329	3227	0	0	0	0	0	1.331122
330	3236	0	0	0	2	0	1.948620
331	3243	0	0	0	1	0	2.104080
332	3251	0	0	0	1	0	2.881246
333	3258	0	0	0	1	0	1.509423
334	3271	0	0	0	2	0	1.691824
335	3275	0	0	0	1	0	1.994261
336	3280	0	0	0	1	0	1.394764
337	3291	0	0	0	1	0	1.345596
338	3303	0	0	0	0	0	1.939061
339	3322	0	0	0	2	0	1.755112
340	3337	0	0	0	0	0	1.344670
341	3345	0	0	0	2	0	1.247018
342	3350	0	0	0	2	0	2.076994
343	3357	0	0	0	1	0	1.988807
344	3368	0	0	0	0	0	1.242640
345	3376	0	0	0	0	0	2.506866
346	3388	0	0	0	0	0	2.541669
347	3397	0	0	0	1	0	1.868718
348	3405	0	0	0	2	0	1.735453
349	3418	0	0	0	1	0	1.309529
350	3432	0	0	0	2	0	1.912603
351	3442	0	0	0	2	0	2.342018
352	3452	0	0	0	1	0	1.260450
353	3461	0	0	0	1	0	2.182902
354	3467	0	0	0	0	0	2.426797
355	3476	0	0	0	2	0	2.984520
356	3490	0	0	0	0	0	2.920799
357	3497	0	0	0	2	0	1.660426
358	3508	0	0	0	0	0	2.515054
359	3519	0	0	0	1	0	1.287932
360	3524	0	0	0	2	0	2.310182
361	3531	0	0	0	2	0	2.530423
362	3544	0	0	0	2	0	1.052735
363	3557	0	0	0	0	0	1.758364
364	3568	0	0	0	2	0	1.156732
365	3579	0	0	0	0	0	1.939665
366	3589	0	0	0	1	0	1.101423
367	3595	0	0	0	1	0	1.036769
368	3603	0	0	0	2	0	2.091299
369	3612	0	0	0	0	0	1.204075
370	3623	0	0	0	1	0	1.130207
371	3637	0	0	0	0	0	2.214367
372	3644	0	0	0	1	0	2.703574
373	3656	0	0	0	0	0	1.674820
374	3664	0	0	0	0	0	2.116914
375	3671	0	0	0	0	0	2.272495
376	3678	0	0	0	1	0	1.648430
377	3690	0	0	0	0	0	1.786387
378	3700	0	0	0	0	0	1.555086
379	3712	0	0	0	2	0	1.689978
380	3728	0	0	0	0	0	2.500593
381	3741	0	0	0	0	0	2.899535
382	3748	0	0	0	1	0	2.228821
383	3761	0	0	0	0	0	2.748901
384	3772	0	0	0	1	0	1.642679
385	3781	0	0	0	1	0	2.336950
386	3792	0	0	0	2	0	2.816233
387	3800	0	0	0	0	0	1.001330
388	3809	0	0	0	0	0	1.552665
389	3818	0	0	0	0	0	1.985292
390	3834	0	0	0	1	0	2.587144
391	3844	0	0	0	0	0	2.668402
392	3850	0	0	0	1	0	1.759490
393	3863	0	0	0	0	0	1.913141
394	3873	0	0	0	2	0	1.887719
395	3881	0	0	0	2	0	1.839957
396	3888	0	0	0	0	0	2.709520
397	3897	0	0	0	1	0	2.597831
398	3905	0	0	0	0	0	1.541659
399	3915	0	0	0	0	0	2.632302
400	3923	0	0	0	0	0	2.073835
401	3931	0	0	0	0	0	1.996466
402	3950	0	0	0	2	0	1.614562
403	3960	0	0	0	2	0	2.631696
404	3967	0	0	0	1	0	1.722689
405	3975	0	0	0	1	0	2.004454
406	3985	0	0	0	2	0	2.749485
407	3992	0	0	0	1	0	2.606213
408	3996	0	0	0	2	0	2.361024
409	4005	0	0	0	2	0	2.569005
410	4017	0	0	0	1	0	1.920133
411	4024	0	0	0	0	0	1.915002
412	4031	0	0	0	1	0	2.453146
413	4043	0	0	0	2	0	2.763385
414	4050	0	0	0	2	0	2.594622
415	4060	0	0	0	2	0	2.589535
416	4073	0	0	0	1	0	2.085074
417	4084	0	0	0	1	0	2.897471
418	4094	0	0	0	0	0	1.028057
419	4108	0	0	0	0	0	1.029496
420	4115	0	0	0	1	0	1.887081
421	4125	0	0	0	0	0	1.187955
422	4134	0	0	0	0	0	2.600522
423	4142	0	0	0	0	0	2.884269
424	4149	0	0	0	0	0	2.952339
425	4161	0	0	0	0	0	1.692450
426	4170	0	0	0	0	0	1.944560
427	4180	0	0	0	1	0	1.418189
428	4190	0	0	0	2	0	1.711167
429	4195	0	0	0	0	0	1.365154
430	4205	0	0	0	0	0	2.012451
431	4208	0	0	0	1	0	2.726894
432	4218	0	0	0	1	0	2.504948
433	4226	0	0	0	0	0	1.961175
434	4241	0	0	0	1	0	2.727272
435	4253	0	0	0	1	0	1.525929
436	4264	0	0	0	0	0	1.361598
437	4278	0	0	0	2	0	1.983766
438	4287	0	0	0	1	0	2.998645
439	4299	0	0	0	0	0	1.767259
440	4307	0	0	0	0	0	1.858613
441	4314	0	0	0	0	0	2.192840
442	4322	0	0	0	2	0	1.684942
443	4332	0	0	0	1	0	1.788064
444	4343	0	0	0	0	0	2.265592
445	4350	0	0	0	1	0	2.712148
446	4363	0	0	0	0	0	2.717268
447	4370	0	0	0	1	0	1.366024
448	4379	0	0	0	2	0	2.555888
449	4388	0	0	0	1	0	2.314916
450	4397	0	0	0	0	0	2.672604
451	4405	0	0	0	1	0	2.516034
452	4416	0	0	0	0	0	2.033160
453	4423	0	0	0	0	0	2.824505
454	4433	0	0	0	1	0	2.774337
455	4442	0	0	0	1	0	1.834996
456	4460	0	0	0	1	0	2.698932
457	4473	0	0	0	0	0	2.310704
458	4484	0	0	0	0	0	1.088502
459	4487	0	0	0	1	0	1.743493
460	4496	0	0	0	1	0	2.640831
461	4509	0	0	0	1	0	2.792966
462	4520	0	0	0	0	0	1.926792
463	4537	0	0	0	0	0	1.547257
464	4550	0	0	0	1	0	2.615536
465	4560	0	0	0	1	0	2.858901
466	4569	0	0	0	0	0	2.803281
467	4579	0	0	0	0	0	2.810275
468	4584	0	0	0	0	0	1.863648
469	4597	0	0	0	1	0	1.962045
470	4613	0	0	0	1	0	1.872724
471	4623	0	0	0	0	0	2.454299
472	4631	0	0	0	2	0	2.899609
473	4642	0	0	0	2	0	1.893596
474	4657	0	0	0	2	0	2.224325
475	4664	0	0	0	2	0	1.157387
476	4670	0	0	0	1	0	2.404932
477	4674	0	0	0	1	0	1.684226
478	4686	0	0	0	2	0	1.361293
479	4697	0	0	0	0	0	2.992022
480	4708	0	0	0	0	0	1.891329
481	4715	0	0	0	1	0	1.731816
482	4722	0	0	0	1	0	2.029519
483	4728	0	0	0	1	0	1.817597
484	4736	0	0	0	1	0	2.920555
485	4745	0	0	0	2	0	1.112731
486	4755	0	0	0	2	0	1.229120
487	4768	0	0	0	0	0	2.968654
488	4781	0	0	0	0	0	1.642038
489	4788	0	0	0	2	0	1.337773
490	4796	0	0	0	0	0	2.799352
491	4807	0	0	0	0	0	1.667607
492	4817	0	0	0	0	0	1.735503
493	4830	0	0	0	0	0	1.929831
494	4834	0	0	0	1	0	2.797849
495	4844	0	0	0	0	0	1.955093
496	4851	0	0	0	0	0	1.260464
497	4863	0	0	0	0	0	2.517242
498	4878	0	0	0	2	0	1.535703
499	4886	0	0	0	0	0	1.179495
500	4895	0	0	0	2	0	2.410662
501	4911	0	0	0	0	0	2.101927
502	4920	0	0	0	2	0	1.707590
503	4929	0	0	0	0	0	1.127259
504	4937	0	0	0	1	0	1.254531
505	4946	0	0	0	1	0	1.313730
506	4960	0	0	0	1	0	1.462244
507	4969	0	0	0	2	0	1.105006
508	4974	0	0	0	2	0	2.926239
509	4984	0	0	0	0	0	1.287238
510	4997	0	0	0	0	0	2.180025
511	5009	0	0	0	0	0	2.495929
512	5015	0	0	0	0	0	2.966765
513	5023	0	0	0	1	0	2.622054
514	5031	0	0	0	0	0	2.279392
515	5042	0	0	0	1	0	1.859334
516	5048	0	0	0	0	0	1.474611
517	5062	0	0	0	1	0	1.354344
518	5072	0	0	0	1	0	1.467186
519	5085	0	0	0	1	0	2.455175
520	5093	0	0	0	2	0	2.656084
521	5105	0	0	0	1	0	1.869266
522	5109	0	0	0	0	0	2.762328
523	5121	0	0	0	2	0	2.070771
524	5126	0	0	0	0	0	2.724427
525	5134	0	0	0	2	0	2.521146
526	5142	0	0	0	2	0	2.416019
527	5157	0	0	0	1	0	2.669512
528	5167	0	0	0	0	0	2.798865
529	5177	0	0	0	1	0	1.339783
530	5184	0	0	0	1	0	2.471760
531	5197	0	0	0	1	0	1.605458
532	5206	0	0	0	1	0	1.842804
533	5218	0	0	0	2	0	1.891388
534	5228	0	0	0	2	0	1.878468
535	5242	0	0	0	0	0	2.058576
536	5258	0	0	0	1	0	2.745441
537	5268	0	0	0	1	0	2.401308
538	5280	0	0	0	0	0	1.131183
539	5295	0	0	0	2	0	2.861304
540	5300	0	0	0	1	0	1.878910
541	5310	0	0	0	1	0	1.364026
542	5321	0	0	0	0	0	2.812580
543	5335	0	0	0	1	0	2.191338
544	5350	0	0	0	2	0	1.122354
545	5361	0	0	0	2	0	2.885019
546	5369	0	0	0	2	0	2.338667
547	5371	0	0	0	0	0	1.957910
548	5378	0	0	0	0	0	2.097090
549	5385	0	0	0	2	0	1.223394
550	5394	0	0	0	1	0	2.791997
551	5405	0	0	0	0	0	2.458984
552	5416	0	0	0	0	0	1.093619
553	5425	0	0	0	1	0	2.458232
554	5431	0	0	0	0	0	1.623593
555	5439	0	0	0	0	0	2.314129
556	5451	0	0	0	0	0	2.050986
557	5463	0	0	0	0	0	2.250184
558	5472	0	0	0	2	0	2.581233
559	5485	0	0	0	1	0	2.842999
560	5493	0	0	0	0	0	1.375264
561	5500	0	0	0	0	0	1.649790
562	5513	0	0	0	2	0	2.272032
563	5524	0	0	0	2	0	2.084797
564	5529	0	0	0	1	0	1.979470
565	5541	0	0	0	2	0	2.834522
566	5551	0	0	0	0	0	1.708528
567	5564	0	0	0	2	0	2.346929
568	5574	0	0	0	1	0	2.151034
569	5579	0	0	0	1	0	1.252025
570	5590	0	0	0	2	0	1.511207
571	5601	0	0	0	1	0	1.807490
572	5608	0	0	0	0	0	2.504900
573	5619	0	0	0	0	0	1.416016
574	5628	0	0	0	2	0	1.732176
575	5640	0	0	0	0	0	1.575735
576	5649	0	0	0	2	0	2.831711
577	5661	0	0	0	2	0	2.838771
578	5667	0	0	0	1	0	2.554826
579	5678	0	0	0	2	0	1.076964
580	5687	0	0	0	0	0	2.628581
581	5697	0	0	0	1	0	1.001674
582	5705	0	0	0	1	0	1.655226
583	5720	0	0	0	1	0	2.682856
584	5724	0	0	0	0	0	1.542798
585	5742	0	0	0	0	0	2.858644
586	5756	0	0	0	1	0	1.944524
587	5765	0	0	0	0	0	1.851423
588	5774	0	0	0	1	0	1.829526
589	5786	0	0	0	1	0	1.460064
590	5795	0	0	0	2	0	2.586038
591	5808	0	0	0	2	0	1.582711
592	5814	0	0	0	0	0	1.099872
593	5817	0	0	0	1	0	2.409555
594	5822	0	0	0	1	0	2.596556
595	5829	0	0	0	0	0	2.640345
596	5840	0	0	0	0	0	2.375445
597	5850	0	0	0	2	0	2.510383
598	5856	0	0	0	1	0	2.392088
599	5861	0	0	0	0	0	1.171595
600	5872	0	0	0	1	0	1.100927
601	5880	0	0	0	0	0	2.691292
602	5891	0	0	0	1	0	2.750181
603	5906	0	0	0	2	0	2.782493
604	5922	0	0	0	1	0	1.204244
605	5929	0	0	0	0	0	2.747610
606	5942	0	0	0	1	0	1.988326
607	5953	0	0	0	0	0	2.758104
608	5970	0	0	0	1	0	2.895715
609	5975	0	0	0	1	0	1.955985
610	5987	0	0	0	1	0	2.015878
611	6002	0	0	0	1	0	2.703976
612	6008	0	0	0	1	0	2.021952
613	6021	0	0	0	0	0	2.625032
614	6027	0	0	0	0	0	2.196072
615	6037	0	0	0	0	0	1.277871
616	6044	0	0	0	0	0	1.729074
617	6054	0	0	0	1	0	2.494203
618	6065	0	0	0	1	0	2.424682
619	6081	0	0	0	1	0	2.350037
620	6095	0	0	0	1	0	2.730333
621	6108	0	0	0	0	0	1.151606
622	6119	0	0	0	2	0	2.196569
623	6128	0	0	0	0	0	1.965093
624	6137	0	0	0	0	0	1.866734
625	6144	0	0	0	2	0	1.498047
626	6157	0	0	0	1	0	2.499378
627	6168	0	0	0	0	0	2.246172
628	6177	0	0	0	1	0	2.248811
629	6190	0	0	0	2	0	1.899384
630	6202	0	0	0	0	0	1.369486
631	6215	0	0	0	0	0	2.760044
632	6228	0	0	0	1	0	1.762350
633	6242	0	0	0	1	0	2.126586
634	6257	0	0	0	0	0	1.635245
635	6265	0	0	0	2	0	2.492569
636	6273	0	0	0	1	0	2.446170
637	6282	0	0	0	1	0	2.484372
638	6291	0	0	0	1	0	2.365281
639	6304	0	0	0	0	0	1.984611
640	6314	0	0	0	2	0	2.298349
641	6324	0	0	0	2	0	2.322372
642	6328	0	0	0	0	0	1.760657
643	6342	0	0	0	2	0	1.635154
644	6349	0	0	0	1	0	1.570897
645	6362	0	0	0	0	0	2.763955
646	6370	0	0	0	2	0	1.492202
647	6375	0	0	0	2	0	2.484710
648	6385	0	0	0	0	0	1.235683
649	6394	0	0	0	0	0	1.169802
650	6407	0	0	0	1	0	1.637105
651	6418	0	0	0	1	0	2.367925
652	6424	0	0	0	0	0	1.513867
653	6433	0	0	0	2	0	2.271501
654	6443	0	0	0	2	0	1.605919
655	6456	0	0	0	0	0	2.383856
656	6465	0	0	0	1	0	1.103359
657	6474	0	0	0	2	0	1.263805
658	6485	0	0	0	2	0	2.111367
659	6495	0	0	0	0	0	2.894854
660	6506	0	0	0	2	0	2.513652
661	6522	0	0	0	0	0	1.337245
662	6530	0	0	0	2	0	1.125679
663	6542	0	0	0	0	0	2.641303
664	6550	0	0	0	2	0	1.010703
665	6553	0	0	0	2	0	2.869125
666	6562	0	0	0	2	0	1.709139
667	6570	0	0	0	1	0	2.976913
668	6583	0	0	0	2	0	2.156820
669	6592	0	0	0	0	0	2.614141
670	6600	0	0	0	1	0	1.333485
671	6609	0	0	0	1	0	1.613204
672	6618	0	0	0	2	0	2.775667
673	6630	0	0	0	2	0	1.581534
674	6642	0	0	0	0	0	2.665957
675	6652	0	0	0	2	0	2.599833
676	6666	0	0	0	0	0	1.147119
677	6672	0	0	0	0	0	2.800016
678	6683	0	0	0	2	0	1.043234
679	6691	0	0	0	1	0	2.112456
680	6702	0	0	0	0	0	2.177485
681	6715	0	0	0	0	0	1.875426
682	6723	0	0	0	1	0	2.574204
683	6731	0	0	0	2	0	2.787686
684	6737	0	0	0	2	0	1.787373
685	6748	0	0	0	1	0	2.179183
686	6757	0	0	0	1	0	1.346974
687	6766	0	0	0	2	0	1.394103
688	6779	0	0	0	1	0	2.584377
689	6787	0	0	0	0	0	2.029161
690	6794	0	0	0	0	0	1.623309
691	6801	0	0	0	2	0	2.880475
692	6812	0	0	0	1	0	2.137902
693	6822	0	0	0	1	0	1.521270
694	6830	0	0	0	1	0	2.671881
695	6836	0	0	0	2	0	1.600439
696	6849	0	0	0	0	0	2.176069
697	6859	0	0	0	2	0	1.107909
698	6869	0	0	0	0	0	2.372873
699	6881	0	0	0	0	0	1.127781
700	6885	0	0	0	1	0	2.986774
701	6901	0	0	0	0	0	2.283337
702	6911	0	0	0	0	0	1.630673
703	6925	0	0	0	2	0	2.804450
704	6938	0	0	0	0	0	2.386202
705	6950	0	0	0	2	0	2.041885
706	6959	0	0	0	0	0	1.371334
707	6970	0	0	0	1	0	2.521666
708	6978	0	0	0	1	0	1.292898
709	6985	0	0	0	1	0	1.728264
710	6994	0	0	0	2	0	2.940219
711	7004	0	0	0	1	0	2.106250
712	7015	0	0	0	2	0	2.101781
713	7028	0	0	0	1	0	2.501017
714	7042	0	0	0	1	0	1.091645
715	7058	0	0	0	2	0	2.661037
716	7066	0	0	0	1	0	2.388377
717	7080	0	0	0	1	0	2.620637
718	7095	0	0	0	0	0	1.751923
719	7106	0	0	0	2	0	1.366609
720	7113	0	0	0	1	0	2.493857
721	7122	0	0	0	0	0	1.756976
722	7138	0	0	0	0	0	1.036441
723	7144	0	0	0	2	0	1.470152
724	7149	0	0	0	0	0	1.579381
725	7163	0	0	0	1	0	1.036008
726	7172	0	0	0	0	0	2.440472
727	7178	0	0	0	0	0	2.968841
728	7186	0	0	0	2	0	2.729025
729	7192	0	0	0	1	0	1.093898
730	7201	0	0	0	0	0	2.191240
731	7209	0	0	0	2	0	2.007825
732	7219	0	0	0	2	0	1.826991
733	7226	0	0	0	0	0	2.279411
734	7240	0	0	0	2	0	1.169534
735	7247	0	0	0	0	0	1.883562
736	7252	0	0	0	0	0	1.463381
737	7268	0	0	0	1	0	2.280324
738	7272	0	0	0	0	0	1.856056
739	7277	0	0	0	2	0	2.483477
740	7293	0	0	0	0	0	2.890849
741	7299	0	0	0	2	0	1.018393
742	7309	0	0	0	2	0	1.972358
743	7314	0	0	0	0	0	2.854525
744	7324	0	0	0	1	0	1.165911
745	7334	0	0	0	0	0	2.998161
746	7346	0	0	0	2	0	2.012312
747	7353	0	0	0	0	0	1.596740
748	7366	0	0	0	1	0	1.372084
749	7375	0	0	0	2	0	2.090265
750	7384	0	0	0	0	0	2.117892
751	7391	0	0	0	1	0	2.948823
752	7400	0	0	0	0	0	1.340033
753	7412	0	0	0	1	0	1.327963
754	7420	0	0	0	2	0	1.382766
755	7428	0	0	0	1	0	2.083823
756	7440	0	0	0	1	0	1.467140
757	7449	0	0	0	0	0	2.973191
758	7467	0	0	0	1	0	2.570815
759	7477	0	0	0	1	0	1.989039
760	7485	0	0	0	2	0	1.321760
761	7495	0	0	0	2	0	1.760217
762	7504	0	0	0	0	0	2.312236
763	7511	0	0	0	0	0	1.804809
764	7520	0	0	0	0	0	1.517345
765	7532	0	0	0	2	0	1.619380
766	7544	0	0	0	0	0	2.994475
767	7555	0	0	0	0	0	2.106011
768	7563	0	0	0	1	0	2.234311
769	7574	0	0	0	1	0	2.235432
770	7583	0	0	0	2	0	1.592850
771	7590	0	0	0	2	0	2.197414
772	7602	0	0	0	0	0	2.067518
773	7610	0	0	0	2	0	2.175519
774	7623	0	0	0	0	0	2.375943
775	7635	0	0	0	2	0	2.834700
776	7643	0	0	0	0	0	1.549950
777	7658	0	0	0	0	0	1.534006
778	7667	0	0	0	2	0	1.383608
779	7678	0	0	0	0	0	1.470839
780	7687	0	0	0	0	0	2.885964
781	7700	0	0	0	2	0	2.746876
782	7713	0	0	0	1	0	1.002397
783	7720	0	0	0	2	0	1.992560
784	7728	0	0	0	0	0	2.045328
785	7742	0	0	0	1	0	1.543469
786	7755	0	0	0	0	0	1.570804
787	7765	0	0	0	0	0	2.594474
788	7776	0	0	0	1	0	2.587670
789	7788	0	0	0	2	0	1.121209
790	7791	0	0	0	1	0	1.184127
791	7801	0	0	0	1	0	1.098186
792	7817	0	0	0	0	0	1.623602
793	7831	0	0	0	0	0	2.072612
794	7838	0	0	0	2	0	1.250024
795	7842	0	0	0	1	0	1.673183
796	7852	0	0	0	1	0	1.961470
797	7859	0	0	0	2	0	2.109360
798	7872	0	0	0	0	0	1.222864
799	7884	0	0	0	2	0	2.536292
800	7894	0	0	0	0	0	1.285077
801	7906	0	0	0	0	0	2.062068
802	7914	0	0	0	0	0	2.064679
803	7925	0	0	0	1	0	2.360427
804	7931	0	0	0	1	0	2.124832
805	7933	0	0	0	0	0	2.733835
806	7944	0	0	0	1	0	2.022138
807	7952	0	0	0	0	0	2.539688
808	7959	0	0	0	1	0	2.820493
809	7969	0	0	0	1	0	1.248161
810	7982	0	0	0	1	0	2.293530
811	7991	0	0	0	1	0	1.842565
812	8002	0	0	0	0	0	1.642142
813	8016	0	0	0	0	0	1.694657
814	8028	0	0	0	0	0	2.992671
815	8033	0	0	0	1	0	2.581512
816	8047	0	0	0	2	0	1.004648
817	8061	0	0	0	0	0	2.832884
818	8071	0	0	0	0	0	1.660692
819	8083	0	0	0	1	0	1.075744
820	8093	0	0	0	2	0	1.199248
821	8099	0	0	0	0	0	2.215331
822	8105	0	0	0	1	0	2.222180
823	8115	0	0	0	2	0	1.843397
824	8124	0	0	0	0	0	2.151594
825	8133	0	0	0	0	0	1.396795
826	8148	0	0	0	1	0	2.252181
827	8160	0	0	0	0	0	1.679224
828	8173	0	0	0	1	0	2.787283
829	8189	0	0	0	0	0	1.799221
830	8199	0	0	0	0	0	2.251331
831	8209	0	0	0	0	0	2.428689
832	8218	0	0	0	0	0	1.393365
833	8225	0	0	0	2	0	2.210036
834	8232	0	0	0	0	0	2.239130
835	8239	0	0	0	2	0	2.605480
836	8247	0	0	0	1	0	1.042920
837	8256	0	0	0	0	0	2.573588
838	8265	0	0	0	0	0	2.737173
839	8270	0	0	0	0	0	1.354168
840	8278	0	0	0	1	0	2.672733
841	8287	0	0	0	2	0	1.986400
842	8299	0	0	0	0	0	2.137733
843	8306	0	0	0	0	0	1.768874
844	8322	0	0	0	2	0	1.574479
845	8331	0	0	0	2	0	1.547221
846	8337	0	0	0	2	0	1.268610
847	8343	0	0	0	0	0	2.743295
848	8345	0	0	0	2	0	1.804161
849	8354	0	0	0	2	0	1.111900
850	8360	0	0	0	0	0	2.742255
851	8368	0	0	0	0	0	2.894475
852	8380	0	0	0	0	0	2.783891
853	8390	0	0	0	2	0	1.632683
854	8403	0	0	0	0	0	2.284249
855	8412	0	0	0	1	0	1.890182
856	8422	0	0	0	2	0	2.847278
857	8427	0	0	0	0	0	2.407718
858	8438	0	0	0	1	0	1.250724
859	8447	0	0	0	1	0	1.163582
860	8458	0	0	0	0	0	2.945510
861	8468	0	0	0	2	0	1.847840
862	8475	0	0	0	1	0	1.299262
863	8478	0	0	0	0	0	1.693140
864	8486	0	0	0	2	0	2.239510
865	8492	0	0	0	1	0	2.177502
866	8503	0	0	0	0	0	1.112596
867	8513	0	0	0	2	0	1.087712
868	8518	0	0	0	1	0	1.676439
869	8526	0	0	0	0	0	2.615949
870	8536	0	0	0	0	0	2.260411
871	8541	0	0	0	1	0	2.282557
872	8552	0	0	0	2	0	1.668788
873	8564	0	0	0	0	0	1.556838
874	8574	0	0	0	0	0	2.715581
875	8582	0	0	0	2	0	1.719495
876	8589	0	0	0	0	0	1.115802
877	8603	0	0	0	2	0	1.173112
878	8614	0	0	0	2	0	1.634719
879	8623	0	0	0	2	0	1.304786
880	8632	0	0	0	1	0	2.295212
881	8647	0	0	0	1	0	2.348252
882	8654	0	0	0	1	0	1.358381
883	8658	0	0	0	2	0	1.109490
884	8674	0	0	0	2	0	2.234261
885	8688	0	0	0	2	0	2.016945
886	8697	0	0	0	0	0	1.347722
887	8704	0	0	0	2	0	2.073871
888	8713	0	0	0	0	0	1.603111
889	8726	0	0	0	1	0	2.186164
890	8737	0	0	0	2	0	1.986614
891	8747	0	0	0	0	0	2.949969
892	8758	0	0	0	0	0	1.924070
893	8766	0	0	0	2	0	1.208179
894	8775	0	0	0	1	0	1.495435
895	8790	0	0	0	0	0	2.025349
896	8804	0	0	0	0	0	1.975423
897	8819	0	0	0	1	0	1.458251
898	8833	0	0	0	0	0	2.561547
899	8839	0	0	0	1	0	1.961749
900	8848	0	0	0	2	0	1.274806
901	8859	0	0	0	1	0	1.761130
902	8874	0	0	0	0	0	2.703275
903	8882	0	0	0	2	0	2.770032
904	8888	0	0	0	2	0	2.518238
905	8894	0	0	0	0	0	1.663473
906	8898	0	0	0	0	0	2.925234
907	8905	0	0	0	1	0	2.419320
908	8913	0	0	0	2	0	2.318846
909	8919	0	0	0	1	0	1.258529
910	8934	0	0	0	0	0	1.543155
911	8945	0	0	0	0	0	2.467937
912	8954	0	0	0	1	0	1.381125
913	8964	0	0	0	0	0	2.641101
914	8980	0	0	0	1	0	2.357355
915	8992	0	0	0	1	0	1.764147
916	9000	0	0	0	0	0	1.878423
917	9011	0	0	0	0	0	1.047906
918	9022	0	0	0	2	0	2.346465
919	9033	0	0	0	2	0	2.377212
920	9050	0	0	0	1	0	2.326311
921	9059	0	0	0	1	0	1.180375
922	9070	0	0	0	1	0	2.889375
923	9079	0	0	0	0	0	2.377378
924	9087	0	0	0	0	0	1.852564
925	9093	0	0	0	0	0	1.810367
926	9103	0	0	0	0	0	1.276137
927	9112	0	0	0	1	0	1.225297
928	9120	0	0	0	0	0	2.116098
929	9127	0	0	0	1	0	1.510085
930	9137	0	0	0	2	0	2.369010
931	9153	0	0	0	0	0	2.967677
932	9165	0	0	0	0	0	2.067218
933	9177	0	0	0	2	0	1.370906
934	9186	0	0	0	1	0	2.648775
935	9196	0	0	0	0	0	1.419061
936	9209	0	0	0	1	0	2.345239
937	9216	0	0	0	0	0	1.352543
938	9227	0	0	0	2	0	1.860291
939	9234	0	0	0	2	0	1.187331
940	9248	0	0	0	0	0	1.592191
941	9258	0	0	0	1	0	1.618027
942	9271	0	0	0	2	0	2.732774
943	9280	0	0	0	1	0	1.317558
944	9289	0	0	0	0	0	1.013480
945	9299	0	0	0	0	0	1.177895
946	9314	0	0	0	0	0	2.574948
947	9321	0	0	0	0	0	2.083065
948	9330	0	0	0	2	0	1.750150
949	9344	0	0	0	2	0	2.922668
950	9358	0	0	0	1	0	2.977831
951	9369	0	0	0	2	0	1.241950
952	9382	0	0	0	2	0	1.895400
953	9391	0	0	0	1	0	2.827556
954	9398	0	0	0	1	0	1.415795
955	9408	0	0	0	1	0	2.512682
956	9420	0	0	0	1	0	2.928582
957	9431	0	0	0	2	0	2.939634
958	9438	0	0	0	1	0	2.771135
959	9448	0	0	0	0	0	1.539181
960	9454	0	0	0	0	0	1.753860
961	9463	0	0	0	0	0	2.784180
962	9475	0	0	0	2	0	2.597819
963	9485	0	0	0	1	0	2.261995
964	9496	0	0	0	0	0	2.147614
965	9504	0	0	0	0	0	1.903450
966	9512	0	0	0	0	0	1.948564
967	9521	0	0	0	2	0	1.628196
968	9526	0	0	0	1	0	1.294889
969	9532	0	0	0	2	0	1.808933
970	9540	0	0	0	2	0	1.357660
971	9552	0	0	0	1	0	2.533262
972	9561	0	0	0	1	0	1.953764
973	9564	0	0	0	0	0	1.351942
974	9571	0	0	0	1	0	1.045353
975	9582	0	0	0	0	0	1.047478
976	9592	0	0	0	2	0	1.536211
977	9609	0	0	0	0	0	2.086501
978	9616	0	0	0	2	0	1.781411
979	9626	0	0	0	0	0	1.371093
980	9630	0	0	0	2	0	2.778214
981	9637	0	0	0	0	0	1.980605
982	9644	0	0	0	2	0	1.220216
983	9653	0	0	0	2	0	1.392446
984	9661	0	0	0	1	0	2.324852
985	9667	0	0	0	1	0	2.433228
986	9673	0	0	0	2	0	1.230256
987	9684	0	0	0	1	0	2.644518
988	9696	0	0	0	0	0	2.615648
989	9705	0	0	0	0	0	2.914780
990	9713	0	0	0	2	0	2.081097
991	9727	0	0	0	0	0	2.868458
992	9736	0	0	0	2	0	1.061043
993	9743	0	0	0	1	0	2.256671
994	9755	0	0	0	1	0	1.717339
995	9765	0	0	0	1	0	2.590658
996	9775	0	0	0	0	0	1.780080
997	9780	0	0	0	1	0	2.234168
998	9788	0	0	0	0	0	2.581118
999	9797	0	0	0	1	0	1.115819
