0	1	0	0	0	0	0	1.987118
1	12	0	0	0	0	0	2.723511
2	20	0	0	0	1	0	2.430482
3	31	0	0	0	2	0	2.157488
4	49	0	0	0	2	0	1.557256
5	56	0	0	0	2	0	2.713102
6	65	0	0	0	1	0	2.605641
7	72	0	0	0	1	0	1.982051
8	80	0	0	0	1	0	1.815350
9	89	0	0	0	2	0	2.642263
10	100	0	0	0	2	0	2.520458
11	107	0	0	0	1	0	2.785465
12	116	0	0	0	0	0	1.522745
13	123	0	0	0	1	0	2.989439
14	128	0	0	0	0	0	2.297952
15	142	0	0	0	2	0	2.626478
16	150	0	0	0	1	0	2.738258
17	159	0	0	0	0	0	1.470601
18	166	0	0	0	0	0	1.973608
19	179	0	0	0	2	0	1.792380
20	195	0	0	0	0	0	2.632625
21	205	0	0	0	1	0	1.287431
22	217	0	0	0	2	0	1.376386
23	225	0	0	0	2	0	1.121454
24	234	0	0	0	0	0	1.806884
25	242	0	0	0	2	0	2.868575
26	250	0	0	0	1	0	1.138013
27	264	0	0	0	2	0	1.586211
28	268	0	0	0	0	0	2.105040
29	277	0	0	0	0	0	2.147824
30	291	0	0	0	1	0	1.808981
31	299	0	0	0	0	0	2.075631
32	306	0	0	0	1	0	2.671284
33	316	0	0	0	1	0	1.026422
34	324	0	0	0	2	0	2.298534
35	334	0	0	0	1	0	1.044874
36	344	0	0	0	1	0	2.978545
37	354	0	0	0	0	0	1.705188
38	366	0	0	0	1	0	2.206854
39	374	0	0	0	0	0	1.298892
40	384	0	0	0	1	0	2.623567
41	398	0	0	0	0	0	1.701336
42	410	0	0	0	0	0	2.317663
43	421	0	0	0	2	0	2.995294
44	430	0	0	0	1	0	1.723666
45	435	0	0	0	0	0	1.800733
46	446	0	0	0	1	0	2.852972
47	460	0	0	0	1	0	2.618640
48	467	0	0	0	0	0	1.568338
49	476	0	0	0	1	0	2.675675
50	486	0	0	0	0	0	2.733029
51	497	0	0	0	2	0	1.373026
52	508	0	0	0	0	0	2.883097
53	520	0	0	0	0	0	1.639627
54	527	0	0	0	1	0	1.764071
55	538	0	0	0	1	0	2.063312
56	544	0	0	0	0	0	2.405925
57	553	0	0	0	0	0	2.929923
58	567	0	0	0	1	0	2.221517
59	577	0	0	0	1	0	1.385746
60	579	0	0	0	1	0	1.570434
61	586	0	0	0	1	0	1.584563
62	600	0	0	0	2	0	2.503764
63	611	0	0	0	1	0	1.999321
64	619	0	0	0	0	0	2.097656
65	634	0	0	0	1	0	2.097303
66	645	0	0	0	0	0	2.043136
67	659	0	0	0	1	0	1.913699
68	672	0	0	0	0	0	2.414181
69	677	0	0	0	0	0	2.751434
70	692	0	0	0	1	0	1.224350
71	703	0	0	0	0	0	1.456498
72	712	0	0	0	0	0	2.149213
73	724	0	0	0	0	0	2.620159
74	739	0	0	0	1	0	2.864627
75	743	0	0	0	2	0	1.606286
76	753	0	0	0	2	0	1.645867
77	762	0	0	0	1	0	2.836344
78	775	0	0	0	2	0	2.796357
79	784	0	0	0	0	0	2.094244
80	792	0	0	0	1	0	2.405680
81	806	0	0	0	2	0	1.463693
82	816	0	0	0	0	0	1.641310
83	819	0	0	0	0	0	2.821627
84	833	0	0	0	0	0	1.644271
85	847	0	0	0	2	0	2.873315
86	858	0	0	0	1	0	1.572069
87	863	0	0	0	1	0	1.146459
88	873	0	0	0	1	0	1.526408
89	878	0	0	0	0	0	1.933434
90	885	0	0	0	1	0	2.753281
91	898	0	0	0	0	0	2.556385
92	907	0	0	0	2	0	1.927309
93	927	0	0	0	0	0	2.369816
94	941	0	0	0	1	0	2.883228
95	948	0	0	0	2	0	2.565200
96	957	0	0	0	1	0	2.513035
97	963	0	0	0	2	0	1.769869
98	971	0	0	0	0	0	1.249401
99	983	0	0	0	2	0	2.365813
100	999	0	0	0	1	0	2.870537
101	1010	0	0	0	1	0	2.987925
102	1021	0	0	0	1	0	1.174474
103	1033	0	0	0	0	0	2.579398
104	1038	0	0	0	0	0	2.822856
105	1048	0	0	0	0	0	1.769474
106	1056	0	0	0	0	0	2.025538
107	1063	0	0	0	0	0	2.236915
108	1068	0	0	0	1	0	2.239951
109	1078	0	0	0	1	0	1.831001
110	1086	0	0	0	0	0	2.104311
111	1091	0	0	0	1	0	2.465560
112	1101	0	0	0	1	0	1.378441
113	1111	0	0	0	1	0	1.484264
114	1117	0	0	0	2	0	2.604655
115	1121	0	0	0	1	0	1.383886
116	1128	0	0	0	1	0	1.695272
117	1137	0	0	0	2	0	2.110882
118	1146	0	0	0	0	0	2.777174
119	1158	0	0	0	0	0	2.220559
120	1166	0	0	0	1	0	1.374468
121	1174	0	0	0	1	0	1.992183
122	1182	0	0	0	0	0	1.630089
123	1192	0	0	0	0	0	1.215495
124	1200	0	0	0	2	0	2.118218
125	1214	0	0	0	1	0	2.221484
126	1224	0	0	0	2	0	1.090495
127	1236	0	0	0	0	0	2.238284
128	1243	0	0	0	2	0	2.434721
129	1246	0	0	0	0	0	1.929206
130	1255	0	0	0	1	0	2.087552
131	1262	0	0	0	2	0	2.780296
132	1269	0	0	0	2	0	1.995364
133	1280	0	0	0	1	0	1.907228
134	1288	0	0	0	1	0	2.095288
135	1301	0	0	0	0	0	2.382399
136	1309	0	0	0	1	0	1.538034
137	1322	0	0	0	0	0	2.587731
138	1333	0	0	0	1	0	2.768406
139	1341	0	0	0	0	0	1.320010
140	1354	0	0	0	2	0	1.073544
141	1360	0	0	0	0	0	1.133320
142	1374	0	0	0	0	0	2.964897
143	1385	0	0	0	0	0	2.946717
144	1397	0	0	0	0	0	1.563043
145	1411	0	0	0	0	0	2.418532
146	1421	0	0	0	0	0	1.897069
147	1431	0	0	0	1	0	2.693927
148	1439	0	0	0	2	0	1.919986
149	1451	0	0	0	1	0	1.352421
150	1460	0	0	0	1	0	2.211791
151	1476	0	0	0	2	0	2.872563
152	1485	0	0	0	0	0	2.326920
153	1494	0	0	0	0	0	1.204953
154	1509	0	0	0	2	0	1.722155
155	1522	0	0	0	1	0	2.996746
156	1534	0	0	0	1	0	2.250209
157	1542	0	0	0	2	0	1.573038
158	1555	0	0	0	2	0	2.203518
159	1564	0	0	0	0	0	1.576370
160	1575	0	0	0	2	0	2.620798
161	1585	0	0	0	1	0	2.424355
162	1589	0	0	0	0	0	2.767337
163	1598	0	0	0	0	0	2.645108
164	1610	0	0	0	2	0	2.964896
165	1624	0	0	0	1	0	2.821990
166	1631	0	0	0	0	0	1.598787
167	1642	0	0	0	2	0	1.833322
168	1647	0	0	0	1	0	1.113326
169	1658	0	0	0	0	0	1.207205
170	1672	0	0	0	1	0	2.434968
171	1681	0	0	0	0	0	2.870161
172	1690	0	0	0	1	0	2.646103
173	1702	0	0	0	0	0	1.727690
174	1712	0	0	0	0	0	2.061640
175	1731	0	0	0	1	0	2.210995
176	1734	0	0	0	2	0	1.594289
177	1740	0	0	0	0	0	1.108589
178	1750	0	0	0	2	0	2.447823
179	1761	0	0	0	0	0	2.531977
180	1770	0	0	0	0	0	1.713472
181	1780	0	0	0	1	0	1.204097
182	1794	0	0	0	0	0	2.876417
183	1801	0	0	0	0	0	2.057351
184	1809	0	0	0	2	0	2.951852
185	1819	0	0	0	1	0	2.282075
186	1833	0	0	0	0	0	2.044767
187	1845	0	0	0	1	0	1.490136
188	1859	0	0	0	0	0	1.191220
189	1871	0	0	0	1	0	2.351537
190	1881	0	0	0	0	0	1.547457
191	1889	0	0	0	2	0	2.399778
192	1906	0	0	0	0	0	2.332854
193	1920	0	0	0	1	0	1.114025
194	1932	0	0	0	1	0	2.388396
195	1938	0	0	0	0	0	2.120866
196	1941	0	0	0	2	0	2.133423
197	1952	0	0	0	1	0	1.024856
198	1958	0	0	0	1	0	1.628486
199	1968	0	0	0	2	0	2.057641
200	1976	0	0	0	1	0	2.519523
201	1984	0	0	0	2	0	2.449103
202	1990	0	0	0	2	0	1.716541
203	1999	0	0	0	1	0	1.967939
204	2010	0	0	0	1	0	1.930988
205	2017	0	0	0	1	0	2.667328
206	2026	0	0	0	0	0	1.387954
207	2030	0	0	0	2	0	2.687156
208	2043	0	0	0	2	0	2.673522
209	2049	0	0	0	0	0	2.794876
210	2060	0	0	0	0	0	2.583195
211	2066	0	0	0	2	0	2.751951
212	2075	0	0	0	0	0	1.505241
213	2091	0	0	0	2	0	2.719481
214	2101	0	0	0	0	0	1.452023
215	2106	0	0	0	1	0	1.654718
216	2114	0	0	0	0	0	2.609641
217	2122	0	0	0	2	0	1.361559
218	2131	0	0	0	0	0	2.400607
219	2138	0	0	0	2	0	1.918005
220	2148	0	0	0	1	0	1.265290
221	2158	0	0	0	0	0	2.989919
222	2164	0	0	0	0	0	2.491670
223	2175	0	0	0	1	0	1.103397
224	2187	0	0	0	0	0	2.939124
225	2199	0	0	0	2	0	1.387249
226	2208	0	0	0	1	0	1.568636
227	2219	0	0	0	0	0	2.616708
228	2224	0	0	0	0	0	2.556322
229	2231	0	0	0	0	0	2.015964
230	2239	0	0	0	0	0	2.053274
231	2250	0	0	0	1	0	2.187776
232	2256	0	0	0	2	0	1.868573
233	2262	0	0	0	1	0	1.812206
234	2272	0	0	0	1	0	2.986613
235	2285	0	0	0	2	0	2.322782
236	2294	0	0	0	1	0	1.488042
237	2303	0	0	0	0	0	2.870346
238	2309	0	0	0	1	0	2.156850
239	2321	0	0	0	1	0	1.021076
240	2327	0	0	0	1	0	1.257901
241	2332	0	0	0	1	0	2.450519
242	2341	0	0	0	0	0	2.350880
243	2348	0	0	0	0	0	1.464225
244	2354	0	0	0	1	0	1.510036
245	2359	0	0	0	1	0	2.940336
246	2371	0	0	0	1	0	2.409843
247	2379	0	0	0	0	0	1.528198
248	2387	0	0	0	0	0	2.656960
249	2400	0	0	0	1	0	1.196736
250	2410	0	0	0	0	0	2.065530
251	2423	0	0	0	0	0	1.528632
252	2429	0	0	0	2	0	1.575961
253	2441	0	0	0	1	0	1.699186
254	2448	0	0	0	1	0	2.001704
255	2455	0	0	0	0	0	2.422640
256	2465	0	0	0	2	0	1.349240
257	2473	0	0	0	1	0	1.350143
258	2487	0	0	0	0	0	2.042054
259	2503	0	0	0	0	0	2.981297
260	2512	0	0	0	0	0	1.183836
261	2517	0	0	0	0	0	1.702943
262	2525	0	0	0	2	0	1.726397
263	2531	0	0	0	0	0	2.122769
264	2540	0	0	0	2	0	1.704266
265	2551	0	0	0	0	0	2.457502
266	2559	0	0	0	1	0	1.705257
267	2577	0	0	0	2	0	1.935575
268	2583	0	0	0	0	0	1.018800
269	2592	0	0	0	1	0	2.111783
270	2599	0	0	0	0	0	1.235599
271	2612	0	0	0	0	0	2.648151
272	2621	0	0	0	1	0	1.799956
273	2637	0	0	0	0	0	2.041894
274	2644	0	0	0	0	0	1.838192
275	2656	0	0	0	1	0	1.698884
276	2667	0	0	0	0	0	1.564307
277	2683	0	0	0	0	0	2.844303
278	2695	0	0	0	2	0	2.067070
279	2706	0	0	0	2	0	2.889568
280	2717	0	0	0	0	0	1.508533
281	2726	0	0	0	0	0	2.989496
282	2733	0	0	0	2	0	1.861088
283	2744	0	0	0	2	0	2.699272
284	2753	0	0	0	2	0	2.203232
285	2758	0	0	0	2	0	1.374675
286	2763	0	0	0	0	0	1.636239
287	2774	0	0	0	2	0	1.337164
288	2783	0	0	0	0	0	2.827594
289	2789	0	0	0	1	0	1.149582
290	2791	0	0	0	1	0	2.284426
291	2800	0	0	0	0	0	2.415961
292	2816	0	0	0	2	0	2.247130
293	2823	0	0	0	1	0	2.504331
294	2828	0	0	0	1	0	2.310332
295	2840	0	0	0	1	0	2.369399
296	2850	0	0	0	2	0	2.139035
297	2859	0	0	0	1	0	2.324497
298	2865	0	0	0	1	0	1.861359
299	2876	0	0	0	1	0	2.768421
300	2886	0	0	0	0	0	2.157468
301	2898	0	0	0	0	0	2.264096
302	2916	0	0	0	0	0	2.736459
303	2925	0	0	0	1	0	2.374511
304	2939	0	0	0	1	0	2.220147
305	2950	0	0	0	0	0	1.111559
306	2954	0	0	0	1	0	1.747631
307	2963	0	0	0	0	0	2.692670
308	2974	0	0	0	2	0	1.790981
309	2985	0	0	0	0	0	2.109634
310	2994	0	0	0	0	0	1.538196
311	3003	0	0	0	1	0	2.585202
312	3014	0	0	0	1	0	1.240148
313	3021	0	0	0	0	0	2.364121
314	3029	0	0	0	1	0	1.656393
315	3031	0	0	0	2	0	2.320198
316	3045	0	0	0	1	0	2.730208
317	3055	0	0	0	1	0	1.522664
318	3066	0	0	0	1	0	1.034729
319	3078	0	0	0	0	0	1.093998
320	3086	0	0	0	1	0	1.850051
321	3100	0	0	0	0	0	2.587317
322	3107	0	0	0	1	0	2.721754
323	3115	0	0	0	2	0	1.500494
324	3126	0	0	0	0	0	2.427867
325	3138	0	0	0	1	0	2.814205
326	3149	0	0	0	2	0	2.028907
327	3163	0	0	0	2	0	1.211009
328	3170	0	0	0	0	0	1.685006
329	3181	0	0	0	2	0	2.312259
330	3191	0	0	0	1	0	2.861188
331	3199	0	0	0	1	0	2.489261
332	3205	0	0	0	0	0	2.460574
333	3213	0	0	0	1	0	2.511586
334	3227	0	0	0	1	0	2.016809
335	3236	0	0	0	1	0	2.196390
336	3246	0	0	0	1	0	1.161886
337	3266	0	0	0	0	0	1.660928
338	3276	0	0	0	1	0	1.386187
339	3284	0	0	0	1	0	1.128644
340	3300	0	0	0	0	0	1.997933
341	3309	0	0	0	0	0	2.532249
342	3317	0	0	0	0	0	2.316796
343	3324	0	0	0	0	0	1.591721
344	3334	0	0	0	1	0	1.721145
345	3342	0	0	0	1	0	1.361462
346	3354	0	0	0	1	0	1.832869
347	3359	0	0	0	0	0	2.865574
348	3366	0	0	0	2	0	2.982242
349	3371	0	0	0	2	0	2.217601
350	3379	0	0	0	2	0	2.665651
351	3394	0	0	0	2	0	1.176442
352	3406	0	0	0	2	0	1.337290
353	3418	0	0	0	1	0	2.869950
354	3430	0	0	0	2	0	2.274915
355	3442	0	0	0	1	0	2.980053
356	3456	0	0	0	1	0	2.799568
357	3468	0	0	0	1	0	2.762368
358	3481	0	0	0	0	0	1.079462
359	3491	0	0	0	1	0	2.435856
360	3498	0	0	0	0	0	2.143809
361	3507	0	0	0	0	0	2.064509
362	3513	0	0	0	1	0	1.687216
363	3523	0	0	0	0	0	2.472504
364	3529	0	0	0	0	0	1.931959
365	3542	0	0	0	0	0	1.082391
366	3552	0	0	0	0	0	1.120189
367	3555	0	0	0	0	0	2.207239
368	3561	0	0	0	0	0	1.004470
369	3568	0	0	0	1	0	1.898069
370	3581	0	0	0	0	0	1.016680
371	3589	0	0	0	0	0	1.358235
372	3596	0	0	0	1	0	2.454984
373	3608	0	0	0	0	0	1.623722
374	3613	0	0	0	1	0	1.456171
375	3621	0	0	0	1	0	2.673476
376	3635	0	0	0	1	0	1.637099
377	3642	0	0	0	1	0	1.179908
378	3653	0	0	0	1	0	1.167477
379	3662	0	0	0	0	0	1.582048
380	3670	0	0	0	2	0	1.641222
381	3676	0	0	0	1	0	1.010649
382	3686	0	0	0	0	0	1.866773
383	3694	0	0	0	0	0	2.546881
384	3712	0	0	0	1	0	2.920925
385	3722	0	0	0	0	0	2.263819
386	3731	0	0	0	1	0	2.555615
387	3740	0	0	0	0	0	1.595881
388	3748	0	0	0	1	0	1.146987
389	3758	0	0	0	0	0	1.288393
390	3768	0	0	0	0	0	1.455957
391	3776	0	0	0	2	0	2.793487
392	3786	0	0	0	0	0	2.365493
393	3791	0	0	0	0	0	2.859190
394	3802	0	0	0	2	0	1.747082
395	3813	0	0	0	2	0	1.961127
396	3826	0	0	0	1	0	1.583715
397	3838	0	0	0	0	0	2.735037
398	3847	0	0	0	0	0	2.622330
399	3858	0	0	0	2	0	1.250066
400	3871	0	0	0	2	0	1.516314
401	3884	0	0	0	1	0	1.437754
402	3900	0	0	0	0	0	1.372620
403	3912	0	0	0	0	0	2.775896
404	3915	0	0	0	0	0	2.271306
405	3922	0	0	0	1	0	2.315019
406	3932	0	0	0	0	0	2.580513
407	3940	0	0	0	2	0	1.704886
408	3953	0	0	0	0	0	1.868046
409	3969	0	0	0	2	0	1.237470
410	3988	0	0	0	0	0	2.395207
411	4001	0	0	0	1	0	1.982476
412	4012	0	0	0	0	0	2.009929
413	4023	0	0	0	1	0	1.344338
414	4031	0	0	0	2	0	1.532583
415	4039	0	0	0	1	0	2.495591
416	4046	0	0	0	2	0	1.497180
417	4058	0	0	0	2	0	2.092965
418	4065	0	0	0	0	0	2.878826
419	4071	0	0	0	0	0	2.001751
420	4078	0	0	0	1	0	1.750133
421	4082	0	0	0	2	0	2.579928
422	4092	0	0	0	2	0	2.284625
423	4107	0	0	0	0	0	2.229716
424	4116	0	0	0	0	0	2.274391
425	4125	0	0	0	0	0	1.165733
426	4134	0	0	0	2	0	1.864867
427	4144	0	0	0	0	0	2.955508
428	4156	0	0	0	0	0	2.172695
429	4165	0	0	0	1	0	1.138756
430	4176	0	0	0	1	0	2.103759
431	4191	0	0	0	1	0	1.584017
432	4200	0	0	0	0	0	2.017284
433	4216	0	0	0	0	0	1.776180
434	4232	0	0	0	1	0	2.636602
435	4241	0	0	0	0	0	1.869854
436	4251	0	0	0	1	0	2.790956
437	4263	0	0	0	1	0	2.980421
438	4274	0	0	0	2	0	1.143134
439	4276	0	0	0	0	0	2.147141
440	4287	0	0	0	1	0	2.229913
441	4299	0	0	0	0	0	2.786655
442	4306	0	0	0	2	0	2.799844
443	4313	0	0	0	1	0	1.279410
444	4326	0	0	0	0	0	2.569690
445	4338	0	0	0	2	0	1.203268
446	4348	0	0	0	0	0	2.675734
447	4353	0	0	0	1	0	1.484268
448	4356	0	0	0	1	0	2.721836
449	4364	0	0	0	0	0	2.267263
450	4379	0	0	0	0	0	1.122299
451	4390	0	0	0	0	0	2.037079
452	4405	0	0	0	2	0	2.591529
453	4413	0	0	0	1	0	2.070276
454	4423	0	0	0	1	0	1.703033
455	4432	0	0	0	2	0	2.764194
456	4435	0	0	0	0	0	1.419490
457	4449	0	0	0	2	0	2.533788
458	4454	0	0	0	1	0	2.062596
459	4459	0	0	0	1	0	1.178610
460	4465	0	0	0	1	0	2.020584
461	4471	0	0	0	1	0	1.692279
462	4477	0	0	0	2	0	2.777710
463	4488	0	0	0	2	0	2.294163
464	4499	0	0	0	1	0	1.017816
465	4510	0	0	0	0	0	2.585272
466	4523	0	0	0	0	0	1.866386
467	4534	0	0	0	1	0	2.652112
468	4544	0	0	0	0	0	2.922873
469	4552	0	0	0	0	0	2.821803
470	4559	0	0	0	0	0	1.496043
471	4572	0	0	0	1	0	2.175505
472	4578	0	0	0	0	0	2.646844
473	4584	0	0	0	1	0	2.709905
474	4590	0	0	0	1	0	2.644097
475	4599	0	0	0	1	0	2.019112
476	4614	0	0	0	2	0	1.038217
477	4625	0	0	0	1	0	1.377147
478	4637	0	0	0	2	0	1.520168
479	4647	0	0	0	0	0	1.189118
480	4653	0	0	0	2	0	1.651259
481	4659	0	0	0	1	0	1.028891
482	4672	0	0	0	0	0	2.359092
483	4683	0	0	0	0	0	1.233391
484	4688	0	0	0	0	0	2.722065
485	4699	0	0	0	0	0	1.528147
486	4712	0	0	0	1	0	1.415830
487	4726	0	0	0	2	0	2.804606
488	4738	0	0	0	2	0	1.228262
489	4749	0	0	0	1	0	1.749394
490	4757	0	0	0	0	0	2.546613
491	4768	0	0	0	1	0	2.640502
492	4777	0	0	0	0	0	2.723339
493	4787	0	0	0	0	0	2.572836
494	4793	0	0	0	0	0	1.483155
495	4804	0	0	0	0	0	1.472111
496	4813	0	0	0	2	0	2.124977
497	4823	0	0	0	2	0	2.308139
498	4828	0	0	0	1	0	1.673708
499	4845	0	0	0	0	0	2.144558
500	4857	0	0	0	2	0	1.542492
501	4863	0	0	0	0	0	2.363552
502	4873	0	0	0	2	0	1.783243
503	4885	0	0	0	2	0	1.448409
504	4896	0	0	0	1	0	1.068954
505	4906	0	0	0	1	0	2.288976
506	4917	0	0	0	1	0	2.127587
507	4924	0	0	0	1	0	2.623004
508	4937	0	0	0	0	0	2.152374
509	4954	0	0	0	1	0	1.235865
510	4963	0	0	0	1	0	2.062595
511	4977	0	0	0	0	0	1.283823
512	4991	0	0	0	1	0	2.928440
513	5002	0	0	0	0	0	2.355537
514	5009	0	0	0	2	0	1.798507
515	5020	0	0	0	1	0	2.979415
516	5026	0	0	0	0	0	2.426406
517	5037	0	0	0	2	0	2.555312
518	5049	0	0	0	1	0	1.170737
519	5063	0	0	0	1	0	2.500943
520	5070	0	0	0	0	0	1.295324
521	5084	0	0	0	1	0	1.100493
522	5096	0	0	0	1	0	1.556952
523	5110	0	0	0	1	0	2.388040
524	5122	0	0	0	2	0	1.166594
525	5131	0	0	0	0	0	2.375767
526	5142	0	0	0	2	0	2.487673
527	5149	0	0	0	2	0	2.627286
528	5155	0	0	0	2	0	2.102747
529	5166	0	0	0	0	0	1.587764
530	5174	0	0	0	1	0	2.226894
531	5184	0	0	0	1	0	2.562629
532	5198	0	0	0	0	0	1.958521
533	5207	0	0	0	0	0	1.197813
534	5218	0	0	0	0	0	2.728913
535	5236	0	0	0	0	0	2.620776
536	5241	0	0	0	0	0	2.162378
537	5252	0	0	0	2	0	2.481305
538	5259	0	0	0	0	0	1.200563
539	5265	0	0	0	0	0	1.472524
540	5274	0	0	0	1	0	1.533055
541	5282	0	0	0	2	0	2.444749
542	5288	0	0	0	2	0	2.491429
543	5301	0	0	0	2	0	1.601535
544	5310	0	0	0	1	0	1.130604
545	5325	0	0	0	2	0	1.877144
546	5333	0	0	0	1	0	1.820570
547	5345	0	0	0	0	0	2.387287
548	5352	0	0	0	0	0	1.132608
549	5361	0	0	0	1	0	2.227268
550	5372	0	0	0	1	0	1.172211
551	5384	0	0	0	0	0	2.262760
552	5398	0	0	0	2	0	1.599409
553	5408	0	0	0	1	0	1.739111
554	5420	0	0	0	1	0	2.069904
555	5429	0	0	0	2	0	2.758385
556	5443	0	0	0	0	0	1.180318
557	5459	0	0	0	0	0	2.823379
558	5471	0	0	0	1	0	1.314852
559	5481	0	0	0	2	0	1.757485
560	5492	0	0	0	0	0	2.739042
561	5496	0	0	0	0	0	1.486418
562	5502	0	0	0	0	0	1.562241
563	5507	0	0	0	1	0	1.925032
564	5518	0	0	0	0	0	2.772606
565	5529	0	0	0	2	0	1.833874
566	5542	0	0	0	2	0	2.729614
567	5557	0	0	0	2	0	2.622203
568	5567	0	0	0	2	0	2.992947
569	5580	0	0	0	1	0	2.042409
570	5593	0	0	0	0	0	2.243111
571	5604	0	0	0	1	0	2.128110
572	5614	0	0	0	0	0	1.142154
573	5624	0	0	0	2	0	2.776671
574	5640	0	0	0	2	0	1.633197
575	5653	0	0	0	0	0	1.842335
576	5664	0	0	0	2	0	2.281230
577	5676	0	0	0	0	0	1.770452
578	5688	0	0	0	2	0	1.697288
579	5696	0	0	0	2	0	2.194346
580	5706	0	0	0	2	0	2.488894
581	5718	0	0	0	0	0	2.753142
582	5723	0	0	0	1	0	2.249852
583	5733	0	0	0	0	0	1.578432
584	5746	0	0	0	1	0	1.477993
585	5756	0	0	0	1	0	1.018440
586	5762	0	0	0	2	0	1.958157
587	5773	0	0	0	1	0	2.477462
588	5784	0	0	0	1	0	2.399734
589	5792	0	0	0	0	0	2.039825
590	5808	0	0	0	1	0	2.155220
591	5819	0	0	0	0	0	2.484960
592	5833	0	0	0	1	0	1.515464
593	5848	0	0	0	0	0	1.808973
594	5852	0	0	0	0	0	2.290518
595	5864	0	0	0	0	0	2.732706
596	5873	0	0	0	1	0	1.969410
597	5884	0	0	0	1	0	1.730244
598	5896	0	0	0	2	0	1.637413
599	5912	0	0	0	0	0	1.683862
600	5925	0	0	0	1	0	2.912000
601	5937	0	0	0	0	0	2.564939
602	5944	0	0	0	1	0	1.770790
603	5954	0	0	0	0	0	2.671705
604	5968	0	0	0	1	0	1.044358
605	5979	0	0	0	1	0	1.521943
606	5989	0	0	0	1	0	2.946797
607	6003	0	0	0	0	0	2.600149
608	6015	0	0	0	2	0	1.252452
609	6023	0	0	0	0	0	1.600994
610	6034	0	0	0	2	0	2.840120
611	6043	0	0	0	0	0	2.458725
612	6054	0	0	0	2	0	2.209950
613	6069	0	0	0	2	0	1.343648
614	6077	0	0	0	0	0	2.438251
615	6089	0	0	0	2	0	1.971752
616	6094	0	0	0	2	0	1.962590
617	6103	0	0	0	1	0	1.368923
618	6113	0	0	0	0	0	1.668211
619	6121	0	0	0	1	0	2.260190
620	6133	0	0	0	0	0	2.184683
621	6140	0	0	0	1	0	2.596910
622	6149	0	0	0	1	0	2.981832
623	6160	0	0	0	2	0	1.854913
624	6172	0	0	0	1	0	2.025124
625	6184	0	0	0	1	0	2.782984
626	6191	0	0	0	1	0	1.861199
627	6206	0	0	0	0	0	2.229177
628	6223	0	0	0	1	0	2.617164
629	6232	0	0	0	0	0	1.662573
630	6240	0	0	0	2	0	2.049264
631	6249	0	0	0	0	0	1.689239
632	6258	0	0	0	0	0	2.147435
633	6270	0	0	0	0	0	2.194643
634	6277	0	0	0	0	0	1.502569
635	6284	0	0	0	0	0	2.115568
636	6296	0	0	0	0	0	2.555585
637	6307	0	0	0	1	0	2.769417
638	6315	0	0	0	0	0	2.357212
639	6329	0	0	0	2	0	1.571423
640	6340	0	0	0	2	0	1.013044
641	6354	0	0	0	1	0	2.522194
642	6362	0	0	0	0	0	1.557598
643	6376	0	0	0	2	0	1.329207
644	6383	0	0	0	2	0	2.180669
645	6390	0	0	0	0	0	1.550235
646	6400	0	0	0	1	0	2.409656
647	6416	0	0	0	0	0	1.721524
648	6428	0	0	0	0	0	1.854760
649	6433	0	0	0	0	0	1.477577
650	6437	0	0	0	2	0	1.850163
651	6448	0	0	0	2	0	2.157202
652	6457	0	0	0	1	0	1.995603
653	6463	0	0	0	2	0	1.347201
654	6475	0	0	0	1	0	1.066906
655	6486	0	0	0	2	0	2.179843
656	6501	0	0	0	1	0	2.468996
657	6513	0	0	0	0	0	2.795564
658	6520	0	0	0	0	0	2.388723
659	6531	0	0	0	0	0	2.865638
660	6545	0	0	0	0	0	2.888882
661	6557	0	0	0	0	0	1.507720
662	6566	0	0	0	1	0	1.411389
663	6577	0	0	0	1	0	1.747326
664	6593	0	0	0	1	0	1.710173
665	6603	0	0	0	1	0	1.802499
666	6613	0	0	0	0	0	1.139873
667	6619	0	0	0	2	0	1.277880
668	6630	0	0	0	1	0	1.985936
669	6641	0	0	0	2	0	2.621255
670	6657	0	0	0	1	0	1.755259
671	6669	0	0	0	1	0	1.400993
672	6681	0	0	0	2	0	1.080651
673	6687	0	0	0	0	0	1.351829
674	6696	0	0	0	0	0	2.543736
675	6707	0	0	0	0	0	1.837041
676	6716	0	0	0	1	0	1.781977
677	6726	0	0	0	1	0	1.788203
678	6731	0	0	0	0	0	2.577240
679	6738	0	0	0	0	0	1.003850
680	6747	0	0	0	0	0	1.545609
681	6755	0	0	0	1	0	1.052681
682	6767	0	0	0	0	0	2.682266
683	6782	0	0	0	0	0	1.429967
684	6795	0	0	0	2	0	1.642986
685	6807	0	0	0	2	0	1.388228
686	6814	0	0	0	0	0	1.845536
687	6827	0	0	0	2	0	2.483906
688	6835	0	0	0	1	0	1.098900
689	6849	0	0	0	1	0	1.079243
690	6861	0	0	0	0	0	2.290572
691	6878	0	0	0	1	0	2.621770
692	6884	0	0	0	0	0	2.580555
693	6896	0	0	0	0	0	2.578319
694	6912	0	0	0	2	0	1.362385
695	6927	0	0	0	1	0	1.642927
696	6935	0	0	0	1	0	2.222444
697	6942	0	0	0	2	0	1.240809
698	6947	0	0	0	1	0	2.975902
699	6958	0	0	0	2	0	2.413658
700	6976	0	0	0	1	0	1.175334
701	6987	0	0	0	2	0	2.016187
702	6996	0	0	0	1	0	1.337211
703	7005	0	0	0	1	0	1.219058
704	7012	0	0	0	2	0	2.013555
705	7026	0	0	0	0	0	1.264440
706	7032	0	0	0	1	0	1.808753
707	7036	0	0	0	1	0	2.428472
708	7050	0	0	0	1	0	1.911799
709	7061	0	0	0	2	0	1.835975
710	7072	0	0	0	0	0	2.204849
711	7088	0	0	0	1	0	1.564032
712	7099	0	0	0	2	0	1.966203
713	7112	0	0	0	1	0	1.093629
714	7120	0	0	0	0	0	1.376276
715	7133	0	0	0	2	0	1.457132
716	7136	0	0	0	1	0	1.724423
717	7146	0	0	0	1	0	1.023687
718	7157	0	0	0	0	0	2.838829
719	7163	0	0	0	1	0	1.268749
720	7177	0	0	0	2	0	2.392691
721	7193	0	0	0	1	0	1.501226
722	7206	0	0	0	2	0	2.216125
723	7210	0	0	0	2	0	2.117943
724	7218	0	0	0	2	0	2.784998
725	7224	0	0	0	2	0	2.579676
726	7238	0	0	0	1	0	2.144902
727	7252	0	0	0	0	0	2.703120
728	7263	0	0	0	0	0	2.495139
729	7275	0	0	0	2	0	1.496861
730	7286	0	0	0	1	0	1.121943
731	7299	0	0	0	0	0	1.545721
732	7312	0	0	0	1	0	1.784380
733	7320	0	0	0	0	0	2.175132
734	7328	0	0	0	0	0	2.937034
735	7335	0	0	0	2	0	1.083642
736	7346	0	0	0	1	0	2.879394
737	7359	0	0	0	2	0	1.133044
738	7367	0	0	0	0	0	1.273063
739	7376	0	0	0	2	0	2.211251
740	7389	0	0	0	1	0	2.783580
741	7395	0	0	0	0	0	2.194902
742	7409	0	0	0	0	0	1.009247
743	7422	0	0	0	1	0	2.192818
744	7433	0	0	0	1	0	1.839244
745	7441	0	0	0	2	0	2.324802
746	7452	0	0	0	0	0	2.106624
747	7464	0	0	0	2	0	1.909133
748	7469	0	0	0	0	0	1.756016
749	7473	0	0	0	0	0	1.486101
750	7491	0	0	0	1	0	1.368139
751	7506	0	0	0	0	0	2.794818
752	7511	0	0	0	0	0	2.267366
753	7522	0	0	0	2	0	1.001908
754	7534	0	0	0	1	0	2.116386
755	7542	0	0	0	0	0	1.395799
756	7550	0	0	0	0	0	2.419823
757	7562	0	0	0	0	0	2.333360
758	7570	0	0	0	0	0	2.839528
759	7577	0	0	0	2	0	1.433467
760	7582	0	0	0	2	0	2.612037
761	7589	0	0	0	1	0	2.497182
762	7599	0	0	0	0	0	1.634623
763	7610	0	0	0	0	0	2.808739
764	7621	0	0	0	2	0	1.194663
765	7633	0	0	0	0	0	2.729429
766	7650	0	0	0	2	0	1.496677
767	7660	0	0	0	2	0	1.375804
768	7667	0	0	0	2	0	2.499852
769	7679	0	0	0	1	0	1.141886
770	7687	0	0	0	0	0	2.513156
771	7700	0	0	0	2	0	2.397242
772	7712	0	0	0	1	0	1.989047
773	7723	0	0	0	0	0	1.297816
774	7734	0	0	0	1	0	1.516369
775	7746	0	0	0	0	0	1.483949
776	7754	0	0	0	0	0	2.525359
777	7767	0	0	0	1	0	1.747223
778	7776	0	0	0	1	0	2.058674
779	7788	0	0	0	0	0	2.215729
780	7796	0	0	0	0	0	2.704487
781	7808	0	0	0	1	0	1.893089
782	7818	0	0	0	2	0	1.576352
783	7823	0	0	0	1	0	1.021643
784	7830	0	0	0	2	0	2.230868
785	7836	0	0	0	0	0	2.320415
786	7847	0	0	0	1	0	1.686081
787	7853	0	0	0	0	0	1.747691
788	7861	0	0	0	0	0	1.838603
789	7870	0	0	0	0	0	1.798346
790	7877	0	0	0	0	0	2.060387
791	7891	0	0	0	0	0	2.236762
792	7899	0	0	0	0	0	1.824655
793	7908	0	0	0	0	0	1.458688
794	7922	0	0	0	1	0	2.947601
795	7936	0	0	0	1	0	2.486057
796	7945	0	0	0	2	0	1.803484
797	7952	0	0	0	0	0	1.396560
798	7962	0	0	0	1	0	1.641089
799	7968	0	0	0	0	0	2.036923
800	7978	0	0	0	0	0	2.725947
801	7985	0	0	0	1	0	1.221317
802	7992	0	0	0	0	0	2.920275
803	8006	0	0	0	1	0	2.811868
804	8011	0	0	0	1	0	1.193911
805	8020	0	0	0	2	0	2.582775
806	8035	0	0	0	1	0	1.462408
807	8045	0	0	0	1	0	1.358169
808	8059	0	0	0	0	0	1.017283
809	8062	0	0	0	2	0	1.498423
810	8072	0	0	0	2	0	2.017317
811	8089	0	0	0	1	0	2.278454
812	8104	0	0	0	1	0	1.174921
813	8119	0	0	0	0	0	1.283073
814	8133	0	0	0	1	0	2.624550
815	8139	0	0	0	0	0	2.430223
816	8154	0	0	0	2	0	2.020505
817	8164	0	0	0	0	0	2.081479
818	8176	0	0	0	2	0	1.360834
819	8183	0	0	0	0	0	2.697173
820	8189	0	0	0	0	0	2.888844
821	8197	0	0	0	1	0	2.996232
822	8210	0	0	0	2	0	2.256099
823	8215	0	0	0	1	0	1.493101
824	8222	0	0	0	0	0	1.165925
825	8230	0	0	0	2	0	1.222172
826	8239	0	0	0	1	0	1.147900
827	8246	0	0	0	2	0	1.746591
828	8252	0	0	0	0	0	1.414808
829	8262	0	0	0	2	0	2.793637
830	8277	0	0	0	1	0	2.920004
831	8285	0	0	0	0	0	1.519853
832	8290	0	0	0	0	0	2.814503
833	8299	0	0	0	1	0	2.724229
834	8311	0	0	0	0	0	1.060898
835	8323	0	0	0	1	0	2.018423
836	8339	0	0	0	0	0	1.179578
837	8348	0	0	0	1	0	1.006770
838	8361	0	0	0	2	0	1.858170
839	8370	0	0	0	2	0	1.751060
840	8381	0	0	0	1	0	1.183863
841	8391	0	0	0	1	0	1.173895
842	8400	0	0	0	0	0	2.999611
843	8410	0	0	0	1	0	2.835931
844	8422	0	0	0	0	0	2.965928
845	8428	0	0	0	2	0	1.014152
846	8435	0	0	0	1	0	2.410827
847	8446	0	0	0	0	0	2.176459
848	8451	0	0	0	2	0	1.392525
849	8460	0	0	0	0	0	2.419860
850	8467	0	0	0	0	0	2.955636
851	8481	0	0	0	2	0	2.888698
852	8488	0	0	0	2	0	2.215278
853	8493	0	0	0	1	0	2.191473
854	8499	0	0	0	0	0	1.310386
855	8506	0	0	0	1	0	1.737940
856	8512	0	0	0	1	0	1.696308
857	8523	0	0	0	2	0	1.333389
858	8538	0	0	0	0	0	1.395776
859	8547	0	0	0	0	0	2.298275
860	8559	0	0	0	1	0	1.834525
861	8567	0	0	0	0	0	1.924528
862	8577	0	0	0	0	0	1.088137
863	8586	0	0	0	1	0	1.139857
864	8599	0	0	0	2	0	1.803916
865	8609	0	0	0	0	0	1.141211
866	8621	0	0	0	1	0	2.170168
867	8633	0	0	0	0	0	1.070363
868	8645	0	0	0	1	0	1.848566
869	8662	0	0	0	2	0	1.362949
870	8672	0	0	0	2	0	2.364572
871	8685	0	0	0	2	0	1.037296
872	8692	0	0	0	2	0	1.555019
873	8702	0	0	0	2	0	1.917350
874	8709	0	0	0	0	0	1.960221
875	8720	0	0	0	2	0	1.649557
876	8725	0	0	0	0	0	2.999513
877	8735	0	0	0	2	0	1.420915
878	8745	0	0	0	0	0	2.090222
879	8756	0	0	0	1	0	1.399959
880	8767	0	0	0	2	0	2.769986
881	8775	0	0	0	1	0	2.155939
882	8782	0	0	0	1	0	1.446516
883	8796	0	0	0	0	0	1.856994
884	8800	0	0	0	2	0	2.578847
885	8810	0	0	0	0	0	1.922460
886	8817	0	0	0	0	0	2.625774
887	8831	0	0	0	1	0	1.385095
888	8839	0	0	0	1	0	2.533815
889	8851	0	0	0	2	0	2.467708
890	8862	0	0	0	1	0	2.485050
891	8872	0	0	0	1	0	1.420366
892	8881	0	0	0	0	0	2.198184
893	8889	0	0	0	1	0	2.906640
894	8897	0	0	0	0	0	1.685592
895	8904	0	0	0	1	0	1.338955
896	8922	0	0	0	2	0	2.007941
897	8935	0	0	0	2	0	2.862718
898	8940	0	0	0	0	0	1.973648
899	8948	0	0	0	2	0	2.189298
900	8955	0	0	0	0	0	1.872616
901	8963	0	0	0	0	0	2.388174
902	8974	0	0	0	1	0	1.773268
903	8988	0	0	0	1	0	2.582919
904	8997	0	0	0	0	0	1.734475
905	9013	0	0	0	0	0	2.188159
906	9024	0	0	0	1	0	2.593526
907	9031	0	0	0	0	0	2.950091
908	9036	0	0	0	0	0	1.678768
909	9042	0	0	0	1	0	1.869780
910	9051	0	0	0	0	0	1.923084
911	9064	0	0	0	0	0	1.608669
912	9066	0	0	0	1	0	2.082471
913	9073	0	0	0	0	0	1.791008
914	9085	0	0	0	0	0	1.591272
915	9094	0	0	0	0	0	1.062112
916	9110	0	0	0	1	0	1.125986
917	9122	0	0	0	1	0	1.408668
918	9132	0	0	0	1	0	2.295255
919	9142	0	0	0	2	0	1.319560
920	9152	0	0	0	0	0	1.949292
921	9159	0	0	0	0	0	1.669500
922	9167	0	0	0	0	0	2.900552
923	9170	0	0	0	2	0	2.840630
924	9182	0	0	0	1	0	1.396375
925	9192	0	0	0	0	0	1.253378
926	9203	0	0	0	0	0	2.750594
927	9215	0	0	0	2	0	2.895965
928	9222	0	0	0	1	0	1.552209
929	9236	0	0	0	2	0	1.692973
930	9247	0	0	0	2	0	2.507556
931	9251	0	0	0	1	0	2.868572
932	9264	0	0	0	2	0	2.164197
933	9275	0	0	0	0	0	1.167697
934	9282	0	0	0	2	0	1.461992
935	9292	0	0	0	1	0	1.781557
936	9302	0	0	0	0	0	1.314551
937	9314	0	0	0	0	0	1.654499
938	9326	0	0	0	2	0	2.751493
939	9334	0	0	0	0	0	1.284301
940	9339	0	0	0	0	0	2.122703
941	9347	0	0	0	2	0	2.189783
942	9362	0	0	0	0	0	2.094211
943	9369	0	0	0	0	0	2.918456
944	9382	0	0	0	1	0	1.453528
945	9400	0	0	0	0	0	2.290699
946	9410	0	0	0	0	0	1.492079
947	9419	0	0	0	0	0	1.183657
948	9427	0	0	0	2	0	1.774099
949	9443	0	0	0	1	0	2.558660
950	9455	0	0	0	0	0	1.856901
951	9469	0	0	0	0	0	2.618113
952	9474	0	0	0	2	0	1.511797
953	9480	0	0	0	1	0	2.438503
954	9490	0	0	0	1	0	1.238862
955	9501	0	0	0	2	0	2.309249
956	9505	0	0	0	1	0	1.903043
957	9514	0	0	0	1	0	1.770838
958	9523	0	0	0	1	0	1.808599
959	9541	0	0	0	0	0	2.568535
960	9552	0	0	0	0	0	2.743619
961	9560	0	0	0	1	0	1.841406
962	9566	0	0	0	0	0	1.730468
963	9578	0	0	0	1	0	1.575003
964	9592	0	0	0	0	0	1.542707
965	9600	0	0	0	1	0	2.095573
966	9610	0	0	0	0	0	2.015158
967	9621	0	0	0	0	0	1.616014
968	9628	0	0	0	2	0	1.552638
969	9640	0	0	0	2	0	1.576525
970	9653	0	0	0	0	0	1.971975
971	9668	0	0	0	0	0	1.861692
972	9675	0	0	0	2	0	2.435458
973	9683	0	0	0	1	0	2.787485
974	9692	0	0	0	1	0	2.836228
975	9704	0	0	0	0	0	1.035216
976	9718	0	0	0	0	0	2.675146
977	9732	0	0	0	1	0	2.248099
978	9742	0	0	0	1	0	1.937731
979	9759	0	0	0	0	0	2.518142
980	9761	0	0	0	1	0	1.547990
981	9771	0	0	0	0	0	1.884179
982	9783	0	0	0	1	0	1.144821
983	9797	0	0	0	0	0	1.841712
984	9803	0	0	0	0	0	1.413355
985	9808	0	0	0	0	0	2.098613
986	9832	0	0	0	0	0	1.206734
987	9840	0	0	0	0	0	1.640763
988	9849	0	0	0	1	0	2.171536
989	9858	0	0	0	0	0	1.607654
990	9865	0	0	0	1	0	1.517652
991	9875	0	0	0	2	0	1.645149
992	9885	0	0	0	2	0	2.831551
993	9892	0	0	0	1	0	1.807326
994	9903	0	0	0	1	0	1.147477
995	9908	0	0	0	2	0	1.394712
996	9916	0	0	0	0	0	1.644604
997	9924	0	0	0	2	0	2.912310
998	9932	0	0	0	0	0	1.813845
999	9940	0	0	0	1	0	2.901847
