0	1	0	0	0	2	0	2.811652
1	10	0	0	0	1	0	1.496542
2	20	0	0	0	2	0	2.844181
3	30	0	0	0	0	0	1.538264
4	38	0	0	0	2	0	2.803509
5	45	0	0	0	2	0	2.154025
6	56	0	0	0	1	0	2.069034
7	66	0	0	0	0	0	2.831791
8	74	0	0	0	1	0	2.229258
9	80	0	0	0	0	0	2.869407
10	89	0	0	0	1	0	2.448587
11	99	0	0	0	1	0	2.357116
12	115	0	0	0	2	0	2.034533
13	118	0	0	0	1	0	1.134668
14	124	0	0	0	0	0	1.901771
15	138	0	0	0	0	0	1.734471
16	148	0	0	0	0	0	1.237007
17	162	0	0	0	1	0	2.378587
18	175	0	0	0	2	0	2.924296
19	180	0	0	0	0	0	1.257952
20	194	0	0	0	1	0	2.297129
21	207	0	0	0	2	0	1.424081
22	221	0	0	0	2	0	2.286997
23	231	0	0	0	2	0	2.456712
24	238	0	0	0	0	0	1.990454
25	248	0	0	0	0	0	2.810800
26	255	0	0	0	1	0	1.643071
27	264	0	0	0	0	0	2.248956
28	274	0	0	0	0	0	1.416863
29	283	0	0	0	2	0	2.580249
30	298	0	0	0	0	0	1.442186
31	305	0	0	0	0	0	1.814328
32	319	0	0	0	1	0	2.193215
33	328	0	0	0	0	0	2.423030
34	342	0	0	0	0	0	1.042036
35	355	0	0	0	2	0	1.853743
36	360	0	0	0	2	0	2.012176
37	369	0	0	0	2	0	2.586369
38	374	0	0	0	0	0	1.408113
39	379	0	0	0	1	0	1.706666
40	395	0	0	0	2	0	1.351434
41	411	0	0	0	1	0	1.791005
42	423	0	0	0	0	0	2.382495
43	434	0	0	0	0	0	2.160436
44	446	0	0	0	1	0	1.259497
45	461	0	0	0	2	0	2.581448
46	470	0	0	0	0	0	2.860761
47	475	0	0	0	1	0	2.334442
48	486	0	0	0	0	0	2.381079
49	499	0	0	0	1	0	2.924968
50	508	0	0	0	1	0	2.224061
51	516	0	0	0	1	0	1.575486
52	527	0	0	0	2	0	1.403324
53	543	0	0	0	1	0	2.994572
54	551	0	0	0	1	0	1.805942
55	557	0	0	0	0	0	2.827888
56	567	0	0	0	1	0	1.871211
57	579	0	0	0	1	0	1.578981
58	590	0	0	0	1	0	1.200155
59	601	0	0	0	2	0	1.151595
60	612	0	0	0	2	0	1.013550
61	626	0	0	0	0	0	1.228206
62	632	0	0	0	0	0	2.609892
63	645	0	0	0	0	0	2.351821
64	657	0	0	0	1	0	1.877024
65	665	0	0	0	2	0	1.227538
66	674	0	0	0	0	0	1.257105
67	682	0	0	0	1	0	2.977903
68	691	0	0	0	2	0	1.976301
69	703	0	0	0	0	0	2.660412
70	711	0	0	0	1	0	1.736901
71	721	0	0	0	2	0	1.557202
72	733	0	0	0	0	0	2.912321
73	745	0	0	0	1	0	1.184753
74	753	0	0	0	0	0	1.534932
75	761	0	0	0	0	0	2.222356
76	772	0	0	0	0	0	2.828473
77	787	0	0	0	1	0	1.214043
78	794	0	0	0	2	0	2.713508
79	800	0	0	0	2	0	2.707948
80	806	0	0	0	0	0	1.122331
81	815	0	0	0	0	0	1.180717
82	830	0	0	0	0	0	1.458594
83	840	0	0	0	1	0	2.359286
84	852	0	0	0	2	0	1.877364
85	858	0	0	0	0	0	2.818770
86	868	0	0	0	0	0	1.011393
87	875	0	0	0	0	0	1.326443
88	890	0	0	0	2	0	2.342902
89	898	0	0	0	0	0	2.260926
90	912	0	0	0	2	0	1.232109
91	922	0	0	0	0	0	1.270002
92	928	0	0	0	2	0	2.602811
93	940	0	0	0	0	0	2.840427
94	949	0	0	0	0	0	1.334672
95	961	0	0	0	1	0	2.962569
96	969	0	0	0	2	0	1.951656
97	977	0	0	0	0	0	2.559038
98	984	0	0	0	2	0	2.762619
99	999	0	0	0	0	0	1.538699
100	1009	0	0	0	0	0	2.547691
101	1022	0	0	0	0	0	2.526494
102	1031	0	0	0	0	0	2.032311
103	1040	0	0	0	1	0	2.977464
104	1053	0	0	0	0	0	1.546704
105	1057	0	0	0	1	0	2.274964
106	1066	0	0	0	0	0	2.384600
107	1074	0	0	0	1	0	1.704085
108	1087	0	0	0	0	0	2.447462
109	1097	0	0	0	0	0	2.328239
110	1107	0	0	0	0	0	1.054364
111	1117	0	0	0	1	0	2.748169
112	1127	0	0	0	0	0	1.590369
113	1136	0	0	0	0	0	2.039559
114	1151	0	0	0	1	0	1.455026
115	1161	0	0	0	1	0	2.714132
116	1166	0	0	0	0	0	1.635648
117	1173	0	0	0	0	0	2.230966
118	1182	0	0	0	1	0	2.826530
119	1191	0	0	0	0	0	2.765241
120	1203	0	0	0	1	0	1.308027
121	1214	0	0	0	2	0	2.686996
122	1224	0	0	0	0	0	1.172149
123	1234	0	0	0	0	0	2.366298
124	1239	0	0	0	0	0	2.109869
125	1253	0	0	0	1	0	2.737534
126	1265	0	0	0	2	0	2.211861
127	1271	0	0	0	1	0	1.484506
128	1286	0	0	0	0	0	2.114508
129	1297	0	0	0	1	0	1.864484
130	1303	0	0	0	2	0	1.273136
131	1318	0	0	0	2	0	1.888152
132	1328	0	0	0	0	0	1.236028
133	1337	0	0	0	1	0	2.349075
134	1345	0	0	0	0	0	1.204756
135	1358	0	0	0	2	0	2.349775
136	1371	0	0	0	2	0	1.059096
137	1381	0	0	0	0	0	2.717320
138	1388	0	0	0	2	0	2.028531
139	1396	0	0	0	0	0	2.440193
140	1400	0	0	0	2	0	1.280545
141	1413	0	0	0	0	0	2.603950
142	1421	0	0	0	0	0	2.158577
143	1433	0	0	0	1	0	2.534796
144	1437	0	0	0	1	0	2.772166
145	1447	0	0	0	0	0	1.325712
146	1456	0	0	0	1	0	1.909567
147	1468	0	0	0	0	0	1.159379
148	1479	0	0	0	0	0	2.306114
149	1488	0	0	0	2	0	1.176302
150	1497	0	0	0	0	0	1.535185
151	1509	0	0	0	0	0	1.690788
152	1513	0	0	0	0	0	1.330109
153	1527	0	0	0	0	0	2.625295
154	1545	0	0	0	0	0	2.942645
155	1555	0	0	0	0	0	1.392027
156	1560	0	0	0	2	0	1.710976
157	1572	0	0	0	2	0	1.111353
158	1583	0	0	0	2	0	2.077663
159	1594	0	0	0	2	0	1.724415
160	1605	0	0	0	2	0	2.916093
161	1617	0	0	0	0	0	1.925833
162	1621	0	0	0	0	0	1.641786
163	1634	0	0	0	0	0	2.299982
164	1648	0	0	0	0	0	1.249494
165	1662	0	0	0	0	0	2.695079
166	1671	0	0	0	0	0	1.986511
167	1678	0	0	0	1	0	1.182886
168	1693	0	0	0	2	0	2.001525
169	1701	0	0	0	2	0	1.470957
170	1706	0	0	0	2	0	1.031376
171	1715	0	0	0	1	0	2.963328
172	1723	0	0	0	2	0	2.870761
173	1738	0	0	0	2	0	1.912254
174	1746	0	0	0	1	0	1.622603
175	1757	0	0	0	0	0	1.773973
176	1767	0	0	0	2	0	2.692077
177	1780	0	0	0	2	0	1.286481
178	1789	0	0	0	1	0	1.716564
179	1800	0	0	0	2	0	1.288441
180	1812	0	0	0	2	0	2.178414
181	1819	0	0	0	2	0	2.921669
182	1829	0	0	0	1	0	2.208992
183	1844	0	0	0	2	0	2.370494
184	1854	0	0	0	2	0	1.031469
185	1866	0	0	0	1	0	2.134562
186	1877	0	0	0	1	0	2.071801
187	1890	0	0	0	0	0	1.554161
188	1900	0	0	0	0	0	2.692994
189	1907	0	0	0	1	0	2.565966
190	1915	0	0	0	0	0	1.897489
191	1924	0	0	0	0	0	2.603658
192	1936	0	0	0	0	0	1.610305
193	1946	0	0	0	2	0	1.559217
194	1955	0	0	0	1	0	1.750375
195	1963	0	0	0	2	0	2.433275
196	1967	0	0	0	0	0	1.302994
197	1973	0	0	0	0	0	1.346045
198	1981	0	0	0	1	0	2.745312
199	1991	0	0	0	2	0	2.502322
200	2004	0	0	0	0	0	1.088031
201	2015	0	0	0	0	0	2.533814
202	2029	0	0	0	2	0	2.803000
203	2040	0	0	0	0	0	1.766348
204	2052	0	0	0	0	0	2.336115
205	2065	0	0	0	0	0	1.134901
206	2074	0	0	0	1	0	2.936680
207	2084	0	0	0	0	0	1.433529
208	2089	0	0	0	0	0	2.911929
209	2100	0	0	0	0	0	2.088442
210	2111	0	0	0	1	0	1.251511
211	2124	0	0	0	1	0	1.579549
212	2132	0	0	0	1	0	2.994225
213	2146	0	0	0	0	0	2.704531
214	2155	0	0	0	1	0	2.080962
215	2163	0	0	0	0	0	1.154987
216	2173	0	0	0	0	0	1.061169
217	2182	0	0	0	1	0	2.871308
218	2190	0	0	0	0	0	1.139565
219	2199	0	0	0	2	0	1.558934
220	2209	0	0	0	2	0	1.695382
221	2223	0	0	0	0	0	2.446396
222	2233	0	0	0	2	0	1.415635
223	2241	0	0	0	0	0	1.213402
224	2255	0	0	0	0	0	2.398916
225	2263	0	0	0	2	0	1.722550
226	2274	0	0	0	2	0	2.617579
227	2281	0	0	0	0	0	1.386999
228	2287	0	0	0	0	0	2.376853
229	2296	0	0	0	0	0	1.332453
230	2312	0	0	0	0	0	1.756122
231	2316	0	0	0	1	0	1.735891
232	2325	0	0	0	0	0	2.805573
233	2333	0	0	0	2	0	2.768170
234	2342	0	0	0	1	0	2.390027
235	2344	0	0	0	0	0	1.007262
236	2354	0	0	0	0	0	2.754774
237	2364	0	0	0	0	0	1.569243
238	2373	0	0	0	0	0	1.884199
239	2384	0	0	0	1	0	1.611571
240	2395	0	0	0	0	0	1.839800
241	2408	0	0	0	2	0	2.820397
242	2419	0	0	0	1	0	1.132911
243	2433	0	0	0	2	0	2.771567
244	2440	0	0	0	0	0	1.440895
245	2451	0	0	0	1	0	2.221857
246	2462	0	0	0	1	0	1.269441
247	2475	0	0	0	2	0	2.644816
248	2482	0	0	0	0	0	2.219289
249	2491	0	0	0	0	0	2.132427
250	2501	0	0	0	1	0	2.943162
251	2507	0	0	0	0	0	1.346878
252	2517	0	0	0	1	0	2.789971
253	2527	0	0	0	0	0	1.688074
254	2531	0	0	0	2	0	2.254590
255	2539	0	0	0	2	0	1.888435
256	2547	0	0	0	0	0	1.312158
257	2557	0	0	0	0	0	2.143340
258	2563	0	0	0	0	0	2.768978
259	2577	0	0	0	1	0	2.565926
260	2586	0	0	0	1	0	1.866636
261	2596	0	0	0	0	0	1.427230
262	2607	0	0	0	1	0	1.983599
263	2617	0	0	0	1	0	1.341317
264	2623	0	0	0	0	0	1.268552
265	2627	0	0	0	1	0	1.155333
266	2642	0	0	0	2	0	1.008920
267	2649	0	0	0	0	0	2.584089
268	2660	0	0	0	2	0	2.450082
269	2664	0	0	0	0	0	1.491097
270	2677	0	0	0	0	0	2.318706
271	2688	0	0	0	2	0	1.772709
272	2703	0	0	0	0	0	1.673503
273	2710	0	0	0	0	0	2.154000
274	2719	0	0	0	1	0	2.985766
275	2728	0	0	0	1	0	2.609697
276	2739	0	0	0	1	0	2.247648
277	2744	0	0	0	1	0	2.169061
278	2752	0	0	0	1	0	2.018751
279	2765	0	0	0	2	0	1.016008
280	2778	0	0	0	0	0	2.293259
281	2782	0	0	0	0	0	1.793664
282	2789	0	0	0	0	0	1.864103
283	2799	0	0	0	2	0	2.294547
284	2807	0	0	0	2	0	1.773069
285	2814	0	0	0	1	0	1.554259
286	2825	0	0	0	0	0	2.526553
287	2835	0	0	0	0	0	1.002107
288	2846	0	0	0	0	0	2.124263
289	2855	0	0	0	2	0	1.661999
290	2863	0	0	0	1	0	1.181240
291	2876	0	0	0	2	0	1.548623
292	2886	0	0	0	1	0	1.191378
293	2898	0	0	0	0	0	1.093104
294	2912	0	0	0	2	0	1.595118
295	2923	0	0	0	2	0	2.965973
296	2930	0	0	0	0	0	1.361001
297	2945	0	0	0	0	0	2.789122
298	2957	0	0	0	0	0	2.834425
299	2962	0	0	0	1	0	2.946992
300	2975	0	0	0	0	0	1.617920
301	2980	0	0	0	1	0	2.165914
302	2986	0	0	0	2	0	1.363685
303	2995	0	0	0	1	0	1.884736
304	2998	0	0	0	0	0	2.883066
305	3011	0	0	0	1	0	2.344443
306	3029	0	0	0	2	0	1.878562
307	3038	0	0	0	0	0	2.733073
308	3048	0	0	0	0	0	2.077034
309	3057	0	0	0	2	0	2.929199
310	3064	0	0	0	2	0	1.305576
311	3079	0	0	0	2	0	2.499423
312	3086	0	0	0	0	0	1.304404
313	3100	0	0	0	2	0	2.584622
314	3110	0	0	0	1	0	1.634625
315	3128	0	0	0	0	0	1.227482
316	3134	0	0	0	2	0	1.917453
317	3143	0	0	0	0	0	1.231089
318	3151	0	0	0	1	0	1.170499
319	3161	0	0	0	0	0	2.859946
320	3172	0	0	0	0	0	2.961429
321	3188	0	0	0	1	0	1.656189
322	3195	0	0	0	1	0	1.492847
323	3201	0	0	0	0	0	2.662783
324	3208	0	0	0	2	0	1.259100
325	3220	0	0	0	1	0	1.876917
326	3226	0	0	0	2	0	2.482207
327	3232	0	0	0	2	0	1.435971
328	3249	0	0	0	1	0	2.527330
329	3260	0	0	0	0	0	1.590709
330	3271	0	0	0	0	0	2.573100
331	3283	0	0	0	0	0	2.092422
332	3291	0	0	0	0	0	1.314590
333	3303	0	0	0	2	0	2.603289
334	3313	0	0	0	1	0	2.843254
335	3325	0	0	0	1	0	1.917553
336	3339	0	0	0	0	0	1.170627
337	3355	0	0	0	1	0	1.481041
338	3367	0	0	0	1	0	2.581865
339	3375	0	0	0	2	0	1.550135
340	3379	0	0	0	0	0	2.315049
341	3386	0	0	0	2	0	1.182185
342	3399	0	0	0	1	0	1.650964
343	3410	0	0	0	0	0	2.025790
344	3419	0	0	0	1	0	1.891285
345	3427	0	0	0	1	0	1.882074
346	3434	0	0	0	0	0	2.225640
347	3442	0	0	0	0	0	1.839435
348	3458	0	0	0	1	0	2.954549
349	3466	0	0	0	1	0	1.741482
350	3476	0	0	0	1	0	2.060179
351	3486	0	0	0	2	0	1.872070
352	3499	0	0	0	0	0	1.833344
353	3504	0	0	0	2	0	2.436848
354	3512	0	0	0	2	0	1.345364
355	3520	0	0	0	2	0	2.817994
356	3533	0	0	0	0	0	1.731655
357	3546	0	0	0	1	0	1.568553
358	3560	0	0	0	1	0	2.764660
359	3569	0	0	0	1	0	2.847307
360	3576	0	0	0	0	0	2.407201
361	3592	0	0	0	0	0	1.017445
362	3601	0	0	0	0	0	1.770458
363	3614	0	0	0	1	0	2.980833
364	3625	0	0	0	0	0	2.251857
365	3630	0	0	0	1	0	1.426785
366	3642	0	0	0	1	0	1.423169
367	3646	0	0	0	2	0	2.411636
368	3664	0	0	0	1	0	2.873228
369	3678	0	0	0	0	0	2.389808
370	3688	0	0	0	2	0	1.511512
371	3698	0	0	0	1	0	1.553388
372	3706	0	0	0	1	0	2.697622
373	3716	0	0	0	2	0	1.595178
374	3723	0	0	0	0	0	1.271845
375	3730	0	0	0	0	0	2.618907
376	3739	0	0	0	1	0	2.518439
377	3752	0	0	0	1	0	2.196080
378	3762	0	0	0	1	0	2.491265
379	3775	0	0	0	1	0	1.358544
380	3784	0	0	0	0	0	1.539397
381	3789	0	0	0	1	0	2.094004
382	3799	0	0	0	0	0	1.894435
383	3808	0	0	0	0	0	1.774033
384	3814	0	0	0	0	0	1.169647
385	3818	0	0	0	2	0	2.426640
386	3828	0	0	0	2	0	1.363007
387	3835	0	0	0	0	0	2.710403
388	3844	0	0	0	1	0	1.037382
389	3849	0	0	0	1	0	2.108603
390	3862	0	0	0	0	0	1.771373
391	3872	0	0	0	1	0	1.432894
392	3883	0	0	0	2	0	1.110610
393	3888	0	0	0	1	0	1.574980
394	3895	0	0	0	0	0	2.806837
395	3906	0	0	0	2	0	2.058038
396	3911	0	0	0	0	0	1.755368
397	3918	0	0	0	0	0	2.321997
398	3927	0	0	0	1	0	1.169559
399	3935	0	0	0	1	0	2.171283
400	3948	0	0	0	1	0	2.716977
401	3957	0	0	0	0	0	1.318152
402	3969	0	0	0	0	0	2.528196
403	3981	0	0	0	1	0	2.044732
404	3989	0	0	0	0	0	2.462937
405	3998	0	0	0	1	0	2.054657
406	4015	0	0	0	0	0	2.438797
407	4024	0	0	0	1	0	1.133798
408	4031	0	0	0	2	0	1.335738
409	4042	0	0	0	1	0	2.535882
410	4052	0	0	0	1	0	1.092775
411	4064	0	0	0	0	0	1.545813
412	4078	0	0	0	2	0	2.989001
413	4084	0	0	0	0	0	2.316774
414	4089	0	0	0	2	0	2.303164
415	4096	0	0	0	2	0	1.117820
416	4102	0	0	0	1	0	2.187381
417	4106	0	0	0	1	0	1.874854
418	4124	0	0	0	0	0	1.890643
419	4133	0	0	0	0	0	2.272129
420	4140	0	0	0	1	0	2.127916
421	4148	0	0	0	0	0	2.229376
422	4159	0	0	0	1	0	1.009404
423	4169	0	0	0	1	0	2.578609
424	4177	0	0	0	0	0	1.511972
425	4189	0	0	0	1	0	1.616332
426	4194	0	0	0	2	0	1.949725
427	4203	0	0	0	2	0	1.267520
428	4214	0	0	0	0	0	2.891715
429	4221	0	0	0	0	0	2.991868
430	4229	0	0	0	2	0	2.739263
431	4234	0	0	0	1	0	1.850877
432	4243	0	0	0	2	0	2.644862
433	4262	0	0	0	0	0	2.649414
434	4271	0	0	0	0	0	2.909266
435	4278	0	0	0	0	0	2.887354
436	4292	0	0	0	0	0	1.638336
437	4308	0	0	0	1	0	2.601009
438	4320	0	0	0	2	0	1.909170
439	4330	0	0	0	2	0	1.898557
440	4343	0	0	0	0	0	2.105052
441	4355	0	0	0	2	0	2.621431
442	4362	0	0	0	2	0	1.993507
443	4374	0	0	0	0	0	2.210281
444	4380	0	0	0	0	0	2.588527
445	4392	0	0	0	2	0	2.431409
446	4404	0	0	0	2	0	1.856748
447	4414	0	0	0	0	0	2.051923
448	4423	0	0	0	2	0	1.891790
449	4436	0	0	0	0	0	2.266991
450	4443	0	0	0	2	0	2.449656
451	4452	0	0	0	0	0	1.567700
452	4461	0	0	0	0	0	2.850500
453	4473	0	0	0	0	0	2.307459
454	4481	0	0	0	1	0	1.517186
455	4490	0	0	0	0	0	2.991653
456	4496	0	0	0	2	0	1.347192
457	4514	0	0	0	0	0	1.533528
458	4527	0	0	0	0	0	1.818180
459	4536	0	0	0	0	0	2.092865
460	4546	0	0	0	1	0	2.349449
461	4551	0	0	0	2	0	2.327195
462	4558	0	0	0	1	0	2.876981
463	4565	0	0	0	1	0	1.643668
464	4579	0	0	0	0	0	2.276669
465	4587	0	0	0	1	0	2.685250
466	4598	0	0	0	0	0	2.756767
467	4612	0	0	0	0	0	1.129554
468	4621	0	0	0	0	0	1.404620
469	4631	0	0	0	0	0	2.491137
470	4642	0	0	0	1	0	1.287659
471	4647	0	0	0	0	0	2.899241
472	4657	0	0	0	0	0	2.947313
473	4672	0	0	0	1	0	2.425383
474	4685	0	0	0	1	0	2.543731
475	4696	0	0	0	0	0	2.890886
476	4704	0	0	0	1	0	2.898256
477	4715	0	0	0	0	0	1.422589
478	4729	0	0	0	1	0	1.515808
479	4736	0	0	0	2	0	2.069703
480	4742	0	0	0	1	0	2.351265
481	4752	0	0	0	0	0	1.810151
482	4761	0	0	0	0	0	1.014061
483	4768	0	0	0	0	0	1.813494
484	4774	0	0	0	1	0	1.515910
485	4782	0	0	0	0	0	2.638495
486	4794	0	0	0	2	0	1.172901
487	4801	0	0	0	2	0	1.466322
488	4811	0	0	0	0	0	2.052285
489	4827	0	0	0	1	0	1.748971
490	4842	0	0	0	0	0	1.649243
491	4852	0	0	0	0	0	1.102551
492	4861	0	0	0	0	0	1.436090
493	4867	0	0	0	2	0	2.526840
494	4880	0	0	0	2	0	1.018471
495	4890	0	0	0	2	0	2.187651
496	4899	0	0	0	2	0	1.719630
497	4909	0	0	0	1	0	1.371174
498	4920	0	0	0	2	0	1.271838
499	4934	0	0	0	1	0	1.826242
500	4943	0	0	0	2	0	2.525523
501	4958	0	0	0	0	0	1.657338
502	4969	0	0	0	1	0	1.120931
503	4980	0	0	0	1	0	2.863613
504	4993	0	0	0	2	0	2.310767
505	5006	0	0	0	1	0	1.006124
506	5017	0	0	0	0	0	2.840571
507	5025	0	0	0	2	0	1.712362
508	5039	0	0	0	0	0	2.044088
509	5048	0	0	0	1	0	2.351555
510	5059	0	0	0	1	0	1.704467
511	5067	0	0	0	1	0	1.454089
512	5081	0	0	0	0	0	2.410571
513	5093	0	0	0	1	0	2.587975
514	5105	0	0	0	1	0	2.799794
515	5109	0	0	0	0	0	1.561938
516	5117	0	0	0	2	0	2.512901
517	5122	0	0	0	2	0	1.825585
518	5129	0	0	0	1	0	1.966312
519	5137	0	0	0	2	0	1.987367
520	5156	0	0	0	0	0	2.637722
521	5163	0	0	0	1	0	2.566620
522	5174	0	0	0	0	0	1.876611
523	5186	0	0	0	0	0	1.003784
524	5196	0	0	0	2	0	1.474981
525	5205	0	0	0	0	0	1.308673
526	5214	0	0	0	2	0	1.692509
527	5226	0	0	0	1	0	1.346121
528	5237	0	0	0	0	0	2.640681
529	5248	0	0	0	2	0	1.848030
530	5255	0	0	0	2	0	1.794408
531	5266	0	0	0	1	0	2.005339
532	5277	0	0	0	0	0	1.138161
533	5288	0	0	0	2	0	1.313805
534	5303	0	0	0	0	0	2.395883
535	5314	0	0	0	1	0	1.695162
536	5322	0	0	0	1	0	1.217766
537	5334	0	0	0	1	0	2.804267
538	5348	0	0	0	0	0	1.167025
539	5356	0	0	0	0	0	1.350129
540	5365	0	0	0	1	0	2.705134
541	5379	0	0	0	0	0	1.936507
542	5385	0	0	0	1	0	1.498337
543	5395	0	0	0	0	0	2.801196
544	5407	0	0	0	0	0	1.433057
545	5414	0	0	0	2	0	1.193717
546	5424	0	0	0	1	0	2.645111
547	5432	0	0	0	1	0	1.300142
548	5448	0	0	0	0	0	1.984392
549	5457	0	0	0	0	0	1.664175
550	5470	0	0	0	2	0	1.326858
551	5482	0	0	0	2	0	2.610162
552	5487	0	0	0	0	0	1.080708
553	5500	0	0	0	0	0	1.615106
554	5513	0	0	0	0	0	2.217142
555	5526	0	0	0	0	0	1.361795
556	5534	0	0	0	1	0	1.357740
557	5541	0	0	0	0	0	2.897484
558	5552	0	0	0	0	0	2.327150
559	5564	0	0	0	0	0	1.287418
560	5574	0	0	0	1	0	2.626318
561	5582	0	0	0	1	0	1.138259
562	5589	0	0	0	2	0	1.828580
563	5596	0	0	0	1	0	2.835441
564	5605	0	0	0	0	0	2.472648
565	5613	0	0	0	2	0	2.136083
566	5625	0	0	0	0	0	2.520908
567	5630	0	0	0	0	0	1.844889
568	5636	0	0	0	1	0	1.912294
569	5639	0	0	0	1	0	2.890146
570	5648	0	0	0	0	0	1.128574
571	5657	0	0	0	0	0	2.332713
572	5663	0	0	0	2	0	1.439070
573	5671	0	0	0	0	0	2.945980
574	5681	0	0	0	2	0	2.654641
575	5695	0	0	0	1	0	2.998108
576	5707	0	0	0	1	0	2.170100
577	5716	0	0	0	1	0	1.815727
578	5724	0	0	0	1	0	2.235131
579	5733	0	0	0	2	0	2.412705
580	5737	0	0	0	0	0	1.012623
581	5747	0	0	0	2	0	2.361744
582	5758	0	0	0	0	0	2.070229
583	5769	0	0	0	1	0	2.218786
584	5777	0	0	0	1	0	1.422522
585	5789	0	0	0	1	0	2.898578
586	5798	0	0	0	1	0	1.008750
587	5813	0	0	0	0	0	2.110777
588	5827	0	0	0	1	0	2.102144
589	5836	0	0	0	0	0	2.310001
590	5851	0	0	0	0	0	1.021766
591	5860	0	0	0	1	0	1.863758
592	5869	0	0	0	2	0	2.974235
593	5882	0	0	0	1	0	1.181778
594	5891	0	0	0	0	0	2.321827
595	5898	0	0	0	1	0	1.867031
596	5904	0	0	0	0	0	2.953472
597	5912	0	0	0	0	0	1.102058
598	5919	0	0	0	1	0	1.157679
599	5926	0	0	0	0	0	2.032628
600	5939	0	0	0	0	0	1.617051
601	5948	0	0	0	0	0	2.039523
602	5956	0	0	0	1	0	2.632756
603	5964	0	0	0	1	0	1.835821
604	5972	0	0	0	0	0	1.594699
605	5985	0	0	0	1	0	1.564028
606	5995	0	0	0	0	0	1.741919
607	6005	0	0	0	0	0	1.298471
608	6017	0	0	0	0	0	1.049412
609	6027	0	0	0	0	0	2.229873
610	6033	0	0	0	0	0	2.252558
611	6049	0	0	0	2	0	1.130091
612	6062	0	0	0	2	0	2.224216
613	6075	0	0	0	1	0	2.605162
614	6087	0	0	0	0	0	1.491714
615	6102	0	0	0	0	0	1.306395
616	6113	0	0	0	2	0	1.947781
617	6125	0	0	0	0	0	1.424624
618	6129	0	0	0	1	0	2.847699
619	6144	0	0	0	2	0	1.319151
620	6153	0	0	0	0	0	2.148981
621	6163	0	0	0	0	0	1.358956
622	6173	0	0	0	0	0	1.812832
623	6185	0	0	0	1	0	1.484845
624	6199	0	0	0	0	0	2.556772
625	6210	0	0	0	1	0	2.350441
626	6220	0	0	0	2	0	1.732881
627	6231	0	0	0	0	0	2.657565
628	6239	0	0	0	2	0	1.226551
629	6246	0	0	0	1	0	1.597518
630	6257	0	0	0	0	0	2.803094
631	6270	0	0	0	0	0	1.460330
632	6283	0	0	0	1	0	2.608749
633	6293	0	0	0	0	0	1.881107
634	6303	0	0	0	0	0	2.113225
635	6313	0	0	0	1	0	1.899803
636	6325	0	0	0	2	0	1.804867
637	6334	0	0	0	0	0	2.570338
638	6343	0	0	0	1	0	2.494688
639	6348	0	0	0	0	0	1.627327
640	6360	0	0	0	2	0	1.198129
641	6372	0	0	0	1	0	2.459651
642	6378	0	0	0	0	0	1.541984
643	6389	0	0	0	0	0	1.669346
644	6402	0	0	0	0	0	2.446898
645	6406	0	0	0	0	0	2.366355
646	6420	0	0	0	0	0	1.734111
647	6426	0	0	0	1	0	1.497947
648	6433	0	0	0	2	0	2.082488
649	6440	0	0	0	0	0	1.335431
650	6451	0	0	0	2	0	1.575927
651	6463	0	0	0	0	0	1.952959
652	6471	0	0	0	1	0	2.825482
653	6476	0	0	0	0	0	1.006327
654	6484	0	0	0	1	0	2.980340
655	6489	0	0	0	2	0	2.304293
656	6497	0	0	0	0	0	2.328627
657	6508	0	0	0	1	0	1.786222
658	6516	0	0	0	1	0	2.334644
659	6525	0	0	0	1	0	2.200444
660	6535	0	0	0	0	0	1.981140
661	6544	0	0	0	1	0	1.479826
662	6552	0	0	0	2	0	1.156833
663	6567	0	0	0	1	0	2.620909
664	6578	0	0	0	0	0	2.753162
665	6589	0	0	0	0	0	2.666815
666	6602	0	0	0	0	0	1.261673
667	6612	0	0	0	0	0	1.342601
668	6619	0	0	0	2	0	2.479940
669	6636	0	0	0	1	0	2.168375
670	6643	0	0	0	0	0	1.035235
671	6653	0	0	0	2	0	1.278647
672	6660	0	0	0	1	0	2.358263
673	6669	0	0	0	2	0	2.816067
674	6675	0	0	0	1	0	1.321405
675	6681	0	0	0	1	0	1.321175
676	6688	0	0	0	1	0	2.181733
677	6698	0	0	0	1	0	2.637190
678	6710	0	0	0	0	0	1.185493
679	6719	0	0	0	0	0	2.909129
680	6731	0	0	0	2	0	2.143529
681	6742	0	0	0	2	0	1.464621
682	6754	0	0	0	1	0	1.825363
683	6763	0	0	0	0	0	1.051238
684	6770	0	0	0	2	0	1.148571
685	6781	0	0	0	0	0	2.097704
686	6785	0	0	0	2	0	1.202928
687	6789	0	0	0	0	0	1.792871
688	6798	0	0	0	2	0	2.653755
689	6802	0	0	0	0	0	1.120222
690	6811	0	0	0	0	0	2.392717
691	6816	0	0	0	0	0	1.452379
692	6830	0	0	0	0	0	2.779034
693	6839	0	0	0	2	0	2.529517
694	6852	0	0	0	0	0	2.324736
695	6861	0	0	0	0	0	1.917853
696	6871	0	0	0	0	0	2.975683
697	6883	0	0	0	2	0	1.759899
698	6892	0	0	0	0	0	2.613103
699	6899	0	0	0	2	0	1.015234
700	6913	0	0	0	1	0	2.134667
701	6926	0	0	0	0	0	2.006638
702	6931	0	0	0	0	0	2.909793
703	6937	0	0	0	1	0	2.202397
704	6948	0	0	0	2	0	1.700516
705	6954	0	0	0	2	0	1.725554
706	6967	0	0	0	1	0	2.598687
707	6981	0	0	0	0	0	1.501648
708	6996	0	0	0	0	0	2.071628
709	7004	0	0	0	2	0	2.494117
710	7009	0	0	0	1	0	2.678246
711	7014	0	0	0	1	0	1.767544
712	7027	0	0	0	0	0	2.226631
713	7039	0	0	0	0	0	2.880871
714	7048	0	0	0	0	0	1.781501
715	7063	0	0	0	1	0	1.077092
716	7070	0	0	0	2	0	1.865349
717	7077	0	0	0	1	0	2.349200
718	7091	0	0	0	0	0	1.321515
719	7101	0	0	0	0	0	2.436050
720	7112	0	0	0	2	0	1.813027
721	7120	0	0	0	2	0	2.845161
722	7129	0	0	0	0	0	1.984833
723	7137	0	0	0	1	0	1.011077
724	7145	0	0	0	1	0	1.453409
725	7160	0	0	0	0	0	2.636565
726	7169	0	0	0	0	0	1.478398
727	7177	0	0	0	2	0	1.954592
728	7181	0	0	0	0	0	2.825044
729	7189	0	0	0	1	0	1.702859
730	7193	0	0	0	0	0	2.603269
731	7205	0	0	0	0	0	2.660941
732	7213	0	0	0	2	0	2.882513
733	7228	0	0	0	1	0	1.177778
734	7241	0	0	0	1	0	2.749134
735	7251	0	0	0	0	0	2.297096
736	7263	0	0	0	2	0	2.547218
737	7272	0	0	0	0	0	1.098188
738	7281	0	0	0	1	0	2.451654
739	7292	0	0	0	0	0	1.679245
740	7297	0	0	0	0	0	2.275076
741	7307	0	0	0	0	0	1.917395
742	7313	0	0	0	0	0	1.373745
743	7330	0	0	0	0	0	1.870757
744	7338	0	0	0	0	0	1.289302
745	7346	0	0	0	0	0	2.410880
746	7361	0	0	0	1	0	1.312583
747	7371	0	0	0	0	0	2.859762
748	7376	0	0	0	0	0	2.401614
749	7384	0	0	0	1	0	2.259656
750	7393	0	0	0	1	0	1.869938
751	7397	0	0	0	0	0	2.045485
752	7399	0	0	0	1	0	2.631459
753	7409	0	0	0	1	0	2.612693
754	7420	0	0	0	2	0	2.000265
755	7430	0	0	0	1	0	1.247583
756	7438	0	0	0	2	0	1.991211
757	7456	0	0	0	1	0	2.709548
758	7465	0	0	0	1	0	2.357186
759	7472	0	0	0	2	0	2.759167
760	7479	0	0	0	0	0	2.618352
761	7486	0	0	0	1	0	1.538010
762	7494	0	0	0	0	0	1.179080
763	7500	0	0	0	1	0	1.424076
764	7512	0	0	0	2	0	2.450777
765	7526	0	0	0	1	0	2.008316
766	7532	0	0	0	2	0	1.393790
767	7544	0	0	0	0	0	2.154414
768	7554	0	0	0	1	0	2.388379
769	7565	0	0	0	0	0	1.547337
770	7569	0	0	0	0	0	2.310534
771	7575	0	0	0	0	0	1.953045
772	7584	0	0	0	2	0	1.392267
773	7592	0	0	0	0	0	1.001943
774	7600	0	0	0	2	0	1.652831
775	7607	0	0	0	1	0	1.634233
776	7620	0	0	0	2	0	2.357028
777	7629	0	0	0	1	0	2.133800
778	7646	0	0	0	1	0	2.824309
779	7657	0	0	0	0	0	1.830171
780	7667	0	0	0	2	0	2.411042
781	7678	0	0	0	0	0	1.436859
782	7684	0	0	0	0	0	1.953108
783	7688	0	0	0	2	0	1.591246
784	7695	0	0	0	0	0	1.963968
785	7704	0	0	0	1	0	2.071538
786	7714	0	0	0	1	0	2.161540
787	7724	0	0	0	1	0	1.225184
788	7732	0	0	0	2	0	2.972020
789	7745	0	0	0	1	0	2.759231
790	7760	0	0	0	1	0	2.345987
791	7767	0	0	0	0	0	1.350639
792	7778	0	0	0	0	0	2.311196
793	7787	0	0	0	2	0	1.406740
794	7803	0	0	0	1	0	1.061345
795	7810	0	0	0	0	0	2.725789
796	7816	0	0	0	1	0	1.408388
797	7830	0	0	0	0	0	1.502933
798	7839	0	0	0	1	0	2.163837
799	7856	0	0	0	0	0	2.779479
800	7866	0	0	0	0	0	1.897197
801	7871	0	0	0	1	0	2.827522
802	7882	0	0	0	1	0	2.523502
803	7893	0	0	0	1	0	1.377401
804	7906	0	0	0	1	0	1.391163
805	7918	0	0	0	1	0	1.217619
806	7932	0	0	0	2	0	1.491003
807	7945	0	0	0	0	0	1.568341
808	7962	0	0	0	1	0	2.583435
809	7968	0	0	0	0	0	2.360592
810	7979	0	0	0	2	0	1.729984
811	7991	0	0	0	1	0	2.102652
812	8002	0	0	0	1	0	1.915457
813	8014	0	0	0	0	0	2.121504
814	8022	0	0	0	0	0	1.312042
815	8034	0	0	0	1	0	2.451038
816	8045	0	0	0	2	0	2.610031
817	8054	0	0	0	0	0	2.950560
818	8059	0	0	0	0	0	1.697811
819	8068	0	0	0	2	0	2.823802
820	8075	0	0	0	1	0	2.087766
821	8083	0	0	0	2	0	2.835688
822	8088	0	0	0	2	0	1.418208
823	8098	0	0	0	1	0	1.146522
824	8111	0	0	0	1	0	2.427369
825	8115	0	0	0	0	0	1.322095
826	8121	0	0	0	2	0	1.556488
827	8131	0	0	0	0	0	1.538936
828	8142	0	0	0	0	0	1.772373
829	8154	0	0	0	0	0	1.420635
830	8166	0	0	0	0	0	2.263203
831	8179	0	0	0	1	0	1.197273
832	8185	0	0	0	0	0	2.050367
833	8196	0	0	0	0	0	2.345987
834	8201	0	0	0	2	0	2.461534
835	8209	0	0	0	1	0	2.788171
836	8215	0	0	0	1	0	1.543517
837	8223	0	0	0	0	0	1.218575
838	8236	0	0	0	2	0	2.381687
839	8250	0	0	0	0	0	2.616287
840	8266	0	0	0	1	0	1.282966
841	8276	0	0	0	1	0	1.111710
842	8285	0	0	0	2	0	1.205170
843	8292	0	0	0	0	0	2.478803
844	8303	0	0	0	2	0	2.054112
845	8319	0	0	0	0	0	2.243141
846	8333	0	0	0	0	0	2.496927
847	8345	0	0	0	2	0	2.425502
848	8357	0	0	0	2	0	1.979424
849	8367	0	0	0	2	0	1.856505
850	8372	0	0	0	2	0	1.880548
851	8380	0	0	0	1	0	1.139316
852	8387	0	0	0	0	0	1.468500
853	8400	0	0	0	2	0	1.286305
854	8409	0	0	0	0	0	2.739255
855	8422	0	0	0	2	0	1.254717
856	8435	0	0	0	2	0	1.154788
857	8443	0	0	0	1	0	2.995955
858	8453	0	0	0	2	0	1.317153
859	8466	0	0	0	0	0	2.890755
860	8473	0	0	0	1	0	2.137397
861	8479	0	0	0	0	0	2.320282
862	8489	0	0	0	0	0	1.636682
863	8495	0	0	0	1	0	1.136965
864	8506	0	0	0	2	0	2.167118
865	8514	0	0	0	1	0	2.188676
866	8524	0	0	0	0	0	2.989809
867	8535	0	0	0	0	0	1.114035
868	8545	0	0	0	1	0	2.779928
869	8560	0	0	0	1	0	1.369176
870	8568	0	0	0	1	0	2.498065
871	8579	0	0	0	2	0	2.449560
872	8584	0	0	0	1	0	1.335374
873	8593	0	0	0	2	0	1.360674
874	8602	0	0	0	1	0	2.004265
875	8610	0	0	0	1	0	2.320258
876	8621	0	0	0	1	0	1.551795
877	8628	0	0	0	0	0	1.195802
878	8636	0	0	0	1	0	2.677781
879	8648	0	0	0	1	0	2.977157
880	8656	0	0	0	2	0	2.950434
881	8669	0	0	0	1	0	1.478161
882	8683	0	0	0	2	0	2.699653
883	8695	0	0	0	0	0	1.083410
884	8701	0	0	0	0	0	2.915738
885	8713	0	0	0	2	0	1.935891
886	8723	0	0	0	2	0	2.398587
887	8731	0	0	0	1	0	2.458614
888	8746	0	0	0	1	0	2.111926
889	8754	0	0	0	2	0	1.675678
890	8760	0	0	0	1	0	1.040624
891	8772	0	0	0	0	0	1.344161
892	8780	0	0	0	0	0	1.906572
893	8789	0	0	0	0	0	1.364538
894	8803	0	0	0	2	0	1.855024
895	8811	0	0	0	1	0	2.545147
896	8822	0	0	0	2	0	2.623586
897	8835	0	0	0	0	0	2.080148
898	8844	0	0	0	0	0	1.028868
899	8858	0	0	0	1	0	1.249676
900	8867	0	0	0	0	0	1.111748
901	8884	0	0	0	1	0	2.113147
902	8900	0	0	0	2	0	1.703434
903	8910	0	0	0	1	0	2.217982
904	8914	0	0	0	2	0	2.017468
905	8921	0	0	0	1	0	2.106154
906	8929	0	0	0	0	0	1.804300
907	8941	0	0	0	2	0	1.663702
908	8948	0	0	0	1	0	1.880160
909	8959	0	0	0	1	0	2.131456
910	8966	0	0	0	1	0	2.394748
911	8979	0	0	0	1	0	2.620469
912	8986	0	0	0	1	0	1.286780
913	8999	0	0	0	0	0	2.093334
914	9008	0	0	0	0	0	1.123541
915	9016	0	0	0	0	0	2.293139
916	9026	0	0	0	2	0	2.538020
917	9041	0	0	0	1	0	1.256771
918	9060	0	0	0	0	0	1.908006
919	9068	0	0	0	2	0	1.603650
920	9072	0	0	0	0	0	1.019382
921	9085	0	0	0	2	0	2.195825
922	9097	0	0	0	0	0	1.477141
923	9105	0	0	0	2	0	1.769901
924	9111	0	0	0	1	0	1.438645
925	9114	0	0	0	0	0	1.338395
926	9118	0	0	0	0	0	1.014299
927	9133	0	0	0	1	0	2.089943
928	9144	0	0	0	0	0	1.645474
929	9152	0	0	0	2	0	1.709760
930	9159	0	0	0	0	0	2.532479
931	9168	0	0	0	2	0	2.225377
932	9178	0	0	0	1	0	1.901601
933	9186	0	0	0	1	0	2.264585
934	9197	0	0	0	1	0	2.532311
935	9212	0	0	0	0	0	1.722246
936	9224	0	0	0	0	0	2.940545
937	9235	0	0	0	0	0	2.991508
938	9248	0	0	0	1	0	2.538836
939	9263	0	0	0	2	0	2.462690
940	9269	0	0	0	0	0	1.894526
941	9281	0	0	0	2	0	2.229091
942	9297	0	0	0	1	0	1.086855
943	9308	0	0	0	0	0	2.754598
944	9322	0	0	0	0	0	2.325654
945	9337	0	0	0	0	0	1.923565
946	9350	0	0	0	0	0	2.841469
947	9360	0	0	0	0	0	2.617387
948	9370	0	0	0	0	0	1.508089
949	9376	0	0	0	0	0	2.421581
950	9387	0	0	0	1	0	1.961513
951	9400	0	0	0	0	0	2.147268
952	9409	0	0	0	0	0	2.174671
953	9416	0	0	0	1	0	2.520861
954	9428	0	0	0	0	0	1.955741
955	9438	0	0	0	0	0	2.917955
956	9445	0	0	0	0	0	1.745897
957	9451	0	0	0	2	0	2.453866
958	9466	0	0	0	0	0	2.131805
959	9473	0	0	0	1	0	1.425188
960	9482	0	0	0	0	0	1.043774
961	9493	0	0	0	0	0	2.520042
962	9508	0	0	0	1	0	1.079371
963	9522	0	0	0	2	0	1.623360
964	9535	0	0	0	2	0	1.416596
965	9549	0	0	0	0	0	1.991387
966	9557	0	0	0	1	0	2.069980
967	9564	0	0	0	0	0	1.592921
968	9575	0	0	0	0	0	2.551716
969	9583	0	0	0	0	0	2.485202
970	9593	0	0	0	2	0	2.856069
971	9605	0	0	0	1	0	2.558842
972	9619	0	0	0	2	0	2.822613
973	9627	0	0	0	1	0	1.734235
974	9636	0	0	0	1	0	1.048306
975	9643	0	0	0	1	0	2.090481
976	9649	0	0	0	0	0	1.784326
977	9654	0	0	0	2	0	1.971308
978	9664	0	0	0	0	0	2.268815
979	9678	0	0	0	0	0	1.184936
980	9689	0	0	0	1	0	2.141252
981	9698	0	0	0	0	0	2.099276
982	9711	0	0	0	1	0	2.206276
983	9719	0	0	0	1	0	1.636923
984	9729	0	0	0	1	0	1.912079
985	9734	0	0	0	1	0	1.987484
986	9745	0	0	0	0	0	1.781092
987	9750	0	0	0	0	0	2.038801
988	9758	0	0	0	0	0	2.214476
989	9766	0	0	0	0	0	1.439922
990	9776	0	0	0	0	0	2.140328
991	9793	0	0	0	1	0	2.359466
992	9800	0	0	0	2	0	1.617380
993	9813	0	0	0	1	0	1.993440
994	9825	0	0	0	1	0	2.111007
995	9830	0	0	0	0	0	2.386676
996	9841	0	0	0	0	0	1.811835
997	9848	0	0	0	0	0	1.456463
998	9858	0	0	0	0	0	1.913481
999	9869	0	0	0	2	0	2.734605
