0	1	0	0	0	2	0	2.808220
1	20	0	0	0	2	0	1.669014
2	28	0	0	0	0	0	2.856402
3	36	0	0	0	1	0	1.106333
4	46	0	0	0	1	0	2.658911
5	53	0	0	0	0	0	2.724495
6	65	0	0	0	0	0	1.706735
7	67	0	0	0	1	0	2.440826
8	75	0	0	0	2	0	2.205474
9	86	0	0	0	0	0	1.863507
10	92	0	0	0	0	0	2.546338
11	101	0	0	0	1	0	1.763063
12	112	0	0	0	0	0	1.352717
13	118	0	0	0	0	0	1.502525
14	130	0	0	0	2	0	1.734085
15	136	0	0	0	0	0	1.319791
16	142	0	0	0	0	0	1.366073
17	153	0	0	0	2	0	1.447317
18	164	0	0	0	0	0	1.681076
19	173	0	0	0	0	0	2.815170
20	179	0	0	0	1	0	1.214549
21	195	0	0	0	2	0	1.873998
22	202	0	0	0	2	0	2.845104
23	209	0	0	0	2	0	2.928341
24	219	0	0	0	0	0	1.339052
25	230	0	0	0	0	0	1.573152
26	239	0	0	0	0	0	2.680258
27	249	0	0	0	0	0	1.518176
28	256	0	0	0	0	0	1.112030
29	266	0	0	0	0	0	1.533851
30	275	0	0	0	0	0	1.667247
31	286	0	0	0	2	0	1.320439
32	297	0	0	0	2	0	1.162440
33	312	0	0	0	2	0	1.049652
34	321	0	0	0	0	0	1.088408
35	330	0	0	0	0	0	2.937620
36	339	0	0	0	1	0	2.321782
37	347	0	0	0	1	0	1.947630
38	357	0	0	0	1	0	1.255990
39	366	0	0	0	0	0	1.452337
40	379	0	0	0	1	0	1.400176
41	389	0	0	0	0	0	2.645846
42	399	0	0	0	1	0	1.952409
43	411	0	0	0	2	0	1.672583
44	422	0	0	0	0	0	2.308894
45	429	0	0	0	1	0	2.595427
46	444	0	0	0	2	0	2.851973
47	452	0	0	0	1	0	1.444605
48	457	0	0	0	0	0	2.820640
49	465	0	0	0	0	0	1.661155
50	470	0	0	0	2	0	1.781318
51	479	0	0	0	1	0	1.395680
52	492	0	0	0	2	0	1.378237
53	505	0	0	0	1	0	1.574095
54	511	0	0	0	2	0	1.911594
55	519	0	0	0	1	0	2.729785
56	529	0	0	0	1	0	2.601821
57	538	0	0	0	0	0	1.207961
58	545	0	0	0	0	0	1.066378
59	554	0	0	0	0	0	2.289105
60	560	0	0	0	1	0	1.409990
61	578	0	0	0	1	0	1.096282
62	588	0	0	0	0	0	1.668420
63	596	0	0	0	0	0	1.288844
64	602	0	0	0	1	0	2.007205
65	610	0	0	0	1	0	1.911912
66	618	0	0	0	0	0	2.940585
67	628	0	0	0	2	0	2.415005
68	635	0	0	0	2	0	1.282802
69	644	0	0	0	1	0	1.799967
70	652	0	0	0	2	0	2.418836
71	658	0	0	0	1	0	1.539584
72	667	0	0	0	2	0	2.808059
73	672	0	0	0	1	0	1.176667
74	683	0	0	0	2	0	1.317994
75	697	0	0	0	2	0	2.540932
76	709	0	0	0	1	0	2.440909
77	718	0	0	0	0	0	2.869898
78	733	0	0	0	2	0	2.272505
79	744	0	0	0	2	0	2.469368
80	757	0	0	0	1	0	2.121644
81	768	0	0	0	2	0	2.010649
82	782	0	0	0	0	0	2.532064
83	796	0	0	0	0	0	2.064126
84	802	0	0	0	1	0	1.180931
85	817	0	0	0	1	0	2.794072
86	824	0	0	0	1	0	2.633334
87	827	0	0	0	2	0	2.300540
88	834	0	0	0	0	0	2.003648
89	844	0	0	0	2	0	1.809039
90	859	0	0	0	1	0	1.005816
91	869	0	0	0	2	0	2.003970
92	878	0	0	0	1	0	2.899783
93	893	0	0	0	2	0	2.361674
94	903	0	0	0	1	0	2.678489
95	909	0	0	0	0	0	2.857431
96	915	0	0	0	0	0	1.810413
97	925	0	0	0	1	0	1.478018
98	931	0	0	0	0	0	1.275253
99	937	0	0	0	2	0	1.484918
100	947	0	0	0	2	0	2.906981
101	956	0	0	0	0	0	2.960277
102	960	0	0	0	0	0	2.184390
103	967	0	0	0	1	0	2.387379
104	978	0	0	0	2	0	1.745912
105	990	0	0	0	2	0	2.577983
106	997	0	0	0	0	0	2.424524
107	1010	0	0	0	0	0	2.726443
108	1027	0	0	0	1	0	1.353639
109	1038	0	0	0	0	0	1.578617
110	1046	0	0	0	2	0	2.870745
111	1053	0	0	0	0	0	2.351668
112	1066	0	0	0	0	0	1.032033
113	1077	0	0	0	0	0	2.443906
114	1087	0	0	0	0	0	1.651412
115	1097	0	0	0	1	0	2.835483
116	1102	0	0	0	1	0	1.790191
117	1112	0	0	0	1	0	2.148870
118	1118	0	0	0	0	0	1.212060
119	1133	0	0	0	1	0	1.983409
120	1146	0	0	0	2	0	1.271956
121	1161	0	0	0	2	0	1.083518
122	1175	0	0	0	1	0	2.422063
123	1184	0	0	0	1	0	1.187375
124	1196	0	0	0	1	0	2.741128
125	1206	0	0	0	1	0	2.761811
126	1213	0	0	0	0	0	1.106854
127	1222	0	0	0	0	0	2.586671
128	1229	0	0	0	2	0	1.679279
129	1241	0	0	0	2	0	2.659932
130	1245	0	0	0	1	0	2.013548
131	1253	0	0	0	0	0	1.647106
132	1267	0	0	0	1	0	1.520885
133	1272	0	0	0	0	0	2.819274
134	1281	0	0	0	2	0	2.929651
135	1288	0	0	0	1	0	2.597930
136	1302	0	0	0	0	0	1.402094
137	1308	0	0	0	1	0	2.766665
138	1315	0	0	0	1	0	2.418088
139	1325	0	0	0	1	0	2.710000
140	1334	0	0	0	1	0	2.221020
141	1352	0	0	0	2	0	2.821891
142	1364	0	0	0	1	0	1.864283
143	1372	0	0	0	0	0	1.380228
144	1384	0	0	0	1	0	2.813632
145	1395	0	0	0	1	0	2.815909
146	1407	0	0	0	2	0	1.222540
147	1414	0	0	0	2	0	2.823716
148	1427	0	0	0	2	0	2.768309
149	1438	0	0	0	1	0	1.268377
150	1447	0	0	0	1	0	1.307329
151	1461	0	0	0	2	0	1.157121
152	1473	0	0	0	2	0	2.901270
153	1488	0	0	0	0	0	1.961841
154	1497	0	0	0	2	0	2.526207
155	1508	0	0	0	2	0	2.335497
156	1519	0	0	0	0	0	1.151522
157	1531	0	0	0	1	0	1.081135
158	1539	0	0	0	1	0	1.711008
159	1548	0	0	0	0	0	1.720420
160	1557	0	0	0	1	0	2.769303
161	1568	0	0	0	0	0	1.871204
162	1576	0	0	0	0	0	1.673231
163	1583	0	0	0	1	0	2.696268
164	1595	0	0	0	1	0	2.759589
165	1606	0	0	0	0	0	1.792846
166	1618	0	0	0	0	0	1.393969
167	1625	0	0	0	2	0	1.965051
168	1635	0	0	0	2	0	1.272758
169	1641	0	0	0	1	0	2.735178
170	1661	0	0	0	0	0	2.062311
171	1667	0	0	0	2	0	2.475178
172	1674	0	0	0	1	0	1.795669
173	1681	0	0	0	0	0	2.888066
174	1689	0	0	0	0	0	2.132599
175	1698	0	0	0	2	0	1.342899
176	1707	0	0	0	2	0	2.334876
177	1720	0	0	0	1	0	1.331067
178	1737	0	0	0	0	0	2.155191
179	1752	0	0	0	1	0	2.575556
180	1764	0	0	0	0	0	2.860539
181	1774	0	0	0	0	0	1.317468
182	1785	0	0	0	0	0	2.103464
183	1801	0	0	0	0	0	1.119798
184	1810	0	0	0	1	0	1.328311
185	1822	0	0	0	0	0	2.255209
186	1827	0	0	0	1	0	1.235990
187	1835	0	0	0	0	0	2.422175
188	1847	0	0	0	2	0	1.894899
189	1860	0	0	0	0	0	2.365170
190	1868	0	0	0	2	0	2.553409
191	1877	0	0	0	2	0	2.228916
192	1888	0	0	0	0	0	2.262897
193	1896	0	0	0	0	0	1.328583
194	1902	0	0	0	1	0	1.122240
195	1918	0	0	0	1	0	1.403458
196	1926	0	0	0	1	0	2.965083
197	1936	0	0	0	1	0	2.201083
198	1955	0	0	0	1	0	2.076509
199	1964	0	0	0	1	0	2.864119
200	1976	0	0	0	0	0	2.299090
201	1981	0	0	0	1	0	1.443735
202	1990	0	0	0	1	0	1.773230
203	1997	0	0	0	0	0	2.083246
204	2009	0	0	0	0	0	2.261847
205	2021	0	0	0	1	0	1.441634
206	2030	0	0	0	1	0	1.965505
207	2039	0	0	0	1	0	1.168336
208	2048	0	0	0	1	0	1.381195
209	2056	0	0	0	1	0	1.759272
210	2070	0	0	0	1	0	1.878124
211	2080	0	0	0	0	0	1.598289
212	2090	0	0	0	0	0	1.237234
213	2100	0	0	0	1	0	1.898425
214	2105	0	0	0	0	0	1.701659
215	2117	0	0	0	0	0	2.975247
216	2125	0	0	0	1	0	2.974399
217	2137	0	0	0	2	0	1.935105
218	2145	0	0	0	2	0	1.279538
219	2152	0	0	0	0	0	1.902599
220	2160	0	0	0	0	0	1.169458
221	2167	0	0	0	0	0	2.633523
222	2180	0	0	0	2	0	1.523710
223	2187	0	0	0	0	0	1.102916
224	2199	0	0	0	1	0	1.699725
225	2205	0	0	0	0	0	1.436375
226	2212	0	0	0	1	0	2.716326
227	2226	0	0	0	0	0	1.504661
228	2231	0	0	0	0	0	1.002462
229	2244	0	0	0	0	0	2.286239
230	2249	0	0	0	1	0	1.220111
231	2266	0	0	0	2	0	1.103168
232	2272	0	0	0	1	0	2.379145
233	2285	0	0	0	0	0	1.821272
234	2292	0	0	0	0	0	2.512795
235	2302	0	0	0	0	0	1.715562
236	2316	0	0	0	1	0	1.871206
237	2328	0	0	0	2	0	1.945231
238	2336	0	0	0	1	0	2.105975
239	2344	0	0	0	0	0	2.734631
240	2353	0	0	0	2	0	2.590474
241	2361	0	0	0	0	0	2.551626
242	2370	0	0	0	2	0	1.216377
243	2380	0	0	0	0	0	2.821961
244	2391	0	0	0	2	0	2.266803
245	2400	0	0	0	1	0	2.252561
246	2407	0	0	0	2	0	2.754482
247	2421	0	0	0	1	0	1.746965
248	2437	0	0	0	0	0	2.165115
249	2453	0	0	0	2	0	2.288470
250	2462	0	0	0	1	0	1.019630
251	2472	0	0	0	1	0	2.528052
252	2481	0	0	0	1	0	2.447259
253	2488	0	0	0	0	0	1.300961
254	2497	0	0	0	0	0	1.192074
255	2506	0	0	0	0	0	2.820323
256	2522	0	0	0	0	0	2.622083
257	2533	0	0	0	0	0	2.313681
258	2544	0	0	0	0	0	2.399777
259	2550	0	0	0	2	0	2.882834
260	2561	0	0	0	1	0	1.049091
261	2574	0	0	0	2	0	1.118659
262	2582	0	0	0	0	0	1.194705
263	2590	0	0	0	0	0	2.656374
264	2604	0	0	0	0	0	2.324938
265	2618	0	0	0	1	0	1.713193
266	2630	0	0	0	2	0	1.536702
267	2637	0	0	0	0	0	2.666668
268	2648	0	0	0	0	0	2.048324
269	2654	0	0	0	2	0	2.787645
270	2670	0	0	0	0	0	2.619260
271	2684	0	0	0	2	0	1.133645
272	2692	0	0	0	1	0	1.882426
273	2702	0	0	0	1	0	1.081979
274	2714	0	0	0	0	0	2.554267
275	2726	0	0	0	0	0	1.566092
276	2736	0	0	0	1	0	1.370015
277	2749	0	0	0	0	0	1.720519
278	2763	0	0	0	2	0	1.364568
279	2772	0	0	0	2	0	1.467278
280	2781	0	0	0	0	0	1.317119
281	2792	0	0	0	0	0	2.933721
282	2800	0	0	0	2	0	1.845135
283	2807	0	0	0	1	0	1.498620
284	2813	0	0	0	1	0	2.195137
285	2826	0	0	0	0	0	2.126759
286	2835	0	0	0	2	0	1.113810
287	2840	0	0	0	2	0	2.778372
288	2851	0	0	0	1	0	2.434127
289	2863	0	0	0	1	0	1.480851
290	2876	0	0	0	1	0	1.801380
291	2892	0	0	0	2	0	1.444803
292	2904	0	0	0	1	0	2.529781
293	2909	0	0	0	0	0	1.251017
294	2920	0	0	0	2	0	1.264885
295	2929	0	0	0	2	0	1.896324
296	2935	0	0	0	2	0	1.858527
297	2943	0	0	0	0	0	1.688195
298	2952	0	0	0	1	0	1.051996
299	2963	0	0	0	1	0	2.998255
300	2971	0	0	0	1	0	1.314617
301	2981	0	0	0	1	0	1.620341
302	2995	0	0	0	0	0	2.049072
303	3001	0	0	0	2	0	1.483238
304	3009	0	0	0	1	0	2.004817
305	3023	0	0	0	0	0	1.168076
306	3029	0	0	0	1	0	1.539107
307	3038	0	0	0	1	0	1.487926
308	3046	0	0	0	1	0	1.735051
309	3055	0	0	0	1	0	2.645050
310	3062	0	0	0	0	0	2.685201
311	3072	0	0	0	2	0	2.172625
312	3085	0	0	0	2	0	1.041041
313	3094	0	0	0	1	0	2.135585
314	3111	0	0	0	0	0	1.954877
315	3119	0	0	0	2	0	1.694055
316	3129	0	0	0	2	0	2.479878
317	3140	0	0	0	1	0	2.426154
318	3161	0	0	0	2	0	1.311258
319	3171	0	0	0	1	0	2.569314
320	3186	0	0	0	1	0	2.681175
321	3193	0	0	0	1	0	2.448219
322	3205	0	0	0	2	0	2.315249
323	3218	0	0	0	1	0	1.812048
324	3230	0	0	0	1	0	1.189632
325	3242	0	0	0	1	0	2.712887
326	3255	0	0	0	0	0	1.278137
327	3264	0	0	0	0	0	1.743908
328	3280	0	0	0	2	0	2.798396
329	3294	0	0	0	1	0	2.493596
330	3306	0	0	0	1	0	2.827765
331	3314	0	0	0	1	0	2.115518
332	3317	0	0	0	0	0	2.977198
333	3330	0	0	0	0	0	2.461876
334	3343	0	0	0	0	0	1.052790
335	3350	0	0	0	0	0	1.754758
336	3360	0	0	0	0	0	2.735855
337	3368	0	0	0	1	0	2.535188
338	3382	0	0	0	2	0	1.640684
339	3390	0	0	0	1	0	2.787392
340	3403	0	0	0	1	0	1.620364
341	3414	0	0	0	0	0	1.824799
342	3418	0	0	0	2	0	2.573323
343	3427	0	0	0	1	0	1.906976
344	3442	0	0	0	0	0	2.961344
345	3450	0	0	0	0	0	2.691303
346	3462	0	0	0	2	0	1.790909
347	3466	0	0	0	2	0	1.740039
348	3475	0	0	0	0	0	1.964848
349	3491	0	0	0	0	0	2.776594
350	3504	0	0	0	0	0	1.744591
351	3514	0	0	0	2	0	2.550013
352	3524	0	0	0	1	0	2.641079
353	3533	0	0	0	2	0	1.333039
354	3540	0	0	0	2	0	1.437940
355	3554	0	0	0	0	0	1.145416
356	3562	0	0	0	1	0	2.168352
357	3571	0	0	0	2	0	2.784886
358	3581	0	0	0	1	0	1.738925
359	3586	0	0	0	0	0	2.828865
360	3594	0	0	0	0	0	1.548302
361	3603	0	0	0	0	0	1.725001
362	3613	0	0	0	1	0	2.474480
363	3619	0	0	0	2	0	1.773936
364	3626	0	0	0	0	0	1.085247
365	3631	0	0	0	2	0	2.461201
366	3638	0	0	0	1	0	2.656557
367	3654	0	0	0	1	0	1.407169
368	3665	0	0	0	0	0	2.248225
369	3671	0	0	0	2	0	1.820410
370	3679	0	0	0	1	0	1.911115
371	3686	0	0	0	1	0	1.140705
372	3695	0	0	0	0	0	2.333978
373	3714	0	0	0	0	0	1.064258
374	3723	0	0	0	0	0	2.238521
375	3734	0	0	0	2	0	1.818110
376	3742	0	0	0	0	0	1.494329
377	3751	0	0	0	0	0	2.058086
378	3764	0	0	0	1	0	2.249421
379	3777	0	0	0	0	0	1.033181
380	3790	0	0	0	0	0	2.185962
381	3798	0	0	0	2	0	2.452352
382	3812	0	0	0	1	0	1.382367
383	3820	0	0	0	0	0	2.617084
384	3830	0	0	0	2	0	2.489543
385	3837	0	0	0	0	0	1.437684
386	3849	0	0	0	2	0	1.606924
387	3861	0	0	0	1	0	2.165613
388	3872	0	0	0	0	0	2.898639
389	3879	0	0	0	1	0	2.544925
390	3891	0	0	0	2	0	2.933337
391	3898	0	0	0	2	0	2.612177
392	3914	0	0	0	0	0	2.306446
393	3926	0	0	0	1	0	1.490625
394	3936	0	0	0	2	0	2.938650
395	3949	0	0	0	0	0	2.735768
396	3960	0	0	0	1	0	2.343178
397	3967	0	0	0	1	0	1.417440
398	3978	0	0	0	2	0	2.365720
399	3989	0	0	0	2	0	2.436245
400	3995	0	0	0	2	0	2.449424
401	4003	0	0	0	0	0	1.316373
402	4015	0	0	0	0	0	1.177797
403	4029	0	0	0	0	0	1.367674
404	4040	0	0	0	1	0	1.950263
405	4048	0	0	0	1	0	2.164085
406	4061	0	0	0	1	0	2.827250
407	4072	0	0	0	1	0	2.434087
408	4083	0	0	0	2	0	2.042682
409	4092	0	0	0	1	0	2.902456
410	4100	0	0	0	0	0	1.046590
411	4111	0	0	0	0	0	1.661047
412	4125	0	0	0	0	0	2.198178
413	4134	0	0	0	2	0	1.040350
414	4143	0	0	0	0	0	1.804647
415	4158	0	0	0	0	0	1.980613
416	4162	0	0	0	0	0	2.005931
417	4174	0	0	0	0	0	2.487526
418	4185	0	0	0	0	0	2.591011
419	4195	0	0	0	0	0	2.215024
420	4201	0	0	0	1	0	2.904491
421	4214	0	0	0	1	0	2.592747
422	4222	0	0	0	0	0	2.891969
423	4234	0	0	0	1	0	1.108605
424	4248	0	0	0	1	0	1.733279
425	4266	0	0	0	0	0	2.704641
426	4278	0	0	0	2	0	1.758460
427	4288	0	0	0	2	0	2.237913
428	4296	0	0	0	1	0	2.560441
429	4308	0	0	0	1	0	2.091762
430	4319	0	0	0	1	0	2.268124
431	4326	0	0	0	1	0	2.538948
432	4340	0	0	0	1	0	1.220609
433	4349	0	0	0	1	0	2.490904
434	4356	0	0	0	1	0	2.717507
435	4363	0	0	0	1	0	2.850681
436	4375	0	0	0	0	0	2.054512
437	4381	0	0	0	2	0	2.156249
438	4392	0	0	0	0	0	2.589979
439	4401	0	0	0	0	0	2.398383
440	4406	0	0	0	0	0	1.483918
441	4413	0	0	0	2	0	1.893174
442	4427	0	0	0	0	0	2.287197
443	4435	0	0	0	0	0	1.864166
444	4444	0	0	0	0	0	2.664430
445	4459	0	0	0	2	0	1.492638
446	4471	0	0	0	1	0	1.329403
447	4487	0	0	0	1	0	1.180654
448	4500	0	0	0	2	0	2.533919
449	4509	0	0	0	0	0	2.980209
450	4518	0	0	0	1	0	1.734547
451	4529	0	0	0	2	0	2.701425
452	4540	0	0	0	0	0	1.473589
453	4547	0	0	0	2	0	1.943009
454	4560	0	0	0	0	0	2.218288
455	4567	0	0	0	2	0	1.032708
456	4579	0	0	0	0	0	2.090907
457	4592	0	0	0	0	0	2.151346
458	4598	0	0	0	1	0	2.451937
459	4612	0	0	0	1	0	2.553122
460	4621	0	0	0	0	0	1.546663
461	4628	0	0	0	0	0	2.700683
462	4645	0	0	0	0	0	1.554131
463	4659	0	0	0	2	0	2.327616
464	4667	0	0	0	1	0	2.512043
465	4675	0	0	0	0	0	1.824918
466	4683	0	0	0	1	0	2.116924
467	4689	0	0	0	1	0	2.442572
468	4700	0	0	0	0	0	1.958111
469	4706	0	0	0	0	0	2.253521
470	4714	0	0	0	0	0	2.727186
471	4726	0	0	0	0	0	1.863022
472	4732	0	0	0	0	0	2.554204
473	4747	0	0	0	0	0	2.087929
474	4760	0	0	0	1	0	1.328363
475	4765	0	0	0	1	0	1.939935
476	4776	0	0	0	0	0	2.415284
477	4783	0	0	0	2	0	1.083814
478	4793	0	0	0	0	0	2.126178
479	4800	0	0	0	0	0	1.076295
480	4808	0	0	0	0	0	1.914375
481	4823	0	0	0	1	0	1.374965
482	4828	0	0	0	1	0	1.159490
483	4839	0	0	0	2	0	1.741539
484	4854	0	0	0	0	0	2.064120
485	4863	0	0	0	2	0	1.345521
486	4869	0	0	0	0	0	1.618451
487	4879	0	0	0	1	0	1.973817
488	4896	0	0	0	1	0	1.562963
489	4908	0	0	0	1	0	1.837826
490	4920	0	0	0	1	0	2.351531
491	4930	0	0	0	1	0	1.650738
492	4939	0	0	0	0	0	1.436132
493	4946	0	0	0	0	0	2.261843
494	4962	0	0	0	1	0	1.455488
495	4973	0	0	0	0	0	2.529110
496	4983	0	0	0	0	0	2.307626
497	4996	0	0	0	1	0	1.907960
498	5003	0	0	0	1	0	2.772683
499	5006	0	0	0	1	0	1.859907
500	5014	0	0	0	1	0	2.423153
501	5025	0	0	0	2	0	2.189606
502	5033	0	0	0	0	0	2.022289
503	5052	0	0	0	1	0	1.475406
504	5063	0	0	0	1	0	1.636885
505	5077	0	0	0	0	0	2.835090
506	5081	0	0	0	1	0	2.009955
507	5098	0	0	0	0	0	2.576765
508	5112	0	0	0	2	0	2.619333
509	5122	0	0	0	2	0	1.263837
510	5133	0	0	0	1	0	2.586573
511	5148	0	0	0	1	0	1.501915
512	5162	0	0	0	1	0	2.384829
513	5174	0	0	0	0	0	1.394805
514	5183	0	0	0	2	0	1.273381
515	5190	0	0	0	1	0	1.084676
516	5198	0	0	0	0	0	1.174213
517	5204	0	0	0	0	0	2.160443
518	5217	0	0	0	2	0	1.017182
519	5228	0	0	0	0	0	2.307393
520	5242	0	0	0	2	0	2.868902
521	5254	0	0	0	1	0	2.053241
522	5271	0	0	0	1	0	2.511146
523	5276	0	0	0	0	0	2.678751
524	5287	0	0	0	1	0	1.817898
525	5301	0	0	0	0	0	2.384076
526	5305	0	0	0	1	0	1.906395
527	5312	0	0	0	1	0	1.692480
528	5326	0	0	0	1	0	2.650292
529	5346	0	0	0	1	0	2.552512
530	5352	0	0	0	0	0	2.259049
531	5359	0	0	0	1	0	1.193054
532	5372	0	0	0	0	0	2.544135
533	5381	0	0	0	1	0	1.334579
534	5391	0	0	0	2	0	2.039794
535	5404	0	0	0	0	0	1.296663
536	5421	0	0	0	2	0	2.940276
537	5428	0	0	0	1	0	1.980590
538	5442	0	0	0	0	0	1.994369
539	5452	0	0	0	1	0	2.600945
540	5463	0	0	0	0	0	2.064156
541	5476	0	0	0	1	0	1.970576
542	5486	0	0	0	1	0	2.822119
543	5496	0	0	0	2	0	2.003615
544	5508	0	0	0	1	0	1.909868
545	5518	0	0	0	2	0	2.814259
546	5529	0	0	0	2	0	2.801465
547	5537	0	0	0	1	0	2.045699
548	5548	0	0	0	0	0	1.707403
549	5560	0	0	0	1	0	1.803761
550	5567	0	0	0	0	0	1.642164
551	5575	0	0	0	1	0	1.091515
552	5585	0	0	0	0	0	1.205055
553	5593	0	0	0	1	0	1.493930
554	5606	0	0	0	0	0	1.636890
555	5611	0	0	0	1	0	2.451833
556	5621	0	0	0	1	0	1.322837
557	5635	0	0	0	1	0	1.156295
558	5647	0	0	0	2	0	2.644688
559	5659	0	0	0	0	0	1.438308
560	5669	0	0	0	0	0	1.089668
561	5679	0	0	0	2	0	2.857817
562	5688	0	0	0	0	0	2.935808
563	5698	0	0	0	1	0	2.867778
564	5709	0	0	0	2	0	2.988305
565	5722	0	0	0	1	0	2.337184
566	5730	0	0	0	2	0	1.211076
567	5741	0	0	0	0	0	1.550259
568	5754	0	0	0	1	0	2.335322
569	5763	0	0	0	2	0	2.560635
570	5771	0	0	0	0	0	1.827142
571	5784	0	0	0	0	0	1.199000
572	5795	0	0	0	1	0	1.646785
573	5806	0	0	0	0	0	2.992616
574	5817	0	0	0	1	0	2.240108
575	5828	0	0	0	0	0	2.299129
576	5835	0	0	0	1	0	2.983938
577	5841	0	0	0	1	0	2.096000
578	5846	0	0	0	0	0	2.681014
579	5865	0	0	0	2	0	1.446382
580	5871	0	0	0	0	0	1.195866
581	5878	0	0	0	0	0	2.571630
582	5889	0	0	0	1	0	1.665187
583	5893	0	0	0	2	0	2.681594
584	5903	0	0	0	0	0	2.114780
585	5918	0	0	0	1	0	2.601634
586	5928	0	0	0	0	0	1.593990
587	5940	0	0	0	1	0	1.414684
588	5952	0	0	0	0	0	2.220011
589	5962	0	0	0	2	0	1.654659
590	5977	0	0	0	0	0	2.156937
591	5988	0	0	0	1	0	1.816512
592	6007	0	0	0	2	0	2.491201
593	6016	0	0	0	1	0	2.116813
594	6022	0	0	0	0	0	2.561125
595	6029	0	0	0	1	0	1.812444
596	6037	0	0	0	0	0	1.207952
597	6046	0	0	0	1	0	2.958726
598	6052	0	0	0	2	0	1.615024
599	6061	0	0	0	2	0	2.512169
600	6071	0	0	0	2	0	1.210796
601	6085	0	0	0	0	0	2.538047
602	6099	0	0	0	2	0	2.692922
603	6107	0	0	0	1	0	2.322208
604	6124	0	0	0	1	0	1.418519
605	6133	0	0	0	0	0	1.221966
606	6142	0	0	0	0	0	1.031676
607	6149	0	0	0	2	0	2.831588
608	6157	0	0	0	2	0	1.717702
609	6165	0	0	0	0	0	1.371033
610	6172	0	0	0	2	0	2.237963
611	6184	0	0	0	1	0	2.514357
612	6190	0	0	0	0	0	1.771847
613	6200	0	0	0	1	0	2.675619
614	6210	0	0	0	1	0	2.907267
615	6221	0	0	0	2	0	1.581572
616	6233	0	0	0	1	0	2.300166
617	6245	0	0	0	1	0	1.657041
618	6256	0	0	0	0	0	2.066878
619	6262	0	0	0	0	0	2.749691
620	6271	0	0	0	1	0	2.360137
621	6287	0	0	0	2	0	2.055154
622	6295	0	0	0	1	0	2.651254
623	6304	0	0	0	2	0	1.639638
624	6320	0	0	0	0	0	2.137118
625	6332	0	0	0	1	0	1.704820
626	6350	0	0	0	0	0	1.155187
627	6355	0	0	0	2	0	2.696172
628	6370	0	0	0	0	0	2.286499
629	6376	0	0	0	1	0	2.541193
630	6388	0	0	0	0	0	2.972422
631	6394	0	0	0	0	0	1.790983
632	6404	0	0	0	1	0	2.534921
633	6411	0	0	0	2	0	2.897158
634	6419	0	0	0	0	0	2.199903
635	6430	0	0	0	2	0	2.861674
636	6438	0	0	0	0	0	1.104438
637	6452	0	0	0	0	0	2.959869
638	6457	0	0	0	2	0	2.259557
639	6466	0	0	0	2	0	1.721203
640	6473	0	0	0	2	0	1.715841
641	6478	0	0	0	0	0	1.481432
642	6486	0	0	0	0	0	2.532335
643	6497	0	0	0	0	0	1.640396
644	6505	0	0	0	0	0	2.481233
645	6512	0	0	0	0	0	2.962114
646	6523	0	0	0	1	0	1.664610
647	6537	0	0	0	2	0	1.888888
648	6553	0	0	0	1	0	2.291989
649	6561	0	0	0	2	0	1.940790
650	6572	0	0	0	2	0	2.584982
651	6583	0	0	0	2	0	1.584704
652	6599	0	0	0	0	0	1.995108
653	6610	0	0	0	0	0	1.467450
654	6619	0	0	0	2	0	2.641368
655	6634	0	0	0	0	0	2.653980
656	6643	0	0	0	1	0	2.210106
657	6654	0	0	0	0	0	1.464933
658	6662	0	0	0	0	0	2.114634
659	6675	0	0	0	2	0	1.445707
660	6684	0	0	0	1	0	2.999346
661	6693	0	0	0	0	0	2.747973
662	6699	0	0	0	0	0	1.482570
663	6703	0	0	0	2	0	2.738059
664	6719	0	0	0	1	0	2.411598
665	6725	0	0	0	2	0	1.703089
666	6729	0	0	0	0	0	2.474207
667	6741	0	0	0	0	0	2.829389
668	6752	0	0	0	0	0	2.728505
669	6763	0	0	0	2	0	1.431112
670	6772	0	0	0	1	0	1.658413
671	6780	0	0	0	0	0	2.126249
672	6788	0	0	0	2	0	1.316052
673	6797	0	0	0	0	0	2.760156
674	6806	0	0	0	0	0	1.098959
675	6812	0	0	0	0	0	1.813693
676	6826	0	0	0	0	0	2.866472
677	6839	0	0	0	1	0	2.921906
678	6850	0	0	0	2	0	2.868885
679	6856	0	0	0	1	0	1.999395
680	6863	0	0	0	2	0	1.254228
681	6871	0	0	0	0	0	2.218365
682	6880	0	0	0	1	0	1.476509
683	6891	0	0	0	2	0	2.023771
684	6903	0	0	0	2	0	2.327598
685	6913	0	0	0	0	0	2.029361
686	6922	0	0	0	0	0	2.783038
687	6933	0	0	0	1	0	1.798736
688	6945	0	0	0	1	0	1.541386
689	6954	0	0	0	1	0	1.125624
690	6962	0	0	0	1	0	2.997157
691	6970	0	0	0	2	0	1.155329
692	6979	0	0	0	2	0	1.348114
693	6989	0	0	0	0	0	2.058082
694	6996	0	0	0	2	0	1.023291
695	7009	0	0	0	1	0	1.655340
696	7025	0	0	0	0	0	2.657317
697	7030	0	0	0	0	0	1.503430
698	7040	0	0	0	0	0	2.023068
699	7051	0	0	0	1	0	1.944737
700	7060	0	0	0	2	0	1.699548
701	7071	0	0	0	1	0	1.945916
702	7085	0	0	0	0	0	1.810089
703	7091	0	0	0	0	0	1.608118
704	7099	0	0	0	0	0	1.100160
705	7112	0	0	0	0	0	2.385174
706	7120	0	0	0	0	0	2.276852
707	7128	0	0	0	0	0	2.641668
708	7141	0	0	0	0	0	1.401525
709	7151	0	0	0	1	0	2.425310
710	7163	0	0	0	0	0	2.712418
711	7172	0	0	0	2	0	2.517076
712	7177	0	0	0	0	0	1.057649
713	7188	0	0	0	0	0	2.810647
714	7204	0	0	0	2	0	2.799840
715	7209	0	0	0	2	0	2.352826
716	7217	0	0	0	0	0	2.498967
717	7227	0	0	0	1	0	1.021300
718	7242	0	0	0	2	0	2.718561
719	7253	0	0	0	1	0	2.132136
720	7265	0	0	0	0	0	1.387650
721	7274	0	0	0	0	0	2.482259
722	7279	0	0	0	1	0	1.571293
723	7288	0	0	0	0	0	1.002866
724	7299	0	0	0	0	0	1.835059
725	7313	0	0	0	1	0	2.091163
726	7322	0	0	0	2	0	2.426519
727	7332	0	0	0	0	0	2.498443
728	7339	0	0	0	1	0	2.810365
729	7346	0	0	0	2	0	2.385354
730	7359	0	0	0	0	0	2.168147
731	7366	0	0	0	0	0	2.858292
732	7373	0	0	0	2	0	1.401705
733	7379	0	0	0	2	0	2.608475
734	7391	0	0	0	2	0	1.086719
735	7396	0	0	0	0	0	2.936597
736	7402	0	0	0	0	0	1.543282
737	7413	0	0	0	0	0	2.183629
738	7423	0	0	0	2	0	2.499303
739	7430	0	0	0	0	0	2.891830
740	7438	0	0	0	0	0	2.786521
741	7447	0	0	0	0	0	1.895794
742	7457	0	0	0	0	0	1.736724
743	7471	0	0	0	0	0	2.366961
744	7476	0	0	0	0	0	1.597152
745	7487	0	0	0	1	0	1.227137
746	7497	0	0	0	0	0	2.609742
747	7506	0	0	0	1	0	1.243934
748	7522	0	0	0	1	0	1.151012
749	7533	0	0	0	2	0	2.049539
750	7543	0	0	0	0	0	1.071649
751	7555	0	0	0	0	0	2.604992
752	7560	0	0	0	1	0	2.131828
753	7569	0	0	0	0	0	2.223449
754	7584	0	0	0	0	0	2.882722
755	7592	0	0	0	2	0	2.944706
756	7602	0	0	0	0	0	1.500563
757	7609	0	0	0	1	0	1.976814
758	7619	0	0	0	0	0	1.871900
759	7629	0	0	0	1	0	2.996187
760	7642	0	0	0	2	0	2.735028
761	7659	0	0	0	1	0	2.256572
762	7667	0	0	0	0	0	1.419109
763	7688	0	0	0	0	0	2.624346
764	7694	0	0	0	0	0	1.480758
765	7708	0	0	0	0	0	2.075063
766	7728	0	0	0	0	0	2.343857
767	7735	0	0	0	1	0	2.830425
768	7743	0	0	0	0	0	2.718393
769	7755	0	0	0	0	0	1.507064
770	7766	0	0	0	0	0	1.088270
771	7776	0	0	0	0	0	1.248532
772	7784	0	0	0	0	0	2.883643
773	7794	0	0	0	1	0	2.730327
774	7803	0	0	0	0	0	2.155546
775	7813	0	0	0	2	0	1.756451
776	7820	0	0	0	0	0	1.760181
777	7831	0	0	0	2	0	1.776475
778	7836	0	0	0	0	0	2.049268
779	7841	0	0	0	1	0	2.729572
780	7850	0	0	0	1	0	2.866926
781	7860	0	0	0	0	0	2.532979
782	7872	0	0	0	0	0	1.332724
783	7884	0	0	0	1	0	2.397988
784	7896	0	0	0	0	0	2.952221
785	7903	0	0	0	0	0	2.878144
786	7922	0	0	0	0	0	2.120464
787	7937	0	0	0	0	0	1.179744
788	7948	0	0	0	1	0	1.032799
789	7959	0	0	0	1	0	2.551527
790	7963	0	0	0	2	0	1.732116
791	7965	0	0	0	0	0	2.309595
792	7972	0	0	0	2	0	1.540535
793	7981	0	0	0	1	0	1.844045
794	7987	0	0	0	1	0	2.844472
795	7994	0	0	0	0	0	1.022573
796	8008	0	0	0	0	0	1.453411
797	8019	0	0	0	0	0	1.480844
798	8034	0	0	0	0	0	2.935295
799	8044	0	0	0	2	0	1.535159
800	8056	0	0	0	0	0	1.787499
801	8064	0	0	0	1	0	1.780585
802	8073	0	0	0	1	0	1.762949
803	8084	0	0	0	0	0	1.618235
804	8096	0	0	0	1	0	1.076768
805	8105	0	0	0	0	0	1.294095
806	8115	0	0	0	0	0	1.026667
807	8124	0	0	0	1	0	1.034665
808	8137	0	0	0	1	0	2.094564
809	8148	0	0	0	0	0	1.255630
810	8158	0	0	0	0	0	2.247437
811	8176	0	0	0	0	0	2.936910
812	8183	0	0	0	1	0	2.857028
813	8193	0	0	0	0	0	2.340515
814	8205	0	0	0	1	0	2.785361
815	8216	0	0	0	1	0	2.143785
816	8224	0	0	0	0	0	2.293932
817	8237	0	0	0	0	0	2.356266
818	8246	0	0	0	1	0	2.510533
819	8253	0	0	0	0	0	2.789530
820	8260	0	0	0	1	0	2.744785
821	8268	0	0	0	0	0	1.108413
822	8278	0	0	0	0	0	1.190011
823	8286	0	0	0	1	0	1.530113
824	8295	0	0	0	0	0	2.972765
825	8304	0	0	0	1	0	1.362439
826	8316	0	0	0	0	0	2.721708
827	8324	0	0	0	0	0	1.503984
828	8338	0	0	0	2	0	2.190109
829	8341	0	0	0	1	0	2.715380
830	8351	0	0	0	0	0	1.614955
831	8360	0	0	0	0	0	1.676333
832	8366	0	0	0	0	0	1.680099
833	8374	0	0	0	1	0	2.389202
834	8387	0	0	0	0	0	2.421877
835	8403	0	0	0	2	0	1.854893
836	8412	0	0	0	0	0	2.982344
837	8423	0	0	0	1	0	1.830899
838	8434	0	0	0	0	0	2.435222
839	8449	0	0	0	2	0	1.889877
840	8462	0	0	0	0	0	2.450494
841	8474	0	0	0	2	0	1.364510
842	8485	0	0	0	0	0	2.568835
843	8496	0	0	0	0	0	1.920496
844	8511	0	0	0	0	0	2.760009
845	8519	0	0	0	0	0	2.872735
846	8530	0	0	0	2	0	1.402459
847	8541	0	0	0	2	0	1.643111
848	8549	0	0	0	0	0	2.950959
849	8560	0	0	0	0	0	2.836535
850	8569	0	0	0	0	0	1.089370
851	8579	0	0	0	0	0	1.454247
852	8590	0	0	0	2	0	2.039580
853	8598	0	0	0	0	0	1.035379
854	8609	0	0	0	1	0	2.971757
855	8616	0	0	0	2	0	1.821478
856	8632	0	0	0	0	0	1.946982
857	8640	0	0	0	0	0	1.069977
858	8653	0	0	0	1	0	1.694446
859	8664	0	0	0	2	0	1.010500
860	8676	0	0	0	2	0	2.733516
861	8685	0	0	0	1	0	1.478452
862	8693	0	0	0	0	0	1.921639
863	8707	0	0	0	2	0	2.743177
864	8719	0	0	0	0	0	1.332268
865	8735	0	0	0	2	0	1.110788
866	8744	0	0	0	0	0	2.933630
867	8755	0	0	0	1	0	2.783138
868	8762	0	0	0	0	0	1.490211
869	8776	0	0	0	1	0	2.490071
870	8790	0	0	0	1	0	2.672593
871	8800	0	0	0	1	0	1.488273
872	8813	0	0	0	2	0	1.301619
873	8820	0	0	0	2	0	1.681466
874	8825	0	0	0	0	0	1.548310
875	8835	0	0	0	1	0	2.662160
876	8851	0	0	0	1	0	2.895752
877	8860	0	0	0	1	0	2.651544
878	8868	0	0	0	0	0	2.572648
879	8879	0	0	0	0	0	2.610024
880	8891	0	0	0	1	0	2.600206
881	8904	0	0	0	2	0	2.632564
882	8916	0	0	0	0	0	1.161346
883	8932	0	0	0	0	0	1.226130
884	8941	0	0	0	1	0	2.862297
885	8952	0	0	0	2	0	2.041604
886	8965	0	0	0	1	0	1.585527
887	8969	0	0	0	0	0	2.441050
888	8978	0	0	0	2	0	2.678150
889	8988	0	0	0	0	0	2.991273
890	8997	0	0	0	1	0	1.390919
891	9010	0	0	0	0	0	1.610604
892	9023	0	0	0	1	0	2.128780
893	9036	0	0	0	0	0	1.867086
894	9046	0	0	0	0	0	2.568699
895	9056	0	0	0	2	0	2.565887
896	9071	0	0	0	2	0	1.969437
897	9079	0	0	0	1	0	2.712980
898	9091	0	0	0	1	0	2.579654
899	9101	0	0	0	0	0	2.059670
900	9108	0	0	0	0	0	2.643101
901	9117	0	0	0	2	0	2.002538
902	9123	0	0	0	2	0	2.626256
903	9130	0	0	0	0	0	2.815872
904	9139	0	0	0	2	0	1.252852
905	9146	0	0	0	1	0	2.485506
906	9153	0	0	0	0	0	2.175994
907	9163	0	0	0	0	0	2.220067
908	9173	0	0	0	0	0	2.269270
909	9183	0	0	0	1	0	1.896250
910	9195	0	0	0	2	0	2.711032
911	9206	0	0	0	2	0	2.313820
912	9225	0	0	0	1	0	2.337179
913	9239	0	0	0	1	0	2.942455
914	9247	0	0	0	2	0	2.355777
915	9258	0	0	0	2	0	2.439443
916	9266	0	0	0	1	0	2.235057
917	9279	0	0	0	1	0	2.328146
918	9286	0	0	0	1	0	2.159760
919	9298	0	0	0	1	0	1.408049
920	9313	0	0	0	2	0	2.064285
921	9325	0	0	0	0	0	2.519390
922	9340	0	0	0	2	0	1.383966
923	9352	0	0	0	1	0	1.786795
924	9362	0	0	0	2	0	2.594963
925	9374	0	0	0	2	0	1.377169
926	9384	0	0	0	0	0	1.699298
927	9399	0	0	0	1	0	2.530789
928	9410	0	0	0	0	0	1.584620
929	9422	0	0	0	0	0	2.440446
930	9433	0	0	0	0	0	2.157936
931	9441	0	0	0	1	0	2.380192
932	9450	0	0	0	1	0	2.109752
933	9464	0	0	0	1	0	2.972871
934	9480	0	0	0	1	0	2.785422
935	9494	0	0	0	1	0	1.800255
936	9502	0	0	0	0	0	1.502878
937	9513	0	0	0	0	0	1.069284
938	9523	0	0	0	0	0	1.719540
939	9533	0	0	0	2	0	2.722916
940	9548	0	0	0	1	0	2.975662
941	9556	0	0	0	1	0	2.188809
942	9566	0	0	0	2	0	1.676178
943	9577	0	0	0	0	0	2.774949
944	9584	0	0	0	0	0	1.427575
945	9594	0	0	0	1	0	2.989835
946	9607	0	0	0	1	0	2.901171
947	9613	0	0	0	0	0	2.396641
948	9628	0	0	0	2	0	2.804392
949	9635	0	0	0	2	0	1.284183
950	9641	0	0	0	1	0	2.244062
951	9652	0	0	0	1	0	2.748316
952	9662	0	0	0	2	0	2.316334
953	9678	0	0	0	2	0	1.332082
954	9683	0	0	0	0	0	2.582356
955	9689	0	0	0	0	0	1.662120
956	9697	0	0	0	2	0	2.948540
957	9705	0	0	0	0	0	1.140917
958	9710	0	0	0	1	0	1.770038
959	9722	0	0	0	0	0	1.420524
960	9731	0	0	0	0	0	1.532820
961	9737	0	0	0	1	0	1.264863
962	9744	0	0	0	1	0	1.996845
963	9752	0	0	0	0	0	2.838518
964	9760	0	0	0	1	0	1.762753
965	9773	0	0	0	0	0	2.554971
966	9782	0	0	0	0	0	2.015427
967	9791	0	0	0	0	0	2.647001
968	9803	0	0	0	2	0	2.518975
969	9813	0	0	0	0	0	2.350889
970	9826	0	0	0	1	0	1.865660
971	9829	0	0	0	0	0	1.038950
972	9839	0	0	0	0	0	1.059566
973	9848	0	0	0	1	0	2.603689
974	9858	0	0	0	0	0	1.446266
975	9868	0	0	0	1	0	2.014872
976	9877	0	0	0	2	0	2.299343
977	9889	0	0	0	0	0	2.200848
978	9903	0	0	0	0	0	1.116030
979	9915	0	0	0	0	0	2.849281
980	9928	0	0	0	2	0	1.684782
981	9936	0	0	0	0	0	2.866596
982	9947	0	0	0	2	0	2.143039
983	9954	0	0	0	1	0	2.830444
984	9960	0	0	0	1	0	1.260895
985	9973	0	0	0	2	0	1.016746
986	9986	0	0	0	0	0	2.760118
987	9998	0	0	0	1	0	2.439551
988	10009	0	0	0	1	0	2.195962
989	10018	0	0	0	0	0	2.799389
990	10026	0	0	0	0	0	2.670355
991	10035	0	0	0	0	0	2.341680
992	10047	0	0	0	1	0	2.078228
993	10058	0	0	0	1	0	2.876843
994	10068	0	0	0	0	0	2.576045
995	10079	0	0	0	1	0	1.938585
996	10088	0	0	0	1	0	2.519434
997	10098	0	0	0	0	0	1.334020
998	10108	0	0	0	1	0	2.029344
999	10123	0	0	0	1	0	2.124379
