0	1	0	0	0	2	0	1.192218
1	13	0	0	0	0	0	2.600161
2	18	0	0	0	0	0	1.644425
3	24	0	0	0	0	0	2.795409
4	34	0	0	0	0	0	2.512033
5	41	0	0	0	0	0	2.756166
6	51	0	0	0	0	0	1.878257
7	62	0	0	0	0	0	2.446333
8	74	0	0	0	1	0	1.630198
9	81	0	0	0	2	0	1.868630
10	98	0	0	0	1	0	2.393450
11	109	0	0	0	0	0	1.387861
12	119	0	0	0	2	0	1.297312
13	123	0	0	0	2	0	1.792534
14	137	0	0	0	2	0	1.297156
15	145	0	0	0	2	0	2.339220
16	156	0	0	0	0	0	2.083261
17	167	0	0	0	1	0	1.609165
18	178	0	0	0	0	0	1.008635
19	190	0	0	0	0	0	2.173114
20	199	0	0	0	1	0	2.788161
21	210	0	0	0	0	0	1.492962
22	218	0	0	0	0	0	1.069776
23	234	0	0	0	2	0	2.633999
24	243	0	0	0	0	0	2.735022
25	253	0	0	0	2	0	2.040349
26	264	0	0	0	0	0	2.313905
27	273	0	0	0	0	0	2.968393
28	287	0	0	0	2	0	2.594240
29	294	0	0	0	0	0	1.504798
30	303	0	0	0	2	0	2.472161
31	313	0	0	0	1	0	1.688548
32	323	0	0	0	1	0	2.754120
33	336	0	0	0	2	0	2.313300
34	349	0	0	0	0	0	2.161499
35	362	0	0	0	1	0	1.810748
36	372	0	0	0	1	0	1.017213
37	381	0	0	0	0	0	2.659152
38	387	0	0	0	2	0	2.182897
39	398	0	0	0	1	0	2.218647
40	412	0	0	0	0	0	1.635030
41	421	0	0	0	0	0	1.825497
42	429	0	0	0	0	0	1.177909
43	438	0	0	0	1	0	1.989579
44	452	0	0	0	2	0	1.053040
45	465	0	0	0	0	0	2.665449
46	476	0	0	0	1	0	2.166025
47	484	0	0	0	0	0	2.638030
48	497	0	0	0	0	0	2.690629
49	511	0	0	0	0	0	2.332457
50	517	0	0	0	1	0	2.736627
51	528	0	0	0	2	0	1.691301
52	538	0	0	0	0	0	1.689439
53	549	0	0	0	2	0	2.800820
54	558	0	0	0	2	0	2.659440
55	565	0	0	0	1	0	1.000322
56	580	0	0	0	1	0	2.863815
57	591	0	0	0	2	0	1.563824
58	608	0	0	0	0	0	1.068742
59	621	0	0	0	0	0	2.972807
60	638	0	0	0	2	0	1.780818
61	649	0	0	0	2	0	2.964937
62	662	0	0	0	1	0	1.213710
63	670	0	0	0	0	0	2.281259
64	678	0	0	0	2	0	1.480882
65	683	0	0	0	2	0	1.974078
66	692	0	0	0	2	0	2.571596
67	699	0	0	0	2	0	1.290648
68	708	0	0	0	0	0	1.790387
69	718	0	0	0	2	0	1.253709
70	729	0	0	0	1	0	2.899262
71	734	0	0	0	0	0	1.362076
72	749	0	0	0	2	0	1.467646
73	758	0	0	0	1	0	1.393883
74	763	0	0	0	1	0	2.130365
75	773	0	0	0	0	0	1.730132
76	787	0	0	0	2	0	1.858634
77	804	0	0	0	2	0	1.681894
78	809	0	0	0	2	0	2.837943
79	817	0	0	0	0	0	1.017410
80	823	0	0	0	1	0	1.552751
81	833	0	0	0	1	0	2.180594
82	840	0	0	0	0	0	1.592240
83	848	0	0	0	0	0	2.477128
84	855	0	0	0	0	0	2.636077
85	862	0	0	0	2	0	1.728528
86	876	0	0	0	2	0	1.754802
87	888	0	0	0	0	0	2.578715
88	899	0	0	0	0	0	2.764090
89	909	0	0	0	1	0	2.379670
90	918	0	0	0	1	0	1.398262
91	922	0	0	0	0	0	2.600683
92	931	0	0	0	0	0	1.951871
93	936	0	0	0	1	0	1.665535
94	943	0	0	0	1	0	1.022934
95	954	0	0	0	1	0	2.504950
96	962	0	0	0	2	0	1.085662
97	972	0	0	0	0	0	2.336665
98	981	0	0	0	1	0	2.548607
99	988	0	0	0	0	0	2.511875
100	1000	0	0	0	1	0	2.480178
101	1013	0	0	0	1	0	2.352778
102	1022	0	0	0	1	0	2.491752
103	1031	0	0	0	2	0	1.364744
104	1041	0	0	0	0	0	1.365638
105	1053	0	0	0	0	0	1.624797
106	1061	0	0	0	0	0	2.872355
107	1074	0	0	0	1	0	1.966945
108	1084	0	0	0	0	0	1.590461
109	1094	0	0	0	1	0	1.580846
110	1100	0	0	0	1	0	1.955510
111	1116	0	0	0	1	0	1.267203
112	1133	0	0	0	2	0	2.696520
113	1146	0	0	0	1	0	2.835701
114	1155	0	0	0	1	0	1.161874
115	1163	0	0	0	0	0	1.311116
116	1173	0	0	0	0	0	2.011955
117	1183	0	0	0	0	0	2.019195
118	1192	0	0	0	0	0	2.911548
119	1201	0	0	0	2	0	2.453107
120	1212	0	0	0	2	0	2.023540
121	1222	0	0	0	0	0	2.021111
122	1228	0	0	0	2	0	2.046502
123	1233	0	0	0	0	0	1.051585
124	1245	0	0	0	2	0	1.701892
125	1257	0	0	0	1	0	2.020360
126	1266	0	0	0	0	0	1.511938
127	1279	0	0	0	1	0	2.262287
128	1293	0	0	0	2	0	1.608074
129	1304	0	0	0	1	0	1.097904
130	1313	0	0	0	2	0	2.243652
131	1317	0	0	0	0	0	2.525496
132	1325	0	0	0	0	0	1.296215
133	1340	0	0	0	1	0	2.047560
134	1348	0	0	0	0	0	1.144275
135	1361	0	0	0	0	0	2.951998
136	1373	0	0	0	2	0	2.095525
137	1384	0	0	0	0	0	2.447213
138	1397	0	0	0	2	0	2.974006
139	1408	0	0	0	0	0	2.266367
140	1414	0	0	0	1	0	2.905140
141	1418	0	0	0	0	0	1.845837
142	1422	0	0	0	1	0	1.355660
143	1431	0	0	0	1	0	1.131128
144	1451	0	0	0	0	0	1.007942
145	1461	0	0	0	0	0	1.147976
146	1466	0	0	0	1	0	1.862345
147	1479	0	0	0	0	0	2.163006
148	1490	0	0	0	0	0	1.069151
149	1495	0	0	0	1	0	2.492331
150	1508	0	0	0	0	0	1.885650
151	1517	0	0	0	0	0	2.272650
152	1526	0	0	0	0	0	2.674442
153	1531	0	0	0	0	0	2.137527
154	1536	0	0	0	0	0	2.713491
155	1542	0	0	0	1	0	1.104226
156	1555	0	0	0	2	0	2.330091
157	1560	0	0	0	1	0	2.903025
158	1570	0	0	0	0	0	2.085315
159	1576	0	0	0	0	0	2.485035
160	1586	0	0	0	2	0	2.200087
161	1597	0	0	0	2	0	2.474125
162	1610	0	0	0	0	0	2.832645
163	1616	0	0	0	2	0	1.571861
164	1624	0	0	0	2	0	1.739334
165	1635	0	0	0	1	0	1.479339
166	1644	0	0	0	1	0	2.743874
167	1662	0	0	0	2	0	2.628462
168	1673	0	0	0	2	0	2.580318
169	1687	0	0	0	0	0	2.573447
170	1697	0	0	0	1	0	1.874217
171	1710	0	0	0	0	0	2.387766
172	1713	0	0	0	0	0	2.959934
173	1719	0	0	0	1	0	1.946378
174	1732	0	0	0	0	0	1.478229
175	1746	0	0	0	1	0	1.563426
176	1757	0	0	0	2	0	2.349947
177	1767	0	0	0	1	0	2.700135
178	1774	0	0	0	1	0	1.776997
179	1784	0	0	0	0	0	1.649685
180	1794	0	0	0	0	0	1.810528
181	1810	0	0	0	1	0	1.145178
182	1827	0	0	0	0	0	2.926284
183	1836	0	0	0	0	0	2.828288
184	1847	0	0	0	2	0	1.988716
185	1853	0	0	0	1	0	2.121061
186	1866	0	0	0	0	0	1.329546
187	1876	0	0	0	1	0	2.944265
188	1884	0	0	0	0	0	2.868241
189	1894	0	0	0	0	0	2.186789
190	1899	0	0	0	1	0	2.384946
191	1906	0	0	0	0	0	2.662796
192	1916	0	0	0	0	0	2.494467
193	1927	0	0	0	1	0	1.712602
194	1935	0	0	0	1	0	2.889062
195	1948	0	0	0	1	0	2.763181
196	1956	0	0	0	0	0	1.814300
197	1973	0	0	0	1	0	1.786290
198	1983	0	0	0	2	0	2.307615
199	1992	0	0	0	1	0	2.958593
200	2002	0	0	0	1	0	1.312672
201	2011	0	0	0	1	0	2.244067
202	2020	0	0	0	0	0	1.140545
203	2035	0	0	0	0	0	1.962040
204	2042	0	0	0	0	0	1.654930
205	2056	0	0	0	1	0	2.697443
206	2067	0	0	0	1	0	1.653007
207	2078	0	0	0	2	0	1.871567
208	2094	0	0	0	0	0	1.053258
209	2101	0	0	0	0	0	1.975079
210	2113	0	0	0	1	0	1.286713
211	2123	0	0	0	2	0	1.798690
212	2132	0	0	0	1	0	1.656185
213	2140	0	0	0	0	0	2.785484
214	2152	0	0	0	2	0	1.014874
215	2159	0	0	0	0	0	1.333070
216	2163	0	0	0	0	0	2.861134
217	2175	0	0	0	1	0	1.928613
218	2181	0	0	0	0	0	2.479771
219	2196	0	0	0	2	0	2.382848
220	2200	0	0	0	1	0	2.824634
221	2210	0	0	0	1	0	1.190075
222	2221	0	0	0	1	0	1.141966
223	2232	0	0	0	0	0	2.174774
224	2242	0	0	0	0	0	1.001102
225	2255	0	0	0	1	0	1.510010
226	2267	0	0	0	0	0	1.464681
227	2278	0	0	0	1	0	1.679412
228	2290	0	0	0	2	0	2.940496
229	2302	0	0	0	0	0	2.555547
230	2312	0	0	0	1	0	2.483158
231	2321	0	0	0	0	0	1.036002
232	2332	0	0	0	0	0	1.458144
233	2336	0	0	0	1	0	1.890131
234	2346	0	0	0	0	0	1.294001
235	2357	0	0	0	0	0	2.324684
236	2368	0	0	0	1	0	2.679625
237	2377	0	0	0	0	0	1.011828
238	2388	0	0	0	0	0	2.192861
239	2396	0	0	0	0	0	2.275983
240	2408	0	0	0	0	0	2.236271
241	2417	0	0	0	2	0	2.360440
242	2427	0	0	0	2	0	1.447178
243	2443	0	0	0	1	0	2.152672
244	2451	0	0	0	0	0	2.262404
245	2465	0	0	0	1	0	1.791249
246	2475	0	0	0	0	0	1.072278
247	2483	0	0	0	0	0	1.966623
248	2492	0	0	0	1	0	1.402898
249	2497	0	0	0	1	0	2.860875
250	2508	0	0	0	1	0	1.723401
251	2522	0	0	0	2	0	1.815111
252	2528	0	0	0	1	0	1.326079
253	2537	0	0	0	2	0	2.398272
254	2546	0	0	0	0	0	2.206463
255	2560	0	0	0	2	0	2.751755
256	2566	0	0	0	0	0	2.544157
257	2579	0	0	0	1	0	2.048352
258	2589	0	0	0	1	0	1.943750
259	2596	0	0	0	0	0	2.170848
260	2602	0	0	0	0	0	2.285194
261	2606	0	0	0	1	0	1.769945
262	2616	0	0	0	2	0	2.661102
263	2625	0	0	0	0	0	1.416812
264	2633	0	0	0	1	0	2.927203
265	2646	0	0	0	0	0	1.486277
266	2652	0	0	0	1	0	2.418718
267	2658	0	0	0	2	0	1.404150
268	2668	0	0	0	1	0	2.454403
269	2679	0	0	0	1	0	2.762336
270	2686	0	0	0	1	0	1.603934
271	2700	0	0	0	1	0	2.215467
272	2709	0	0	0	2	0	1.957375
273	2718	0	0	0	2	0	1.276836
274	2728	0	0	0	1	0	1.326522
275	2737	0	0	0	0	0	1.368836
276	2750	0	0	0	0	0	2.195029
277	2757	0	0	0	2	0	1.877377
278	2768	0	0	0	0	0	1.382505
279	2779	0	0	0	2	0	1.113309
280	2787	0	0	0	0	0	2.930666
281	2798	0	0	0	1	0	1.557977
282	2805	0	0	0	1	0	1.810353
283	2819	0	0	0	1	0	2.013874
284	2829	0	0	0	0	0	1.566811
285	2838	0	0	0	0	0	1.675627
286	2851	0	0	0	0	0	2.092076
287	2856	0	0	0	1	0	2.360317
288	2863	0	0	0	1	0	1.528700
289	2868	0	0	0	0	0	2.540977
290	2878	0	0	0	2	0	2.567994
291	2883	0	0	0	2	0	2.894946
292	2891	0	0	0	0	0	2.291778
293	2906	0	0	0	0	0	2.419592
294	2919	0	0	0	2	0	1.695199
295	2932	0	0	0	1	0	2.045802
296	2942	0	0	0	2	0	1.957679
297	2958	0	0	0	2	0	2.849546
298	2969	0	0	0	1	0	1.125554
299	2973	0	0	0	2	0	2.240106
300	2988	0	0	0	2	0	1.955537
301	3000	0	0	0	2	0	2.875783
302	3008	0	0	0	0	0	2.216309
303	3014	0	0	0	0	0	2.934491
304	3028	0	0	0	0	0	1.307164
305	3038	0	0	0	1	0	1.660852
306	3046	0	0	0	0	0	2.364389
307	3056	0	0	0	2	0	2.612805
308	3070	0	0	0	0	0	1.283477
309	3089	0	0	0	1	0	2.758910
310	3102	0	0	0	1	0	1.152413
311	3106	0	0	0	2	0	2.394652
312	3114	0	0	0	0	0	1.043604
313	3120	0	0	0	1	0	1.909623
314	3128	0	0	0	2	0	2.006583
315	3138	0	0	0	0	0	1.901295
316	3151	0	0	0	2	0	2.269385
317	3162	0	0	0	1	0	2.202930
318	3168	0	0	0	1	0	1.062248
319	3170	0	0	0	0	0	1.376038
320	3175	0	0	0	0	0	2.685278
321	3187	0	0	0	0	0	2.557961
322	3200	0	0	0	0	0	2.889033
323	3212	0	0	0	0	0	2.970273
324	3218	0	0	0	1	0	2.221272
325	3232	0	0	0	0	0	1.337229
326	3245	0	0	0	2	0	1.363946
327	3257	0	0	0	1	0	1.259102
328	3267	0	0	0	1	0	2.872244
329	3277	0	0	0	0	0	2.328924
330	3286	0	0	0	1	0	2.869251
331	3292	0	0	0	1	0	1.448759
332	3300	0	0	0	0	0	1.943234
333	3307	0	0	0	2	0	1.568982
334	3317	0	0	0	2	0	2.260494
335	3330	0	0	0	2	0	2.324936
336	3342	0	0	0	1	0	2.423158
337	3352	0	0	0	0	0	1.919550
338	3361	0	0	0	1	0	2.426918
339	3369	0	0	0	1	0	2.228738
340	3379	0	0	0	1	0	1.083921
341	3394	0	0	0	1	0	1.144879
342	3408	0	0	0	2	0	1.806264
343	3418	0	0	0	1	0	1.111680
344	3426	0	0	0	2	0	1.970751
345	3440	0	0	0	0	0	1.390058
346	3448	0	0	0	1	0	2.270897
347	3460	0	0	0	1	0	1.882653
348	3473	0	0	0	1	0	1.428257
349	3482	0	0	0	2	0	2.969955
350	3488	0	0	0	0	0	2.883788
351	3496	0	0	0	2	0	2.855032
352	3505	0	0	0	1	0	2.441648
353	3514	0	0	0	0	0	1.532671
354	3522	0	0	0	0	0	2.098372
355	3532	0	0	0	0	0	1.360024
356	3544	0	0	0	2	0	1.654856
357	3551	0	0	0	1	0	1.346815
358	3559	0	0	0	1	0	2.695002
359	3572	0	0	0	2	0	1.571662
360	3581	0	0	0	1	0	1.305719
361	3591	0	0	0	1	0	1.766423
362	3600	0	0	0	2	0	1.402533
363	3608	0	0	0	1	0	1.157284
364	3620	0	0	0	1	0	1.599658
365	3627	0	0	0	0	0	1.990148
366	3643	0	0	0	2	0	1.653691
367	3655	0	0	0	1	0	2.013444
368	3667	0	0	0	2	0	1.988957
369	3679	0	0	0	1	0	1.007149
370	3689	0	0	0	1	0	2.296758
371	3698	0	0	0	2	0	1.941705
372	3712	0	0	0	0	0	2.086868
373	3723	0	0	0	0	0	1.538514
374	3734	0	0	0	0	0	2.408321
375	3740	0	0	0	0	0	1.667041
376	3751	0	0	0	0	0	1.704732
377	3755	0	0	0	2	0	1.792291
378	3766	0	0	0	1	0	2.812371
379	3776	0	0	0	2	0	1.193229
380	3784	0	0	0	0	0	2.904821
381	3798	0	0	0	1	0	1.830934
382	3807	0	0	0	2	0	1.826600
383	3814	0	0	0	2	0	2.333467
384	3824	0	0	0	1	0	1.884206
385	3831	0	0	0	0	0	1.577188
386	3837	0	0	0	1	0	1.772438
387	3842	0	0	0	2	0	1.124810
388	3851	0	0	0	0	0	1.981121
389	3864	0	0	0	0	0	2.036371
390	3873	0	0	0	1	0	1.862223
391	3875	0	0	0	2	0	1.764395
392	3881	0	0	0	1	0	2.509310
393	3893	0	0	0	1	0	2.499502
394	3904	0	0	0	1	0	1.892253
395	3914	0	0	0	2	0	1.287223
396	3927	0	0	0	1	0	1.674559
397	3936	0	0	0	1	0	1.707952
398	3949	0	0	0	2	0	2.400845
399	3957	0	0	0	0	0	2.742196
400	3967	0	0	0	0	0	2.739153
401	3974	0	0	0	1	0	1.688475
402	3984	0	0	0	0	0	2.531866
403	3991	0	0	0	1	0	2.356194
404	4000	0	0	0	0	0	1.699975
405	4013	0	0	0	1	0	1.971528
406	4021	0	0	0	1	0	1.837896
407	4036	0	0	0	1	0	2.003810
408	4042	0	0	0	1	0	1.261563
409	4051	0	0	0	1	0	1.423524
410	4056	0	0	0	0	0	2.682923
411	4066	0	0	0	1	0	2.944582
412	4074	0	0	0	2	0	1.039434
413	4088	0	0	0	1	0	1.794078
414	4098	0	0	0	1	0	2.541983
415	4103	0	0	0	1	0	2.167353
416	4112	0	0	0	0	0	1.247377
417	4119	0	0	0	2	0	2.554493
418	4128	0	0	0	1	0	2.213510
419	4136	0	0	0	0	0	1.205551
420	4146	0	0	0	1	0	2.566985
421	4156	0	0	0	1	0	1.160036
422	4159	0	0	0	1	0	1.749100
423	4164	0	0	0	0	0	1.843485
424	4171	0	0	0	1	0	2.942696
425	4180	0	0	0	0	0	1.938984
426	4192	0	0	0	2	0	1.119572
427	4196	0	0	0	1	0	1.159021
428	4206	0	0	0	0	0	2.765282
429	4217	0	0	0	0	0	1.339199
430	4231	0	0	0	0	0	2.622969
431	4240	0	0	0	0	0	2.355743
432	4252	0	0	0	1	0	1.225997
433	4263	0	0	0	0	0	2.765597
434	4271	0	0	0	0	0	2.330736
435	4283	0	0	0	0	0	2.621389
436	4291	0	0	0	0	0	2.609085
437	4295	0	0	0	2	0	1.131718
438	4302	0	0	0	0	0	1.193100
439	4313	0	0	0	1	0	1.054793
440	4318	0	0	0	2	0	1.140322
441	4327	0	0	0	2	0	1.132609
442	4340	0	0	0	0	0	2.976236
443	4350	0	0	0	2	0	2.710637
444	4360	0	0	0	1	0	1.129891
445	4366	0	0	0	1	0	1.775980
446	4381	0	0	0	2	0	1.816259
447	4390	0	0	0	0	0	1.498104
448	4396	0	0	0	0	0	2.376008
449	4412	0	0	0	0	0	1.663482
450	4424	0	0	0	2	0	1.566076
451	4438	0	0	0	1	0	1.650776
452	4445	0	0	0	2	0	2.077617
453	4453	0	0	0	1	0	1.595700
454	4467	0	0	0	2	0	1.048509
455	4475	0	0	0	0	0	2.378740
456	4485	0	0	0	1	0	2.525378
457	4495	0	0	0	2	0	1.607994
458	4504	0	0	0	1	0	1.785609
459	4512	0	0	0	0	0	2.823506
460	4518	0	0	0	0	0	1.060884
461	4529	0	0	0	0	0	2.120711
462	4534	0	0	0	2	0	1.358731
463	4542	0	0	0	0	0	1.000942
464	4557	0	0	0	1	0	2.812939
465	4578	0	0	0	0	0	2.125459
466	4589	0	0	0	2	0	2.559891
467	4598	0	0	0	1	0	1.725320
468	4614	0	0	0	1	0	1.753464
469	4621	0	0	0	0	0	2.837424
470	4629	0	0	0	1	0	1.031992
471	4639	0	0	0	1	0	2.477490
472	4653	0	0	0	0	0	1.306526
473	4667	0	0	0	0	0	1.495337
474	4679	0	0	0	0	0	2.754559
475	4688	0	0	0	0	0	1.214083
476	4692	0	0	0	1	0	1.649890
477	4701	0	0	0	2	0	2.878238
478	4708	0	0	0	2	0	1.397231
479	4714	0	0	0	2	0	2.582876
480	4720	0	0	0	0	0	1.098656
481	4725	0	0	0	2	0	1.510646
482	4743	0	0	0	1	0	2.469623
483	4753	0	0	0	1	0	1.053203
484	4762	0	0	0	2	0	1.857086
485	4776	0	0	0	2	0	2.929782
486	4794	0	0	0	1	0	1.650032
487	4802	0	0	0	0	0	1.543212
488	4813	0	0	0	0	0	1.217316
489	4826	0	0	0	0	0	1.457954
490	4839	0	0	0	0	0	2.088631
491	4854	0	0	0	2	0	1.170232
492	4860	0	0	0	2	0	1.823469
493	4876	0	0	0	0	0	2.407072
494	4885	0	0	0	1	0	2.921983
495	4892	0	0	0	2	0	1.181141
496	4905	0	0	0	1	0	2.310004
497	4915	0	0	0	0	0	1.868464
498	4929	0	0	0	1	0	2.581840
499	4939	0	0	0	0	0	1.203598
500	4954	0	0	0	1	0	1.571159
501	4966	0	0	0	1	0	1.716518
502	4979	0	0	0	0	0	1.117162
503	4986	0	0	0	0	0	2.079618
504	4997	0	0	0	1	0	1.099224
505	5006	0	0	0	0	0	1.930537
506	5019	0	0	0	1	0	2.787642
507	5030	0	0	0	1	0	2.320429
508	5037	0	0	0	1	0	2.407136
509	5045	0	0	0	2	0	1.444994
510	5049	0	0	0	1	0	1.016879
511	5058	0	0	0	0	0	1.221448
512	5076	0	0	0	0	0	2.569347
513	5089	0	0	0	0	0	2.530198
514	5095	0	0	0	2	0	1.157204
515	5102	0	0	0	2	0	1.307451
516	5109	0	0	0	0	0	2.910722
517	5120	0	0	0	1	0	2.617048
518	5130	0	0	0	0	0	2.969640
519	5141	0	0	0	0	0	2.185816
520	5150	0	0	0	1	0	2.723529
521	5160	0	0	0	0	0	1.671410
522	5168	0	0	0	0	0	1.199692
523	5185	0	0	0	2	0	2.131842
524	5197	0	0	0	0	0	1.874934
525	5215	0	0	0	1	0	2.350950
526	5224	0	0	0	1	0	1.741030
527	5232	0	0	0	0	0	1.355180
528	5243	0	0	0	0	0	2.061862
529	5255	0	0	0	1	0	1.442918
530	5262	0	0	0	0	0	1.701945
531	5274	0	0	0	0	0	1.410102
532	5283	0	0	0	0	0	1.283908
533	5294	0	0	0	2	0	1.440524
534	5304	0	0	0	0	0	2.959568
535	5316	0	0	0	0	0	1.940266
536	5324	0	0	0	1	0	1.313153
537	5335	0	0	0	1	0	2.865872
538	5341	0	0	0	0	0	1.918854
539	5352	0	0	0	0	0	1.879232
540	5356	0	0	0	1	0	1.192002
541	5368	0	0	0	2	0	1.874042
542	5377	0	0	0	1	0	2.146801
543	5384	0	0	0	2	0	1.579624
544	5390	0	0	0	1	0	1.702711
545	5397	0	0	0	0	0	2.673265
546	5408	0	0	0	1	0	2.798738
547	5415	0	0	0	2	0	1.989851
548	5431	0	0	0	1	0	1.863651
549	5439	0	0	0	1	0	2.389779
550	5453	0	0	0	0	0	2.754052
551	5465	0	0	0	0	0	2.679998
552	5476	0	0	0	0	0	2.839027
553	5486	0	0	0	0	0	1.430831
554	5499	0	0	0	0	0	1.587253
555	5508	0	0	0	0	0	2.183226
556	5514	0	0	0	0	0	2.569701
557	5530	0	0	0	2	0	1.487708
558	5542	0	0	0	0	0	1.292426
559	5548	0	0	0	1	0	1.045719
560	5558	0	0	0	1	0	1.190503
561	5564	0	0	0	0	0	2.428722
562	5574	0	0	0	1	0	1.170480
563	5587	0	0	0	2	0	1.699684
564	5593	0	0	0	2	0	2.456857
565	5602	0	0	0	0	0	1.401569
566	5611	0	0	0	1	0	1.474086
567	5625	0	0	0	1	0	2.987558
568	5639	0	0	0	2	0	1.807860
569	5650	0	0	0	0	0	2.853844
570	5665	0	0	0	0	0	1.004742
571	5674	0	0	0	0	0	2.452558
572	5679	0	0	0	2	0	2.071331
573	5691	0	0	0	1	0	1.007865
574	5703	0	0	0	1	0	1.841781
575	5713	0	0	0	2	0	1.275792
576	5726	0	0	0	1	0	2.983163
577	5735	0	0	0	1	0	2.762632
578	5744	0	0	0	0	0	1.604049
579	5755	0	0	0	0	0	2.371066
580	5764	0	0	0	0	0	2.453460
581	5778	0	0	0	2	0	1.605285
582	5786	0	0	0	1	0	1.506539
583	5801	0	0	0	2	0	1.996249
584	5809	0	0	0	0	0	1.505246
585	5816	0	0	0	0	0	2.620783
586	5823	0	0	0	2	0	2.526085
587	5832	0	0	0	1	0	2.790854
588	5839	0	0	0	0	0	1.902797
589	5848	0	0	0	2	0	2.154341
590	5857	0	0	0	0	0	1.591203
591	5862	0	0	0	1	0	2.403887
592	5870	0	0	0	1	0	2.021115
593	5884	0	0	0	2	0	2.613366
594	5898	0	0	0	0	0	2.880325
595	5915	0	0	0	0	0	2.278849
596	5923	0	0	0	1	0	1.210506
597	5937	0	0	0	2	0	2.149383
598	5952	0	0	0	1	0	1.083038
599	5961	0	0	0	1	0	2.819331
600	5975	0	0	0	2	0	1.212105
601	5982	0	0	0	0	0	2.266103
602	5986	0	0	0	1	0	1.433882
603	5996	0	0	0	0	0	1.786774
604	6005	0	0	0	2	0	1.332644
605	6017	0	0	0	1	0	2.913272
606	6028	0	0	0	0	0	2.804451
607	6042	0	0	0	1	0	2.989345
608	6055	0	0	0	0	0	1.230586
609	6066	0	0	0	2	0	2.132223
610	6074	0	0	0	0	0	1.065322
611	6083	0	0	0	2	0	1.483342
612	6093	0	0	0	0	0	1.991569
613	6105	0	0	0	0	0	1.096543
614	6113	0	0	0	0	0	1.794512
615	6122	0	0	0	0	0	2.590722
616	6131	0	0	0	2	0	1.105955
617	6142	0	0	0	0	0	2.866296
618	6155	0	0	0	2	0	1.662600
619	6166	0	0	0	2	0	2.397665
620	6176	0	0	0	1	0	2.225830
621	6190	0	0	0	0	0	1.738299
622	6201	0	0	0	2	0	2.338960
623	6209	0	0	0	1	0	1.048927
624	6223	0	0	0	0	0	1.481567
625	6237	0	0	0	0	0	1.517204
626	6251	0	0	0	1	0	2.434689
627	6260	0	0	0	1	0	2.444526
628	6270	0	0	0	0	0	2.696099
629	6280	0	0	0	1	0	1.272446
630	6290	0	0	0	2	0	1.992898
631	6302	0	0	0	1	0	1.069562
632	6310	0	0	0	0	0	1.768539
633	6321	0	0	0	0	0	2.523712
634	6333	0	0	0	0	0	2.121855
635	6346	0	0	0	1	0	2.895613
636	6351	0	0	0	0	0	2.758256
637	6360	0	0	0	1	0	1.514237
638	6372	0	0	0	1	0	1.152900
639	6376	0	0	0	1	0	1.904832
640	6392	0	0	0	2	0	2.902256
641	6406	0	0	0	0	0	2.210493
642	6415	0	0	0	0	0	2.312886
643	6421	0	0	0	0	0	2.201003
644	6433	0	0	0	1	0	1.971388
645	6443	0	0	0	2	0	2.418552
646	6452	0	0	0	2	0	1.133219
647	6458	0	0	0	1	0	2.221341
648	6468	0	0	0	2	0	1.549215
649	6476	0	0	0	1	0	1.779441
650	6483	0	0	0	1	0	2.309684
651	6495	0	0	0	0	0	2.365773
652	6502	0	0	0	0	0	2.686008
653	6512	0	0	0	1	0	2.609348
654	6522	0	0	0	0	0	2.184722
655	6529	0	0	0	0	0	1.893695
656	6538	0	0	0	2	0	2.253473
657	6549	0	0	0	1	0	2.698743
658	6560	0	0	0	1	0	2.674032
659	6572	0	0	0	1	0	1.875438
660	6583	0	0	0	1	0	2.575406
661	6597	0	0	0	0	0	1.766836
662	6607	0	0	0	1	0	1.519289
663	6615	0	0	0	1	0	2.601304
664	6626	0	0	0	1	0	2.536593
665	6633	0	0	0	1	0	2.447011
666	6641	0	0	0	1	0	2.228170
667	6648	0	0	0	2	0	1.638327
668	6660	0	0	0	2	0	1.191719
669	6678	0	0	0	0	0	1.041244
670	6691	0	0	0	0	0	2.091735
671	6696	0	0	0	2	0	2.245447
672	6712	0	0	0	2	0	2.712874
673	6724	0	0	0	1	0	2.806901
674	6730	0	0	0	1	0	1.728532
675	6739	0	0	0	1	0	2.449153
676	6749	0	0	0	1	0	2.387317
677	6757	0	0	0	0	0	1.676243
678	6762	0	0	0	2	0	1.537271
679	6771	0	0	0	2	0	2.519616
680	6779	0	0	0	0	0	1.402721
681	6793	0	0	0	1	0	1.496267
682	6808	0	0	0	0	0	2.166029
683	6816	0	0	0	0	0	1.098013
684	6829	0	0	0	2	0	1.901569
685	6838	0	0	0	1	0	1.761418
686	6848	0	0	0	1	0	1.571255
687	6856	0	0	0	2	0	2.584554
688	6872	0	0	0	1	0	2.500058
689	6886	0	0	0	2	0	2.991798
690	6892	0	0	0	2	0	2.935212
691	6901	0	0	0	0	0	1.905707
692	6912	0	0	0	0	0	2.670119
693	6918	0	0	0	0	0	1.747738
694	6925	0	0	0	0	0	2.739869
695	6937	0	0	0	0	0	1.183103
696	6946	0	0	0	0	0	2.524452
697	6956	0	0	0	1	0	1.992087
698	6964	0	0	0	0	0	2.224334
699	6976	0	0	0	1	0	1.412913
700	6984	0	0	0	0	0	1.599066
701	6991	0	0	0	1	0	1.874529
702	7000	0	0	0	2	0	1.484748
703	7006	0	0	0	1	0	2.142597
704	7015	0	0	0	0	0	1.654978
705	7027	0	0	0	1	0	2.750422
706	7034	0	0	0	2	0	2.878082
707	7045	0	0	0	1	0	1.425275
708	7054	0	0	0	0	0	1.068244
709	7069	0	0	0	2	0	2.344258
710	7080	0	0	0	2	0	2.772936
711	7089	0	0	0	1	0	2.756998
712	7095	0	0	0	2	0	2.792710
713	7102	0	0	0	0	0	2.046101
714	7116	0	0	0	1	0	2.615185
715	7122	0	0	0	1	0	1.401531
716	7129	0	0	0	1	0	1.166556
717	7146	0	0	0	1	0	2.481515
718	7155	0	0	0	0	0	2.930963
719	7158	0	0	0	0	0	2.014957
720	7168	0	0	0	0	0	1.725295
721	7180	0	0	0	1	0	1.997188
722	7189	0	0	0	1	0	1.736344
723	7202	0	0	0	1	0	2.612882
724	7215	0	0	0	1	0	1.374540
725	7226	0	0	0	1	0	1.761188
726	7234	0	0	0	1	0	1.955927
727	7245	0	0	0	2	0	1.483211
728	7249	0	0	0	1	0	1.335127
729	7260	0	0	0	0	0	2.736008
730	7274	0	0	0	1	0	2.098768
731	7284	0	0	0	0	0	2.022472
732	7290	0	0	0	2	0	1.381650
733	7309	0	0	0	0	0	2.661050
734	7318	0	0	0	1	0	1.003268
735	7328	0	0	0	2	0	1.063282
736	7339	0	0	0	0	0	2.591515
737	7347	0	0	0	0	0	1.466047
738	7360	0	0	0	1	0	2.112154
739	7368	0	0	0	0	0	2.598079
740	7380	0	0	0	0	0	2.268081
741	7394	0	0	0	2	0	2.895096
742	7401	0	0	0	0	0	2.236121
743	7410	0	0	0	2	0	2.083866
744	7417	0	0	0	1	0	1.484433
745	7432	0	0	0	2	0	2.053005
746	7440	0	0	0	1	0	2.191115
747	7451	0	0	0	1	0	2.065319
748	7470	0	0	0	0	0	1.157131
749	7479	0	0	0	2	0	1.397516
750	7486	0	0	0	1	0	1.801430
751	7491	0	0	0	2	0	1.094168
752	7500	0	0	0	1	0	2.272919
753	7512	0	0	0	0	0	2.074026
754	7526	0	0	0	2	0	2.110372
755	7536	0	0	0	2	0	2.756496
756	7548	0	0	0	2	0	2.773588
757	7555	0	0	0	2	0	1.117573
758	7568	0	0	0	1	0	2.271664
759	7580	0	0	0	1	0	2.570987
760	7594	0	0	0	0	0	1.751550
761	7603	0	0	0	1	0	2.912121
762	7621	0	0	0	2	0	1.075172
763	7630	0	0	0	2	0	2.622354
764	7642	0	0	0	2	0	1.214716
765	7658	0	0	0	1	0	2.855525
766	7668	0	0	0	1	0	1.608066
767	7674	0	0	0	0	0	1.063851
768	7679	0	0	0	0	0	1.688927
769	7690	0	0	0	1	0	2.595449
770	7705	0	0	0	2	0	1.381494
771	7711	0	0	0	1	0	1.315144
772	7722	0	0	0	0	0	2.291494
773	7726	0	0	0	0	0	1.546665
774	7733	0	0	0	2	0	2.164523
775	7742	0	0	0	1	0	2.629501
776	7751	0	0	0	1	0	1.994604
777	7763	0	0	0	2	0	1.450948
778	7772	0	0	0	0	0	2.063851
779	7779	0	0	0	2	0	1.990445
780	7789	0	0	0	2	0	1.628245
781	7801	0	0	0	1	0	1.778681
782	7817	0	0	0	0	0	2.535920
783	7827	0	0	0	0	0	1.172882
784	7839	0	0	0	1	0	2.763592
785	7855	0	0	0	1	0	2.418421
786	7867	0	0	0	0	0	1.893867
787	7877	0	0	0	0	0	2.963517
788	7886	0	0	0	2	0	1.744943
789	7896	0	0	0	0	0	1.509810
790	7906	0	0	0	1	0	1.829103
791	7917	0	0	0	1	0	1.454374
792	7927	0	0	0	1	0	2.297742
793	7937	0	0	0	0	0	2.434382
794	7949	0	0	0	1	0	1.486645
795	7959	0	0	0	2	0	1.669249
796	7966	0	0	0	2	0	2.837719
797	7978	0	0	0	0	0	1.600120
798	7992	0	0	0	2	0	2.020303
799	8005	0	0	0	2	0	2.787194
800	8011	0	0	0	2	0	1.496243
801	8023	0	0	0	2	0	2.528945
802	8029	0	0	0	0	0	2.200442
803	8039	0	0	0	1	0	1.802231
804	8048	0	0	0	0	0	1.880974
805	8058	0	0	0	1	0	1.601196
806	8073	0	0	0	2	0	2.592397
807	8076	0	0	0	1	0	1.849180
808	8091	0	0	0	0	0	1.822494
809	8104	0	0	0	0	0	1.576189
810	8109	0	0	0	0	0	2.100710
811	8116	0	0	0	2	0	2.024304
812	8123	0	0	0	1	0	2.125650
813	8133	0	0	0	1	0	1.940669
814	8139	0	0	0	2	0	1.642243
815	8146	0	0	0	1	0	2.993963
816	8155	0	0	0	0	0	1.414252
817	8158	0	0	0	2	0	1.796975
818	8166	0	0	0	2	0	2.105649
819	8174	0	0	0	1	0	1.085217
820	8184	0	0	0	0	0	1.245489
821	8196	0	0	0	0	0	1.415569
822	8203	0	0	0	1	0	2.049829
823	8208	0	0	0	2	0	2.446011
824	8212	0	0	0	1	0	2.038499
825	8219	0	0	0	1	0	1.313937
826	8230	0	0	0	1	0	2.941574
827	8235	0	0	0	0	0	2.759130
828	8250	0	0	0	1	0	1.366724
829	8257	0	0	0	1	0	1.784659
830	8264	0	0	0	1	0	1.800129
831	8270	0	0	0	1	0	1.909377
832	8283	0	0	0	0	0	1.641349
833	8292	0	0	0	0	0	2.196487
834	8298	0	0	0	0	0	2.377021
835	8309	0	0	0	2	0	1.063925
836	8316	0	0	0	1	0	2.858396
837	8328	0	0	0	0	0	1.352830
838	8342	0	0	0	2	0	1.396407
839	8358	0	0	0	0	0	1.811621
840	8373	0	0	0	1	0	1.174662
841	8381	0	0	0	0	0	2.586238
842	8395	0	0	0	0	0	1.070655
843	8409	0	0	0	1	0	1.753561
844	8429	0	0	0	0	0	1.575626
845	8439	0	0	0	0	0	1.179091
846	8450	0	0	0	1	0	2.557921
847	8457	0	0	0	2	0	2.126366
848	8465	0	0	0	0	0	2.681402
849	8471	0	0	0	2	0	1.328676
850	8478	0	0	0	0	0	2.153408
851	8489	0	0	0	2	0	1.401084
852	8502	0	0	0	0	0	1.487276
853	8509	0	0	0	0	0	1.461809
854	8516	0	0	0	1	0	2.770698
855	8524	0	0	0	1	0	2.452439
856	8539	0	0	0	0	0	2.820971
857	8550	0	0	0	2	0	1.817867
858	8559	0	0	0	1	0	1.202256
859	8572	0	0	0	2	0	1.340863
860	8578	0	0	0	2	0	1.018346
861	8592	0	0	0	1	0	1.034834
862	8603	0	0	0	0	0	2.299704
863	8610	0	0	0	1	0	1.454306
864	8624	0	0	0	0	0	1.695126
865	8630	0	0	0	1	0	2.399186
866	8637	0	0	0	0	0	1.630411
867	8646	0	0	0	0	0	1.247197
868	8653	0	0	0	0	0	1.602374
869	8661	0	0	0	0	0	1.092349
870	8672	0	0	0	1	0	2.528743
871	8680	0	0	0	0	0	2.086219
872	8690	0	0	0	0	0	1.351014
873	8706	0	0	0	0	0	2.393784
874	8716	0	0	0	2	0	1.968089
875	8720	0	0	0	0	0	2.649556
876	8733	0	0	0	2	0	2.617277
877	8740	0	0	0	1	0	1.429171
878	8748	0	0	0	2	0	2.211605
879	8762	0	0	0	1	0	2.645980
880	8774	0	0	0	0	0	1.060973
881	8790	0	0	0	1	0	2.609992
882	8797	0	0	0	1	0	1.694121
883	8810	0	0	0	2	0	2.800635
884	8823	0	0	0	1	0	2.391344
885	8832	0	0	0	1	0	2.236946
886	8840	0	0	0	1	0	1.789879
887	8849	0	0	0	0	0	2.871114
888	8861	0	0	0	2	0	2.298519
889	8868	0	0	0	2	0	2.274348
890	8877	0	0	0	2	0	1.139466
891	8887	0	0	0	1	0	2.912219
892	8904	0	0	0	1	0	1.627440
893	8913	0	0	0	0	0	2.584833
894	8922	0	0	0	0	0	2.238704
895	8931	0	0	0	2	0	1.284180
896	8942	0	0	0	1	0	1.120447
897	8955	0	0	0	0	0	2.377917
898	8964	0	0	0	0	0	1.303786
899	8977	0	0	0	0	0	2.500429
900	8986	0	0	0	0	0	2.060195
901	8992	0	0	0	0	0	1.511826
902	9003	0	0	0	0	0	1.941543
903	9012	0	0	0	2	0	1.700359
904	9019	0	0	0	0	0	2.182057
905	9028	0	0	0	0	0	2.354728
906	9033	0	0	0	1	0	1.867926
907	9045	0	0	0	1	0	2.338929
908	9059	0	0	0	0	0	2.196908
909	9072	0	0	0	1	0	2.653466
910	9080	0	0	0	0	0	1.354586
911	9089	0	0	0	0	0	2.361238
912	9095	0	0	0	2	0	1.283416
913	9103	0	0	0	0	0	2.815241
914	9107	0	0	0	1	0	2.757346
915	9124	0	0	0	0	0	2.501076
916	9133	0	0	0	1	0	1.283377
917	9146	0	0	0	0	0	1.894128
918	9156	0	0	0	2	0	2.204443
919	9163	0	0	0	0	0	1.512840
920	9171	0	0	0	0	0	1.093668
921	9182	0	0	0	1	0	1.086392
922	9191	0	0	0	1	0	1.403231
923	9196	0	0	0	0	0	2.671626
924	9208	0	0	0	0	0	2.476409
925	9218	0	0	0	1	0	2.056284
926	9230	0	0	0	2	0	1.695432
927	9234	0	0	0	1	0	1.514300
928	9247	0	0	0	0	0	2.890805
929	9252	0	0	0	0	0	2.128734
930	9269	0	0	0	2	0	2.728515
931	9283	0	0	0	0	0	1.750342
932	9291	0	0	0	1	0	1.706043
933	9305	0	0	0	0	0	1.537159
934	9319	0	0	0	0	0	1.944050
935	9329	0	0	0	0	0	2.108773
936	9344	0	0	0	0	0	1.386055
937	9354	0	0	0	1	0	2.643823
938	9361	0	0	0	1	0	1.221004
939	9374	0	0	0	0	0	2.314507
940	9387	0	0	0	1	0	1.577799
941	9396	0	0	0	0	0	1.365464
942	9405	0	0	0	0	0	1.038740
943	9413	0	0	0	1	0	2.881046
944	9423	0	0	0	0	0	2.707620
945	9431	0	0	0	1	0	2.275809
946	9443	0	0	0	1	0	1.086688
947	9449	0	0	0	2	0	1.423636
948	9460	0	0	0	2	0	2.180781
949	9469	0	0	0	1	0	2.562566
950	9479	0	0	0	0	0	1.081831
951	9490	0	0	0	2	0	1.832243
952	9503	0	0	0	1	0	2.900194
953	9511	0	0	0	1	0	2.688915
954	9519	0	0	0	2	0	2.870034
955	9532	0	0	0	0	0	2.919958
956	9542	0	0	0	1	0	1.894972
957	9558	0	0	0	1	0	2.490507
958	9566	0	0	0	1	0	1.220864
959	9579	0	0	0	0	0	1.976849
960	9597	0	0	0	2	0	1.887194
961	9606	0	0	0	2	0	2.680415
962	9617	0	0	0	1	0	1.106855
963	9623	0	0	0	1	0	1.872556
964	9630	0	0	0	2	0	1.514677
965	9637	0	0	0	2	0	2.977270
966	9646	0	0	0	2	0	1.369107
967	9652	0	0	0	2	0	1.076243
968	9662	0	0	0	1	0	1.742502
969	9673	0	0	0	1	0	1.588887
970	9682	0	0	0	0	0	1.929906
971	9696	0	0	0	2	0	1.343357
972	9705	0	0	0	0	0	2.194705
973	9717	0	0	0	0	0	2.522688
974	9729	0	0	0	0	0	2.208355
975	9731	0	0	0	2	0	2.959323
976	9740	0	0	0	1	0	2.051401
977	9750	0	0	0	1	0	1.571279
978	9758	0	0	0	2	0	1.942591
979	9766	0	0	0	0	0	2.346121
980	9777	0	0	0	0	0	2.344433
981	9790	0	0	0	1	0	2.019358
982	9801	0	0	0	2	0	2.203140
983	9816	0	0	0	0	0	2.795970
984	9824	0	0	0	2	0	1.486765
985	9833	0	0	0	0	0	2.145559
986	9844	0	0	0	2	0	2.692309
987	9856	0	0	0	1	0	2.021987
988	9867	0	0	0	1	0	1.625100
989	9879	0	0	0	1	0	1.722513
990	9885	0	0	0	1	0	1.291073
991	9893	0	0	0	1	0	1.217976
992	9903	0	0	0	2	0	1.183635
993	9911	0	0	0	0	0	1.294907
994	9916	0	0	0	1	0	2.424345
995	9927	0	0	0	0	0	1.086628
996	9943	0	0	0	0	0	1.259025
997	9954	0	0	0	2	0	1.310645
998	9961	0	0	0	2	0	1.317730
999	9964	0	0	0	1	0	2.022782
