0	1	0	0	0	0	0	1.501118
1	13	0	0	0	1	0	2.526509
2	25	0	0	0	1	0	1.860292
3	33	0	0	0	1	0	1.605002
4	43	0	0	0	1	0	1.769556
5	55	0	0	0	0	0	1.286916
6	65	0	0	0	2	0	2.548274
7	74	0	0	0	0	0	1.554162
8	86	0	0	0	1	0	1.899279
9	96	0	0	0	1	0	1.805039
10	108	0	0	0	2	0	2.108872
11	117	0	0	0	2	0	1.211298
12	123	0	0	0	0	0	1.676253
13	133	0	0	0	0	0	1.863877
14	140	0	0	0	0	0	2.705794
15	147	0	0	0	1	0	1.928605
16	155	0	0	0	2	0	2.483354
17	164	0	0	0	0	0	1.505538
18	167	0	0	0	2	0	2.549554
19	178	0	0	0	1	0	1.730704
20	186	0	0	0	2	0	1.889267
21	195	0	0	0	0	0	2.887856
22	205	0	0	0	0	0	2.197998
23	214	0	0	0	2	0	2.776343
24	224	0	0	0	1	0	2.037534
25	231	0	0	0	2	0	1.779796
26	243	0	0	0	1	0	2.287758
27	256	0	0	0	2	0	2.416694
28	265	0	0	0	0	0	2.139781
29	276	0	0	0	0	0	2.855421
30	289	0	0	0	0	0	1.872499
31	304	0	0	0	0	0	1.692132
32	310	0	0	0	1	0	1.840830
33	320	0	0	0	1	0	1.178886
34	332	0	0	0	0	0	2.311300
35	339	0	0	0	2	0	2.007630
36	349	0	0	0	0	0	2.554790
37	353	0	0	0	2	0	1.501055
38	364	0	0	0	0	0	1.400588
39	368	0	0	0	0	0	1.152666
40	378	0	0	0	2	0	1.562328
41	387	0	0	0	0	0	1.738446
42	399	0	0	0	0	0	1.892319
43	412	0	0	0	2	0	2.700200
44	420	0	0	0	1	0	1.025964
45	429	0	0	0	0	0	2.575406
46	437	0	0	0	0	0	2.277132
47	445	0	0	0	1	0	1.614494
48	452	0	0	0	1	0	1.093032
49	461	0	0	0	0	0	2.262298
50	470	0	0	0	1	0	1.852997
51	480	0	0	0	0	0	2.754394
52	490	0	0	0	1	0	2.854345
53	497	0	0	0	1	0	1.350849
54	507	0	0	0	1	0	2.020249
55	527	0	0	0	1	0	1.900079
56	540	0	0	0	0	0	1.770134
57	549	0	0	0	2	0	2.918173
58	559	0	0	0	0	0	2.760890
59	571	0	0	0	0	0	2.438066
60	581	0	0	0	1	0	1.805121
61	593	0	0	0	1	0	1.734555
62	603	0	0	0	0	0	2.918499
63	615	0	0	0	0	0	2.197785
64	624	0	0	0	0	0	1.751297
65	630	0	0	0	1	0	2.890336
66	639	0	0	0	2	0	2.622532
67	654	0	0	0	0	0	2.502675
68	663	0	0	0	1	0	1.031821
69	674	0	0	0	0	0	2.610558
70	685	0	0	0	0	0	1.391550
71	697	0	0	0	2	0	1.937126
72	707	0	0	0	0	0	2.985732
73	720	0	0	0	0	0	1.429687
74	731	0	0	0	0	0	2.969190
75	739	0	0	0	2	0	1.630206
76	756	0	0	0	1	0	2.988140
77	761	0	0	0	1	0	2.320124
78	771	0	0	0	0	0	2.240652
79	777	0	0	0	1	0	2.842756
80	784	0	0	0	2	0	1.388735
81	791	0	0	0	1	0	2.731585
82	800	0	0	0	1	0	2.625700
83	813	0	0	0	0	0	2.925425
84	818	0	0	0	0	0	1.981609
85	826	0	0	0	2	0	2.814502
86	837	0	0	0	0	0	2.324182
87	848	0	0	0	2	0	1.280783
88	857	0	0	0	0	0	1.602479
89	868	0	0	0	1	0	1.050160
90	877	0	0	0	0	0	1.061890
91	888	0	0	0	1	0	2.442793
92	900	0	0	0	1	0	1.927422
93	906	0	0	0	2	0	1.434277
94	919	0	0	0	0	0	2.161144
95	930	0	0	0	1	0	2.859318
96	937	0	0	0	1	0	1.419136
97	951	0	0	0	1	0	1.463130
98	961	0	0	0	2	0	2.493974
99	973	0	0	0	0	0	2.543491
100	981	0	0	0	1	0	1.222237
101	991	0	0	0	0	0	2.921763
102	1005	0	0	0	0	0	2.579195
103	1016	0	0	0	2	0	2.180264
104	1027	0	0	0	0	0	2.154658
105	1036	0	0	0	0	0	2.471566
106	1046	0	0	0	1	0	1.761195
107	1051	0	0	0	1	0	2.011683
108	1063	0	0	0	0	0	2.543156
109	1076	0	0	0	1	0	2.596265
110	1087	0	0	0	1	0	2.013766
111	1092	0	0	0	0	0	1.184395
112	1100	0	0	0	1	0	1.839736
113	1107	0	0	0	0	0	1.605488
114	1123	0	0	0	0	0	2.407077
115	1137	0	0	0	0	0	1.226111
116	1149	0	0	0	0	0	1.877093
117	1162	0	0	0	0	0	1.684203
118	1169	0	0	0	1	0	2.928225
119	1176	0	0	0	1	0	2.211639
120	1188	0	0	0	2	0	1.584604
121	1199	0	0	0	0	0	1.109011
122	1203	0	0	0	1	0	2.227651
123	1208	0	0	0	1	0	1.867947
124	1220	0	0	0	2	0	2.464177
125	1235	0	0	0	1	0	1.177483
126	1249	0	0	0	1	0	1.867185
127	1260	0	0	0	0	0	2.952418
128	1271	0	0	0	1	0	2.896314
129	1279	0	0	0	0	0	1.192845
130	1286	0	0	0	0	0	1.385503
131	1299	0	0	0	0	0	1.696525
132	1311	0	0	0	2	0	2.047674
133	1319	0	0	0	0	0	2.018144
134	1332	0	0	0	0	0	2.788200
135	1338	0	0	0	0	0	1.512499
136	1349	0	0	0	2	0	1.662608
137	1353	0	0	0	1	0	1.999720
138	1368	0	0	0	0	0	1.535520
139	1379	0	0	0	1	0	1.813163
140	1383	0	0	0	2	0	2.428915
141	1395	0	0	0	0	0	2.396542
142	1405	0	0	0	0	0	1.900440
143	1416	0	0	0	0	0	1.780343
144	1426	0	0	0	1	0	2.641740
145	1439	0	0	0	1	0	1.891707
146	1450	0	0	0	0	0	1.756357
147	1457	0	0	0	1	0	1.112781
148	1463	0	0	0	0	0	2.645183
149	1467	0	0	0	1	0	2.281787
150	1476	0	0	0	1	0	1.234232
151	1491	0	0	0	1	0	2.087124
152	1500	0	0	0	1	0	2.949471
153	1509	0	0	0	2	0	1.048926
154	1511	0	0	0	2	0	1.253436
155	1518	0	0	0	1	0	1.027177
156	1525	0	0	0	0	0	2.547632
157	1532	0	0	0	0	0	2.681986
158	1540	0	0	0	1	0	1.382658
159	1549	0	0	0	2	0	2.545960
160	1556	0	0	0	0	0	2.364739
161	1569	0	0	0	0	0	1.224497
162	1579	0	0	0	0	0	1.821758
163	1592	0	0	0	0	0	1.204199
164	1607	0	0	0	1	0	2.389962
165	1618	0	0	0	1	0	1.167247
166	1632	0	0	0	0	0	2.048555
167	1642	0	0	0	2	0	1.696492
168	1656	0	0	0	0	0	1.110779
169	1667	0	0	0	1	0	2.826935
170	1676	0	0	0	2	0	1.658123
171	1686	0	0	0	0	0	1.033257
172	1695	0	0	0	2	0	2.348881
173	1710	0	0	0	0	0	2.505432
174	1719	0	0	0	1	0	2.283255
175	1730	0	0	0	1	0	1.324088
176	1741	0	0	0	2	0	2.519640
177	1748	0	0	0	1	0	2.626266
178	1761	0	0	0	1	0	1.756749
179	1771	0	0	0	1	0	1.556271
180	1778	0	0	0	0	0	1.306619
181	1786	0	0	0	1	0	1.242025
182	1791	0	0	0	0	0	2.449613
183	1803	0	0	0	1	0	2.878854
184	1816	0	0	0	1	0	2.578674
185	1825	0	0	0	0	0	1.802509
186	1833	0	0	0	0	0	2.577535
187	1842	0	0	0	1	0	2.451384
188	1853	0	0	0	2	0	1.106043
189	1859	0	0	0	1	0	2.924168
190	1867	0	0	0	1	0	1.451720
191	1877	0	0	0	0	0	2.053439
192	1889	0	0	0	1	0	2.953820
193	1897	0	0	0	0	0	2.974622
194	1909	0	0	0	1	0	2.320044
195	1922	0	0	0	0	0	2.380048
196	1929	0	0	0	0	0	1.321880
197	1943	0	0	0	2	0	2.194096
198	1960	0	0	0	0	0	1.693188
199	1970	0	0	0	1	0	1.929935
200	1988	0	0	0	0	0	2.731272
201	1997	0	0	0	0	0	2.755320
202	2006	0	0	0	0	0	2.035338
203	2013	0	0	0	1	0	1.920207
204	2019	0	0	0	0	0	1.915357
205	2027	0	0	0	0	0	1.304046
206	2035	0	0	0	2	0	2.410360
207	2038	0	0	0	1	0	2.753940
208	2045	0	0	0	0	0	1.961051
209	2055	0	0	0	0	0	2.788443
210	2070	0	0	0	0	0	1.792387
211	2079	0	0	0	2	0	1.279502
212	2087	0	0	0	0	0	1.491813
213	2094	0	0	0	0	0	1.878933
214	2103	0	0	0	1	0	2.319718
215	2113	0	0	0	1	0	2.392840
216	2121	0	0	0	0	0	2.900808
217	2128	0	0	0	1	0	1.421158
218	2136	0	0	0	1	0	1.405274
219	2152	0	0	0	1	0	2.959198
220	2164	0	0	0	0	0	2.007098
221	2170	0	0	0	1	0	1.000695
222	2180	0	0	0	1	0	2.993427
223	2189	0	0	0	0	0	1.939113
224	2206	0	0	0	1	0	1.812377
225	2213	0	0	0	1	0	1.933261
226	2219	0	0	0	1	0	1.681814
227	2230	0	0	0	1	0	1.379915
228	2246	0	0	0	0	0	2.221662
229	2257	0	0	0	0	0	2.900242
230	2264	0	0	0	2	0	2.345592
231	2277	0	0	0	0	0	2.288981
232	2288	0	0	0	2	0	2.485731
233	2299	0	0	0	1	0	1.971180
234	2308	0	0	0	2	0	1.665534
235	2319	0	0	0	0	0	2.484151
236	2331	0	0	0	1	0	2.731077
237	2340	0	0	0	0	0	1.816671
238	2351	0	0	0	2	0	1.494872
239	2359	0	0	0	1	0	2.726733
240	2371	0	0	0	2	0	1.300695
241	2377	0	0	0	0	0	2.009146
242	2386	0	0	0	1	0	1.131588
243	2399	0	0	0	0	0	1.159833
244	2411	0	0	0	0	0	2.972815
245	2426	0	0	0	1	0	1.890251
246	2436	0	0	0	2	0	1.304982
247	2446	0	0	0	0	0	1.117815
248	2459	0	0	0	2	0	1.749909
249	2465	0	0	0	0	0	1.606539
250	2471	0	0	0	2	0	2.646903
251	2480	0	0	0	1	0	1.878099
252	2494	0	0	0	0	0	1.300822
253	2499	0	0	0	0	0	2.908499
254	2505	0	0	0	0	0	1.640244
255	2516	0	0	0	2	0	2.308432
256	2526	0	0	0	0	0	1.846326
257	2534	0	0	0	2	0	2.935738
258	2550	0	0	0	0	0	1.956584
259	2559	0	0	0	0	0	2.130526
260	2571	0	0	0	0	0	1.357806
261	2585	0	0	0	0	0	2.984016
262	2594	0	0	0	0	0	2.298137
263	2602	0	0	0	2	0	2.785901
264	2607	0	0	0	1	0	1.418487
265	2615	0	0	0	2	0	2.861429
266	2625	0	0	0	0	0	2.598880
267	2635	0	0	0	0	0	2.361916
268	2649	0	0	0	0	0	2.967206
269	2658	0	0	0	0	0	2.909625
270	2671	0	0	0	2	0	1.915904
271	2682	0	0	0	1	0	2.286739
272	2691	0	0	0	0	0	1.031275
273	2698	0	0	0	0	0	2.281102
274	2712	0	0	0	2	0	2.196052
275	2719	0	0	0	1	0	2.748940
276	2727	0	0	0	2	0	2.830016
277	2734	0	0	0	1	0	2.744264
278	2747	0	0	0	1	0	2.609497
279	2760	0	0	0	1	0	1.175625
280	2771	0	0	0	0	0	1.049186
281	2781	0	0	0	0	0	1.877085
282	2793	0	0	0	2	0	2.537418
283	2802	0	0	0	1	0	1.331009
284	2809	0	0	0	0	0	2.166357
285	2816	0	0	0	2	0	1.683704
286	2825	0	0	0	0	0	1.191483
287	2837	0	0	0	1	0	1.536020
288	2850	0	0	0	1	0	2.653054
289	2861	0	0	0	1	0	1.499167
290	2867	0	0	0	1	0	1.204885
291	2879	0	0	0	2	0	2.128014
292	2889	0	0	0	2	0	2.252571
293	2901	0	0	0	2	0	2.876692
294	2913	0	0	0	1	0	1.786279
295	2924	0	0	0	1	0	1.399818
296	2938	0	0	0	1	0	1.578739
297	2947	0	0	0	2	0	1.921921
298	2960	0	0	0	0	0	1.791281
299	2969	0	0	0	2	0	1.154025
300	2978	0	0	0	1	0	1.919778
301	2988	0	0	0	0	0	1.004445
302	3000	0	0	0	2	0	1.694762
303	3017	0	0	0	0	0	2.022008
304	3028	0	0	0	2	0	1.267283
305	3041	0	0	0	1	0	2.626639
306	3048	0	0	0	2	0	1.849016
307	3053	0	0	0	2	0	2.764430
308	3059	0	0	0	0	0	1.117146
309	3067	0	0	0	0	0	2.516659
310	3078	0	0	0	1	0	1.138596
311	3088	0	0	0	1	0	1.032141
312	3099	0	0	0	0	0	1.074379
313	3107	0	0	0	2	0	2.802729
314	3119	0	0	0	2	0	2.548201
315	3129	0	0	0	0	0	1.477150
316	3140	0	0	0	2	0	2.273281
317	3157	0	0	0	0	0	1.128077
318	3166	0	0	0	0	0	2.577558
319	3174	0	0	0	0	0	2.274777
320	3187	0	0	0	0	0	2.718902
321	3195	0	0	0	0	0	2.114817
322	3204	0	0	0	1	0	1.590536
323	3215	0	0	0	0	0	2.398631
324	3225	0	0	0	0	0	2.415794
325	3233	0	0	0	1	0	2.428305
326	3240	0	0	0	2	0	2.835980
327	3254	0	0	0	0	0	2.217559
328	3264	0	0	0	2	0	1.494962
329	3273	0	0	0	2	0	1.459472
330	3286	0	0	0	0	0	2.265114
331	3300	0	0	0	2	0	2.831666
332	3313	0	0	0	2	0	1.163572
333	3324	0	0	0	0	0	1.955595
334	3330	0	0	0	0	0	2.229744
335	3340	0	0	0	1	0	2.253299
336	3351	0	0	0	1	0	1.652901
337	3359	0	0	0	0	0	1.277565
338	3371	0	0	0	2	0	2.891720
339	3378	0	0	0	1	0	2.612512
340	3383	0	0	0	2	0	1.956602
341	3393	0	0	0	2	0	1.062583
342	3403	0	0	0	1	0	1.962598
343	3416	0	0	0	2	0	2.731026
344	3424	0	0	0	0	0	1.170594
345	3437	0	0	0	1	0	2.829506
346	3445	0	0	0	0	0	2.184909
347	3452	0	0	0	1	0	2.510088
348	3461	0	0	0	1	0	1.933117
349	3475	0	0	0	0	0	2.031556
350	3485	0	0	0	0	0	2.080181
351	3496	0	0	0	1	0	1.797894
352	3510	0	0	0	0	0	2.299513
353	3520	0	0	0	1	0	2.175573
354	3530	0	0	0	1	0	2.824706
355	3539	0	0	0	0	0	1.662705
356	3548	0	0	0	0	0	2.117875
357	3556	0	0	0	2	0	2.026198
358	3567	0	0	0	2	0	2.605231
359	3576	0	0	0	0	0	2.349937
360	3589	0	0	0	1	0	1.719788
361	3601	0	0	0	2	0	1.979898
362	3614	0	0	0	2	0	2.961933
363	3621	0	0	0	0	0	2.829464
364	3625	0	0	0	1	0	2.538087
365	3634	0	0	0	1	0	1.317545
366	3643	0	0	0	2	0	2.421139
367	3654	0	0	0	2	0	2.501768
368	3666	0	0	0	0	0	1.836998
369	3672	0	0	0	0	0	2.318548
370	3687	0	0	0	1	0	1.558932
371	3700	0	0	0	0	0	2.514750
372	3711	0	0	0	1	0	1.248586
373	3720	0	0	0	0	0	2.723038
374	3728	0	0	0	1	0	2.669132
375	3742	0	0	0	1	0	1.257463
376	3747	0	0	0	0	0	2.317535
377	3757	0	0	0	1	0	1.034259
378	3764	0	0	0	0	0	2.917721
379	3774	0	0	0	0	0	2.901040
380	3785	0	0	0	1	0	2.015769
381	3795	0	0	0	1	0	1.342091
382	3805	0	0	0	1	0	1.677899
383	3815	0	0	0	0	0	2.322707
384	3825	0	0	0	2	0	2.452089
385	3836	0	0	0	0	0	1.890749
386	3842	0	0	0	2	0	1.301392
387	3856	0	0	0	1	0	1.801894
388	3871	0	0	0	0	0	2.418453
389	3885	0	0	0	1	0	2.756300
390	3892	0	0	0	0	0	2.165371
391	3900	0	0	0	0	0	1.365454
392	3910	0	0	0	0	0	1.336448
393	3922	0	0	0	1	0	2.040286
394	3929	0	0	0	1	0	1.306430
395	3934	0	0	0	1	0	2.672969
396	3942	0	0	0	2	0	2.457447
397	3948	0	0	0	2	0	2.081003
398	3959	0	0	0	1	0	1.045405
399	3962	0	0	0	2	0	2.187652
400	3974	0	0	0	2	0	2.826290
401	3983	0	0	0	0	0	1.520252
402	3996	0	0	0	1	0	1.784287
403	4006	0	0	0	2	0	1.866982
404	4016	0	0	0	1	0	1.491374
405	4028	0	0	0	1	0	2.326595
406	4041	0	0	0	2	0	2.630109
407	4047	0	0	0	0	0	1.719450
408	4055	0	0	0	0	0	1.628878
409	4072	0	0	0	0	0	2.276114
410	4079	0	0	0	0	0	1.562197
411	4086	0	0	0	1	0	2.502896
412	4096	0	0	0	2	0	1.440303
413	4108	0	0	0	2	0	1.052316
414	4117	0	0	0	0	0	2.661643
415	4123	0	0	0	0	0	1.720372
416	4132	0	0	0	0	0	1.119251
417	4142	0	0	0	0	0	1.159674
418	4150	0	0	0	0	0	2.643533
419	4159	0	0	0	2	0	2.989281
420	4167	0	0	0	2	0	1.953219
421	4178	0	0	0	2	0	2.700717
422	4188	0	0	0	2	0	1.597230
423	4193	0	0	0	0	0	2.979205
424	4204	0	0	0	0	0	1.886928
425	4212	0	0	0	0	0	2.626829
426	4224	0	0	0	0	0	2.871877
427	4231	0	0	0	1	0	2.079519
428	4242	0	0	0	0	0	1.330756
429	4248	0	0	0	1	0	2.670996
430	4264	0	0	0	1	0	1.287888
431	4279	0	0	0	0	0	1.007724
432	4291	0	0	0	1	0	2.350755
433	4297	0	0	0	2	0	2.101267
434	4309	0	0	0	1	0	1.126243
435	4321	0	0	0	0	0	1.917057
436	4330	0	0	0	2	0	1.800303
437	4337	0	0	0	2	0	2.406090
438	4341	0	0	0	1	0	2.453868
439	4352	0	0	0	2	0	2.572516
440	4365	0	0	0	2	0	2.038148
441	4384	0	0	0	0	0	1.412959
442	4396	0	0	0	1	0	2.199846
443	4411	0	0	0	1	0	2.839113
444	4414	0	0	0	1	0	1.383074
445	4425	0	0	0	1	0	1.493373
446	4433	0	0	0	0	0	1.890381
447	4441	0	0	0	0	0	2.693350
448	4450	0	0	0	2	0	2.061952
449	4460	0	0	0	0	0	1.639721
450	4468	0	0	0	0	0	1.415938
451	4475	0	0	0	1	0	2.343821
452	4483	0	0	0	2	0	2.124088
453	4491	0	0	0	2	0	1.353969
454	4502	0	0	0	1	0	2.012668
455	4511	0	0	0	2	0	2.987114
456	4522	0	0	0	0	0	1.904134
457	4530	0	0	0	1	0	2.635608
458	4542	0	0	0	2	0	2.261053
459	4547	0	0	0	2	0	1.111225
460	4557	0	0	0	1	0	2.857121
461	4568	0	0	0	0	0	1.786629
462	4578	0	0	0	2	0	1.907474
463	4592	0	0	0	0	0	2.570409
464	4602	0	0	0	0	0	2.876702
465	4612	0	0	0	2	0	2.952597
466	4618	0	0	0	1	0	1.715150
467	4629	0	0	0	1	0	1.964664
468	4641	0	0	0	1	0	1.107228
469	4645	0	0	0	0	0	2.596712
470	4660	0	0	0	2	0	2.005629
471	4675	0	0	0	0	0	2.372130
472	4685	0	0	0	1	0	2.109171
473	4696	0	0	0	1	0	2.416600
474	4706	0	0	0	1	0	1.133529
475	4714	0	0	0	0	0	2.643032
476	4729	0	0	0	0	0	1.438482
477	4739	0	0	0	0	0	2.410259
478	4754	0	0	0	0	0	1.251714
479	4760	0	0	0	0	0	1.024799
480	4778	0	0	0	0	0	2.369234
481	4787	0	0	0	0	0	1.700958
482	4798	0	0	0	2	0	2.363791
483	4804	0	0	0	1	0	1.481821
484	4821	0	0	0	1	0	1.409018
485	4829	0	0	0	2	0	1.158051
486	4841	0	0	0	1	0	2.716032
487	4851	0	0	0	0	0	2.987097
488	4858	0	0	0	2	0	1.606853
489	4869	0	0	0	0	0	1.836354
490	4879	0	0	0	1	0	1.786823
491	4889	0	0	0	0	0	1.315383
492	4900	0	0	0	1	0	1.208663
493	4904	0	0	0	1	0	2.374136
494	4913	0	0	0	0	0	2.382211
495	4924	0	0	0	1	0	1.109591
496	4935	0	0	0	1	0	2.508873
497	4946	0	0	0	0	0	1.295207
498	4958	0	0	0	2	0	2.433257
499	4969	0	0	0	2	0	2.030252
500	4974	0	0	0	2	0	1.682902
501	4985	0	0	0	2	0	2.396839
502	4998	0	0	0	2	0	1.544191
503	5007	0	0	0	2	0	2.234129
504	5019	0	0	0	1	0	1.883255
505	5026	0	0	0	0	0	2.625097
506	5036	0	0	0	0	0	2.102687
507	5040	0	0	0	1	0	2.754507
508	5050	0	0	0	1	0	1.990816
509	5058	0	0	0	0	0	2.063328
510	5070	0	0	0	1	0	2.996842
511	5083	0	0	0	2	0	2.160594
512	5089	0	0	0	0	0	2.255541
513	5098	0	0	0	1	0	2.645473
514	5106	0	0	0	2	0	1.812212
515	5114	0	0	0	1	0	2.164775
516	5124	0	0	0	0	0	1.861214
517	5136	0	0	0	0	0	2.617561
518	5144	0	0	0	1	0	2.420912
519	5156	0	0	0	0	0	1.878120
520	5163	0	0	0	1	0	1.825540
521	5170	0	0	0	0	0	1.049995
522	5185	0	0	0	0	0	1.866867
523	5194	0	0	0	1	0	2.484819
524	5200	0	0	0	2	0	2.277986
525	5214	0	0	0	2	0	2.628579
526	5228	0	0	0	2	0	1.646190
527	5233	0	0	0	0	0	2.839691
528	5245	0	0	0	0	0	2.504290
529	5253	0	0	0	0	0	2.073242
530	5261	0	0	0	2	0	2.576799
531	5276	0	0	0	0	0	2.697864
532	5288	0	0	0	1	0	1.833276
533	5297	0	0	0	1	0	2.527225
534	5309	0	0	0	2	0	2.013840
535	5320	0	0	0	1	0	1.176377
536	5340	0	0	0	1	0	1.639932
537	5350	0	0	0	1	0	2.507192
538	5362	0	0	0	1	0	1.532664
539	5381	0	0	0	0	0	1.707163
540	5392	0	0	0	1	0	2.094017
541	5398	0	0	0	0	0	2.690069
542	5408	0	0	0	0	0	2.655913
543	5414	0	0	0	1	0	1.247089
544	5424	0	0	0	0	0	2.109069
545	5433	0	0	0	0	0	2.054067
546	5444	0	0	0	1	0	2.246855
547	5460	0	0	0	2	0	1.548650
548	5467	0	0	0	1	0	1.577012
549	5475	0	0	0	1	0	1.752852
550	5484	0	0	0	2	0	2.954292
551	5494	0	0	0	2	0	2.006870
552	5503	0	0	0	1	0	2.960583
553	5512	0	0	0	0	0	2.682297
554	5516	0	0	0	1	0	2.656831
555	5527	0	0	0	2	0	2.162171
556	5535	0	0	0	0	0	2.826895
557	5541	0	0	0	1	0	1.297196
558	5553	0	0	0	1	0	1.412763
559	5561	0	0	0	0	0	2.677887
560	5569	0	0	0	2	0	2.165809
561	5578	0	0	0	1	0	1.453328
562	5586	0	0	0	0	0	2.238308
563	5598	0	0	0	0	0	1.354024
564	5612	0	0	0	1	0	2.327703
565	5620	0	0	0	2	0	2.173184
566	5633	0	0	0	0	0	1.066844
567	5642	0	0	0	1	0	1.648616
568	5650	0	0	0	0	0	1.425690
569	5656	0	0	0	1	0	2.930730
570	5672	0	0	0	0	0	2.870900
571	5680	0	0	0	2	0	2.340217
572	5692	0	0	0	0	0	1.028750
573	5706	0	0	0	2	0	2.592412
574	5713	0	0	0	0	0	1.278293
575	5725	0	0	0	1	0	2.195461
576	5741	0	0	0	1	0	2.397983
577	5754	0	0	0	1	0	1.132715
578	5763	0	0	0	0	0	2.948307
579	5776	0	0	0	0	0	2.421770
580	5783	0	0	0	1	0	2.305958
581	5793	0	0	0	0	0	2.555162
582	5799	0	0	0	0	0	2.176253
583	5804	0	0	0	0	0	1.129812
584	5812	0	0	0	1	0	1.098137
585	5820	0	0	0	1	0	1.738058
586	5837	0	0	0	0	0	2.211747
587	5850	0	0	0	0	0	2.346099
588	5861	0	0	0	0	0	2.438309
589	5876	0	0	0	0	0	2.901140
590	5884	0	0	0	0	0	1.412481
591	5895	0	0	0	1	0	1.138138
592	5906	0	0	0	2	0	2.531440
593	5916	0	0	0	2	0	2.830695
594	5927	0	0	0	0	0	2.389927
595	5933	0	0	0	0	0	2.536839
596	5942	0	0	0	2	0	2.444616
597	5956	0	0	0	2	0	2.180102
598	5965	0	0	0	2	0	2.391913
599	5975	0	0	0	0	0	1.505738
600	5987	0	0	0	0	0	1.452308
601	5994	0	0	0	2	0	2.102522
602	6007	0	0	0	2	0	2.796598
603	6013	0	0	0	1	0	1.563285
604	6033	0	0	0	0	0	1.994996
605	6042	0	0	0	1	0	2.370023
606	6049	0	0	0	1	0	1.883828
607	6060	0	0	0	2	0	1.934393
608	6066	0	0	0	2	0	2.654433
609	6071	0	0	0	1	0	1.992255
610	6077	0	0	0	0	0	1.369629
611	6082	0	0	0	1	0	2.092514
612	6088	0	0	0	1	0	1.716071
613	6096	0	0	0	0	0	1.416553
614	6102	0	0	0	0	0	1.323773
615	6116	0	0	0	0	0	1.535866
616	6135	0	0	0	2	0	2.790890
617	6144	0	0	0	0	0	2.300593
618	6151	0	0	0	2	0	1.411074
619	6159	0	0	0	0	0	1.560641
620	6169	0	0	0	2	0	2.650434
621	6182	0	0	0	1	0	1.092935
622	6193	0	0	0	1	0	1.026280
623	6197	0	0	0	2	0	1.981911
624	6205	0	0	0	0	0	1.790523
625	6219	0	0	0	2	0	1.842042
626	6230	0	0	0	1	0	1.673308
627	6240	0	0	0	0	0	2.728938
628	6253	0	0	0	1	0	2.189033
629	6266	0	0	0	0	0	1.445507
630	6276	0	0	0	1	0	1.004098
631	6283	0	0	0	0	0	1.317115
632	6296	0	0	0	1	0	1.487078
633	6308	0	0	0	0	0	1.310587
634	6320	0	0	0	0	0	1.350927
635	6334	0	0	0	0	0	2.603092
636	6340	0	0	0	1	0	2.437106
637	6351	0	0	0	0	0	1.736797
638	6366	0	0	0	1	0	1.436558
639	6374	0	0	0	0	0	1.190820
640	6384	0	0	0	0	0	1.991839
641	6392	0	0	0	1	0	2.209243
642	6401	0	0	0	2	0	2.935548
643	6412	0	0	0	2	0	2.886822
644	6423	0	0	0	0	0	2.479621
645	6436	0	0	0	1	0	2.037716
646	6452	0	0	0	2	0	2.096973
647	6463	0	0	0	1	0	2.448283
648	6474	0	0	0	0	0	2.392239
649	6489	0	0	0	0	0	2.339914
650	6499	0	0	0	1	0	2.851949
651	6507	0	0	0	1	0	1.578779
652	6521	0	0	0	1	0	2.613338
653	6528	0	0	0	2	0	1.981906
654	6536	0	0	0	1	0	2.666394
655	6551	0	0	0	1	0	1.457325
656	6567	0	0	0	2	0	1.196740
657	6571	0	0	0	1	0	2.557948
658	6587	0	0	0	0	0	1.269887
659	6594	0	0	0	2	0	2.521588
660	6601	0	0	0	0	0	2.758560
661	6610	0	0	0	1	0	1.984901
662	6615	0	0	0	0	0	2.517724
663	6627	0	0	0	0	0	2.844109
664	6637	0	0	0	0	0	1.274643
665	6647	0	0	0	0	0	2.160253
666	6651	0	0	0	1	0	1.104030
667	6659	0	0	0	0	0	1.543081
668	6667	0	0	0	1	0	2.214203
669	6678	0	0	0	0	0	1.553954
670	6690	0	0	0	1	0	1.753153
671	6698	0	0	0	0	0	1.803639
672	6713	0	0	0	1	0	2.914655
673	6719	0	0	0	1	0	1.021750
674	6732	0	0	0	1	0	2.011745
675	6746	0	0	0	0	0	1.364262
676	6754	0	0	0	0	0	2.117016
677	6758	0	0	0	1	0	1.366980
678	6768	0	0	0	0	0	2.562438
679	6778	0	0	0	0	0	1.095627
680	6784	0	0	0	1	0	2.306463
681	6800	0	0	0	1	0	2.046894
682	6813	0	0	0	0	0	2.895699
683	6827	0	0	0	2	0	2.466217
684	6838	0	0	0	1	0	1.740352
685	6849	0	0	0	2	0	2.384500
686	6858	0	0	0	0	0	2.855984
687	6869	0	0	0	2	0	1.351545
688	6875	0	0	0	2	0	1.429132
689	6886	0	0	0	1	0	1.358630
690	6892	0	0	0	1	0	2.661628
691	6898	0	0	0	2	0	1.096687
692	6913	0	0	0	1	0	1.648706
693	6923	0	0	0	2	0	1.835411
694	6935	0	0	0	2	0	1.500911
695	6948	0	0	0	0	0	2.919849
696	6961	0	0	0	2	0	1.252478
697	6974	0	0	0	1	0	2.602829
698	6982	0	0	0	0	0	1.513982
699	6992	0	0	0	0	0	1.200139
700	7008	0	0	0	0	0	2.215256
701	7014	0	0	0	1	0	1.312484
702	7021	0	0	0	1	0	1.295462
703	7028	0	0	0	1	0	2.078846
704	7039	0	0	0	0	0	1.684386
705	7049	0	0	0	0	0	1.123826
706	7058	0	0	0	0	0	2.761429
707	7071	0	0	0	2	0	1.714211
708	7085	0	0	0	1	0	2.349150
709	7098	0	0	0	0	0	2.228686
710	7102	0	0	0	0	0	1.448444
711	7117	0	0	0	2	0	1.314889
712	7130	0	0	0	1	0	2.874914
713	7139	0	0	0	0	0	2.024219
714	7148	0	0	0	1	0	2.229020
715	7161	0	0	0	2	0	2.229670
716	7169	0	0	0	1	0	1.410668
717	7177	0	0	0	1	0	1.627998
718	7189	0	0	0	2	0	1.233205
719	7202	0	0	0	2	0	2.655422
720	7209	0	0	0	2	0	2.253277
721	7224	0	0	0	2	0	1.688400
722	7235	0	0	0	1	0	1.057476
723	7242	0	0	0	0	0	1.009211
724	7257	0	0	0	2	0	2.379018
725	7263	0	0	0	0	0	1.667806
726	7270	0	0	0	0	0	2.795424
727	7284	0	0	0	0	0	2.014352
728	7289	0	0	0	2	0	2.927418
729	7303	0	0	0	1	0	2.048603
730	7317	0	0	0	2	0	1.578046
731	7332	0	0	0	0	0	2.731005
732	7350	0	0	0	2	0	1.819961
733	7362	0	0	0	0	0	1.140377
734	7378	0	0	0	0	0	1.771098
735	7391	0	0	0	2	0	2.396512
736	7404	0	0	0	2	0	1.140443
737	7420	0	0	0	2	0	1.764320
738	7435	0	0	0	1	0	2.982356
739	7442	0	0	0	0	0	2.143700
740	7454	0	0	0	1	0	2.477037
741	7462	0	0	0	0	0	2.430813
742	7471	0	0	0	1	0	2.319915
743	7478	0	0	0	1	0	2.019258
744	7492	0	0	0	0	0	2.553060
745	7499	0	0	0	0	0	1.150342
746	7508	0	0	0	2	0	1.040774
747	7516	0	0	0	0	0	2.635024
748	7524	0	0	0	2	0	2.561089
749	7534	0	0	0	1	0	1.052176
750	7544	0	0	0	0	0	1.763705
751	7554	0	0	0	1	0	1.948956
752	7562	0	0	0	0	0	2.296327
753	7575	0	0	0	2	0	2.863294
754	7580	0	0	0	1	0	1.659069
755	7584	0	0	0	1	0	2.062669
756	7592	0	0	0	2	0	2.741900
757	7598	0	0	0	1	0	1.492187
758	7606	0	0	0	2	0	1.327881
759	7613	0	0	0	2	0	2.176401
760	7618	0	0	0	1	0	1.086349
761	7627	0	0	0	0	0	2.635772
762	7642	0	0	0	0	0	2.555675
763	7653	0	0	0	0	0	1.666017
764	7671	0	0	0	1	0	2.107176
765	7680	0	0	0	0	0	2.650250
766	7686	0	0	0	0	0	2.691751
767	7696	0	0	0	0	0	2.372121
768	7703	0	0	0	1	0	2.455680
769	7711	0	0	0	0	0	2.924785
770	7722	0	0	0	0	0	2.923136
771	7727	0	0	0	2	0	1.927769
772	7731	0	0	0	0	0	1.369496
773	7739	0	0	0	2	0	2.568234
774	7751	0	0	0	0	0	2.543239
775	7767	0	0	0	1	0	2.847572
776	7770	0	0	0	0	0	1.631574
777	7779	0	0	0	0	0	2.936019
778	7785	0	0	0	0	0	2.395931
779	7795	0	0	0	1	0	1.572399
780	7808	0	0	0	0	0	2.517598
781	7820	0	0	0	0	0	1.995235
782	7836	0	0	0	1	0	2.954264
783	7847	0	0	0	1	0	2.691012
784	7852	0	0	0	0	0	1.068773
785	7860	0	0	0	0	0	2.746616
786	7871	0	0	0	1	0	2.787208
787	7879	0	0	0	0	0	2.932452
788	7895	0	0	0	0	0	1.674532
789	7909	0	0	0	2	0	1.341330
790	7923	0	0	0	2	0	1.109248
791	7930	0	0	0	2	0	1.064634
792	7938	0	0	0	0	0	2.843261
793	7950	0	0	0	1	0	2.000803
794	7960	0	0	0	0	0	1.203279
795	7969	0	0	0	1	0	1.557863
796	7985	0	0	0	0	0	2.714805
797	7993	0	0	0	2	0	2.365857
798	8005	0	0	0	1	0	1.883138
799	8013	0	0	0	1	0	2.722329
800	8022	0	0	0	1	0	2.808215
801	8031	0	0	0	2	0	2.063932
802	8041	0	0	0	1	0	1.417249
803	8050	0	0	0	0	0	1.237661
804	8064	0	0	0	0	0	1.093404
805	8073	0	0	0	0	0	2.527716
806	8079	0	0	0	2	0	1.388169
807	8088	0	0	0	0	0	2.306338
808	8094	0	0	0	0	0	1.218241
809	8103	0	0	0	2	0	1.519809
810	8108	0	0	0	2	0	1.783441
811	8116	0	0	0	0	0	1.526734
812	8124	0	0	0	2	0	1.744925
813	8131	0	0	0	2	0	2.392277
814	8141	0	0	0	0	0	1.159802
815	8155	0	0	0	0	0	2.116273
816	8163	0	0	0	0	0	1.008306
817	8181	0	0	0	0	0	1.623108
818	8198	0	0	0	0	0	1.893132
819	8213	0	0	0	0	0	2.492910
820	8223	0	0	0	1	0	1.763771
821	8234	0	0	0	2	0	1.814964
822	8241	0	0	0	0	0	2.711121
823	8256	0	0	0	0	0	2.295505
824	8272	0	0	0	0	0	1.568917
825	8280	0	0	0	0	0	2.734637
826	8290	0	0	0	2	0	2.350527
827	8298	0	0	0	2	0	2.131393
828	8310	0	0	0	1	0	1.443090
829	8317	0	0	0	1	0	1.168757
830	8327	0	0	0	0	0	1.030722
831	8338	0	0	0	1	0	2.837202
832	8352	0	0	0	0	0	1.652127
833	8363	0	0	0	0	0	1.892748
834	8372	0	0	0	0	0	1.796725
835	8383	0	0	0	0	0	1.457461
836	8394	0	0	0	2	0	2.402674
837	8407	0	0	0	0	0	1.020531
838	8412	0	0	0	0	0	2.617371
839	8422	0	0	0	2	0	1.411436
840	8431	0	0	0	0	0	1.922535
841	8445	0	0	0	1	0	2.934107
842	8456	0	0	0	2	0	2.972889
843	8474	0	0	0	1	0	2.783804
844	8482	0	0	0	0	0	1.759130
845	8491	0	0	0	0	0	2.058669
846	8501	0	0	0	1	0	2.798695
847	8511	0	0	0	0	0	1.987512
848	8519	0	0	0	0	0	2.248230
849	8534	0	0	0	2	0	2.473980
850	8542	0	0	0	1	0	2.157671
851	8558	0	0	0	2	0	2.063077
852	8571	0	0	0	1	0	1.005159
853	8578	0	0	0	0	0	2.695039
854	8585	0	0	0	2	0	2.428223
855	8593	0	0	0	1	0	2.773627
856	8602	0	0	0	0	0	1.465888
857	8613	0	0	0	0	0	1.855534
858	8627	0	0	0	0	0	1.073959
859	8634	0	0	0	0	0	1.564251
860	8642	0	0	0	2	0	1.495167
861	8649	0	0	0	2	0	2.897430
862	8660	0	0	0	1	0	1.608242
863	8671	0	0	0	0	0	2.279729
864	8681	0	0	0	1	0	1.804639
865	8691	0	0	0	0	0	2.979697
866	8697	0	0	0	1	0	2.262365
867	8708	0	0	0	1	0	1.055316
868	8718	0	0	0	0	0	1.379081
869	8726	0	0	0	1	0	2.851032
870	8737	0	0	0	0	0	1.882605
871	8747	0	0	0	0	0	1.396334
872	8760	0	0	0	0	0	1.326328
873	8769	0	0	0	0	0	1.645474
874	8781	0	0	0	2	0	2.137578
875	8793	0	0	0	0	0	1.561768
876	8803	0	0	0	2	0	2.976715
877	8811	0	0	0	1	0	2.181114
878	8816	0	0	0	1	0	2.162476
879	8819	0	0	0	1	0	2.169032
880	8829	0	0	0	0	0	1.674761
881	8839	0	0	0	2	0	1.837335
882	8851	0	0	0	1	0	1.719831
883	8863	0	0	0	2	0	1.327406
884	8879	0	0	0	0	0	2.355101
885	8889	0	0	0	1	0	2.231138
886	8904	0	0	0	1	0	2.729144
887	8916	0	0	0	0	0	2.315007
888	8926	0	0	0	0	0	1.844262
889	8935	0	0	0	0	0	1.390867
890	8945	0	0	0	2	0	1.519073
891	8959	0	0	0	1	0	2.724047
892	8972	0	0	0	0	0	2.903219
893	8981	0	0	0	2	0	2.664833
894	8989	0	0	0	2	0	1.288615
895	8999	0	0	0	2	0	1.579205
896	9011	0	0	0	1	0	1.516299
897	9024	0	0	0	2	0	2.362263
898	9035	0	0	0	0	0	2.172413
899	9049	0	0	0	1	0	1.325830
900	9061	0	0	0	2	0	1.673545
901	9067	0	0	0	0	0	2.098164
902	9073	0	0	0	0	0	2.996021
903	9081	0	0	0	1	0	2.693442
904	9089	0	0	0	2	0	1.835904
905	9100	0	0	0	0	0	1.560983
906	9112	0	0	0	0	0	2.430447
907	9126	0	0	0	1	0	2.421013
908	9140	0	0	0	2	0	2.713793
909	9148	0	0	0	1	0	2.471264
910	9163	0	0	0	2	0	2.862458
911	9175	0	0	0	1	0	2.562136
912	9189	0	0	0	0	0	2.407634
913	9200	0	0	0	2	0	1.118782
914	9211	0	0	0	1	0	1.022986
915	9221	0	0	0	1	0	1.475348
916	9233	0	0	0	1	0	1.707006
917	9245	0	0	0	2	0	1.447103
918	9252	0	0	0	0	0	2.010647
919	9256	0	0	0	1	0	2.241900
920	9262	0	0	0	0	0	2.531729
921	9271	0	0	0	0	0	1.399206
922	9284	0	0	0	0	0	2.568378
923	9292	0	0	0	2	0	1.942464
924	9305	0	0	0	1	0	1.186298
925	9315	0	0	0	0	0	2.588493
926	9324	0	0	0	1	0	2.728254
927	9339	0	0	0	1	0	2.121880
928	9350	0	0	0	0	0	2.131635
929	9357	0	0	0	1	0	1.929932
930	9362	0	0	0	2	0	1.842601
931	9377	0	0	0	0	0	2.543188
932	9388	0	0	0	2	0	1.129856
933	9394	0	0	0	1	0	1.598626
934	9401	0	0	0	1	0	1.642941
935	9410	0	0	0	2	0	2.098705
936	9422	0	0	0	0	0	1.526899
937	9435	0	0	0	1	0	1.357973
938	9449	0	0	0	1	0	1.012939
939	9460	0	0	0	0	0	2.205590
940	9473	0	0	0	1	0	2.407190
941	9480	0	0	0	1	0	1.480196
942	9486	0	0	0	1	0	2.986745
943	9494	0	0	0	1	0	2.334469
944	9499	0	0	0	0	0	1.642152
945	9508	0	0	0	1	0	2.932778
946	9520	0	0	0	1	0	2.681698
947	9535	0	0	0	0	0	1.595915
948	9551	0	0	0	1	0	2.122534
949	9559	0	0	0	0	0	1.272201
950	9574	0	0	0	0	0	2.286816
951	9586	0	0	0	2	0	2.698109
952	9595	0	0	0	0	0	2.905285
953	9610	0	0	0	0	0	2.476722
954	9618	0	0	0	1	0	2.354885
955	9624	0	0	0	2	0	2.726072
956	9632	0	0	0	0	0	1.178775
957	9641	0	0	0	1	0	1.441249
958	9653	0	0	0	1	0	2.635373
959	9657	0	0	0	0	0	1.892783
960	9665	0	0	0	2	0	2.143410
961	9674	0	0	0	1	0	2.229857
962	9684	0	0	0	2	0	1.695310
963	9697	0	0	0	2	0	2.669626
964	9710	0	0	0	0	0	1.751432
965	9723	0	0	0	1	0	1.583667
966	9736	0	0	0	0	0	1.265037
967	9744	0	0	0	0	0	1.322441
968	9761	0	0	0	1	0	2.113853
969	9766	0	0	0	1	0	1.652212
970	9775	0	0	0	0	0	1.143108
971	9785	0	0	0	1	0	1.993730
972	9791	0	0	0	0	0	2.684274
973	9799	0	0	0	1	0	1.201485
974	9806	0	0	0	0	0	2.879833
975	9818	0	0	0	0	0	2.361468
976	9827	0	0	0	0	0	1.579170
977	9834	0	0	0	1	0	2.214636
978	9845	0	0	0	1	0	2.863781
979	9849	0	0	0	2	0	2.649138
980	9866	0	0	0	0	0	1.842909
981	9873	0	0	0	0	0	1.731910
982	9880	0	0	0	1	0	2.014249
983	9889	0	0	0	0	0	2.595211
984	9902	0	0	0	1	0	2.951519
985	9914	0	0	0	1	0	2.438057
986	9918	0	0	0	0	0	2.780897
987	9923	0	0	0	2	0	2.158816
988	9933	0	0	0	1	0	1.013062
989	9939	0	0	0	0	0	2.979008
990	9949	0	0	0	0	0	2.949437
991	9961	0	0	0	2	0	2.067760
992	9969	0	0	0	1	0	1.563834
993	9978	0	0	0	0	0	2.132969
994	9989	0	0	0	1	0	1.444791
995	9996	0	0	0	0	0	2.250733
996	10002	0	0	0	0	0	1.134461
997	10012	0	0	0	0	0	2.361011
998	10022	0	0	0	0	0	2.252827
999	10029	0	0	0	1	0	1.923761
