0	1	0	0	0	0	0	2.884252
1	11	0	0	0	2	0	1.894262
2	24	0	0	0	0	0	2.215157
3	34	0	0	0	0	0	1.686585
4	40	0	0	0	0	0	2.898785
5	50	0	0	0	0	0	2.148970
6	59	0	0	0	0	0	2.718714
7	68	0	0	0	2	0	2.145862
8	81	0	0	0	0	0	1.434605
9	92	0	0	0	1	0	1.100037
10	99	0	0	0	1	0	1.456927
11	107	0	0	0	0	0	1.362583
12	116	0	0	0	1	0	1.300743
13	130	0	0	0	1	0	2.390540
14	144	0	0	0	0	0	2.629678
15	154	0	0	0	2	0	2.694943
16	156	0	0	0	0	0	1.333236
17	167	0	0	0	2	0	2.952048
18	184	0	0	0	1	0	1.280707
19	193	0	0	0	0	0	2.395231
20	201	0	0	0	1	0	1.196101
21	210	0	0	0	2	0	1.007411
22	223	0	0	0	2	0	2.812472
23	235	0	0	0	2	0	1.887447
24	247	0	0	0	1	0	2.851371
25	258	0	0	0	1	0	1.807459
26	263	0	0	0	1	0	2.242802
27	273	0	0	0	0	0	2.687291
28	286	0	0	0	2	0	1.017984
29	294	0	0	0	0	0	1.052508
30	303	0	0	0	1	0	1.065677
31	310	0	0	0	0	0	2.941745
32	329	0	0	0	2	0	1.574972
33	340	0	0	0	1	0	2.180516
34	347	0	0	0	1	0	1.444961
35	358	0	0	0	2	0	1.267092
36	372	0	0	0	0	0	2.795880
37	382	0	0	0	0	0	1.750039
38	386	0	0	0	0	0	1.275431
39	404	0	0	0	2	0	1.806662
40	411	0	0	0	2	0	1.443767
41	420	0	0	0	0	0	2.643674
42	427	0	0	0	2	0	1.768967
43	435	0	0	0	1	0	1.120387
44	445	0	0	0	0	0	2.088475
45	453	0	0	0	2	0	2.302910
46	462	0	0	0	1	0	1.458632
47	472	0	0	0	1	0	1.888880
48	481	0	0	0	1	0	1.545699
49	494	0	0	0	2	0	2.709798
50	499	0	0	0	2	0	2.776407
51	509	0	0	0	2	0	1.941628
52	514	0	0	0	2	0	2.212871
53	524	0	0	0	1	0	1.402607
54	532	0	0	0	0	0	2.398285
55	541	0	0	0	1	0	1.051275
56	549	0	0	0	1	0	2.169036
57	559	0	0	0	2	0	2.994371
58	569	0	0	0	0	0	1.214570
59	571	0	0	0	1	0	2.847618
60	583	0	0	0	0	0	1.946022
61	595	0	0	0	2	0	2.575460
62	601	0	0	0	1	0	2.677677
63	612	0	0	0	2	0	2.827643
64	626	0	0	0	0	0	2.205876
65	635	0	0	0	0	0	1.257336
66	643	0	0	0	0	0	2.249114
67	652	0	0	0	1	0	2.977092
68	668	0	0	0	2	0	2.191309
69	685	0	0	0	0	0	2.167196
70	696	0	0	0	2	0	1.711416
71	709	0	0	0	0	0	1.267734
72	720	0	0	0	2	0	2.479825
73	729	0	0	0	0	0	2.116656
74	742	0	0	0	0	0	2.298615
75	755	0	0	0	2	0	2.114175
76	764	0	0	0	0	0	2.866247
77	774	0	0	0	0	0	1.013464
78	785	0	0	0	0	0	1.444704
79	793	0	0	0	1	0	2.705667
80	800	0	0	0	2	0	2.506151
81	811	0	0	0	2	0	2.622562
82	822	0	0	0	2	0	1.996529
83	827	0	0	0	1	0	1.840923
84	838	0	0	0	0	0	2.558350
85	848	0	0	0	0	0	1.547095
86	853	0	0	0	2	0	2.858434
87	865	0	0	0	0	0	1.661403
88	873	0	0	0	1	0	1.950372
89	883	0	0	0	0	0	1.939911
90	889	0	0	0	0	0	1.477638
91	896	0	0	0	0	0	1.509575
92	909	0	0	0	2	0	1.611183
93	920	0	0	0	0	0	1.460139
94	937	0	0	0	1	0	2.884086
95	952	0	0	0	2	0	1.088900
96	961	0	0	0	2	0	2.331916
97	974	0	0	0	2	0	1.862250
98	983	0	0	0	0	0	1.656994
99	992	0	0	0	1	0	2.907456
100	1001	0	0	0	0	0	2.780833
101	1009	0	0	0	0	0	1.988541
102	1022	0	0	0	0	0	2.798313
103	1036	0	0	0	0	0	2.689974
104	1047	0	0	0	1	0	2.780181
105	1051	0	0	0	1	0	2.367548
106	1056	0	0	0	1	0	2.566250
107	1064	0	0	0	0	0	1.242536
108	1068	0	0	0	2	0	2.409868
109	1076	0	0	0	0	0	2.512951
110	1089	0	0	0	0	0	1.257452
111	1092	0	0	0	0	0	2.149522
112	1102	0	0	0	1	0	2.811723
113	1111	0	0	0	0	0	2.240585
114	1116	0	0	0	0	0	1.277029
115	1129	0	0	0	0	0	1.479407
116	1137	0	0	0	2	0	1.394812
117	1149	0	0	0	1	0	2.881681
118	1163	0	0	0	2	0	2.601415
119	1172	0	0	0	0	0	1.504387
120	1181	0	0	0	2	0	2.530507
121	1188	0	0	0	2	0	2.157413
122	1202	0	0	0	0	0	2.894681
123	1208	0	0	0	2	0	1.353493
124	1217	0	0	0	2	0	1.993989
125	1226	0	0	0	1	0	2.700255
126	1236	0	0	0	1	0	1.561189
127	1243	0	0	0	0	0	1.908708
128	1252	0	0	0	2	0	2.605063
129	1258	0	0	0	0	0	2.307247
130	1277	0	0	0	2	0	2.922716
131	1287	0	0	0	0	0	2.232305
132	1296	0	0	0	0	0	1.224553
133	1303	0	0	0	2	0	1.697773
134	1312	0	0	0	0	0	1.341940
135	1318	0	0	0	1	0	1.937234
136	1331	0	0	0	0	0	2.851202
137	1339	0	0	0	1	0	1.650096
138	1356	0	0	0	0	0	2.576450
139	1363	0	0	0	0	0	1.040132
140	1373	0	0	0	1	0	2.554094
141	1385	0	0	0	0	0	1.375787
142	1392	0	0	0	0	0	2.654735
143	1407	0	0	0	0	0	2.202660
144	1416	0	0	0	2	0	1.260148
145	1425	0	0	0	0	0	2.104227
146	1435	0	0	0	0	0	1.214304
147	1448	0	0	0	1	0	2.985192
148	1453	0	0	0	2	0	1.298571
149	1458	0	0	0	2	0	1.755855
150	1467	0	0	0	0	0	2.861433
151	1479	0	0	0	2	0	2.145811
152	1487	0	0	0	0	0	2.766402
153	1496	0	0	0	0	0	2.617888
154	1501	0	0	0	0	0	2.053761
155	1511	0	0	0	1	0	2.068011
156	1526	0	0	0	1	0	2.360892
157	1535	0	0	0	2	0	1.493594
158	1542	0	0	0	0	0	2.374823
159	1551	0	0	0	0	0	2.609643
160	1561	0	0	0	2	0	1.505301
161	1570	0	0	0	0	0	2.984512
162	1574	0	0	0	0	0	2.279581
163	1585	0	0	0	1	0	1.615062
164	1591	0	0	0	1	0	1.688728
165	1601	0	0	0	0	0	2.842518
166	1606	0	0	0	1	0	2.013667
167	1613	0	0	0	0	0	1.053376
168	1620	0	0	0	1	0	2.611742
169	1634	0	0	0	0	0	2.265214
170	1645	0	0	0	0	0	2.053924
171	1659	0	0	0	0	0	1.531966
172	1670	0	0	0	1	0	1.075127
173	1677	0	0	0	0	0	2.338141
174	1687	0	0	0	1	0	2.523668
175	1702	0	0	0	1	0	1.891855
176	1714	0	0	0	0	0	1.546931
177	1726	0	0	0	1	0	1.703198
178	1738	0	0	0	0	0	2.345848
179	1747	0	0	0	2	0	1.773452
180	1756	0	0	0	0	0	2.741866
181	1764	0	0	0	1	0	1.112523
182	1783	0	0	0	0	0	2.031235
183	1789	0	0	0	1	0	1.264403
184	1800	0	0	0	2	0	2.429915
185	1810	0	0	0	2	0	2.581533
186	1812	0	0	0	1	0	2.787267
187	1822	0	0	0	2	0	2.408010
188	1829	0	0	0	0	0	1.937356
189	1838	0	0	0	0	0	2.750127
190	1850	0	0	0	1	0	2.455967
191	1859	0	0	0	1	0	1.560177
192	1864	0	0	0	0	0	2.047267
193	1869	0	0	0	1	0	1.196821
194	1882	0	0	0	0	0	1.623898
195	1895	0	0	0	1	0	2.017228
196	1903	0	0	0	2	0	2.219328
197	1915	0	0	0	2	0	1.243865
198	1923	0	0	0	0	0	1.144215
199	1936	0	0	0	0	0	1.532119
200	1945	0	0	0	0	0	1.672792
201	1959	0	0	0	2	0	2.620158
202	1973	0	0	0	1	0	2.906184
203	1982	0	0	0	0	0	2.605997
204	1995	0	0	0	0	0	1.057737
205	2001	0	0	0	2	0	1.785073
206	2018	0	0	0	1	0	1.679860
207	2032	0	0	0	0	0	1.289028
208	2043	0	0	0	0	0	1.315775
209	2055	0	0	0	0	0	1.105949
210	2065	0	0	0	0	0	1.433002
211	2073	0	0	0	0	0	2.038801
212	2084	0	0	0	1	0	1.035869
213	2097	0	0	0	1	0	1.455441
214	2109	0	0	0	0	0	1.561920
215	2117	0	0	0	2	0	2.785220
216	2124	0	0	0	0	0	2.706875
217	2139	0	0	0	1	0	1.114152
218	2147	0	0	0	1	0	1.415062
219	2153	0	0	0	1	0	2.546960
220	2160	0	0	0	1	0	2.259973
221	2175	0	0	0	0	0	2.010069
222	2190	0	0	0	2	0	2.357425
223	2199	0	0	0	0	0	2.349307
224	2212	0	0	0	1	0	2.182536
225	2228	0	0	0	0	0	2.481012
226	2237	0	0	0	1	0	2.261961
227	2245	0	0	0	2	0	2.744713
228	2253	0	0	0	1	0	2.173132
229	2264	0	0	0	1	0	2.691434
230	2274	0	0	0	0	0	2.831736
231	2283	0	0	0	0	0	1.266832
232	2290	0	0	0	2	0	1.616878
233	2297	0	0	0	1	0	1.788060
234	2305	0	0	0	2	0	1.386374
235	2316	0	0	0	1	0	2.469558
236	2330	0	0	0	2	0	1.822685
237	2340	0	0	0	0	0	2.125615
238	2346	0	0	0	0	0	1.667375
239	2356	0	0	0	0	0	2.763740
240	2362	0	0	0	1	0	1.520659
241	2370	0	0	0	1	0	2.371135
242	2380	0	0	0	1	0	2.353967
243	2389	0	0	0	1	0	1.505025
244	2399	0	0	0	1	0	2.279751
245	2412	0	0	0	2	0	1.240064
246	2419	0	0	0	2	0	2.171185
247	2429	0	0	0	1	0	2.779989
248	2440	0	0	0	2	0	1.180628
249	2451	0	0	0	1	0	1.788165
250	2459	0	0	0	0	0	2.149558
251	2466	0	0	0	1	0	1.524781
252	2478	0	0	0	1	0	2.923902
253	2483	0	0	0	0	0	1.704347
254	2497	0	0	0	2	0	1.215423
255	2505	0	0	0	0	0	2.639664
256	2516	0	0	0	0	0	1.458084
257	2525	0	0	0	0	0	2.932643
258	2536	0	0	0	0	0	2.808054
259	2548	0	0	0	0	0	2.257450
260	2559	0	0	0	0	0	2.972263
261	2569	0	0	0	0	0	2.784231
262	2575	0	0	0	2	0	1.960185
263	2584	0	0	0	2	0	1.117004
264	2588	0	0	0	2	0	1.042747
265	2597	0	0	0	1	0	2.123790
266	2605	0	0	0	1	0	1.829689
267	2611	0	0	0	0	0	2.983132
268	2616	0	0	0	2	0	2.709732
269	2622	0	0	0	1	0	1.676865
270	2636	0	0	0	0	0	1.648271
271	2646	0	0	0	0	0	1.144609
272	2659	0	0	0	2	0	1.537013
273	2675	0	0	0	1	0	2.179451
274	2686	0	0	0	2	0	1.576948
275	2698	0	0	0	1	0	1.009254
276	2706	0	0	0	1	0	2.716433
277	2715	0	0	0	0	0	1.869670
278	2727	0	0	0	0	0	2.248953
279	2737	0	0	0	0	0	2.034910
280	2747	0	0	0	1	0	2.015707
281	2756	0	0	0	0	0	1.340900
282	2766	0	0	0	0	0	2.535271
283	2772	0	0	0	2	0	1.522721
284	2786	0	0	0	0	0	1.007599
285	2796	0	0	0	2	0	1.205326
286	2802	0	0	0	1	0	1.755568
287	2812	0	0	0	1	0	1.116408
288	2814	0	0	0	2	0	1.220490
289	2823	0	0	0	0	0	1.875868
290	2838	0	0	0	1	0	2.339992
291	2853	0	0	0	2	0	2.585126
292	2862	0	0	0	0	0	2.395499
293	2872	0	0	0	2	0	2.731297
294	2882	0	0	0	0	0	1.709524
295	2888	0	0	0	0	0	1.372927
296	2896	0	0	0	0	0	2.845295
297	2906	0	0	0	0	0	2.956318
298	2921	0	0	0	0	0	1.689127
299	2933	0	0	0	1	0	2.753456
300	2941	0	0	0	2	0	2.826170
301	2950	0	0	0	0	0	2.555539
302	2957	0	0	0	2	0	2.086172
303	2966	0	0	0	0	0	1.955082
304	2975	0	0	0	1	0	1.341721
305	2987	0	0	0	1	0	2.823035
306	3001	0	0	0	0	0	2.408280
307	3016	0	0	0	0	0	1.813888
308	3026	0	0	0	1	0	1.909529
309	3039	0	0	0	1	0	1.944155
310	3047	0	0	0	0	0	2.952677
311	3062	0	0	0	1	0	1.950800
312	3072	0	0	0	1	0	1.279426
313	3083	0	0	0	0	0	2.473824
314	3087	0	0	0	2	0	2.056716
315	3094	0	0	0	2	0	2.035701
316	3106	0	0	0	2	0	2.616103
317	3119	0	0	0	1	0	2.553492
318	3128	0	0	0	1	0	1.964274
319	3138	0	0	0	2	0	1.068941
320	3150	0	0	0	0	0	2.743360
321	3155	0	0	0	0	0	2.327525
322	3166	0	0	0	0	0	1.406559
323	3176	0	0	0	1	0	1.375964
324	3184	0	0	0	2	0	1.967035
325	3192	0	0	0	0	0	1.889296
326	3207	0	0	0	0	0	1.515676
327	3222	0	0	0	1	0	2.691468
328	3229	0	0	0	1	0	1.372991
329	3235	0	0	0	0	0	2.249371
330	3247	0	0	0	0	0	1.074066
331	3255	0	0	0	1	0	1.673246
332	3264	0	0	0	0	0	1.602449
333	3277	0	0	0	0	0	1.947848
334	3286	0	0	0	1	0	1.664526
335	3296	0	0	0	0	0	1.094203
336	3308	0	0	0	2	0	2.059914
337	3316	0	0	0	1	0	1.969940
338	3326	0	0	0	2	0	1.638169
339	3332	0	0	0	0	0	1.974129
340	3340	0	0	0	1	0	1.921976
341	3347	0	0	0	1	0	1.434387
342	3359	0	0	0	0	0	1.462161
343	3365	0	0	0	1	0	2.284724
344	3374	0	0	0	0	0	1.375900
345	3386	0	0	0	2	0	1.792406
346	3390	0	0	0	1	0	2.569942
347	3395	0	0	0	2	0	1.324611
348	3400	0	0	0	1	0	1.609906
349	3410	0	0	0	1	0	2.390100
350	3426	0	0	0	0	0	1.734135
351	3437	0	0	0	1	0	1.385370
352	3449	0	0	0	1	0	2.671331
353	3458	0	0	0	1	0	1.998578
354	3474	0	0	0	1	0	1.743073
355	3484	0	0	0	2	0	2.871852
356	3492	0	0	0	0	0	2.274211
357	3500	0	0	0	0	0	2.465827
358	3518	0	0	0	0	0	1.138167
359	3527	0	0	0	1	0	2.664222
360	3533	0	0	0	2	0	2.293364
361	3545	0	0	0	0	0	2.099659
362	3558	0	0	0	1	0	2.756353
363	3567	0	0	0	2	0	2.865895
364	3577	0	0	0	0	0	1.376134
365	3586	0	0	0	0	0	2.951596
366	3594	0	0	0	1	0	1.686484
367	3601	0	0	0	2	0	2.640712
368	3609	0	0	0	1	0	2.784220
369	3615	0	0	0	0	0	2.755178
370	3634	0	0	0	2	0	1.527714
371	3645	0	0	0	1	0	2.023805
372	3654	0	0	0	2	0	2.677838
373	3661	0	0	0	2	0	1.951974
374	3667	0	0	0	0	0	1.130935
375	3677	0	0	0	0	0	2.590623
376	3683	0	0	0	2	0	1.123442
377	3687	0	0	0	2	0	2.299336
378	3698	0	0	0	0	0	2.442915
379	3708	0	0	0	1	0	2.164085
380	3718	0	0	0	0	0	2.852946
381	3730	0	0	0	1	0	1.243633
382	3743	0	0	0	1	0	1.721516
383	3759	0	0	0	1	0	1.957926
384	3772	0	0	0	2	0	2.951441
385	3783	0	0	0	2	0	1.445134
386	3795	0	0	0	0	0	1.310858
387	3802	0	0	0	2	0	1.822823
388	3809	0	0	0	1	0	2.446857
389	3818	0	0	0	0	0	1.321126
390	3824	0	0	0	1	0	2.109853
391	3833	0	0	0	2	0	2.106401
392	3840	0	0	0	2	0	2.410430
393	3851	0	0	0	2	0	2.778292
394	3865	0	0	0	1	0	1.075883
395	3880	0	0	0	1	0	1.679338
396	3891	0	0	0	1	0	2.540252
397	3897	0	0	0	0	0	2.345110
398	3903	0	0	0	1	0	2.734623
399	3907	0	0	0	0	0	1.493011
400	3918	0	0	0	1	0	2.375453
401	3924	0	0	0	0	0	1.909661
402	3934	0	0	0	2	0	1.119441
403	3945	0	0	0	2	0	1.682631
404	3952	0	0	0	2	0	2.551205
405	3964	0	0	0	0	0	1.856099
406	3972	0	0	0	1	0	1.187935
407	3978	0	0	0	0	0	2.670155
408	3984	0	0	0	0	0	1.602096
409	3991	0	0	0	1	0	1.426672
410	3999	0	0	0	0	0	1.307968
411	4011	0	0	0	1	0	1.098929
412	4018	0	0	0	2	0	1.043190
413	4028	0	0	0	1	0	1.862266
414	4038	0	0	0	1	0	2.514082
415	4049	0	0	0	0	0	2.950082
416	4065	0	0	0	2	0	1.615398
417	4085	0	0	0	0	0	2.820890
418	4092	0	0	0	2	0	1.389378
419	4100	0	0	0	0	0	2.767722
420	4114	0	0	0	0	0	1.277045
421	4125	0	0	0	2	0	2.027201
422	4139	0	0	0	0	0	2.124592
423	4146	0	0	0	2	0	2.979645
424	4160	0	0	0	2	0	2.370654
425	4170	0	0	0	0	0	2.373502
426	4178	0	0	0	1	0	1.667525
427	4186	0	0	0	0	0	1.792977
428	4195	0	0	0	1	0	2.094967
429	4202	0	0	0	2	0	2.308119
430	4205	0	0	0	2	0	2.925444
431	4213	0	0	0	2	0	1.322395
432	4219	0	0	0	2	0	2.408632
433	4228	0	0	0	2	0	2.303596
434	4234	0	0	0	0	0	1.689920
435	4250	0	0	0	1	0	2.118807
436	4261	0	0	0	1	0	2.446357
437	4271	0	0	0	2	0	2.860504
438	4278	0	0	0	0	0	1.031405
439	4291	0	0	0	0	0	1.561153
440	4296	0	0	0	0	0	2.876422
441	4304	0	0	0	0	0	1.285178
442	4316	0	0	0	1	0	2.886351
443	4323	0	0	0	0	0	1.723131
444	4332	0	0	0	1	0	2.657783
445	4337	0	0	0	0	0	1.204390
446	4346	0	0	0	1	0	1.313033
447	4351	0	0	0	2	0	1.599111
448	4365	0	0	0	1	0	1.883514
449	4371	0	0	0	2	0	2.555619
450	4376	0	0	0	0	0	1.383150
451	4388	0	0	0	1	0	2.643150
452	4398	0	0	0	0	0	1.362821
453	4408	0	0	0	2	0	2.666755
454	4422	0	0	0	0	0	2.534596
455	4433	0	0	0	2	0	2.336999
456	4442	0	0	0	1	0	1.447466
457	4451	0	0	0	1	0	2.533521
458	4464	0	0	0	2	0	2.388142
459	4474	0	0	0	0	0	2.106295
460	4484	0	0	0	0	0	2.996100
461	4491	0	0	0	0	0	2.983001
462	4502	0	0	0	1	0	2.389393
463	4517	0	0	0	2	0	2.623907
464	4526	0	0	0	0	0	2.990141
465	4540	0	0	0	1	0	2.178014
466	4549	0	0	0	0	0	1.306332
467	4561	0	0	0	0	0	1.821453
468	4565	0	0	0	1	0	1.583880
469	4570	0	0	0	1	0	2.625018
470	4584	0	0	0	0	0	1.506021
471	4593	0	0	0	0	0	2.103310
472	4601	0	0	0	0	0	2.702064
473	4614	0	0	0	1	0	1.188634
474	4620	0	0	0	0	0	2.286150
475	4627	0	0	0	2	0	1.652397
476	4635	0	0	0	1	0	1.491762
477	4643	0	0	0	0	0	2.117280
478	4650	0	0	0	0	0	2.128061
479	4663	0	0	0	1	0	2.407619
480	4672	0	0	0	1	0	2.511572
481	4679	0	0	0	0	0	2.823072
482	4689	0	0	0	2	0	2.985266
483	4699	0	0	0	2	0	1.360978
484	4713	0	0	0	0	0	1.616960
485	4728	0	0	0	1	0	1.287810
486	4736	0	0	0	0	0	1.710526
487	4749	0	0	0	1	0	1.332574
488	4759	0	0	0	2	0	1.687475
489	4772	0	0	0	0	0	2.163371
490	4776	0	0	0	1	0	1.866556
491	4784	0	0	0	1	0	2.793131
492	4799	0	0	0	0	0	2.926096
493	4810	0	0	0	1	0	1.654844
494	4821	0	0	0	2	0	2.603282
495	4832	0	0	0	1	0	1.761551
496	4845	0	0	0	2	0	2.307664
497	4853	0	0	0	0	0	2.547955
498	4859	0	0	0	1	0	1.303875
499	4870	0	0	0	1	0	1.159305
500	4875	0	0	0	2	0	1.739262
501	4884	0	0	0	0	0	1.549767
502	4896	0	0	0	1	0	1.694130
503	4909	0	0	0	0	0	1.874416
504	4917	0	0	0	0	0	2.279259
505	4925	0	0	0	0	0	2.194808
506	4933	0	0	0	0	0	2.273461
507	4944	0	0	0	0	0	1.006980
508	4952	0	0	0	2	0	1.512645
509	4965	0	0	0	0	0	2.918518
510	4976	0	0	0	2	0	2.632218
511	4983	0	0	0	2	0	2.165317
512	4992	0	0	0	0	0	1.340886
513	5001	0	0	0	2	0	2.144192
514	5013	0	0	0	0	0	2.936212
515	5024	0	0	0	1	0	2.333906
516	5035	0	0	0	2	0	2.625085
517	5043	0	0	0	0	0	2.520275
518	5049	0	0	0	1	0	2.352048
519	5053	0	0	0	0	0	2.807881
520	5066	0	0	0	0	0	1.051142
521	5071	0	0	0	1	0	1.948390
522	5078	0	0	0	2	0	1.292754
523	5088	0	0	0	2	0	1.010331
524	5101	0	0	0	0	0	1.755965
525	5109	0	0	0	1	0	1.132939
526	5120	0	0	0	2	0	1.902803
527	5130	0	0	0	1	0	1.373221
528	5140	0	0	0	1	0	1.092148
529	5155	0	0	0	0	0	1.363460
530	5163	0	0	0	2	0	2.346461
531	5173	0	0	0	2	0	2.780414
532	5180	0	0	0	1	0	1.215086
533	5191	0	0	0	1	0	2.344606
534	5200	0	0	0	1	0	1.043392
535	5215	0	0	0	2	0	2.590701
536	5223	0	0	0	0	0	2.181343
537	5231	0	0	0	1	0	1.088777
538	5241	0	0	0	0	0	1.319984
539	5249	0	0	0	1	0	1.387608
540	5262	0	0	0	0	0	1.210169
541	5269	0	0	0	2	0	2.419885
542	5283	0	0	0	2	0	2.182071
543	5289	0	0	0	0	0	2.837616
544	5297	0	0	0	0	0	1.530709
545	5307	0	0	0	0	0	2.197562
546	5316	0	0	0	0	0	2.172082
547	5329	0	0	0	1	0	1.079354
548	5334	0	0	0	1	0	2.439652
549	5345	0	0	0	0	0	1.605026
550	5359	0	0	0	1	0	2.383355
551	5368	0	0	0	0	0	2.825782
552	5381	0	0	0	0	0	1.880696
553	5394	0	0	0	1	0	1.840851
554	5404	0	0	0	0	0	2.716579
555	5413	0	0	0	2	0	1.263844
556	5421	0	0	0	1	0	1.615586
557	5429	0	0	0	0	0	2.674607
558	5437	0	0	0	1	0	2.814127
559	5446	0	0	0	2	0	2.126295
560	5452	0	0	0	0	0	2.974570
561	5463	0	0	0	2	0	2.705414
562	5472	0	0	0	0	0	1.099240
563	5476	0	0	0	2	0	2.371135
564	5493	0	0	0	1	0	1.865705
565	5511	0	0	0	1	0	1.626341
566	5528	0	0	0	0	0	1.243745
567	5537	0	0	0	0	0	1.899260
568	5545	0	0	0	2	0	1.681662
569	5551	0	0	0	2	0	2.910935
570	5556	0	0	0	0	0	1.974687
571	5568	0	0	0	0	0	1.083088
572	5581	0	0	0	2	0	1.656023
573	5593	0	0	0	1	0	2.875561
574	5602	0	0	0	0	0	2.579321
575	5613	0	0	0	1	0	1.298009
576	5627	0	0	0	2	0	2.229188
577	5640	0	0	0	2	0	2.544940
578	5652	0	0	0	1	0	2.324619
579	5662	0	0	0	1	0	1.007876
580	5669	0	0	0	2	0	1.199739
581	5686	0	0	0	2	0	2.283561
582	5694	0	0	0	1	0	2.085124
583	5711	0	0	0	1	0	1.485125
584	5719	0	0	0	0	0	1.324414
585	5732	0	0	0	2	0	1.319571
586	5752	0	0	0	0	0	1.734441
587	5761	0	0	0	0	0	1.184608
588	5769	0	0	0	2	0	1.344681
589	5779	0	0	0	2	0	2.028786
590	5791	0	0	0	0	0	2.363218
591	5798	0	0	0	0	0	2.322549
592	5806	0	0	0	0	0	1.612192
593	5815	0	0	0	0	0	2.331387
594	5823	0	0	0	1	0	1.851269
595	5834	0	0	0	2	0	1.037544
596	5846	0	0	0	1	0	2.516552
597	5856	0	0	0	0	0	2.532039
598	5862	0	0	0	2	0	1.983265
599	5872	0	0	0	0	0	1.551891
600	5884	0	0	0	0	0	1.148853
601	5898	0	0	0	1	0	1.748837
602	5909	0	0	0	1	0	1.434932
603	5918	0	0	0	1	0	2.863161
604	5931	0	0	0	0	0	1.909085
605	5941	0	0	0	1	0	2.152025
606	5953	0	0	0	2	0	1.889989
607	5965	0	0	0	1	0	2.352166
608	5974	0	0	0	2	0	1.083496
609	5986	0	0	0	1	0	1.408597
610	5996	0	0	0	1	0	1.335345
611	6002	0	0	0	2	0	1.063480
612	6010	0	0	0	2	0	1.876562
613	6019	0	0	0	2	0	2.859715
614	6025	0	0	0	0	0	2.498064
615	6036	0	0	0	1	0	1.116023
616	6049	0	0	0	0	0	1.033163
617	6059	0	0	0	2	0	2.983925
618	6072	0	0	0	0	0	1.152918
619	6081	0	0	0	1	0	1.884820
620	6094	0	0	0	2	0	2.208419
621	6101	0	0	0	1	0	1.486933
622	6112	0	0	0	2	0	1.042910
623	6120	0	0	0	2	0	1.488542
624	6130	0	0	0	0	0	2.155217
625	6137	0	0	0	0	0	1.894204
626	6149	0	0	0	1	0	2.743046
627	6160	0	0	0	2	0	2.218297
628	6164	0	0	0	0	0	1.851994
629	6174	0	0	0	1	0	2.627405
630	6183	0	0	0	0	0	1.096419
631	6190	0	0	0	0	0	1.407890
632	6199	0	0	0	1	0	2.310656
633	6203	0	0	0	2	0	2.239648
634	6214	0	0	0	2	0	1.058027
635	6224	0	0	0	0	0	1.674880
636	6232	0	0	0	2	0	1.242231
637	6246	0	0	0	2	0	2.650069
638	6260	0	0	0	1	0	1.250562
639	6278	0	0	0	0	0	1.127205
640	6287	0	0	0	1	0	2.688594
641	6293	0	0	0	0	0	2.270076
642	6300	0	0	0	1	0	1.935131
643	6305	0	0	0	2	0	2.560320
644	6316	0	0	0	2	0	2.005358
645	6324	0	0	0	0	0	1.768309
646	6334	0	0	0	2	0	1.965195
647	6339	0	0	0	0	0	2.629181
648	6346	0	0	0	2	0	1.744191
649	6352	0	0	0	0	0	1.463142
650	6360	0	0	0	0	0	2.670855
651	6368	0	0	0	1	0	2.575750
652	6376	0	0	0	0	0	1.664758
653	6385	0	0	0	0	0	1.980791
654	6395	0	0	0	1	0	2.012389
655	6405	0	0	0	1	0	2.914770
656	6416	0	0	0	1	0	1.582139
657	6428	0	0	0	1	0	1.757540
658	6430	0	0	0	0	0	2.659271
659	6441	0	0	0	1	0	1.139327
660	6449	0	0	0	0	0	2.825111
661	6459	0	0	0	0	0	1.813043
662	6468	0	0	0	0	0	2.511013
663	6477	0	0	0	1	0	2.229677
664	6489	0	0	0	2	0	2.208683
665	6506	0	0	0	0	0	2.506057
666	6510	0	0	0	1	0	1.796680
667	6517	0	0	0	0	0	2.322783
668	6527	0	0	0	0	0	1.734434
669	6533	0	0	0	2	0	2.282195
670	6544	0	0	0	1	0	2.093271
671	6556	0	0	0	1	0	2.856257
672	6564	0	0	0	2	0	1.841228
673	6570	0	0	0	2	0	1.983316
674	6584	0	0	0	0	0	2.842840
675	6596	0	0	0	2	0	1.425158
676	6605	0	0	0	2	0	2.498578
677	6617	0	0	0	2	0	1.028295
678	6623	0	0	0	2	0	2.643492
679	6633	0	0	0	0	0	2.088358
680	6643	0	0	0	2	0	1.826036
681	6653	0	0	0	0	0	1.527380
682	6662	0	0	0	0	0	2.768141
683	6674	0	0	0	1	0	2.213076
684	6691	0	0	0	1	0	2.842977
685	6702	0	0	0	2	0	1.670233
686	6709	0	0	0	2	0	2.609614
687	6721	0	0	0	0	0	2.243258
688	6730	0	0	0	2	0	1.328705
689	6744	0	0	0	1	0	1.525227
690	6754	0	0	0	0	0	2.972151
691	6765	0	0	0	2	0	1.494586
692	6775	0	0	0	1	0	1.905576
693	6781	0	0	0	0	0	1.716135
694	6791	0	0	0	1	0	2.155938
695	6797	0	0	0	2	0	2.433668
696	6811	0	0	0	0	0	2.055385
697	6817	0	0	0	1	0	1.817766
698	6829	0	0	0	0	0	1.043596
699	6843	0	0	0	1	0	2.467308
700	6853	0	0	0	0	0	1.371097
701	6867	0	0	0	0	0	2.848234
702	6878	0	0	0	0	0	2.754977
703	6885	0	0	0	2	0	1.932552
704	6899	0	0	0	2	0	1.364277
705	6916	0	0	0	2	0	2.892991
706	6926	0	0	0	1	0	2.943852
707	6943	0	0	0	2	0	1.015437
708	6950	0	0	0	0	0	1.136041
709	6956	0	0	0	2	0	2.949157
710	6968	0	0	0	2	0	1.543143
711	6980	0	0	0	0	0	1.744033
712	6995	0	0	0	2	0	2.079209
713	7012	0	0	0	1	0	2.316811
714	7023	0	0	0	1	0	1.669915
715	7037	0	0	0	0	0	1.981498
716	7047	0	0	0	0	0	1.921794
717	7060	0	0	0	1	0	1.100416
718	7071	0	0	0	2	0	2.760621
719	7076	0	0	0	1	0	1.231115
720	7085	0	0	0	0	0	1.037125
721	7094	0	0	0	0	0	2.150801
722	7102	0	0	0	0	0	1.066730
723	7109	0	0	0	1	0	2.690488
724	7119	0	0	0	0	0	1.738209
725	7122	0	0	0	1	0	1.365831
726	7129	0	0	0	0	0	1.007023
727	7139	0	0	0	2	0	1.717169
728	7151	0	0	0	1	0	2.314036
729	7156	0	0	0	2	0	2.841219
730	7168	0	0	0	1	0	2.766026
731	7180	0	0	0	0	0	2.459555
732	7192	0	0	0	1	0	1.770040
733	7205	0	0	0	2	0	2.452458
734	7214	0	0	0	1	0	1.439360
735	7224	0	0	0	2	0	1.095025
736	7229	0	0	0	0	0	1.312444
737	7240	0	0	0	1	0	2.035469
738	7249	0	0	0	2	0	1.279537
739	7256	0	0	0	2	0	1.180689
740	7268	0	0	0	2	0	1.688082
741	7280	0	0	0	1	0	1.344860
742	7296	0	0	0	0	0	2.895055
743	7308	0	0	0	0	0	1.417876
744	7315	0	0	0	2	0	2.230135
745	7323	0	0	0	1	0	2.001745
746	7333	0	0	0	0	0	1.714206
747	7349	0	0	0	0	0	2.289311
748	7361	0	0	0	0	0	1.827476
749	7370	0	0	0	1	0	2.089322
750	7382	0	0	0	2	0	1.305965
751	7396	0	0	0	1	0	1.514529
752	7400	0	0	0	0	0	1.865816
753	7404	0	0	0	2	0	2.426556
754	7418	0	0	0	0	0	2.887237
755	7423	0	0	0	2	0	1.986067
756	7429	0	0	0	1	0	2.088879
757	7445	0	0	0	2	0	1.202695
758	7457	0	0	0	1	0	2.044684
759	7470	0	0	0	1	0	1.928884
760	7475	0	0	0	1	0	2.696511
761	7488	0	0	0	0	0	2.113594
762	7494	0	0	0	1	0	1.639687
763	7503	0	0	0	0	0	2.044829
764	7512	0	0	0	2	0	2.781479
765	7523	0	0	0	0	0	2.288997
766	7533	0	0	0	0	0	2.662408
767	7546	0	0	0	0	0	2.214155
768	7561	0	0	0	2	0	1.979709
769	7579	0	0	0	2	0	2.238606
770	7587	0	0	0	0	0	1.171534
771	7596	0	0	0	1	0	1.466576
772	7604	0	0	0	2	0	1.468592
773	7609	0	0	0	1	0	1.072637
774	7618	0	0	0	0	0	2.696587
775	7627	0	0	0	2	0	1.570576
776	7644	0	0	0	0	0	2.696351
777	7653	0	0	0	1	0	2.788115
778	7660	0	0	0	0	0	1.135182
779	7671	0	0	0	1	0	2.565026
780	7676	0	0	0	0	0	2.166969
781	7689	0	0	0	2	0	2.246976
782	7695	0	0	0	0	0	1.319577
783	7706	0	0	0	1	0	2.250586
784	7713	0	0	0	2	0	2.466560
785	7726	0	0	0	1	0	1.854736
786	7736	0	0	0	0	0	1.401181
787	7745	0	0	0	2	0	2.194774
788	7762	0	0	0	1	0	2.438209
789	7774	0	0	0	2	0	1.176171
790	7780	0	0	0	2	0	1.337544
791	7787	0	0	0	1	0	2.618838
792	7799	0	0	0	0	0	2.133649
793	7810	0	0	0	1	0	2.521662
794	7822	0	0	0	2	0	2.827706
795	7830	0	0	0	1	0	2.833262
796	7842	0	0	0	2	0	1.827327
797	7850	0	0	0	0	0	1.472307
798	7863	0	0	0	2	0	2.982360
799	7877	0	0	0	0	0	1.337193
800	7884	0	0	0	0	0	1.775413
801	7894	0	0	0	2	0	2.468552
802	7908	0	0	0	2	0	1.883188
803	7915	0	0	0	2	0	2.487912
804	7928	0	0	0	2	0	2.355360
805	7938	0	0	0	0	0	1.182121
806	7944	0	0	0	0	0	1.538769
807	7953	0	0	0	1	0	1.121657
808	7963	0	0	0	2	0	1.718899
809	7976	0	0	0	2	0	1.465677
810	7983	0	0	0	0	0	1.927017
811	7992	0	0	0	1	0	2.269887
812	7997	0	0	0	0	0	1.741265
813	8004	0	0	0	2	0	2.660726
814	8012	0	0	0	0	0	2.278857
815	8029	0	0	0	0	0	2.062217
816	8038	0	0	0	0	0	2.865542
817	8045	0	0	0	2	0	1.090013
818	8051	0	0	0	0	0	1.930402
819	8061	0	0	0	2	0	2.824919
820	8072	0	0	0	0	0	1.949736
821	8079	0	0	0	1	0	1.642395
822	8092	0	0	0	2	0	1.521736
823	8104	0	0	0	2	0	2.721408
824	8115	0	0	0	1	0	2.763071
825	8121	0	0	0	0	0	1.474432
826	8124	0	0	0	1	0	2.688754
827	8137	0	0	0	0	0	1.233363
828	8143	0	0	0	0	0	1.580566
829	8153	0	0	0	0	0	1.712723
830	8161	0	0	0	2	0	1.967027
831	8165	0	0	0	0	0	1.118890
832	8175	0	0	0	0	0	2.636865
833	8186	0	0	0	0	0	1.404140
834	8197	0	0	0	2	0	2.908626
835	8206	0	0	0	1	0	2.505683
836	8214	0	0	0	1	0	2.377432
837	8221	0	0	0	0	0	1.062643
838	8231	0	0	0	1	0	2.682972
839	8239	0	0	0	1	0	1.957319
840	8248	0	0	0	2	0	1.351361
841	8263	0	0	0	0	0	1.792115
842	8272	0	0	0	1	0	2.549468
843	8282	0	0	0	0	0	2.364685
844	8289	0	0	0	2	0	2.898493
845	8299	0	0	0	2	0	1.429749
846	8304	0	0	0	1	0	1.020670
847	8314	0	0	0	1	0	1.536799
848	8326	0	0	0	1	0	1.068148
849	8338	0	0	0	0	0	2.545120
850	8344	0	0	0	1	0	1.792633
851	8352	0	0	0	2	0	1.760425
852	8360	0	0	0	1	0	1.090888
853	8372	0	0	0	2	0	2.305762
854	8386	0	0	0	2	0	1.126452
855	8398	0	0	0	1	0	1.316030
856	8407	0	0	0	1	0	1.348929
857	8421	0	0	0	1	0	2.913902
858	8433	0	0	0	1	0	2.244312
859	8442	0	0	0	2	0	1.920725
860	8452	0	0	0	1	0	2.655864
861	8461	0	0	0	0	0	1.416755
862	8472	0	0	0	1	0	2.322289
863	8483	0	0	0	2	0	1.009331
864	8489	0	0	0	0	0	1.882021
865	8498	0	0	0	1	0	2.848984
866	8507	0	0	0	0	0	1.415905
867	8519	0	0	0	1	0	2.960216
868	8531	0	0	0	2	0	1.544558
869	8538	0	0	0	1	0	2.851905
870	8551	0	0	0	0	0	1.839574
871	8560	0	0	0	0	0	2.858928
872	8572	0	0	0	1	0	2.702079
873	8585	0	0	0	0	0	2.918496
874	8590	0	0	0	1	0	2.872863
875	8601	0	0	0	0	0	2.463674
876	8608	0	0	0	1	0	2.120677
877	8617	0	0	0	1	0	1.864543
878	8624	0	0	0	1	0	2.232069
879	8640	0	0	0	0	0	1.291403
880	8647	0	0	0	1	0	2.587665
881	8661	0	0	0	2	0	2.913490
882	8667	0	0	0	0	0	1.029300
883	8677	0	0	0	0	0	1.025985
884	8686	0	0	0	1	0	2.209306
885	8694	0	0	0	1	0	2.705716
886	8706	0	0	0	1	0	2.831243
887	8717	0	0	0	2	0	2.934817
888	8727	0	0	0	1	0	2.930341
889	8730	0	0	0	2	0	2.062125
890	8736	0	0	0	1	0	1.250896
891	8745	0	0	0	0	0	2.152517
892	8752	0	0	0	0	0	1.183744
893	8762	0	0	0	1	0	1.666864
894	8772	0	0	0	0	0	1.611208
895	8779	0	0	0	1	0	1.898797
896	8790	0	0	0	2	0	2.378616
897	8798	0	0	0	1	0	1.466569
898	8807	0	0	0	0	0	1.122872
899	8813	0	0	0	2	0	1.892084
900	8822	0	0	0	1	0	1.626110
901	8838	0	0	0	1	0	1.164523
902	8849	0	0	0	0	0	2.366253
903	8858	0	0	0	0	0	2.933377
904	8866	0	0	0	1	0	2.784391
905	8870	0	0	0	1	0	1.792158
906	8880	0	0	0	2	0	1.420353
907	8885	0	0	0	0	0	2.789652
908	8900	0	0	0	1	0	2.764599
909	8906	0	0	0	0	0	2.577261
910	8921	0	0	0	0	0	2.519043
911	8936	0	0	0	1	0	2.177608
912	8941	0	0	0	0	0	1.466448
913	8946	0	0	0	2	0	2.414861
914	8958	0	0	0	2	0	1.048834
915	8966	0	0	0	0	0	2.577672
916	8979	0	0	0	1	0	2.707091
917	8991	0	0	0	1	0	1.268335
918	9006	0	0	0	1	0	2.196220
919	9022	0	0	0	1	0	1.421087
920	9032	0	0	0	2	0	2.005062
921	9043	0	0	0	1	0	2.199040
922	9054	0	0	0	2	0	1.155538
923	9063	0	0	0	0	0	1.058301
924	9073	0	0	0	0	0	2.574192
925	9084	0	0	0	2	0	2.314420
926	9102	0	0	0	2	0	1.177780
927	9111	0	0	0	1	0	2.542890
928	9119	0	0	0	2	0	2.876317
929	9128	0	0	0	0	0	2.300934
930	9135	0	0	0	0	0	1.708823
931	9143	0	0	0	2	0	1.726096
932	9154	0	0	0	0	0	2.517275
933	9164	0	0	0	1	0	1.448612
934	9175	0	0	0	2	0	2.453487
935	9184	0	0	0	1	0	1.316288
936	9192	0	0	0	0	0	2.829174
937	9206	0	0	0	2	0	1.412498
938	9212	0	0	0	1	0	2.855911
939	9216	0	0	0	1	0	2.924013
940	9221	0	0	0	0	0	1.194064
941	9231	0	0	0	2	0	1.185106
942	9240	0	0	0	2	0	2.074749
943	9248	0	0	0	1	0	2.329440
944	9258	0	0	0	0	0	1.364040
945	9275	0	0	0	2	0	1.227383
946	9286	0	0	0	0	0	1.497142
947	9291	0	0	0	1	0	1.880407
948	9297	0	0	0	1	0	2.645514
949	9308	0	0	0	2	0	2.988682
950	9316	0	0	0	0	0	1.331000
951	9323	0	0	0	1	0	2.677528
952	9325	0	0	0	2	0	2.227307
953	9331	0	0	0	1	0	2.135875
954	9346	0	0	0	1	0	2.461533
955	9357	0	0	0	0	0	2.778472
956	9361	0	0	0	1	0	2.401114
957	9369	0	0	0	1	0	1.507239
958	9377	0	0	0	1	0	1.639735
959	9387	0	0	0	2	0	2.674922
960	9393	0	0	0	2	0	1.913732
961	9406	0	0	0	2	0	2.064988
962	9415	0	0	0	2	0	1.854786
963	9427	0	0	0	1	0	2.800402
964	9434	0	0	0	2	0	1.350446
965	9443	0	0	0	0	0	2.958407
966	9450	0	0	0	2	0	1.940571
967	9457	0	0	0	1	0	2.126112
968	9472	0	0	0	1	0	1.927528
969	9479	0	0	0	0	0	1.200730
970	9492	0	0	0	1	0	1.869731
971	9500	0	0	0	2	0	2.128593
972	9509	0	0	0	2	0	2.162425
973	9524	0	0	0	0	0	1.045974
974	9530	0	0	0	2	0	2.108680
975	9543	0	0	0	2	0	1.714585
976	9550	0	0	0	0	0	2.091071
977	9560	0	0	0	0	0	1.735280
978	9576	0	0	0	0	0	1.527619
979	9590	0	0	0	1	0	1.113602
980	9601	0	0	0	2	0	2.481911
981	9610	0	0	0	2	0	1.963546
982	9618	0	0	0	1	0	1.236035
983	9628	0	0	0	0	0	1.526684
984	9638	0	0	0	1	0	1.971370
985	9650	0	0	0	0	0	2.031623
986	9658	0	0	0	1	0	1.485918
987	9666	0	0	0	2	0	1.735368
988	9680	0	0	0	2	0	1.287211
989	9686	0	0	0	2	0	2.781185
990	9697	0	0	0	0	0	1.892209
991	9710	0	0	0	2	0	1.534017
992	9723	0	0	0	1	0	2.771595
993	9739	0	0	0	0	0	2.459731
994	9748	0	0	0	0	0	2.398825
995	9760	0	0	0	2	0	2.939325
996	9770	0	0	0	0	0	2.039637
997	9786	0	0	0	2	0	2.640331
998	9800	0	0	0	0	0	1.867520
999	9809	0	0	0	0	0	2.648732
