0	1	0	0	0	0	0	1.953365
1	16	0	0	0	1	0	2.725592
2	30	0	0	0	2	0	2.149703
3	41	0	0	0	0	0	2.224032
4	45	0	0	0	1	0	2.266930
5	58	0	0	0	0	0	1.971552
6	67	0	0	0	1	0	1.365543
7	74	0	0	0	2	0	2.045982
8	84	0	0	0	2	0	1.752868
9	96	0	0	0	1	0	1.626372
10	105	0	0	0	2	0	1.976880
11	120	0	0	0	1	0	2.911675
12	132	0	0	0	0	0	1.272425
13	140	0	0	0	1	0	1.919429
14	151	0	0	0	0	0	2.768323
15	154	0	0	0	1	0	1.469045
16	167	0	0	0	2	0	2.649386
17	180	0	0	0	2	0	2.922116
18	189	0	0	0	2	0	1.182091
19	199	0	0	0	0	0	1.015090
20	209	0	0	0	1	0	2.044542
21	225	0	0	0	2	0	1.353824
22	237	0	0	0	1	0	2.042732
23	251	0	0	0	2	0	1.097461
24	263	0	0	0	2	0	1.569107
25	273	0	0	0	1	0	2.874593
26	284	0	0	0	1	0	1.750306
27	300	0	0	0	1	0	2.613094
28	307	0	0	0	0	0	1.765888
29	317	0	0	0	0	0	2.586622
30	324	0	0	0	0	0	1.997090
31	335	0	0	0	2	0	2.950657
32	344	0	0	0	0	0	1.172915
33	354	0	0	0	2	0	1.813567
34	363	0	0	0	0	0	2.096645
35	371	0	0	0	0	0	1.289078
36	383	0	0	0	0	0	2.362418
37	394	0	0	0	1	0	1.682209
38	407	0	0	0	1	0	2.294431
39	420	0	0	0	1	0	2.951953
40	427	0	0	0	1	0	2.281147
41	435	0	0	0	0	0	1.258893
42	451	0	0	0	0	0	1.796864
43	456	0	0	0	2	0	2.167488
44	469	0	0	0	1	0	1.290191
45	477	0	0	0	2	0	2.933298
46	482	0	0	0	0	0	1.565853
47	487	0	0	0	2	0	2.837243
48	496	0	0	0	1	0	2.669585
49	513	0	0	0	2	0	1.244967
50	528	0	0	0	2	0	2.578481
51	534	0	0	0	1	0	1.714669
52	541	0	0	0	0	0	1.007355
53	555	0	0	0	0	0	1.499270
54	570	0	0	0	1	0	1.287875
55	574	0	0	0	2	0	2.942279
56	592	0	0	0	0	0	2.337073
57	606	0	0	0	0	0	2.222564
58	621	0	0	0	0	0	2.211845
59	630	0	0	0	0	0	1.070806
60	640	0	0	0	0	0	2.386068
61	649	0	0	0	2	0	1.154721
62	660	0	0	0	0	0	1.327420
63	672	0	0	0	1	0	1.077083
64	680	0	0	0	0	0	1.217276
65	687	0	0	0	2	0	2.844643
66	698	0	0	0	1	0	2.248263
67	704	0	0	0	0	0	2.790554
68	713	0	0	0	1	0	1.153724
69	717	0	0	0	2	0	2.632204
70	729	0	0	0	0	0	1.177947
71	737	0	0	0	2	0	2.072101
72	752	0	0	0	0	0	1.573559
73	764	0	0	0	0	0	2.479184
74	780	0	0	0	0	0	1.956464
75	787	0	0	0	1	0	2.295591
76	795	0	0	0	1	0	1.429862
77	803	0	0	0	2	0	1.925130
78	807	0	0	0	1	0	1.618639
79	811	0	0	0	1	0	2.179974
80	823	0	0	0	1	0	1.854101
81	829	0	0	0	2	0	2.219503
82	837	0	0	0	2	0	1.990848
83	848	0	0	0	0	0	1.175491
84	862	0	0	0	0	0	2.272702
85	870	0	0	0	2	0	1.570356
86	876	0	0	0	1	0	1.010732
87	884	0	0	0	1	0	1.930902
88	896	0	0	0	1	0	1.553429
89	905	0	0	0	1	0	1.090160
90	915	0	0	0	2	0	2.611900
91	925	0	0	0	2	0	1.504717
92	934	0	0	0	0	0	1.923332
93	946	0	0	0	2	0	2.195165
94	956	0	0	0	2	0	2.397299
95	965	0	0	0	2	0	2.747010
96	977	0	0	0	2	0	1.088941
97	988	0	0	0	0	0	2.671355
98	998	0	0	0	1	0	1.284807
99	1009	0	0	0	1	0	1.083019
100	1023	0	0	0	0	0	1.698198
101	1030	0	0	0	2	0	1.308288
102	1035	0	0	0	2	0	2.985393
103	1052	0	0	0	0	0	1.303071
104	1055	0	0	0	0	0	1.740505
105	1067	0	0	0	0	0	1.254160
106	1075	0	0	0	2	0	1.139627
107	1086	0	0	0	1	0	1.826768
108	1097	0	0	0	0	0	2.240713
109	1104	0	0	0	2	0	1.000101
110	1115	0	0	0	0	0	1.284907
111	1124	0	0	0	2	0	1.949231
112	1136	0	0	0	0	0	2.212576
113	1150	0	0	0	2	0	1.065792
114	1157	0	0	0	2	0	2.684367
115	1169	0	0	0	2	0	2.341006
116	1181	0	0	0	1	0	2.606063
117	1191	0	0	0	2	0	1.490271
118	1202	0	0	0	0	0	1.924531
119	1211	0	0	0	2	0	2.462273
120	1227	0	0	0	1	0	1.193658
121	1234	0	0	0	0	0	1.730584
122	1246	0	0	0	1	0	2.577769
123	1256	0	0	0	2	0	2.658545
124	1264	0	0	0	2	0	1.168075
125	1270	0	0	0	1	0	1.503659
126	1281	0	0	0	1	0	1.412307
127	1294	0	0	0	1	0	2.982959
128	1303	0	0	0	1	0	1.886971
129	1315	0	0	0	2	0	2.409148
130	1330	0	0	0	2	0	2.632510
131	1341	0	0	0	2	0	1.255255
132	1348	0	0	0	2	0	2.585672
133	1358	0	0	0	0	0	2.609152
134	1369	0	0	0	1	0	1.628767
135	1376	0	0	0	0	0	2.385023
136	1385	0	0	0	1	0	1.132078
137	1392	0	0	0	0	0	2.009560
138	1399	0	0	0	2	0	1.844238
139	1412	0	0	0	1	0	1.876824
140	1424	0	0	0	1	0	2.107419
141	1438	0	0	0	1	0	2.820930
142	1450	0	0	0	0	0	2.966588
143	1463	0	0	0	1	0	1.756968
144	1477	0	0	0	0	0	1.257863
145	1485	0	0	0	0	0	1.153640
146	1495	0	0	0	2	0	2.785305
147	1511	0	0	0	0	0	1.758920
148	1520	0	0	0	0	0	2.564756
149	1531	0	0	0	2	0	2.127344
150	1542	0	0	0	0	0	1.908958
151	1554	0	0	0	0	0	2.103254
152	1561	0	0	0	0	0	1.440817
153	1568	0	0	0	0	0	1.499416
154	1579	0	0	0	2	0	1.937597
155	1585	0	0	0	2	0	2.923433
156	1591	0	0	0	0	0	2.960585
157	1599	0	0	0	2	0	2.461358
158	1609	0	0	0	1	0	1.408714
159	1617	0	0	0	1	0	2.689621
160	1629	0	0	0	1	0	1.713229
161	1637	0	0	0	0	0	2.112046
162	1652	0	0	0	1	0	2.141329
163	1665	0	0	0	1	0	1.386749
164	1678	0	0	0	0	0	1.457458
165	1688	0	0	0	1	0	2.982223
166	1697	0	0	0	0	0	1.346067
167	1703	0	0	0	0	0	2.681068
168	1715	0	0	0	0	0	1.996786
169	1725	0	0	0	0	0	2.137458
170	1732	0	0	0	1	0	1.979910
171	1743	0	0	0	0	0	2.631560
172	1754	0	0	0	1	0	1.913338
173	1762	0	0	0	2	0	1.791833
174	1770	0	0	0	2	0	1.024011
175	1779	0	0	0	0	0	1.867735
176	1782	0	0	0	2	0	2.476647
177	1790	0	0	0	1	0	2.636049
178	1795	0	0	0	0	0	1.104862
179	1804	0	0	0	2	0	1.447842
180	1818	0	0	0	1	0	2.792333
181	1834	0	0	0	2	0	2.047292
182	1844	0	0	0	1	0	2.315974
183	1853	0	0	0	1	0	2.039196
184	1860	0	0	0	2	0	1.716374
185	1874	0	0	0	0	0	2.285105
186	1879	0	0	0	0	0	1.668821
187	1887	0	0	0	0	0	1.828108
188	1901	0	0	0	2	0	2.224324
189	1915	0	0	0	0	0	1.266182
190	1927	0	0	0	1	0	2.643305
191	1936	0	0	0	2	0	1.068920
192	1944	0	0	0	0	0	1.655074
193	1958	0	0	0	1	0	1.543096
194	1968	0	0	0	1	0	1.119735
195	1981	0	0	0	2	0	2.842448
196	1991	0	0	0	1	0	2.693459
197	2002	0	0	0	2	0	1.018835
198	2012	0	0	0	0	0	1.499643
199	2020	0	0	0	0	0	1.132670
200	2028	0	0	0	2	0	1.055373
201	2034	0	0	0	2	0	2.247663
202	2046	0	0	0	1	0	2.341100
203	2064	0	0	0	2	0	2.249021
204	2076	0	0	0	0	0	2.763260
205	2080	0	0	0	0	0	1.907827
206	2093	0	0	0	1	0	2.550459
207	2098	0	0	0	2	0	2.167800
208	2107	0	0	0	0	0	2.395901
209	2116	0	0	0	0	0	1.339622
210	2123	0	0	0	1	0	1.446805
211	2127	0	0	0	1	0	2.509784
212	2136	0	0	0	0	0	1.575849
213	2149	0	0	0	2	0	1.960977
214	2159	0	0	0	1	0	2.704362
215	2161	0	0	0	1	0	2.522379
216	2168	0	0	0	1	0	2.700132
217	2179	0	0	0	1	0	1.906443
218	2188	0	0	0	0	0	2.969420
219	2193	0	0	0	1	0	1.113387
220	2205	0	0	0	0	0	2.604526
221	2213	0	0	0	1	0	1.086142
222	2223	0	0	0	1	0	2.627156
223	2235	0	0	0	2	0	1.882641
224	2243	0	0	0	0	0	1.395693
225	2257	0	0	0	2	0	1.286046
226	2267	0	0	0	2	0	1.396150
227	2276	0	0	0	2	0	1.419462
228	2284	0	0	0	0	0	1.374817
229	2299	0	0	0	1	0	1.761857
230	2309	0	0	0	0	0	2.713254
231	2323	0	0	0	0	0	2.284380
232	2328	0	0	0	2	0	1.722897
233	2337	0	0	0	1	0	2.369907
234	2346	0	0	0	0	0	1.474429
235	2356	0	0	0	0	0	2.799724
236	2365	0	0	0	1	0	1.253619
237	2372	0	0	0	0	0	2.386573
238	2385	0	0	0	0	0	1.366386
239	2398	0	0	0	0	0	1.588959
240	2404	0	0	0	0	0	1.393912
241	2407	0	0	0	0	0	1.228052
242	2416	0	0	0	0	0	2.601162
243	2433	0	0	0	0	0	2.089091
244	2445	0	0	0	0	0	2.652817
245	2458	0	0	0	0	0	1.996700
246	2465	0	0	0	0	0	1.643119
247	2474	0	0	0	2	0	1.292207
248	2479	0	0	0	1	0	1.850406
249	2494	0	0	0	0	0	1.287138
250	2500	0	0	0	0	0	1.715789
251	2504	0	0	0	1	0	2.740886
252	2513	0	0	0	0	0	2.448570
253	2526	0	0	0	1	0	2.465997
254	2537	0	0	0	1	0	1.675808
255	2551	0	0	0	0	0	2.473697
256	2557	0	0	0	1	0	1.145708
257	2572	0	0	0	2	0	2.087991
258	2578	0	0	0	0	0	1.720010
259	2585	0	0	0	0	0	2.416580
260	2596	0	0	0	0	0	2.939558
261	2608	0	0	0	1	0	1.002199
262	2619	0	0	0	2	0	1.888881
263	2629	0	0	0	0	0	2.322504
264	2638	0	0	0	1	0	1.672973
265	2648	0	0	0	2	0	2.414717
266	2658	0	0	0	0	0	2.347462
267	2672	0	0	0	0	0	1.724825
268	2682	0	0	0	2	0	1.933381
269	2695	0	0	0	0	0	1.339515
270	2706	0	0	0	0	0	2.532187
271	2717	0	0	0	0	0	1.905308
272	2731	0	0	0	0	0	1.686930
273	2737	0	0	0	0	0	1.478216
274	2745	0	0	0	0	0	2.368257
275	2758	0	0	0	2	0	2.009868
276	2773	0	0	0	1	0	1.399751
277	2786	0	0	0	1	0	1.181023
278	2796	0	0	0	2	0	1.645892
279	2802	0	0	0	0	0	1.644763
280	2820	0	0	0	1	0	1.464775
281	2828	0	0	0	0	0	1.821716
282	2834	0	0	0	0	0	2.456472
283	2846	0	0	0	0	0	2.817613
284	2855	0	0	0	1	0	2.371136
285	2865	0	0	0	1	0	1.792849
286	2870	0	0	0	1	0	2.556449
287	2881	0	0	0	2	0	2.807643
288	2893	0	0	0	2	0	1.634422
289	2901	0	0	0	2	0	1.756798
290	2909	0	0	0	0	0	2.591349
291	2918	0	0	0	2	0	2.077633
292	2927	0	0	0	1	0	2.217849
293	2938	0	0	0	1	0	1.900879
294	2951	0	0	0	0	0	2.449225
295	2963	0	0	0	1	0	2.535862
296	2970	0	0	0	1	0	1.575506
297	2983	0	0	0	0	0	2.915620
298	2990	0	0	0	2	0	1.281027
299	2998	0	0	0	0	0	1.605109
300	3008	0	0	0	0	0	2.227382
301	3023	0	0	0	2	0	2.680031
302	3039	0	0	0	0	0	1.868365
303	3054	0	0	0	1	0	2.479314
304	3060	0	0	0	1	0	2.991094
305	3078	0	0	0	1	0	2.771962
306	3088	0	0	0	1	0	2.831787
307	3102	0	0	0	1	0	1.570319
308	3114	0	0	0	0	0	1.168582
309	3123	0	0	0	1	0	2.272469
310	3136	0	0	0	2	0	1.526743
311	3144	0	0	0	2	0	1.396177
312	3153	0	0	0	2	0	2.702490
313	3161	0	0	0	2	0	2.902152
314	3173	0	0	0	1	0	1.812778
315	3186	0	0	0	1	0	2.805503
316	3194	0	0	0	2	0	2.673177
317	3199	0	0	0	1	0	2.972248
318	3206	0	0	0	1	0	1.510359
319	3219	0	0	0	0	0	2.921933
320	3237	0	0	0	1	0	1.963767
321	3243	0	0	0	2	0	2.227211
322	3246	0	0	0	0	0	2.789896
323	3256	0	0	0	2	0	2.869674
324	3263	0	0	0	0	0	1.367421
325	3272	0	0	0	0	0	1.732364
326	3279	0	0	0	0	0	1.500364
327	3286	0	0	0	1	0	1.246928
328	3300	0	0	0	0	0	2.887675
329	3310	0	0	0	0	0	2.703633
330	3319	0	0	0	0	0	1.299911
331	3324	0	0	0	0	0	1.903890
332	3338	0	0	0	2	0	2.195602
333	3347	0	0	0	0	0	1.043412
334	3352	0	0	0	1	0	1.926632
335	3363	0	0	0	1	0	2.836357
336	3372	0	0	0	0	0	1.544548
337	3385	0	0	0	1	0	1.882992
338	3393	0	0	0	0	0	2.422009
339	3402	0	0	0	1	0	1.330180
340	3415	0	0	0	0	0	1.879975
341	3431	0	0	0	2	0	2.598136
342	3444	0	0	0	0	0	1.880841
343	3454	0	0	0	0	0	1.430580
344	3465	0	0	0	0	0	1.149504
345	3476	0	0	0	1	0	1.850393
346	3488	0	0	0	2	0	1.338748
347	3511	0	0	0	2	0	1.287748
348	3523	0	0	0	0	0	1.669640
349	3533	0	0	0	1	0	2.994783
350	3544	0	0	0	1	0	1.185112
351	3549	0	0	0	2	0	1.204392
352	3560	0	0	0	2	0	2.279836
353	3576	0	0	0	1	0	2.201338
354	3582	0	0	0	1	0	2.838573
355	3594	0	0	0	0	0	2.558963
356	3603	0	0	0	1	0	2.094869
357	3615	0	0	0	0	0	1.946658
358	3622	0	0	0	0	0	2.361255
359	3635	0	0	0	0	0	1.226337
360	3640	0	0	0	0	0	2.245536
361	3647	0	0	0	1	0	1.718763
362	3654	0	0	0	1	0	2.549907
363	3661	0	0	0	0	0	1.934571
364	3668	0	0	0	1	0	1.916167
365	3677	0	0	0	2	0	1.421327
366	3686	0	0	0	1	0	2.286407
367	3700	0	0	0	1	0	1.055954
368	3714	0	0	0	1	0	2.612962
369	3722	0	0	0	1	0	2.379439
370	3727	0	0	0	2	0	2.685564
371	3736	0	0	0	1	0	2.411312
372	3743	0	0	0	0	0	1.154820
373	3747	0	0	0	2	0	1.796927
374	3758	0	0	0	0	0	2.768215
375	3765	0	0	0	1	0	2.218186
376	3770	0	0	0	1	0	2.997235
377	3785	0	0	0	1	0	1.444110
378	3793	0	0	0	0	0	1.846558
379	3803	0	0	0	0	0	2.874218
380	3810	0	0	0	1	0	2.521876
381	3819	0	0	0	2	0	2.974641
382	3831	0	0	0	0	0	2.436908
383	3845	0	0	0	0	0	2.188510
384	3860	0	0	0	2	0	1.430787
385	3871	0	0	0	2	0	2.002311
386	3878	0	0	0	2	0	1.462045
387	3891	0	0	0	1	0	2.904859
388	3901	0	0	0	2	0	1.277410
389	3911	0	0	0	1	0	1.940954
390	3922	0	0	0	2	0	1.121828
391	3932	0	0	0	2	0	2.065568
392	3942	0	0	0	2	0	1.490936
393	3950	0	0	0	0	0	2.947840
394	3957	0	0	0	0	0	1.370851
395	3968	0	0	0	0	0	1.676137
396	3980	0	0	0	1	0	2.285023
397	3987	0	0	0	2	0	2.483918
398	3996	0	0	0	1	0	2.328774
399	3999	0	0	0	1	0	1.432555
400	4005	0	0	0	1	0	1.174698
401	4015	0	0	0	2	0	1.240768
402	4029	0	0	0	0	0	1.042076
403	4044	0	0	0	1	0	2.733442
404	4052	0	0	0	0	0	1.111793
405	4058	0	0	0	1	0	1.945344
406	4069	0	0	0	2	0	2.452280
407	4078	0	0	0	1	0	2.629838
408	4090	0	0	0	1	0	2.922128
409	4100	0	0	0	0	0	2.175707
410	4106	0	0	0	2	0	2.264793
411	4111	0	0	0	1	0	2.711262
412	4124	0	0	0	1	0	1.489757
413	4138	0	0	0	2	0	2.037183
414	4150	0	0	0	2	0	1.542051
415	4160	0	0	0	0	0	2.435148
416	4164	0	0	0	1	0	1.718784
417	4168	0	0	0	0	0	1.855006
418	4178	0	0	0	1	0	2.748671
419	4190	0	0	0	0	0	2.677190
420	4195	0	0	0	2	0	2.581517
421	4200	0	0	0	1	0	2.583481
422	4213	0	0	0	1	0	1.748649
423	4224	0	0	0	1	0	2.567957
424	4229	0	0	0	0	0	2.989247
425	4237	0	0	0	0	0	1.383369
426	4244	0	0	0	1	0	2.426460
427	4251	0	0	0	0	0	1.403545
428	4257	0	0	0	0	0	1.798540
429	4265	0	0	0	1	0	2.940220
430	4274	0	0	0	1	0	1.261140
431	4278	0	0	0	1	0	2.935998
432	4285	0	0	0	2	0	2.205562
433	4294	0	0	0	2	0	1.111908
434	4303	0	0	0	0	0	1.388477
435	4316	0	0	0	0	0	1.147063
436	4332	0	0	0	0	0	1.333008
437	4348	0	0	0	1	0	1.398594
438	4359	0	0	0	2	0	2.973658
439	4371	0	0	0	2	0	1.980329
440	4387	0	0	0	0	0	1.594314
441	4396	0	0	0	2	0	1.080405
442	4404	0	0	0	1	0	2.149865
443	4419	0	0	0	2	0	1.292450
444	4429	0	0	0	1	0	1.545343
445	4439	0	0	0	2	0	1.450595
446	4447	0	0	0	1	0	2.443355
447	4455	0	0	0	0	0	1.242406
448	4464	0	0	0	2	0	2.702754
449	4479	0	0	0	0	0	2.573070
450	4489	0	0	0	0	0	2.530544
451	4497	0	0	0	1	0	2.156693
452	4504	0	0	0	0	0	1.034999
453	4516	0	0	0	2	0	1.914109
454	4527	0	0	0	1	0	2.361981
455	4535	0	0	0	0	0	2.367862
456	4544	0	0	0	2	0	2.315121
457	4553	0	0	0	0	0	1.630218
458	4561	0	0	0	2	0	2.716698
459	4572	0	0	0	0	0	2.373100
460	4580	0	0	0	2	0	2.539646
461	4591	0	0	0	0	0	1.477473
462	4602	0	0	0	2	0	1.122580
463	4609	0	0	0	2	0	2.680530
464	4615	0	0	0	0	0	2.263230
465	4625	0	0	0	0	0	2.259156
466	4631	0	0	0	1	0	2.815373
467	4642	0	0	0	0	0	2.264888
468	4649	0	0	0	1	0	1.006294
469	4659	0	0	0	2	0	1.013252
470	4670	0	0	0	2	0	1.266089
471	4677	0	0	0	0	0	2.359120
472	4686	0	0	0	1	0	2.372750
473	4695	0	0	0	2	0	2.456843
474	4709	0	0	0	1	0	2.903850
475	4724	0	0	0	0	0	2.259113
476	4734	0	0	0	2	0	2.973228
477	4750	0	0	0	1	0	2.489549
478	4758	0	0	0	2	0	1.050483
479	4772	0	0	0	0	0	2.358782
480	4776	0	0	0	0	0	1.987517
481	4784	0	0	0	1	0	1.467232
482	4799	0	0	0	0	0	1.954619
483	4807	0	0	0	0	0	1.484677
484	4821	0	0	0	2	0	2.971515
485	4828	0	0	0	2	0	1.777114
486	4844	0	0	0	1	0	1.269336
487	4857	0	0	0	1	0	2.763302
488	4864	0	0	0	1	0	2.889230
489	4873	0	0	0	1	0	1.363818
490	4885	0	0	0	2	0	1.560165
491	4895	0	0	0	1	0	1.017918
492	4899	0	0	0	1	0	2.214550
493	4913	0	0	0	1	0	1.272640
494	4918	0	0	0	1	0	1.872719
495	4932	0	0	0	2	0	1.278017
496	4939	0	0	0	2	0	2.747689
497	4946	0	0	0	0	0	2.097110
498	4956	0	0	0	1	0	2.591165
499	4968	0	0	0	1	0	2.236151
500	4977	0	0	0	1	0	1.045318
501	4988	0	0	0	0	0	1.284756
502	5004	0	0	0	1	0	2.313585
503	5012	0	0	0	1	0	1.504555
504	5020	0	0	0	1	0	2.314511
505	5027	0	0	0	1	0	2.647302
506	5034	0	0	0	0	0	1.762040
507	5044	0	0	0	0	0	1.631954
508	5052	0	0	0	1	0	1.746593
509	5061	0	0	0	1	0	2.156440
510	5071	0	0	0	0	0	2.220276
511	5084	0	0	0	2	0	2.925620
512	5100	0	0	0	0	0	2.739702
513	5108	0	0	0	2	0	2.617142
514	5122	0	0	0	1	0	1.042616
515	5131	0	0	0	1	0	1.987640
516	5138	0	0	0	2	0	2.229327
517	5147	0	0	0	0	0	2.037013
518	5157	0	0	0	1	0	1.174000
519	5164	0	0	0	1	0	1.529519
520	5171	0	0	0	2	0	1.467387
521	5180	0	0	0	2	0	1.547770
522	5190	0	0	0	2	0	1.788585
523	5201	0	0	0	0	0	1.404384
524	5214	0	0	0	0	0	2.667804
525	5222	0	0	0	1	0	2.451567
526	5238	0	0	0	0	0	1.033688
527	5248	0	0	0	0	0	2.161858
528	5265	0	0	0	1	0	2.933185
529	5274	0	0	0	0	0	2.938835
530	5281	0	0	0	0	0	1.414960
531	5290	0	0	0	1	0	2.406876
532	5306	0	0	0	0	0	2.199339
533	5314	0	0	0	0	0	2.105934
534	5320	0	0	0	2	0	2.631216
535	5328	0	0	0	0	0	1.089696
536	5335	0	0	0	1	0	1.128676
537	5343	0	0	0	1	0	1.510195
538	5352	0	0	0	1	0	2.866209
539	5358	0	0	0	0	0	1.943309
540	5369	0	0	0	0	0	1.897936
541	5378	0	0	0	0	0	1.950367
542	5389	0	0	0	1	0	2.026219
543	5394	0	0	0	1	0	1.865197
544	5407	0	0	0	1	0	1.084441
545	5412	0	0	0	2	0	1.726569
546	5422	0	0	0	1	0	2.779221
547	5430	0	0	0	1	0	1.471723
548	5443	0	0	0	0	0	2.841089
549	5449	0	0	0	2	0	1.061318
550	5460	0	0	0	0	0	2.661931
551	5470	0	0	0	2	0	2.110313
552	5486	0	0	0	1	0	1.954237
553	5498	0	0	0	0	0	2.982286
554	5508	0	0	0	0	0	1.598844
555	5522	0	0	0	2	0	1.471716
556	5530	0	0	0	1	0	2.052469
557	5540	0	0	0	2	0	1.374791
558	5550	0	0	0	0	0	2.600539
559	5564	0	0	0	2	0	1.662899
560	5576	0	0	0	0	0	2.500705
561	5583	0	0	0	1	0	1.528917
562	5595	0	0	0	0	0	2.154412
563	5601	0	0	0	0	0	1.576527
564	5612	0	0	0	2	0	2.901197
565	5621	0	0	0	0	0	1.759638
566	5631	0	0	0	0	0	2.241545
567	5637	0	0	0	0	0	2.475594
568	5646	0	0	0	0	0	2.971981
569	5662	0	0	0	2	0	1.596913
570	5670	0	0	0	0	0	1.293701
571	5681	0	0	0	0	0	2.960281
572	5688	0	0	0	0	0	1.547018
573	5696	0	0	0	1	0	2.080134
574	5706	0	0	0	0	0	1.424823
575	5717	0	0	0	2	0	1.665529
576	5725	0	0	0	2	0	1.528820
577	5737	0	0	0	0	0	2.793918
578	5749	0	0	0	1	0	1.932545
579	5757	0	0	0	1	0	2.785790
580	5773	0	0	0	0	0	1.414972
581	5784	0	0	0	0	0	1.482019
582	5789	0	0	0	0	0	2.097247
583	5801	0	0	0	0	0	2.214891
584	5815	0	0	0	2	0	1.817238
585	5823	0	0	0	0	0	1.503131
586	5836	0	0	0	1	0	1.744287
587	5849	0	0	0	2	0	1.593176
588	5862	0	0	0	1	0	1.424588
589	5872	0	0	0	2	0	2.839062
590	5883	0	0	0	2	0	2.499497
591	5895	0	0	0	1	0	1.906598
592	5901	0	0	0	1	0	1.589282
593	5910	0	0	0	1	0	2.701959
594	5919	0	0	0	0	0	1.821157
595	5925	0	0	0	1	0	2.848074
596	5931	0	0	0	1	0	2.542347
597	5945	0	0	0	2	0	2.145521
598	5954	0	0	0	2	0	1.133191
599	5968	0	0	0	0	0	1.477338
600	5981	0	0	0	0	0	1.774873
601	5991	0	0	0	1	0	2.319499
602	6005	0	0	0	0	0	1.071497
603	6014	0	0	0	1	0	2.577884
604	6028	0	0	0	0	0	1.918794
605	6035	0	0	0	2	0	1.519050
606	6048	0	0	0	1	0	2.044182
607	6056	0	0	0	2	0	2.023010
608	6066	0	0	0	2	0	1.249451
609	6075	0	0	0	1	0	2.656053
610	6089	0	0	0	0	0	2.028604
611	6098	0	0	0	1	0	1.782077
612	6110	0	0	0	0	0	2.398490
613	6121	0	0	0	2	0	2.975092
614	6134	0	0	0	0	0	2.726773
615	6149	0	0	0	2	0	2.470771
616	6156	0	0	0	0	0	2.710219
617	6162	0	0	0	2	0	2.189402
618	6167	0	0	0	1	0	1.501497
619	6179	0	0	0	0	0	1.071092
620	6192	0	0	0	1	0	2.737249
621	6200	0	0	0	0	0	1.999465
622	6213	0	0	0	1	0	1.764340
623	6226	0	0	0	0	0	2.621153
624	6231	0	0	0	0	0	2.271865
625	6241	0	0	0	1	0	1.537632
626	6248	0	0	0	0	0	2.266529
627	6261	0	0	0	0	0	2.000903
628	6266	0	0	0	0	0	1.886276
629	6279	0	0	0	2	0	2.055837
630	6287	0	0	0	1	0	2.986927
631	6296	0	0	0	1	0	1.454416
632	6303	0	0	0	1	0	2.777805
633	6315	0	0	0	0	0	1.028591
634	6324	0	0	0	0	0	1.784658
635	6337	0	0	0	0	0	1.964798
636	6348	0	0	0	2	0	2.088063
637	6359	0	0	0	1	0	1.198633
638	6369	0	0	0	1	0	2.319519
639	6376	0	0	0	1	0	1.700171
640	6388	0	0	0	0	0	2.996643
641	6400	0	0	0	0	0	1.237538
642	6414	0	0	0	1	0	1.204934
643	6427	0	0	0	1	0	2.297320
644	6443	0	0	0	2	0	2.489788
645	6453	0	0	0	1	0	1.509112
646	6461	0	0	0	2	0	2.826062
647	6468	0	0	0	1	0	2.150857
648	6480	0	0	0	1	0	2.672900
649	6493	0	0	0	1	0	2.893686
650	6501	0	0	0	2	0	2.884307
651	6510	0	0	0	1	0	2.382014
652	6522	0	0	0	2	0	2.386271
653	6535	0	0	0	1	0	1.661418
654	6544	0	0	0	0	0	1.828608
655	6550	0	0	0	0	0	2.159705
656	6561	0	0	0	0	0	1.192343
657	6573	0	0	0	2	0	2.193050
658	6583	0	0	0	1	0	2.162730
659	6596	0	0	0	0	0	1.987658
660	6600	0	0	0	0	0	2.723672
661	6610	0	0	0	2	0	2.357698
662	6621	0	0	0	2	0	1.344152
663	6629	0	0	0	2	0	1.460840
664	6644	0	0	0	1	0	2.736354
665	6654	0	0	0	1	0	1.955350
666	6662	0	0	0	2	0	2.082628
667	6671	0	0	0	2	0	2.206250
668	6686	0	0	0	2	0	2.524850
669	6692	0	0	0	1	0	2.357946
670	6702	0	0	0	1	0	2.405710
671	6708	0	0	0	2	0	2.664784
672	6714	0	0	0	0	0	1.372706
673	6722	0	0	0	2	0	2.734411
674	6732	0	0	0	1	0	2.047219
675	6746	0	0	0	1	0	2.800917
676	6759	0	0	0	2	0	1.504618
677	6765	0	0	0	0	0	1.984384
678	6774	0	0	0	1	0	1.391071
679	6787	0	0	0	1	0	1.397580
680	6796	0	0	0	2	0	1.897597
681	6809	0	0	0	0	0	2.775427
682	6822	0	0	0	2	0	1.413086
683	6835	0	0	0	0	0	1.196845
684	6846	0	0	0	2	0	2.788122
685	6859	0	0	0	2	0	1.015523
686	6867	0	0	0	0	0	1.038756
687	6876	0	0	0	2	0	1.050163
688	6884	0	0	0	0	0	2.242793
689	6898	0	0	0	0	0	1.779378
690	6908	0	0	0	0	0	2.647575
691	6917	0	0	0	2	0	2.571056
692	6933	0	0	0	0	0	2.907518
693	6945	0	0	0	0	0	2.001115
694	6953	0	0	0	1	0	2.312687
695	6959	0	0	0	1	0	1.578586
696	6965	0	0	0	2	0	2.754164
697	6978	0	0	0	0	0	2.922048
698	6988	0	0	0	0	0	1.288488
699	7000	0	0	0	1	0	1.378335
700	7007	0	0	0	2	0	2.549534
701	7021	0	0	0	2	0	2.207795
702	7030	0	0	0	1	0	2.017902
703	7046	0	0	0	0	0	2.352562
704	7052	0	0	0	1	0	2.946184
705	7059	0	0	0	0	0	2.845989
706	7069	0	0	0	0	0	1.852893
707	7077	0	0	0	2	0	2.471515
708	7089	0	0	0	2	0	1.686238
709	7097	0	0	0	1	0	1.888134
710	7107	0	0	0	1	0	1.474783
711	7118	0	0	0	1	0	1.343781
712	7132	0	0	0	1	0	1.270556
713	7139	0	0	0	0	0	1.668193
714	7149	0	0	0	1	0	2.733538
715	7157	0	0	0	1	0	2.254713
716	7167	0	0	0	2	0	2.247241
717	7176	0	0	0	1	0	2.749877
718	7184	0	0	0	0	0	1.812784
719	7195	0	0	0	2	0	2.678757
720	7204	0	0	0	0	0	2.127171
721	7216	0	0	0	2	0	1.805603
722	7226	0	0	0	0	0	1.285107
723	7236	0	0	0	0	0	2.473203
724	7246	0	0	0	0	0	2.371006
725	7251	0	0	0	2	0	2.291202
726	7266	0	0	0	1	0	2.812377
727	7281	0	0	0	0	0	1.688696
728	7284	0	0	0	1	0	2.842207
729	7291	0	0	0	0	0	2.561397
730	7299	0	0	0	2	0	1.224603
731	7310	0	0	0	0	0	2.381358
732	7319	0	0	0	0	0	1.239457
733	7333	0	0	0	0	0	2.816803
734	7344	0	0	0	2	0	2.465957
735	7354	0	0	0	1	0	2.133104
736	7359	0	0	0	2	0	1.664232
737	7369	0	0	0	0	0	1.912234
738	7380	0	0	0	1	0	2.348625
739	7390	0	0	0	0	0	1.659644
740	7401	0	0	0	2	0	2.733426
741	7414	0	0	0	0	0	2.044753
742	7421	0	0	0	0	0	1.937406
743	7434	0	0	0	0	0	2.681941
744	7447	0	0	0	0	0	2.946551
745	7465	0	0	0	1	0	2.464774
746	7477	0	0	0	0	0	2.491323
747	7488	0	0	0	1	0	2.273439
748	7503	0	0	0	0	0	1.560999
749	7514	0	0	0	0	0	1.166787
750	7524	0	0	0	1	0	2.769559
751	7534	0	0	0	2	0	1.496487
752	7544	0	0	0	2	0	2.153174
753	7549	0	0	0	2	0	1.024728
754	7556	0	0	0	2	0	1.584350
755	7564	0	0	0	2	0	1.203048
756	7572	0	0	0	1	0	1.172024
757	7584	0	0	0	0	0	1.303653
758	7601	0	0	0	1	0	2.286632
759	7614	0	0	0	1	0	1.963168
760	7622	0	0	0	0	0	1.894658
761	7637	0	0	0	1	0	2.305706
762	7649	0	0	0	2	0	2.577668
763	7653	0	0	0	0	0	2.950003
764	7663	0	0	0	1	0	1.239512
765	7672	0	0	0	0	0	2.912153
766	7681	0	0	0	1	0	1.101030
767	7692	0	0	0	1	0	2.470375
768	7705	0	0	0	2	0	1.932420
769	7714	0	0	0	0	0	2.835792
770	7724	0	0	0	1	0	1.840134
771	7731	0	0	0	0	0	2.678873
772	7741	0	0	0	0	0	2.396761
773	7750	0	0	0	0	0	1.931204
774	7756	0	0	0	0	0	2.964143
775	7766	0	0	0	0	0	1.442128
776	7773	0	0	0	0	0	2.829933
777	7785	0	0	0	0	0	2.618881
778	7794	0	0	0	1	0	2.082412
779	7799	0	0	0	0	0	1.781526
780	7809	0	0	0	2	0	1.883007
781	7821	0	0	0	2	0	2.156416
782	7828	0	0	0	0	0	1.098240
783	7836	0	0	0	0	0	1.861654
784	7845	0	0	0	1	0	2.471385
785	7858	0	0	0	1	0	1.511783
786	7870	0	0	0	1	0	1.185897
787	7879	0	0	0	2	0	1.665750
788	7888	0	0	0	1	0	1.254996
789	7898	0	0	0	0	0	1.240266
790	7907	0	0	0	1	0	2.584729
791	7914	0	0	0	0	0	2.183043
792	7921	0	0	0	0	0	1.340914
793	7928	0	0	0	1	0	1.636010
794	7942	0	0	0	0	0	1.018335
795	7949	0	0	0	2	0	1.727400
796	7956	0	0	0	1	0	1.675359
797	7968	0	0	0	0	0	2.963242
798	7978	0	0	0	0	0	1.061423
799	7990	0	0	0	1	0	2.902324
800	8001	0	0	0	0	0	2.321735
801	8009	0	0	0	1	0	2.159791
802	8018	0	0	0	1	0	2.095365
803	8027	0	0	0	1	0	1.525218
804	8031	0	0	0	0	0	1.380554
805	8036	0	0	0	1	0	1.625517
806	8046	0	0	0	1	0	2.702233
807	8057	0	0	0	0	0	2.440636
808	8072	0	0	0	1	0	2.459606
809	8081	0	0	0	0	0	1.841555
810	8090	0	0	0	1	0	1.368011
811	8103	0	0	0	1	0	1.921978
812	8111	0	0	0	2	0	2.659875
813	8123	0	0	0	2	0	1.679940
814	8134	0	0	0	2	0	1.843828
815	8142	0	0	0	2	0	2.622923
816	8145	0	0	0	0	0	2.529008
817	8153	0	0	0	2	0	1.747979
818	8166	0	0	0	1	0	2.945586
819	8173	0	0	0	2	0	2.376826
820	8181	0	0	0	0	0	2.281965
821	8195	0	0	0	0	0	2.245733
822	8206	0	0	0	1	0	1.451171
823	8222	0	0	0	2	0	2.239196
824	8229	0	0	0	1	0	1.245816
825	8240	0	0	0	1	0	2.489367
826	8255	0	0	0	1	0	2.697248
827	8261	0	0	0	0	0	2.544818
828	8269	0	0	0	2	0	1.995318
829	8285	0	0	0	0	0	1.110173
830	8299	0	0	0	0	0	1.791705
831	8311	0	0	0	0	0	1.361651
832	8323	0	0	0	1	0	2.979801
833	8333	0	0	0	1	0	1.741520
834	8338	0	0	0	1	0	2.172027
835	8347	0	0	0	2	0	2.651875
836	8355	0	0	0	0	0	1.806582
837	8370	0	0	0	1	0	1.338381
838	8381	0	0	0	2	0	2.687908
839	8392	0	0	0	2	0	1.314768
840	8401	0	0	0	2	0	2.060517
841	8412	0	0	0	1	0	1.293166
842	8422	0	0	0	1	0	1.934693
843	8429	0	0	0	1	0	1.644972
844	8442	0	0	0	0	0	1.103945
845	8450	0	0	0	0	0	1.155438
846	8465	0	0	0	2	0	1.422375
847	8471	0	0	0	2	0	1.433763
848	8482	0	0	0	2	0	1.937580
849	8492	0	0	0	2	0	2.879413
850	8508	0	0	0	1	0	1.636088
851	8518	0	0	0	0	0	1.489572
852	8534	0	0	0	1	0	1.685595
853	8540	0	0	0	2	0	2.675330
854	8550	0	0	0	2	0	1.697973
855	8563	0	0	0	0	0	2.999338
856	8568	0	0	0	0	0	2.068793
857	8583	0	0	0	0	0	2.603586
858	8593	0	0	0	2	0	2.148533
859	8603	0	0	0	0	0	1.698953
860	8612	0	0	0	1	0	1.365019
861	8621	0	0	0	1	0	1.938436
862	8628	0	0	0	1	0	1.780854
863	8633	0	0	0	0	0	2.872075
864	8645	0	0	0	2	0	1.953620
865	8656	0	0	0	0	0	2.197515
866	8671	0	0	0	0	0	1.255635
867	8679	0	0	0	2	0	1.934563
868	8691	0	0	0	1	0	2.572679
869	8700	0	0	0	2	0	2.857890
870	8710	0	0	0	1	0	1.104966
871	8723	0	0	0	2	0	2.374421
872	8736	0	0	0	2	0	2.959423
873	8746	0	0	0	0	0	1.794664
874	8756	0	0	0	2	0	1.525115
875	8763	0	0	0	1	0	2.254723
876	8779	0	0	0	0	0	2.138925
877	8789	0	0	0	1	0	1.600096
878	8798	0	0	0	1	0	1.071999
879	8802	0	0	0	0	0	1.492214
880	8815	0	0	0	0	0	2.740153
881	8820	0	0	0	2	0	1.451906
882	8829	0	0	0	2	0	2.117043
883	8835	0	0	0	2	0	1.421160
884	8839	0	0	0	2	0	1.039588
885	8849	0	0	0	1	0	1.670299
886	8862	0	0	0	2	0	1.312632
887	8872	0	0	0	1	0	1.035379
888	8886	0	0	0	1	0	2.442126
889	8897	0	0	0	1	0	2.681407
890	8905	0	0	0	0	0	2.452174
891	8918	0	0	0	2	0	2.119447
892	8933	0	0	0	2	0	2.621662
893	8949	0	0	0	1	0	2.739672
894	8959	0	0	0	1	0	2.345553
895	8972	0	0	0	2	0	2.392925
896	8983	0	0	0	2	0	2.079302
897	8997	0	0	0	2	0	1.660320
898	9003	0	0	0	2	0	2.070542
899	9016	0	0	0	1	0	2.882646
900	9033	0	0	0	0	0	1.954522
901	9043	0	0	0	1	0	1.391136
902	9057	0	0	0	1	0	2.566909
903	9067	0	0	0	0	0	1.441266
904	9071	0	0	0	0	0	2.808869
905	9083	0	0	0	1	0	1.194833
906	9098	0	0	0	0	0	1.853883
907	9108	0	0	0	0	0	1.924942
908	9123	0	0	0	0	0	2.008106
909	9139	0	0	0	0	0	2.175375
910	9145	0	0	0	1	0	2.918961
911	9155	0	0	0	0	0	1.979019
912	9174	0	0	0	0	0	1.807453
913	9181	0	0	0	1	0	1.521307
914	9190	0	0	0	0	0	1.541741
915	9203	0	0	0	2	0	1.908344
916	9213	0	0	0	0	0	1.291415
917	9226	0	0	0	2	0	2.003585
918	9233	0	0	0	1	0	2.080233
919	9244	0	0	0	0	0	2.963486
920	9254	0	0	0	1	0	2.334750
921	9260	0	0	0	1	0	1.646201
922	9268	0	0	0	2	0	2.017284
923	9282	0	0	0	1	0	1.069663
924	9291	0	0	0	2	0	2.543007
925	9309	0	0	0	2	0	1.782871
926	9318	0	0	0	0	0	2.182179
927	9325	0	0	0	0	0	2.820232
928	9336	0	0	0	0	0	2.357352
929	9346	0	0	0	2	0	1.864081
930	9354	0	0	0	0	0	1.223064
931	9367	0	0	0	1	0	1.388823
932	9377	0	0	0	0	0	2.752494
933	9387	0	0	0	1	0	2.880987
934	9398	0	0	0	0	0	2.215568
935	9406	0	0	0	1	0	2.565104
936	9412	0	0	0	0	0	2.124430
937	9421	0	0	0	0	0	1.747428
938	9424	0	0	0	2	0	2.359040
939	9433	0	0	0	0	0	2.967373
940	9443	0	0	0	2	0	2.747801
941	9453	0	0	0	1	0	1.619284
942	9460	0	0	0	0	0	2.560843
943	9467	0	0	0	2	0	2.379928
944	9475	0	0	0	1	0	1.597849
945	9495	0	0	0	2	0	2.756346
946	9504	0	0	0	1	0	2.763764
947	9512	0	0	0	1	0	1.911517
948	9518	0	0	0	1	0	1.203190
949	9527	0	0	0	0	0	1.719015
950	9542	0	0	0	2	0	1.422479
951	9554	0	0	0	2	0	1.648332
952	9564	0	0	0	0	0	1.042774
953	9572	0	0	0	0	0	2.623090
954	9583	0	0	0	2	0	2.458943
955	9594	0	0	0	0	0	2.093340
956	9604	0	0	0	0	0	2.309152
957	9615	0	0	0	1	0	2.288558
958	9630	0	0	0	0	0	1.851790
959	9639	0	0	0	0	0	2.356200
960	9644	0	0	0	2	0	2.665869
961	9655	0	0	0	1	0	1.003860
962	9665	0	0	0	0	0	1.758996
963	9675	0	0	0	0	0	2.683771
964	9687	0	0	0	0	0	1.659173
965	9688	0	0	0	0	0	1.900768
966	9697	0	0	0	2	0	2.973662
967	9709	0	0	0	0	0	2.002283
968	9721	0	0	0	0	0	1.734059
969	9732	0	0	0	2	0	1.528031
970	9741	0	0	0	1	0	1.351572
971	9744	0	0	0	0	0	2.952481
972	9755	0	0	0	0	0	2.950044
973	9764	0	0	0	0	0	2.905103
974	9772	0	0	0	1	0	2.197587
975	9785	0	0	0	0	0	1.425344
976	9795	0	0	0	1	0	2.344721
977	9809	0	0	0	0	0	2.719483
978	9821	0	0	0	0	0	1.461146
979	9836	0	0	0	1	0	2.772900
980	9844	0	0	0	0	0	1.373761
981	9857	0	0	0	1	0	1.686208
982	9865	0	0	0	0	0	2.358573
983	9876	0	0	0	1	0	1.433629
984	9882	0	0	0	0	0	2.534465
985	9891	0	0	0	1	0	1.120026
986	9900	0	0	0	1	0	2.283650
987	9907	0	0	0	2	0	1.334489
988	9909	0	0	0	2	0	1.561101
989	9919	0	0	0	1	0	1.815275
990	9928	0	0	0	1	0	1.453211
991	9938	0	0	0	0	0	2.140778
992	9951	0	0	0	2	0	1.881834
993	9967	0	0	0	0	0	1.435377
994	9978	0	0	0	0	0	2.485177
995	9991	0	0	0	0	0	1.690406
996	10002	0	0	0	1	0	1.951834
997	10013	0	0	0	0	0	1.243121
998	10021	0	0	0	0	0	2.566552
999	10036	0	0	0	2	0	2.656184
