0	1	0	0	0	2	0	2.193157
1	13	0	0	0	2	0	2.820326
2	19	0	0	0	0	0	1.430416
3	36	0	0	0	2	0	1.495226
4	45	0	0	0	2	0	1.155014
5	51	0	0	0	1	0	2.678121
6	63	0	0	0	2	0	1.386911
7	75	0	0	0	0	0	1.251800
8	82	0	0	0	0	0	2.701959
9	93	0	0	0	0	0	1.035230
10	102	0	0	0	2	0	1.172132
11	111	0	0	0	1	0	1.187471
12	123	0	0	0	1	0	2.683687
13	135	0	0	0	1	0	1.469586
14	147	0	0	0	2	0	2.051188
15	156	0	0	0	0	0	1.304208
16	165	0	0	0	0	0	2.762491
17	179	0	0	0	1	0	2.889637
18	192	0	0	0	1	0	1.878233
19	201	0	0	0	0	0	1.028784
20	210	0	0	0	2	0	1.397183
21	219	0	0	0	0	0	1.531701
22	229	0	0	0	0	0	1.105707
23	240	0	0	0	0	0	1.237450
24	249	0	0	0	1	0	2.412053
25	257	0	0	0	1	0	2.864288
26	266	0	0	0	2	0	1.602739
27	274	0	0	0	1	0	2.600590
28	286	0	0	0	1	0	2.118254
29	298	0	0	0	0	0	1.058863
30	309	0	0	0	2	0	1.234272
31	320	0	0	0	0	0	1.837638
32	327	0	0	0	0	0	2.689288
33	334	0	0	0	1	0	2.219636
34	344	0	0	0	0	0	2.923908
35	349	0	0	0	1	0	2.957119
36	362	0	0	0	2	0	1.997388
37	376	0	0	0	1	0	2.431629
38	387	0	0	0	1	0	2.511641
39	393	0	0	0	1	0	1.939383
40	403	0	0	0	1	0	2.750083
41	414	0	0	0	0	0	1.115874
42	430	0	0	0	2	0	1.224227
43	446	0	0	0	0	0	2.758827
44	458	0	0	0	2	0	2.189261
45	470	0	0	0	0	0	2.566717
46	478	0	0	0	0	0	2.195402
47	487	0	0	0	2	0	2.837809
48	502	0	0	0	0	0	2.383573
49	516	0	0	0	0	0	1.710928
50	528	0	0	0	0	0	2.848659
51	537	0	0	0	0	0	2.193949
52	553	0	0	0	1	0	2.278498
53	562	0	0	0	0	0	1.208014
54	575	0	0	0	0	0	1.219947
55	588	0	0	0	1	0	1.726350
56	599	0	0	0	0	0	2.591510
57	609	0	0	0	0	0	2.418167
58	617	0	0	0	0	0	2.806911
59	627	0	0	0	0	0	2.875994
60	634	0	0	0	1	0	2.684281
61	643	0	0	0	0	0	2.466043
62	651	0	0	0	0	0	1.058918
63	656	0	0	0	0	0	2.152194
64	669	0	0	0	0	0	2.965508
65	681	0	0	0	0	0	1.422767
66	693	0	0	0	1	0	1.481089
67	701	0	0	0	0	0	2.137864
68	707	0	0	0	1	0	2.824720
69	718	0	0	0	0	0	1.053300
70	727	0	0	0	1	0	1.762985
71	743	0	0	0	2	0	2.703859
72	751	0	0	0	1	0	1.991796
73	758	0	0	0	0	0	1.851024
74	764	0	0	0	2	0	2.040369
75	772	0	0	0	0	0	1.749093
76	781	0	0	0	2	0	2.543912
77	799	0	0	0	2	0	1.620230
78	806	0	0	0	1	0	2.815854
79	818	0	0	0	2	0	1.514358
80	828	0	0	0	0	0	2.426670
81	837	0	0	0	0	0	1.401448
82	848	0	0	0	0	0	1.632643
83	858	0	0	0	1	0	2.398751
84	869	0	0	0	0	0	1.907787
85	878	0	0	0	2	0	2.379699
86	883	0	0	0	2	0	2.540835
87	893	0	0	0	1	0	1.982707
88	902	0	0	0	1	0	2.123482
89	919	0	0	0	2	0	2.770071
90	930	0	0	0	0	0	1.798467
91	937	0	0	0	2	0	2.892953
92	952	0	0	0	0	0	1.519570
93	964	0	0	0	0	0	1.737237
94	973	0	0	0	1	0	2.698148
95	978	0	0	0	2	0	2.367811
96	988	0	0	0	0	0	1.168993
97	999	0	0	0	1	0	1.582784
98	1011	0	0	0	0	0	2.747047
99	1021	0	0	0	0	0	2.486502
100	1038	0	0	0	1	0	2.854451
101	1041	0	0	0	1	0	2.613877
102	1051	0	0	0	1	0	1.468639
103	1060	0	0	0	2	0	2.410534
104	1071	0	0	0	0	0	2.290586
105	1079	0	0	0	1	0	2.149164
106	1089	0	0	0	0	0	2.735361
107	1099	0	0	0	0	0	1.593088
108	1109	0	0	0	1	0	1.342577
109	1121	0	0	0	2	0	1.799679
110	1132	0	0	0	1	0	1.478753
111	1141	0	0	0	2	0	1.806468
112	1155	0	0	0	0	0	1.184273
113	1161	0	0	0	0	0	2.244810
114	1175	0	0	0	0	0	2.386832
115	1183	0	0	0	1	0	2.518124
116	1199	0	0	0	1	0	2.018386
117	1207	0	0	0	1	0	2.428453
118	1220	0	0	0	0	0	2.731032
119	1228	0	0	0	0	0	2.049605
120	1239	0	0	0	2	0	2.154244
121	1246	0	0	0	1	0	1.843416
122	1255	0	0	0	2	0	1.010073
123	1258	0	0	0	0	0	2.173786
124	1267	0	0	0	0	0	2.071791
125	1275	0	0	0	2	0	2.402236
126	1281	0	0	0	1	0	2.532932
127	1292	0	0	0	1	0	2.632872
128	1306	0	0	0	0	0	1.284839
129	1315	0	0	0	0	0	2.235881
130	1320	0	0	0	1	0	2.972499
131	1326	0	0	0	1	0	1.349144
132	1336	0	0	0	0	0	2.979693
133	1342	0	0	0	2	0	2.332785
134	1347	0	0	0	2	0	2.818953
135	1358	0	0	0	0	0	1.728783
136	1366	0	0	0	1	0	2.211441
137	1374	0	0	0	0	0	2.002286
138	1381	0	0	0	1	0	1.694406
139	1391	0	0	0	2	0	1.630379
140	1394	0	0	0	0	0	2.609883
141	1398	0	0	0	0	0	1.111671
142	1404	0	0	0	0	0	1.942211
143	1412	0	0	0	2	0	1.285775
144	1426	0	0	0	0	0	2.387175
145	1436	0	0	0	0	0	2.633241
146	1447	0	0	0	2	0	1.542097
147	1460	0	0	0	0	0	2.132130
148	1467	0	0	0	1	0	1.831792
149	1476	0	0	0	2	0	2.372114
150	1489	0	0	0	1	0	2.802703
151	1495	0	0	0	1	0	2.277801
152	1500	0	0	0	0	0	1.640825
153	1514	0	0	0	0	0	2.901847
154	1521	0	0	0	2	0	1.234652
155	1527	0	0	0	0	0	1.711032
156	1532	0	0	0	0	0	1.733223
157	1544	0	0	0	2	0	2.834156
158	1550	0	0	0	1	0	2.646702
159	1559	0	0	0	2	0	1.455701
160	1568	0	0	0	0	0	2.497035
161	1578	0	0	0	1	0	1.743201
162	1594	0	0	0	0	0	1.543345
163	1606	0	0	0	2	0	1.877159
164	1614	0	0	0	0	0	2.077430
165	1626	0	0	0	2	0	1.963109
166	1635	0	0	0	1	0	2.262979
167	1644	0	0	0	0	0	2.188482
168	1655	0	0	0	1	0	2.741904
169	1664	0	0	0	1	0	2.617650
170	1670	0	0	0	1	0	2.446099
171	1676	0	0	0	2	0	1.837136
172	1692	0	0	0	1	0	2.902430
173	1701	0	0	0	1	0	2.584194
174	1709	0	0	0	1	0	1.168201
175	1719	0	0	0	2	0	2.041627
176	1729	0	0	0	1	0	2.837713
177	1737	0	0	0	0	0	2.098555
178	1750	0	0	0	1	0	2.956284
179	1758	0	0	0	0	0	2.242691
180	1764	0	0	0	0	0	1.329891
181	1773	0	0	0	0	0	2.020585
182	1781	0	0	0	2	0	1.592577
183	1792	0	0	0	0	0	2.686689
184	1802	0	0	0	0	0	1.204769
185	1816	0	0	0	1	0	1.381469
186	1823	0	0	0	0	0	1.927821
187	1834	0	0	0	0	0	1.577049
188	1845	0	0	0	0	0	2.163307
189	1854	0	0	0	0	0	1.333297
190	1867	0	0	0	1	0	1.542722
191	1882	0	0	0	2	0	2.288614
192	1896	0	0	0	0	0	2.314176
193	1903	0	0	0	0	0	2.162752
194	1915	0	0	0	2	0	2.711500
195	1925	0	0	0	1	0	1.037852
196	1934	0	0	0	2	0	2.104914
197	1941	0	0	0	1	0	1.175667
198	1955	0	0	0	1	0	1.438593
199	1960	0	0	0	0	0	2.635596
200	1968	0	0	0	2	0	2.384326
201	1979	0	0	0	1	0	2.130882
202	1990	0	0	0	2	0	2.712400
203	2001	0	0	0	2	0	2.031310
204	2011	0	0	0	2	0	1.671807
205	2019	0	0	0	0	0	1.802090
206	2030	0	0	0	0	0	1.463788
207	2044	0	0	0	0	0	2.494613
208	2052	0	0	0	0	0	1.993121
209	2060	0	0	0	0	0	1.915595
210	2068	0	0	0	0	0	1.504728
211	2081	0	0	0	2	0	1.090409
212	2095	0	0	0	2	0	1.693224
213	2104	0	0	0	0	0	1.905749
214	2112	0	0	0	0	0	1.414673
215	2118	0	0	0	2	0	2.424767
216	2128	0	0	0	1	0	1.317497
217	2138	0	0	0	1	0	1.020686
218	2145	0	0	0	1	0	2.111383
219	2156	0	0	0	0	0	1.752895
220	2167	0	0	0	0	0	2.278518
221	2180	0	0	0	0	0	2.230974
222	2191	0	0	0	1	0	2.898878
223	2198	0	0	0	0	0	1.596406
224	2206	0	0	0	0	0	1.486310
225	2219	0	0	0	2	0	2.280090
226	2232	0	0	0	0	0	2.015597
227	2243	0	0	0	0	0	1.797747
228	2253	0	0	0	1	0	1.802205
229	2268	0	0	0	2	0	2.467565
230	2277	0	0	0	1	0	1.429423
231	2286	0	0	0	2	0	2.072106
232	2295	0	0	0	2	0	1.526493
233	2301	0	0	0	0	0	1.504986
234	2308	0	0	0	0	0	1.038893
235	2319	0	0	0	1	0	2.800023
236	2330	0	0	0	0	0	1.590465
237	2343	0	0	0	2	0	1.874008
238	2355	0	0	0	0	0	1.145264
239	2367	0	0	0	0	0	2.397354
240	2373	0	0	0	1	0	2.545873
241	2382	0	0	0	2	0	2.095549
242	2393	0	0	0	0	0	1.136791
243	2403	0	0	0	2	0	2.362822
244	2413	0	0	0	1	0	2.679391
245	2421	0	0	0	1	0	2.501171
246	2429	0	0	0	0	0	1.252929
247	2441	0	0	0	2	0	1.252163
248	2446	0	0	0	2	0	2.519557
249	2456	0	0	0	0	0	2.166496
250	2465	0	0	0	2	0	2.945874
251	2473	0	0	0	1	0	2.136209
252	2482	0	0	0	2	0	2.968474
253	2489	0	0	0	2	0	1.341548
254	2499	0	0	0	1	0	1.851836
255	2502	0	0	0	0	0	2.985649
256	2510	0	0	0	1	0	2.023077
257	2522	0	0	0	0	0	1.979716
258	2531	0	0	0	1	0	1.653314
259	2534	0	0	0	1	0	1.846075
260	2540	0	0	0	2	0	2.025564
261	2551	0	0	0	1	0	2.621205
262	2556	0	0	0	0	0	2.705103
263	2562	0	0	0	1	0	2.803751
264	2575	0	0	0	2	0	1.422134
265	2583	0	0	0	0	0	2.599147
266	2594	0	0	0	2	0	2.134812
267	2601	0	0	0	2	0	2.619594
268	2609	0	0	0	1	0	2.927503
269	2619	0	0	0	0	0	1.203802
270	2631	0	0	0	0	0	2.845844
271	2639	0	0	0	0	0	1.399502
272	2646	0	0	0	2	0	1.960326
273	2654	0	0	0	0	0	2.665107
274	2663	0	0	0	1	0	2.876666
275	2678	0	0	0	1	0	2.274395
276	2691	0	0	0	2	0	2.359464
277	2702	0	0	0	2	0	1.384803
278	2712	0	0	0	2	0	1.602574
279	2725	0	0	0	1	0	2.532335
280	2738	0	0	0	1	0	1.340582
281	2748	0	0	0	2	0	1.973188
282	2759	0	0	0	0	0	1.566362
283	2768	0	0	0	1	0	2.088579
284	2775	0	0	0	2	0	1.881386
285	2782	0	0	0	0	0	1.796619
286	2788	0	0	0	1	0	1.819927
287	2797	0	0	0	1	0	2.974387
288	2812	0	0	0	2	0	2.239715
289	2824	0	0	0	1	0	2.269226
290	2833	0	0	0	0	0	1.908996
291	2843	0	0	0	0	0	2.184588
292	2849	0	0	0	0	0	2.717208
293	2859	0	0	0	0	0	1.211959
294	2871	0	0	0	1	0	1.472590
295	2877	0	0	0	2	0	1.921237
296	2889	0	0	0	0	0	2.157045
297	2896	0	0	0	1	0	1.314826
298	2903	0	0	0	0	0	1.014175
299	2906	0	0	0	0	0	1.182595
300	2915	0	0	0	2	0	2.023888
301	2924	0	0	0	1	0	1.383897
302	2938	0	0	0	0	0	1.662124
303	2943	0	0	0	0	0	1.818897
304	2955	0	0	0	2	0	1.519322
305	2966	0	0	0	1	0	2.640065
306	2980	0	0	0	0	0	2.455523
307	2988	0	0	0	0	0	2.325158
308	3002	0	0	0	1	0	2.633774
309	3012	0	0	0	2	0	1.983946
310	3024	0	0	0	0	0	1.908008
311	3029	0	0	0	0	0	2.746542
312	3040	0	0	0	0	0	1.472737
313	3047	0	0	0	2	0	2.652953
314	3058	0	0	0	0	0	1.375771
315	3065	0	0	0	0	0	2.522576
316	3078	0	0	0	0	0	2.889988
317	3087	0	0	0	1	0	1.297932
318	3094	0	0	0	0	0	1.720797
319	3104	0	0	0	1	0	1.398295
320	3115	0	0	0	0	0	1.599655
321	3124	0	0	0	0	0	1.233871
322	3130	0	0	0	0	0	1.485531
323	3140	0	0	0	2	0	2.071844
324	3151	0	0	0	1	0	1.204769
325	3158	0	0	0	0	0	1.356895
326	3168	0	0	0	2	0	1.449459
327	3177	0	0	0	2	0	2.639507
328	3187	0	0	0	1	0	1.241866
329	3200	0	0	0	0	0	1.270709
330	3213	0	0	0	0	0	2.908634
331	3224	0	0	0	0	0	1.179526
332	3231	0	0	0	1	0	2.467284
333	3241	0	0	0	0	0	1.434030
334	3249	0	0	0	1	0	2.898663
335	3257	0	0	0	2	0	1.380504
336	3266	0	0	0	1	0	2.519618
337	3273	0	0	0	0	0	1.771529
338	3280	0	0	0	2	0	2.461394
339	3283	0	0	0	2	0	2.222988
340	3290	0	0	0	2	0	2.040257
341	3298	0	0	0	2	0	2.821209
342	3305	0	0	0	1	0	2.312387
343	3311	0	0	0	1	0	2.986526
344	3318	0	0	0	0	0	2.496580
345	3329	0	0	0	0	0	1.218320
346	3342	0	0	0	1	0	2.674321
347	3358	0	0	0	2	0	2.754570
348	3368	0	0	0	1	0	1.757001
349	3378	0	0	0	0	0	2.402409
350	3385	0	0	0	2	0	1.089091
351	3395	0	0	0	1	0	2.416699
352	3404	0	0	0	0	0	2.619106
353	3419	0	0	0	0	0	2.181843
354	3429	0	0	0	1	0	2.176752
355	3444	0	0	0	2	0	2.808604
356	3458	0	0	0	1	0	2.434292
357	3465	0	0	0	0	0	1.503277
358	3471	0	0	0	0	0	1.655064
359	3483	0	0	0	0	0	1.131521
360	3495	0	0	0	1	0	2.203356
361	3504	0	0	0	2	0	2.779203
362	3517	0	0	0	2	0	1.038588
363	3525	0	0	0	1	0	2.448796
364	3536	0	0	0	1	0	1.443856
365	3541	0	0	0	1	0	1.922433
366	3548	0	0	0	1	0	2.265028
367	3557	0	0	0	1	0	1.991262
368	3572	0	0	0	1	0	1.872662
369	3588	0	0	0	0	0	1.370625
370	3605	0	0	0	1	0	1.708136
371	3612	0	0	0	0	0	1.925456
372	3623	0	0	0	0	0	1.843791
373	3636	0	0	0	1	0	2.775530
374	3649	0	0	0	2	0	2.707197
375	3654	0	0	0	1	0	1.135374
376	3663	0	0	0	2	0	2.278381
377	3673	0	0	0	1	0	1.810537
378	3679	0	0	0	0	0	1.486414
379	3694	0	0	0	1	0	2.063012
380	3704	0	0	0	1	0	2.942740
381	3714	0	0	0	1	0	2.214690
382	3722	0	0	0	0	0	1.295560
383	3734	0	0	0	1	0	1.804457
384	3748	0	0	0	1	0	2.923224
385	3767	0	0	0	2	0	1.828612
386	3779	0	0	0	2	0	2.329226
387	3787	0	0	0	2	0	1.859358
388	3795	0	0	0	2	0	2.922285
389	3807	0	0	0	0	0	2.173072
390	3818	0	0	0	1	0	1.743239
391	3828	0	0	0	0	0	2.836142
392	3841	0	0	0	0	0	1.230983
393	3849	0	0	0	0	0	2.966352
394	3856	0	0	0	1	0	1.491042
395	3864	0	0	0	0	0	1.248912
396	3881	0	0	0	2	0	1.162394
397	3888	0	0	0	0	0	2.496516
398	3894	0	0	0	0	0	2.242540
399	3903	0	0	0	1	0	1.273128
400	3909	0	0	0	1	0	1.958905
401	3917	0	0	0	0	0	1.008007
402	3925	0	0	0	0	0	1.345891
403	3934	0	0	0	1	0	1.816347
404	3944	0	0	0	1	0	2.194904
405	3949	0	0	0	1	0	2.188760
406	3962	0	0	0	2	0	1.933289
407	3971	0	0	0	1	0	2.706872
408	3983	0	0	0	0	0	1.320045
409	3992	0	0	0	1	0	2.259223
410	4004	0	0	0	2	0	2.587418
411	4010	0	0	0	0	0	2.247368
412	4020	0	0	0	2	0	2.453764
413	4033	0	0	0	2	0	1.502166
414	4040	0	0	0	1	0	2.197030
415	4049	0	0	0	1	0	2.461581
416	4060	0	0	0	2	0	1.124429
417	4071	0	0	0	1	0	1.514801
418	4082	0	0	0	1	0	2.492055
419	4092	0	0	0	2	0	1.978476
420	4103	0	0	0	0	0	1.147137
421	4111	0	0	0	0	0	2.741276
422	4121	0	0	0	0	0	2.597037
423	4132	0	0	0	1	0	2.945401
424	4139	0	0	0	1	0	1.752722
425	4151	0	0	0	2	0	1.510040
426	4167	0	0	0	0	0	2.466270
427	4174	0	0	0	2	0	2.783804
428	4193	0	0	0	1	0	1.959158
429	4201	0	0	0	1	0	1.234872
430	4213	0	0	0	1	0	2.884074
431	4225	0	0	0	1	0	1.865668
432	4238	0	0	0	1	0	2.187662
433	4250	0	0	0	0	0	2.195948
434	4258	0	0	0	1	0	2.706871
435	4265	0	0	0	1	0	2.915337
436	4273	0	0	0	0	0	2.010105
437	4285	0	0	0	1	0	2.924464
438	4295	0	0	0	0	0	1.365287
439	4306	0	0	0	0	0	1.652620
440	4316	0	0	0	2	0	1.045684
441	4322	0	0	0	1	0	1.131899
442	4331	0	0	0	0	0	1.158632
443	4339	0	0	0	1	0	2.579647
444	4352	0	0	0	0	0	1.897111
445	4362	0	0	0	2	0	2.308054
446	4374	0	0	0	2	0	1.274057
447	4379	0	0	0	0	0	2.919549
448	4384	0	0	0	1	0	1.759332
449	4396	0	0	0	0	0	1.285459
450	4406	0	0	0	1	0	2.476407
451	4412	0	0	0	1	0	1.479313
452	4419	0	0	0	0	0	2.035453
453	4426	0	0	0	1	0	1.741863
454	4432	0	0	0	1	0	2.543946
455	4439	0	0	0	0	0	1.194421
456	4445	0	0	0	0	0	2.203331
457	4454	0	0	0	2	0	1.036943
458	4467	0	0	0	1	0	1.479063
459	4475	0	0	0	0	0	2.488848
460	4488	0	0	0	0	0	2.301170
461	4499	0	0	0	0	0	2.800102
462	4511	0	0	0	2	0	2.851313
463	4519	0	0	0	1	0	1.642465
464	4534	0	0	0	0	0	2.369506
465	4546	0	0	0	0	0	2.739306
466	4555	0	0	0	0	0	2.667202
467	4566	0	0	0	0	0	1.163298
468	4574	0	0	0	0	0	2.152060
469	4586	0	0	0	0	0	1.998773
470	4597	0	0	0	1	0	1.356058
471	4606	0	0	0	0	0	2.269600
472	4620	0	0	0	0	0	2.871295
473	4631	0	0	0	0	0	1.319778
474	4647	0	0	0	0	0	1.194693
475	4659	0	0	0	0	0	1.393153
476	4667	0	0	0	1	0	1.223212
477	4674	0	0	0	0	0	2.958926
478	4684	0	0	0	1	0	2.519846
479	4692	0	0	0	1	0	2.665303
480	4701	0	0	0	1	0	1.680755
481	4706	0	0	0	0	0	1.042610
482	4713	0	0	0	1	0	1.230180
483	4721	0	0	0	0	0	1.278918
484	4735	0	0	0	0	0	1.930687
485	4740	0	0	0	0	0	2.729433
486	4748	0	0	0	1	0	1.869576
487	4754	0	0	0	1	0	2.554448
488	4764	0	0	0	1	0	2.820992
489	4771	0	0	0	0	0	1.148271
490	4782	0	0	0	1	0	1.025133
491	4790	0	0	0	0	0	1.752748
492	4808	0	0	0	2	0	1.131219
493	4817	0	0	0	1	0	1.011857
494	4834	0	0	0	0	0	2.037130
495	4848	0	0	0	2	0	1.576541
496	4852	0	0	0	0	0	1.369397
497	4863	0	0	0	0	0	1.082899
498	4881	0	0	0	1	0	2.880345
499	4893	0	0	0	1	0	1.913795
500	4906	0	0	0	1	0	1.182022
501	4913	0	0	0	2	0	1.041084
502	4920	0	0	0	1	0	2.760580
503	4932	0	0	0	0	0	2.211808
504	4944	0	0	0	2	0	1.714543
505	4951	0	0	0	0	0	1.463479
506	4960	0	0	0	0	0	1.851771
507	4971	0	0	0	1	0	1.102629
508	4978	0	0	0	1	0	1.174980
509	4994	0	0	0	2	0	1.588670
510	5003	0	0	0	2	0	2.009002
511	5015	0	0	0	0	0	1.116731
512	5024	0	0	0	1	0	2.954467
513	5033	0	0	0	1	0	1.752388
514	5040	0	0	0	0	0	1.789414
515	5046	0	0	0	0	0	1.996231
516	5054	0	0	0	1	0	2.102270
517	5062	0	0	0	0	0	2.977110
518	5071	0	0	0	2	0	2.175197
519	5080	0	0	0	2	0	1.517524
520	5088	0	0	0	2	0	1.152361
521	5103	0	0	0	0	0	1.104842
522	5111	0	0	0	0	0	2.127714
523	5123	0	0	0	2	0	2.352196
524	5133	0	0	0	1	0	1.790146
525	5143	0	0	0	0	0	1.478692
526	5150	0	0	0	1	0	1.994377
527	5169	0	0	0	2	0	1.706597
528	5180	0	0	0	1	0	2.698251
529	5188	0	0	0	0	0	2.849683
530	5196	0	0	0	2	0	1.074688
531	5207	0	0	0	0	0	1.555288
532	5211	0	0	0	0	0	2.332566
533	5218	0	0	0	2	0	1.167103
534	5225	0	0	0	1	0	1.270707
535	5239	0	0	0	0	0	1.357920
536	5246	0	0	0	1	0	1.892220
537	5255	0	0	0	2	0	1.725380
538	5267	0	0	0	1	0	2.960028
539	5279	0	0	0	2	0	1.771143
540	5291	0	0	0	1	0	2.747395
541	5303	0	0	0	2	0	2.897787
542	5317	0	0	0	1	0	2.339050
543	5325	0	0	0	1	0	1.025650
544	5335	0	0	0	0	0	1.709976
545	5349	0	0	0	0	0	1.181443
546	5365	0	0	0	2	0	2.436280
547	5378	0	0	0	2	0	2.576758
548	5385	0	0	0	2	0	1.579988
549	5393	0	0	0	2	0	2.621165
550	5403	0	0	0	0	0	2.217814
551	5412	0	0	0	2	0	2.522295
552	5424	0	0	0	1	0	1.639451
553	5431	0	0	0	0	0	2.696996
554	5442	0	0	0	1	0	1.047125
555	5452	0	0	0	2	0	1.479984
556	5461	0	0	0	1	0	2.474266
557	5471	0	0	0	0	0	1.024347
558	5481	0	0	0	0	0	1.836826
559	5493	0	0	0	1	0	2.609952
560	5504	0	0	0	1	0	1.193408
561	5518	0	0	0	2	0	1.661882
562	5522	0	0	0	0	0	2.570661
563	5533	0	0	0	1	0	1.252313
564	5546	0	0	0	1	0	1.873940
565	5556	0	0	0	0	0	2.706249
566	5560	0	0	0	1	0	2.107160
567	5569	0	0	0	1	0	2.968894
568	5576	0	0	0	0	0	2.016830
569	5587	0	0	0	1	0	1.210996
570	5597	0	0	0	1	0	1.322536
571	5607	0	0	0	2	0	2.098845
572	5616	0	0	0	2	0	1.437710
573	5623	0	0	0	2	0	2.678181
574	5636	0	0	0	1	0	1.845908
575	5647	0	0	0	2	0	1.650869
576	5660	0	0	0	0	0	2.274505
577	5670	0	0	0	1	0	1.153096
578	5677	0	0	0	2	0	1.863401
579	5687	0	0	0	1	0	2.985407
580	5697	0	0	0	1	0	2.140280
581	5708	0	0	0	0	0	2.545833
582	5715	0	0	0	0	0	1.724362
583	5725	0	0	0	2	0	2.315317
584	5731	0	0	0	1	0	2.015696
585	5734	0	0	0	1	0	2.872622
586	5748	0	0	0	0	0	1.366080
587	5766	0	0	0	0	0	2.970335
588	5778	0	0	0	1	0	1.709734
589	5788	0	0	0	2	0	2.421103
590	5795	0	0	0	0	0	2.714394
591	5798	0	0	0	2	0	2.783015
592	5807	0	0	0	0	0	1.288847
593	5818	0	0	0	1	0	1.802553
594	5832	0	0	0	0	0	2.576444
595	5841	0	0	0	1	0	2.484462
596	5850	0	0	0	0	0	1.232854
597	5864	0	0	0	0	0	1.928782
598	5875	0	0	0	0	0	2.541139
599	5888	0	0	0	2	0	2.086754
600	5898	0	0	0	2	0	2.776625
601	5905	0	0	0	0	0	2.933287
602	5916	0	0	0	1	0	1.655586
603	5925	0	0	0	1	0	1.381232
604	5938	0	0	0	0	0	1.788405
605	5950	0	0	0	0	0	1.723014
606	5959	0	0	0	1	0	1.835929
607	5970	0	0	0	0	0	1.401652
608	5982	0	0	0	0	0	2.573281
609	5990	0	0	0	0	0	2.214216
610	5999	0	0	0	1	0	2.309864
611	6010	0	0	0	0	0	2.000506
612	6019	0	0	0	0	0	2.831975
613	6028	0	0	0	0	0	1.528631
614	6034	0	0	0	0	0	1.405793
615	6043	0	0	0	0	0	1.479157
616	6051	0	0	0	1	0	1.621344
617	6065	0	0	0	2	0	2.198436
618	6079	0	0	0	1	0	1.180767
619	6090	0	0	0	2	0	1.278070
620	6102	0	0	0	0	0	1.911448
621	6113	0	0	0	2	0	2.795296
622	6126	0	0	0	1	0	1.712629
623	6135	0	0	0	2	0	2.952293
624	6147	0	0	0	1	0	1.316843
625	6150	0	0	0	2	0	2.382721
626	6165	0	0	0	2	0	1.634391
627	6173	0	0	0	0	0	1.304706
628	6187	0	0	0	0	0	2.322449
629	6196	0	0	0	2	0	2.228758
630	6206	0	0	0	0	0	2.110387
631	6222	0	0	0	2	0	1.743962
632	6237	0	0	0	1	0	1.062770
633	6248	0	0	0	0	0	2.722396
634	6261	0	0	0	0	0	1.104072
635	6267	0	0	0	2	0	2.996202
636	6276	0	0	0	0	0	1.121803
637	6289	0	0	0	1	0	2.316802
638	6303	0	0	0	1	0	2.982851
639	6313	0	0	0	2	0	2.693232
640	6322	0	0	0	2	0	2.662162
641	6335	0	0	0	0	0	2.199504
642	6343	0	0	0	0	0	2.305765
643	6353	0	0	0	0	0	2.812919
644	6362	0	0	0	0	0	2.249598
645	6371	0	0	0	2	0	1.021594
646	6377	0	0	0	1	0	1.608064
647	6385	0	0	0	0	0	2.630352
648	6396	0	0	0	0	0	1.286895
649	6413	0	0	0	2	0	1.758459
650	6425	0	0	0	1	0	2.323114
651	6435	0	0	0	2	0	1.892309
652	6441	0	0	0	0	0	2.261338
653	6451	0	0	0	1	0	2.142832
654	6460	0	0	0	2	0	1.489083
655	6472	0	0	0	1	0	2.616934
656	6486	0	0	0	1	0	2.909106
657	6499	0	0	0	2	0	2.999991
658	6507	0	0	0	0	0	1.194295
659	6516	0	0	0	0	0	2.814466
660	6522	0	0	0	1	0	1.089264
661	6532	0	0	0	0	0	1.129074
662	6541	0	0	0	2	0	1.677860
663	6548	0	0	0	2	0	2.798391
664	6565	0	0	0	2	0	2.213064
665	6573	0	0	0	0	0	2.025948
666	6586	0	0	0	0	0	2.233248
667	6597	0	0	0	2	0	2.956765
668	6603	0	0	0	0	0	1.513302
669	6613	0	0	0	0	0	1.885710
670	6628	0	0	0	2	0	1.767221
671	6638	0	0	0	1	0	2.819996
672	6651	0	0	0	0	0	2.243541
673	6663	0	0	0	1	0	1.343619
674	6672	0	0	0	0	0	1.933150
675	6689	0	0	0	0	0	1.261732
676	6701	0	0	0	1	0	1.350958
677	6711	0	0	0	0	0	2.808892
678	6726	0	0	0	0	0	1.265886
679	6735	0	0	0	0	0	1.008835
680	6746	0	0	0	2	0	2.796199
681	6755	0	0	0	0	0	1.951091
682	6768	0	0	0	0	0	1.365821
683	6777	0	0	0	1	0	2.301727
684	6779	0	0	0	1	0	1.901640
685	6790	0	0	0	1	0	2.654644
686	6798	0	0	0	0	0	2.177671
687	6809	0	0	0	0	0	2.379830
688	6817	0	0	0	1	0	1.261111
689	6827	0	0	0	2	0	1.015809
690	6835	0	0	0	0	0	1.458391
691	6852	0	0	0	1	0	2.678120
692	6863	0	0	0	1	0	2.804071
693	6876	0	0	0	1	0	2.514103
694	6885	0	0	0	1	0	1.606608
695	6890	0	0	0	2	0	1.294650
696	6901	0	0	0	0	0	2.604176
697	6917	0	0	0	2	0	2.768435
698	6924	0	0	0	0	0	1.744192
699	6932	0	0	0	1	0	2.044750
700	6942	0	0	0	2	0	2.555817
701	6952	0	0	0	1	0	2.044616
702	6965	0	0	0	0	0	2.331143
703	6977	0	0	0	0	0	2.658938
704	6988	0	0	0	2	0	1.371620
705	6997	0	0	0	2	0	1.402340
706	7009	0	0	0	0	0	1.012830
707	7014	0	0	0	0	0	2.554049
708	7027	0	0	0	2	0	1.834890
709	7041	0	0	0	1	0	1.121238
710	7046	0	0	0	1	0	2.421929
711	7056	0	0	0	0	0	1.533161
712	7068	0	0	0	0	0	1.406028
713	7078	0	0	0	0	0	2.406348
714	7083	0	0	0	1	0	1.835850
715	7095	0	0	0	2	0	2.596173
716	7103	0	0	0	1	0	2.341962
717	7112	0	0	0	0	0	2.250887
718	7119	0	0	0	1	0	1.702778
719	7131	0	0	0	2	0	2.958748
720	7143	0	0	0	0	0	2.034604
721	7151	0	0	0	0	0	1.388738
722	7161	0	0	0	1	0	2.699271
723	7171	0	0	0	1	0	1.770272
724	7176	0	0	0	1	0	2.115844
725	7194	0	0	0	0	0	2.342597
726	7205	0	0	0	1	0	2.745179
727	7215	0	0	0	2	0	2.927768
728	7229	0	0	0	1	0	2.658798
729	7242	0	0	0	2	0	2.682461
730	7250	0	0	0	1	0	2.043506
731	7262	0	0	0	0	0	2.297753
732	7271	0	0	0	1	0	2.489816
733	7283	0	0	0	2	0	1.950838
734	7287	0	0	0	1	0	2.339757
735	7294	0	0	0	2	0	2.028194
736	7301	0	0	0	1	0	1.418486
737	7309	0	0	0	0	0	2.523466
738	7312	0	0	0	1	0	2.897181
739	7316	0	0	0	1	0	1.374522
740	7328	0	0	0	0	0	2.076726
741	7331	0	0	0	2	0	2.425722
742	7344	0	0	0	1	0	2.954671
743	7348	0	0	0	1	0	2.069601
744	7359	0	0	0	0	0	1.176860
745	7371	0	0	0	1	0	1.112297
746	7384	0	0	0	2	0	1.472086
747	7400	0	0	0	1	0	1.598188
748	7411	0	0	0	0	0	2.741490
749	7418	0	0	0	2	0	1.604770
750	7425	0	0	0	1	0	2.146777
751	7436	0	0	0	1	0	1.402113
752	7442	0	0	0	1	0	1.759518
753	7452	0	0	0	2	0	2.918262
754	7465	0	0	0	2	0	1.648618
755	7480	0	0	0	2	0	1.066428
756	7489	0	0	0	1	0	2.514290
757	7498	0	0	0	1	0	1.737384
758	7510	0	0	0	1	0	2.663478
759	7520	0	0	0	1	0	2.951368
760	7527	0	0	0	2	0	2.283516
761	7534	0	0	0	1	0	1.703427
762	7542	0	0	0	0	0	2.508855
763	7554	0	0	0	0	0	2.189615
764	7566	0	0	0	0	0	1.696545
765	7580	0	0	0	0	0	2.369402
766	7589	0	0	0	2	0	1.236380
767	7601	0	0	0	1	0	2.715966
768	7610	0	0	0	0	0	2.331624
769	7624	0	0	0	0	0	1.980538
770	7636	0	0	0	0	0	2.037228
771	7648	0	0	0	1	0	1.578421
772	7665	0	0	0	0	0	2.029840
773	7669	0	0	0	1	0	1.346156
774	7681	0	0	0	0	0	2.596969
775	7690	0	0	0	1	0	1.959141
776	7699	0	0	0	0	0	1.544966
777	7709	0	0	0	1	0	1.826532
778	7720	0	0	0	2	0	1.402025
779	7730	0	0	0	0	0	2.012937
780	7736	0	0	0	1	0	2.264037
781	7744	0	0	0	2	0	1.302103
782	7757	0	0	0	1	0	1.529248
783	7767	0	0	0	0	0	1.704988
784	7781	0	0	0	2	0	1.747588
785	7792	0	0	0	1	0	2.305665
786	7802	0	0	0	2	0	1.445645
787	7809	0	0	0	2	0	2.681820
788	7812	0	0	0	2	0	2.751575
789	7820	0	0	0	2	0	1.318386
790	7838	0	0	0	0	0	2.333622
791	7856	0	0	0	1	0	1.080799
792	7868	0	0	0	1	0	2.263343
793	7877	0	0	0	0	0	1.390109
794	7884	0	0	0	2	0	1.650714
795	7891	0	0	0	1	0	1.741700
796	7897	0	0	0	2	0	1.032471
797	7904	0	0	0	2	0	1.759407
798	7920	0	0	0	0	0	1.638472
799	7931	0	0	0	0	0	2.001291
800	7940	0	0	0	1	0	1.828402
801	7944	0	0	0	0	0	2.157032
802	7957	0	0	0	1	0	1.565602
803	7965	0	0	0	0	0	1.083953
804	7975	0	0	0	1	0	1.058239
805	7983	0	0	0	1	0	1.085432
806	7988	0	0	0	1	0	2.124670
807	7997	0	0	0	0	0	2.720921
808	8008	0	0	0	2	0	1.700716
809	8020	0	0	0	2	0	1.466080
810	8032	0	0	0	1	0	1.029950
811	8043	0	0	0	0	0	1.656363
812	8057	0	0	0	2	0	1.647423
813	8069	0	0	0	1	0	1.532378
814	8080	0	0	0	2	0	2.016215
815	8092	0	0	0	1	0	1.846522
816	8101	0	0	0	2	0	2.328966
817	8112	0	0	0	2	0	1.909190
818	8123	0	0	0	0	0	2.269016
819	8135	0	0	0	0	0	1.160018
820	8143	0	0	0	1	0	2.900581
821	8154	0	0	0	1	0	2.824329
822	8162	0	0	0	2	0	1.012060
823	8168	0	0	0	1	0	2.727116
824	8177	0	0	0	1	0	2.359606
825	8187	0	0	0	2	0	2.560245
826	8195	0	0	0	0	0	2.070733
827	8204	0	0	0	0	0	2.923542
828	8216	0	0	0	0	0	1.878077
829	8226	0	0	0	0	0	1.572811
830	8236	0	0	0	1	0	1.009035
831	8241	0	0	0	2	0	1.015149
832	8247	0	0	0	1	0	2.748186
833	8259	0	0	0	0	0	2.773747
834	8272	0	0	0	0	0	1.175785
835	8282	0	0	0	2	0	2.012539
836	8298	0	0	0	0	0	1.369441
837	8311	0	0	0	0	0	2.371161
838	8321	0	0	0	0	0	2.738621
839	8330	0	0	0	0	0	1.172536
840	8338	0	0	0	0	0	2.138986
841	8348	0	0	0	0	0	1.667922
842	8361	0	0	0	1	0	2.415708
843	8368	0	0	0	1	0	1.029766
844	8388	0	0	0	0	0	2.042475
845	8395	0	0	0	0	0	2.470048
846	8409	0	0	0	1	0	1.159009
847	8423	0	0	0	0	0	1.438322
848	8430	0	0	0	2	0	2.217179
849	8439	0	0	0	0	0	2.764595
850	8450	0	0	0	2	0	1.240588
851	8459	0	0	0	0	0	1.545739
852	8470	0	0	0	2	0	1.504376
853	8477	0	0	0	0	0	1.128561
854	8487	0	0	0	0	0	2.145409
855	8502	0	0	0	0	0	1.914524
856	8512	0	0	0	0	0	1.996154
857	8522	0	0	0	0	0	1.461031
858	8533	0	0	0	2	0	2.232696
859	8543	0	0	0	0	0	1.189228
860	8552	0	0	0	2	0	2.903436
861	8558	0	0	0	1	0	1.384356
862	8566	0	0	0	0	0	2.647137
863	8574	0	0	0	0	0	2.439963
864	8585	0	0	0	0	0	2.536583
865	8595	0	0	0	2	0	1.112780
866	8609	0	0	0	0	0	1.181094
867	8619	0	0	0	0	0	1.110966
868	8626	0	0	0	0	0	2.273556
869	8635	0	0	0	0	0	2.407487
870	8643	0	0	0	1	0	1.685293
871	8653	0	0	0	1	0	1.245961
872	8657	0	0	0	2	0	1.757413
873	8666	0	0	0	2	0	2.635358
874	8674	0	0	0	0	0	1.909560
875	8686	0	0	0	0	0	2.622495
876	8698	0	0	0	0	0	2.244211
877	8704	0	0	0	0	0	2.933716
878	8712	0	0	0	0	0	1.129333
879	8726	0	0	0	2	0	2.048241
880	8736	0	0	0	0	0	1.455035
881	8747	0	0	0	2	0	1.590304
882	8756	0	0	0	1	0	2.999787
883	8769	0	0	0	2	0	2.187859
884	8783	0	0	0	0	0	1.283082
885	8788	0	0	0	0	0	1.430865
886	8799	0	0	0	0	0	1.545732
887	8808	0	0	0	0	0	2.623837
888	8824	0	0	0	1	0	1.126210
889	8831	0	0	0	2	0	2.285549
890	8845	0	0	0	0	0	2.291081
891	8850	0	0	0	2	0	1.046243
892	8860	0	0	0	1	0	2.935389
893	8871	0	0	0	1	0	1.605658
894	8878	0	0	0	1	0	2.497012
895	8883	0	0	0	0	0	1.146035
896	8891	0	0	0	1	0	1.665505
897	8902	0	0	0	0	0	2.236517
898	8919	0	0	0	1	0	2.970036
899	8929	0	0	0	0	0	1.139618
900	8937	0	0	0	1	0	2.152751
901	8946	0	0	0	1	0	2.694729
902	8951	0	0	0	1	0	1.011511
903	8958	0	0	0	1	0	1.860513
904	8973	0	0	0	1	0	2.877090
905	8982	0	0	0	0	0	2.970804
906	8993	0	0	0	0	0	1.764149
907	9002	0	0	0	0	0	2.501335
908	9008	0	0	0	2	0	1.116079
909	9018	0	0	0	1	0	1.737712
910	9028	0	0	0	0	0	1.414475
911	9039	0	0	0	2	0	2.601404
912	9044	0	0	0	2	0	1.888803
913	9054	0	0	0	1	0	1.276458
914	9059	0	0	0	2	0	1.952229
915	9066	0	0	0	0	0	2.199197
916	9076	0	0	0	0	0	2.448228
917	9095	0	0	0	0	0	1.245054
918	9101	0	0	0	1	0	2.213510
919	9112	0	0	0	2	0	1.479808
920	9120	0	0	0	2	0	2.329496
921	9128	0	0	0	2	0	2.053657
922	9135	0	0	0	0	0	2.698531
923	9144	0	0	0	0	0	2.199510
924	9157	0	0	0	1	0	1.162251
925	9168	0	0	0	0	0	1.083767
926	9181	0	0	0	0	0	2.110092
927	9197	0	0	0	2	0	2.906732
928	9207	0	0	0	1	0	2.710203
929	9216	0	0	0	1	0	1.490540
930	9224	0	0	0	0	0	1.387363
931	9239	0	0	0	1	0	1.553422
932	9246	0	0	0	1	0	1.683445
933	9259	0	0	0	1	0	1.788945
934	9271	0	0	0	0	0	2.730433
935	9279	0	0	0	1	0	2.385000
936	9293	0	0	0	0	0	2.723449
937	9308	0	0	0	0	0	2.509931
938	9321	0	0	0	0	0	1.245779
939	9332	0	0	0	1	0	1.047074
940	9338	0	0	0	2	0	2.651526
941	9351	0	0	0	1	0	2.473612
942	9356	0	0	0	2	0	2.114735
943	9369	0	0	0	0	0	2.463699
944	9378	0	0	0	1	0	1.796962
945	9387	0	0	0	0	0	1.066753
946	9399	0	0	0	2	0	1.472270
947	9413	0	0	0	0	0	2.461739
948	9436	0	0	0	1	0	2.280216
949	9448	0	0	0	2	0	2.141210
950	9457	0	0	0	0	0	2.524529
951	9470	0	0	0	0	0	2.759670
952	9475	0	0	0	0	0	1.900289
953	9487	0	0	0	2	0	1.644919
954	9499	0	0	0	1	0	1.193068
955	9507	0	0	0	1	0	2.706988
956	9523	0	0	0	1	0	2.270446
957	9536	0	0	0	0	0	2.993534
958	9544	0	0	0	1	0	2.782985
959	9555	0	0	0	1	0	1.349001
960	9566	0	0	0	2	0	1.182121
961	9580	0	0	0	2	0	2.669710
962	9592	0	0	0	2	0	2.365188
963	9603	0	0	0	1	0	2.952000
964	9612	0	0	0	1	0	1.219092
965	9622	0	0	0	2	0	2.896896
966	9634	0	0	0	0	0	1.370413
967	9655	0	0	0	2	0	2.363092
968	9662	0	0	0	1	0	1.384863
969	9678	0	0	0	1	0	2.681506
970	9688	0	0	0	2	0	2.300096
971	9695	0	0	0	0	0	1.892158
972	9707	0	0	0	1	0	2.931304
973	9713	0	0	0	1	0	2.532268
974	9718	0	0	0	2	0	2.158751
975	9727	0	0	0	0	0	2.607715
976	9737	0	0	0	1	0	1.945913
977	9742	0	0	0	0	0	2.645614
978	9747	0	0	0	0	0	2.168558
979	9754	0	0	0	2	0	1.794961
980	9767	0	0	0	0	0	2.666032
981	9777	0	0	0	1	0	2.306300
982	9784	0	0	0	2	0	2.475435
983	9792	0	0	0	2	0	2.073727
984	9803	0	0	0	2	0	1.746094
985	9819	0	0	0	0	0	1.685604
986	9827	0	0	0	2	0	1.599245
987	9838	0	0	0	1	0	2.757462
988	9850	0	0	0	0	0	1.153790
989	9861	0	0	0	1	0	2.571214
990	9872	0	0	0	1	0	1.358734
991	9878	0	0	0	0	0	1.698472
992	9884	0	0	0	2	0	1.260139
993	9890	0	0	0	0	0	1.408921
994	9899	0	0	0	1	0	2.096819
995	9910	0	0	0	2	0	1.542925
996	9920	0	0	0	1	0	1.644136
997	9934	0	0	0	2	0	2.770863
998	9946	0	0	0	1	0	2.286200
999	9958	0	0	0	1	0	2.575008
