0	1	0	0	0	1	0	2.128864
1	12	0	0	0	0	0	1.171518
2	28	0	0	0	2	0	2.520346
3	37	0	0	0	1	0	1.540804
4	42	0	0	0	1	0	1.660532
5	51	0	0	0	0	0	2.448294
6	61	0	0	0	1	0	2.404963
7	70	0	0	0	1	0	2.993829
8	79	0	0	0	1	0	1.400197
9	85	0	0	0	1	0	1.551919
10	93	0	0	0	2	0	1.809233
11	105	0	0	0	1	0	2.116057
12	117	0	0	0	2	0	1.116759
13	129	0	0	0	0	0	2.412785
14	137	0	0	0	1	0	2.870054
15	148	0	0	0	0	0	2.265451
16	156	0	0	0	0	0	1.754760
17	163	0	0	0	0	0	2.202224
18	179	0	0	0	2	0	2.988236
19	185	0	0	0	0	0	1.268536
20	193	0	0	0	0	0	1.824621
21	203	0	0	0	0	0	2.059377
22	208	0	0	0	1	0	2.934695
23	217	0	0	0	2	0	1.090329
24	224	0	0	0	0	0	2.739710
25	231	0	0	0	1	0	1.379917
26	242	0	0	0	2	0	1.097734
27	253	0	0	0	2	0	2.079351
28	265	0	0	0	1	0	2.400655
29	272	0	0	0	0	0	1.048643
30	279	0	0	0	2	0	2.375516
31	286	0	0	0	2	0	1.510138
32	297	0	0	0	1	0	2.624026
33	305	0	0	0	1	0	1.237527
34	313	0	0	0	2	0	1.891444
35	323	0	0	0	1	0	1.246310
36	333	0	0	0	1	0	2.750419
37	344	0	0	0	1	0	1.808732
38	351	0	0	0	0	0	2.415079
39	359	0	0	0	0	0	2.969657
40	368	0	0	0	2	0	2.024384
41	377	0	0	0	1	0	2.388494
42	388	0	0	0	0	0	1.178044
43	395	0	0	0	0	0	2.509793
44	404	0	0	0	0	0	1.796524
45	412	0	0	0	0	0	2.908293
46	418	0	0	0	1	0	1.110551
47	430	0	0	0	0	0	1.158056
48	444	0	0	0	0	0	2.253034
49	456	0	0	0	2	0	2.383721
50	470	0	0	0	2	0	1.818653
51	479	0	0	0	0	0	1.382451
52	491	0	0	0	2	0	2.134493
53	500	0	0	0	1	0	2.009474
54	514	0	0	0	0	0	1.097723
55	527	0	0	0	2	0	1.138951
56	535	0	0	0	1	0	2.513074
57	543	0	0	0	2	0	1.317828
58	553	0	0	0	1	0	2.632563
59	563	0	0	0	2	0	1.857933
60	567	0	0	0	0	0	1.042583
61	575	0	0	0	1	0	1.562027
62	582	0	0	0	1	0	1.926404
63	595	0	0	0	0	0	1.759739
64	609	0	0	0	1	0	1.299559
65	617	0	0	0	0	0	1.437308
66	620	0	0	0	0	0	2.419297
67	631	0	0	0	1	0	1.995945
68	640	0	0	0	1	0	2.975982
69	647	0	0	0	0	0	2.774490
70	659	0	0	0	1	0	1.361124
71	671	0	0	0	2	0	1.760269
72	678	0	0	0	2	0	1.360420
73	691	0	0	0	1	0	2.339621
74	705	0	0	0	2	0	2.207665
75	721	0	0	0	2	0	1.761077
76	731	0	0	0	1	0	2.908149
77	742	0	0	0	2	0	1.759432
78	750	0	0	0	1	0	2.472983
79	758	0	0	0	1	0	2.301835
80	768	0	0	0	1	0	2.629711
81	775	0	0	0	0	0	2.275264
82	781	0	0	0	0	0	1.620943
83	796	0	0	0	2	0	1.801244
84	802	0	0	0	0	0	1.825638
85	813	0	0	0	1	0	1.791849
86	823	0	0	0	0	0	1.838828
87	834	0	0	0	0	0	1.479649
88	846	0	0	0	2	0	1.032139
89	859	0	0	0	0	0	2.128862
90	869	0	0	0	0	0	1.627750
91	876	0	0	0	1	0	1.571387
92	890	0	0	0	1	0	2.521800
93	898	0	0	0	2	0	1.405392
94	907	0	0	0	2	0	2.981903
95	916	0	0	0	2	0	1.550890
96	930	0	0	0	2	0	1.549663
97	934	0	0	0	2	0	2.397517
98	941	0	0	0	1	0	1.090399
99	952	0	0	0	1	0	1.604289
100	965	0	0	0	0	0	1.713679
101	976	0	0	0	2	0	1.779692
102	980	0	0	0	1	0	2.562597
103	984	0	0	0	0	0	2.422815
104	998	0	0	0	1	0	2.699968
105	1008	0	0	0	2	0	2.601720
106	1019	0	0	0	0	0	2.889149
107	1029	0	0	0	0	0	1.470403
108	1044	0	0	0	1	0	1.104914
109	1056	0	0	0	1	0	1.265665
110	1068	0	0	0	0	0	1.254491
111	1080	0	0	0	0	0	2.701104
112	1094	0	0	0	1	0	2.880766
113	1104	0	0	0	2	0	2.414423
114	1114	0	0	0	0	0	2.103317
115	1124	0	0	0	0	0	2.773085
116	1131	0	0	0	0	0	1.215578
117	1146	0	0	0	1	0	2.269623
118	1156	0	0	0	0	0	2.414869
119	1166	0	0	0	0	0	1.683456
120	1181	0	0	0	1	0	1.204245
121	1195	0	0	0	0	0	1.604988
122	1207	0	0	0	2	0	1.457070
123	1217	0	0	0	1	0	2.282293
124	1229	0	0	0	1	0	2.486048
125	1246	0	0	0	1	0	2.050237
126	1256	0	0	0	1	0	1.525752
127	1262	0	0	0	1	0	1.462255
128	1272	0	0	0	1	0	1.257262
129	1279	0	0	0	1	0	1.001172
130	1285	0	0	0	2	0	1.298276
131	1288	0	0	0	1	0	2.862250
132	1296	0	0	0	0	0	2.472789
133	1310	0	0	0	2	0	1.692488
134	1318	0	0	0	0	0	1.944162
135	1327	0	0	0	0	0	2.927780
136	1339	0	0	0	1	0	2.245062
137	1347	0	0	0	0	0	1.785155
138	1360	0	0	0	0	0	2.018464
139	1373	0	0	0	0	0	1.049901
140	1388	0	0	0	1	0	1.145134
141	1407	0	0	0	0	0	2.558652
142	1419	0	0	0	0	0	2.991559
143	1428	0	0	0	0	0	2.324622
144	1437	0	0	0	2	0	1.972263
145	1447	0	0	0	2	0	1.037799
146	1457	0	0	0	0	0	1.294316
147	1462	0	0	0	1	0	2.957391
148	1468	0	0	0	2	0	1.296647
149	1474	0	0	0	0	0	1.726953
150	1479	0	0	0	1	0	2.931765
151	1494	0	0	0	1	0	1.115328
152	1507	0	0	0	2	0	2.882631
153	1517	0	0	0	2	0	2.690742
154	1529	0	0	0	2	0	1.821956
155	1538	0	0	0	2	0	1.762318
156	1546	0	0	0	1	0	1.562068
157	1561	0	0	0	2	0	1.746956
158	1574	0	0	0	1	0	2.779239
159	1579	0	0	0	1	0	2.916177
160	1591	0	0	0	1	0	2.158943
161	1599	0	0	0	2	0	2.805812
162	1610	0	0	0	1	0	2.719036
163	1617	0	0	0	2	0	1.371402
164	1625	0	0	0	1	0	1.455399
165	1634	0	0	0	1	0	1.915189
166	1651	0	0	0	1	0	2.678553
167	1663	0	0	0	1	0	2.990551
168	1672	0	0	0	1	0	1.636341
169	1681	0	0	0	0	0	1.634384
170	1693	0	0	0	0	0	1.034583
171	1705	0	0	0	1	0	1.982071
172	1710	0	0	0	0	0	2.035501
173	1725	0	0	0	1	0	1.186431
174	1733	0	0	0	2	0	2.759482
175	1740	0	0	0	0	0	1.726919
176	1751	0	0	0	2	0	2.126540
177	1768	0	0	0	1	0	2.252662
178	1778	0	0	0	2	0	2.062676
179	1792	0	0	0	0	0	1.853227
180	1800	0	0	0	2	0	2.351269
181	1809	0	0	0	0	0	1.488566
182	1824	0	0	0	0	0	1.380448
183	1839	0	0	0	1	0	1.909544
184	1849	0	0	0	2	0	2.766598
185	1865	0	0	0	1	0	2.773565
186	1873	0	0	0	2	0	2.692764
187	1883	0	0	0	2	0	1.086263
188	1889	0	0	0	1	0	2.701018
189	1899	0	0	0	1	0	1.316267
190	1915	0	0	0	0	0	2.848189
191	1922	0	0	0	0	0	2.455724
192	1928	0	0	0	2	0	1.944685
193	1939	0	0	0	0	0	1.034109
194	1955	0	0	0	0	0	2.095396
195	1967	0	0	0	0	0	1.583946
196	1972	0	0	0	0	0	2.414947
197	1977	0	0	0	0	0	2.266953
198	1991	0	0	0	2	0	1.130515
199	2000	0	0	0	0	0	1.641974
200	2005	0	0	0	1	0	2.435712
201	2012	0	0	0	0	0	1.546315
202	2023	0	0	0	1	0	1.955852
203	2032	0	0	0	2	0	2.699825
204	2040	0	0	0	0	0	1.964665
205	2048	0	0	0	1	0	1.509853
206	2059	0	0	0	2	0	2.062311
207	2066	0	0	0	1	0	2.748577
208	2072	0	0	0	1	0	2.821314
209	2079	0	0	0	1	0	1.343199
210	2090	0	0	0	1	0	1.167457
211	2099	0	0	0	1	0	1.645357
212	2105	0	0	0	1	0	1.265465
213	2112	0	0	0	2	0	2.408230
214	2127	0	0	0	1	0	1.983194
215	2134	0	0	0	0	0	1.756957
216	2144	0	0	0	2	0	1.503084
217	2153	0	0	0	0	0	2.914339
218	2159	0	0	0	2	0	2.076985
219	2173	0	0	0	0	0	2.692041
220	2194	0	0	0	0	0	1.075772
221	2204	0	0	0	0	0	1.076368
222	2214	0	0	0	1	0	2.149553
223	2223	0	0	0	1	0	1.240012
224	2233	0	0	0	1	0	2.381853
225	2247	0	0	0	2	0	2.670473
226	2255	0	0	0	1	0	2.689817
227	2263	0	0	0	0	0	1.854832
228	2274	0	0	0	0	0	1.432472
229	2288	0	0	0	1	0	1.553252
230	2299	0	0	0	2	0	2.859146
231	2305	0	0	0	1	0	2.785867
232	2318	0	0	0	0	0	1.879728
233	2326	0	0	0	2	0	1.096582
234	2339	0	0	0	0	0	2.136253
235	2346	0	0	0	1	0	1.963406
236	2355	0	0	0	0	0	1.087895
237	2366	0	0	0	2	0	2.572030
238	2375	0	0	0	0	0	2.164388
239	2386	0	0	0	0	0	1.686284
240	2396	0	0	0	1	0	1.480915
241	2406	0	0	0	2	0	1.715740
242	2411	0	0	0	2	0	1.036113
243	2421	0	0	0	1	0	1.707502
244	2436	0	0	0	1	0	1.138134
245	2445	0	0	0	0	0	2.311205
246	2454	0	0	0	0	0	1.983671
247	2465	0	0	0	0	0	2.658617
248	2474	0	0	0	1	0	2.250383
249	2482	0	0	0	0	0	1.835952
250	2491	0	0	0	0	0	1.107367
251	2499	0	0	0	0	0	2.140399
252	2510	0	0	0	0	0	1.011417
253	2518	0	0	0	1	0	2.869972
254	2525	0	0	0	0	0	1.956078
255	2533	0	0	0	1	0	1.651587
256	2540	0	0	0	1	0	1.626972
257	2553	0	0	0	0	0	1.572050
258	2564	0	0	0	0	0	2.341655
259	2575	0	0	0	1	0	2.368257
260	2587	0	0	0	1	0	2.205109
261	2590	0	0	0	2	0	1.711358
262	2596	0	0	0	1	0	2.672871
263	2611	0	0	0	2	0	1.969375
264	2620	0	0	0	2	0	1.697452
265	2634	0	0	0	2	0	2.993356
266	2639	0	0	0	0	0	2.820492
267	2651	0	0	0	0	0	1.266756
268	2662	0	0	0	0	0	1.904178
269	2675	0	0	0	1	0	1.897146
270	2682	0	0	0	1	0	1.931943
271	2693	0	0	0	1	0	2.489485
272	2702	0	0	0	1	0	2.285511
273	2717	0	0	0	0	0	1.356135
274	2726	0	0	0	2	0	2.408857
275	2733	0	0	0	2	0	1.581813
276	2740	0	0	0	1	0	2.186206
277	2751	0	0	0	1	0	1.205707
278	2763	0	0	0	0	0	2.298934
279	2768	0	0	0	1	0	2.716270
280	2785	0	0	0	2	0	1.293666
281	2794	0	0	0	2	0	2.138491
282	2800	0	0	0	1	0	2.391142
283	2806	0	0	0	2	0	2.063038
284	2820	0	0	0	1	0	1.024150
285	2826	0	0	0	0	0	2.230555
286	2842	0	0	0	0	0	2.333841
287	2850	0	0	0	1	0	1.960980
288	2860	0	0	0	1	0	1.684022
289	2874	0	0	0	1	0	2.844621
290	2878	0	0	0	0	0	2.811035
291	2885	0	0	0	0	0	2.788371
292	2888	0	0	0	0	0	1.487990
293	2901	0	0	0	0	0	2.582761
294	2912	0	0	0	1	0	1.042059
295	2926	0	0	0	2	0	1.563337
296	2937	0	0	0	0	0	2.139951
297	2950	0	0	0	1	0	2.592393
298	2957	0	0	0	2	0	1.187419
299	2970	0	0	0	0	0	2.829207
300	2984	0	0	0	1	0	2.414903
301	2991	0	0	0	1	0	2.876449
302	3000	0	0	0	0	0	1.703332
303	3011	0	0	0	0	0	2.181060
304	3026	0	0	0	2	0	2.665770
305	3039	0	0	0	0	0	2.566317
306	3053	0	0	0	2	0	2.464516
307	3061	0	0	0	2	0	1.546571
308	3070	0	0	0	1	0	2.018189
309	3080	0	0	0	2	0	1.178305
310	3085	0	0	0	0	0	2.743189
311	3093	0	0	0	1	0	1.006507
312	3099	0	0	0	0	0	1.106749
313	3107	0	0	0	1	0	2.435058
314	3117	0	0	0	1	0	2.054471
315	3128	0	0	0	2	0	1.989139
316	3133	0	0	0	1	0	1.469617
317	3148	0	0	0	0	0	1.829745
318	3161	0	0	0	0	0	2.030503
319	3173	0	0	0	0	0	2.755914
320	3183	0	0	0	1	0	1.850597
321	3194	0	0	0	0	0	1.125588
322	3198	0	0	0	1	0	2.369258
323	3204	0	0	0	2	0	2.069596
324	3218	0	0	0	0	0	1.809364
325	3223	0	0	0	1	0	1.630620
326	3229	0	0	0	1	0	2.096702
327	3247	0	0	0	2	0	2.347560
328	3258	0	0	0	2	0	1.975589
329	3273	0	0	0	1	0	1.168207
330	3278	0	0	0	1	0	1.754621
331	3291	0	0	0	1	0	1.149735
332	3298	0	0	0	2	0	1.229998
333	3304	0	0	0	1	0	2.698742
334	3321	0	0	0	2	0	2.737026
335	3333	0	0	0	2	0	1.010620
336	3347	0	0	0	0	0	1.085842
337	3361	0	0	0	0	0	2.427207
338	3371	0	0	0	2	0	1.581286
339	3387	0	0	0	2	0	1.566268
340	3395	0	0	0	1	0	2.560458
341	3408	0	0	0	1	0	2.307044
342	3418	0	0	0	2	0	2.812534
343	3434	0	0	0	1	0	2.183675
344	3445	0	0	0	2	0	1.855526
345	3455	0	0	0	1	0	2.882557
346	3471	0	0	0	1	0	2.253908
347	3481	0	0	0	1	0	2.439196
348	3487	0	0	0	1	0	2.268165
349	3498	0	0	0	0	0	2.771318
350	3514	0	0	0	1	0	1.704570
351	3524	0	0	0	1	0	1.918518
352	3534	0	0	0	0	0	1.538750
353	3546	0	0	0	0	0	1.934524
354	3560	0	0	0	0	0	2.175436
355	3577	0	0	0	0	0	1.070851
356	3595	0	0	0	0	0	1.251388
357	3602	0	0	0	0	0	1.813749
358	3610	0	0	0	0	0	2.105494
359	3623	0	0	0	0	0	1.102213
360	3631	0	0	0	0	0	2.972111
361	3638	0	0	0	0	0	2.469810
362	3645	0	0	0	0	0	1.745045
363	3658	0	0	0	1	0	1.027814
364	3670	0	0	0	0	0	2.016858
365	3678	0	0	0	1	0	2.449204
366	3701	0	0	0	0	0	2.335471
367	3713	0	0	0	2	0	1.761501
368	3722	0	0	0	1	0	2.154502
369	3730	0	0	0	0	0	2.095761
370	3743	0	0	0	0	0	2.151545
371	3751	0	0	0	2	0	1.882312
372	3758	0	0	0	0	0	2.595106
373	3764	0	0	0	0	0	2.102460
374	3776	0	0	0	1	0	1.588050
375	3783	0	0	0	2	0	1.907401
376	3794	0	0	0	0	0	2.943071
377	3809	0	0	0	2	0	1.948966
378	3816	0	0	0	1	0	2.364283
379	3823	0	0	0	0	0	1.457187
380	3826	0	0	0	2	0	2.998995
381	3834	0	0	0	1	0	1.694278
382	3839	0	0	0	0	0	2.461554
383	3849	0	0	0	0	0	1.839572
384	3861	0	0	0	0	0	2.762857
385	3876	0	0	0	0	0	2.406846
386	3883	0	0	0	0	0	2.842388
387	3892	0	0	0	0	0	2.320872
388	3902	0	0	0	0	0	1.656046
389	3920	0	0	0	0	0	1.953406
390	3930	0	0	0	0	0	1.315163
391	3938	0	0	0	1	0	1.713430
392	3945	0	0	0	1	0	2.618015
393	3954	0	0	0	0	0	2.773964
394	3964	0	0	0	0	0	2.209090
395	3976	0	0	0	0	0	1.940252
396	3988	0	0	0	1	0	1.416653
397	3998	0	0	0	0	0	1.973764
398	4006	0	0	0	0	0	2.373086
399	4016	0	0	0	1	0	1.769121
400	4025	0	0	0	0	0	1.257631
401	4037	0	0	0	2	0	1.990159
402	4044	0	0	0	2	0	2.849019
403	4050	0	0	0	2	0	1.429314
404	4061	0	0	0	1	0	2.833506
405	4074	0	0	0	0	0	1.649645
406	4084	0	0	0	1	0	2.785131
407	4100	0	0	0	2	0	2.183037
408	4118	0	0	0	1	0	2.792327
409	4127	0	0	0	0	0	1.977286
410	4134	0	0	0	0	0	2.195100
411	4140	0	0	0	2	0	1.444765
412	4149	0	0	0	0	0	2.420559
413	4162	0	0	0	2	0	2.584035
414	4174	0	0	0	2	0	2.774765
415	4180	0	0	0	1	0	2.755607
416	4190	0	0	0	1	0	1.933407
417	4200	0	0	0	2	0	2.150552
418	4209	0	0	0	1	0	2.727913
419	4219	0	0	0	0	0	2.321538
420	4226	0	0	0	1	0	1.884830
421	4237	0	0	0	1	0	1.732954
422	4246	0	0	0	1	0	2.579340
423	4253	0	0	0	0	0	2.042001
424	4264	0	0	0	1	0	1.894902
425	4273	0	0	0	1	0	1.347133
426	4279	0	0	0	1	0	1.338947
427	4289	0	0	0	2	0	2.286996
428	4301	0	0	0	0	0	1.165044
429	4307	0	0	0	1	0	1.346177
430	4318	0	0	0	0	0	1.599518
431	4328	0	0	0	2	0	2.182696
432	4338	0	0	0	1	0	2.085872
433	4348	0	0	0	1	0	1.158064
434	4359	0	0	0	2	0	1.828585
435	4376	0	0	0	1	0	1.930943
436	4383	0	0	0	0	0	2.114782
437	4389	0	0	0	2	0	2.165233
438	4397	0	0	0	2	0	1.265332
439	4404	0	0	0	2	0	1.207407
440	4413	0	0	0	1	0	2.968743
441	4425	0	0	0	0	0	1.744441
442	4437	0	0	0	0	0	1.979265
443	4449	0	0	0	0	0	1.093773
444	4454	0	0	0	0	0	2.672002
445	4468	0	0	0	1	0	2.488717
446	4479	0	0	0	0	0	2.299523
447	4490	0	0	0	0	0	1.037829
448	4500	0	0	0	0	0	1.854186
449	4514	0	0	0	2	0	2.476508
450	4521	0	0	0	0	0	2.226331
451	4528	0	0	0	0	0	1.988485
452	4538	0	0	0	2	0	2.495927
453	4549	0	0	0	1	0	1.327994
454	4564	0	0	0	2	0	1.526689
455	4573	0	0	0	1	0	1.986913
456	4588	0	0	0	2	0	1.055799
457	4596	0	0	0	0	0	1.072296
458	4604	0	0	0	0	0	1.323397
459	4621	0	0	0	0	0	1.974148
460	4630	0	0	0	2	0	1.370725
461	4642	0	0	0	1	0	2.112646
462	4651	0	0	0	2	0	1.382609
463	4658	0	0	0	0	0	2.266485
464	4671	0	0	0	2	0	2.922337
465	4685	0	0	0	0	0	2.178750
466	4700	0	0	0	1	0	2.966669
467	4711	0	0	0	2	0	2.400873
468	4720	0	0	0	2	0	1.646597
469	4731	0	0	0	0	0	2.969171
470	4746	0	0	0	0	0	2.576003
471	4754	0	0	0	1	0	2.435837
472	4765	0	0	0	0	0	1.293112
473	4776	0	0	0	1	0	2.127094
474	4792	0	0	0	2	0	1.031556
475	4802	0	0	0	0	0	1.678500
476	4810	0	0	0	2	0	1.556643
477	4816	0	0	0	0	0	1.965508
478	4831	0	0	0	1	0	2.942925
479	4848	0	0	0	0	0	1.343079
480	4862	0	0	0	0	0	2.642478
481	4875	0	0	0	2	0	2.067453
482	4888	0	0	0	0	0	2.606490
483	4895	0	0	0	1	0	1.755514
484	4907	0	0	0	0	0	1.842521
485	4918	0	0	0	0	0	1.394197
486	4925	0	0	0	1	0	1.397457
487	4940	0	0	0	1	0	1.908099
488	4949	0	0	0	0	0	2.998420
489	4954	0	0	0	1	0	2.991815
490	4963	0	0	0	0	0	2.862435
491	4978	0	0	0	0	0	2.981003
492	4989	0	0	0	1	0	2.460166
493	5005	0	0	0	0	0	1.682532
494	5015	0	0	0	1	0	1.914588
495	5028	0	0	0	1	0	1.078669
496	5040	0	0	0	0	0	2.353525
497	5049	0	0	0	2	0	1.705826
498	5069	0	0	0	1	0	2.536445
499	5075	0	0	0	0	0	1.491978
500	5079	0	0	0	1	0	2.541597
501	5092	0	0	0	0	0	1.261305
502	5100	0	0	0	2	0	1.086938
503	5108	0	0	0	0	0	2.311610
504	5122	0	0	0	2	0	2.062414
505	5130	0	0	0	1	0	2.370906
506	5139	0	0	0	2	0	1.915586
507	5150	0	0	0	1	0	1.253098
508	5159	0	0	0	1	0	1.348951
509	5172	0	0	0	0	0	2.146068
510	5187	0	0	0	2	0	1.987530
511	5194	0	0	0	1	0	2.515814
512	5200	0	0	0	1	0	2.798374
513	5205	0	0	0	0	0	2.441699
514	5214	0	0	0	0	0	2.201305
515	5225	0	0	0	0	0	2.919711
516	5236	0	0	0	1	0	2.991115
517	5246	0	0	0	0	0	2.812973
518	5262	0	0	0	1	0	1.293386
519	5277	0	0	0	0	0	2.430773
520	5289	0	0	0	1	0	2.216949
521	5298	0	0	0	1	0	2.514348
522	5302	0	0	0	1	0	1.303974
523	5317	0	0	0	0	0	2.045992
524	5332	0	0	0	2	0	1.422935
525	5343	0	0	0	0	0	2.349390
526	5346	0	0	0	1	0	2.904026
527	5359	0	0	0	1	0	2.440368
528	5370	0	0	0	0	0	1.664243
529	5374	0	0	0	2	0	2.112094
530	5381	0	0	0	0	0	2.275900
531	5398	0	0	0	0	0	1.697257
532	5407	0	0	0	0	0	2.637471
533	5417	0	0	0	0	0	1.183480
534	5428	0	0	0	0	0	2.646894
535	5438	0	0	0	0	0	2.090126
536	5449	0	0	0	1	0	2.884083
537	5458	0	0	0	1	0	1.944350
538	5464	0	0	0	2	0	1.524025
539	5478	0	0	0	1	0	1.972059
540	5483	0	0	0	0	0	2.434521
541	5491	0	0	0	0	0	1.898939
542	5498	0	0	0	0	0	1.881130
543	5512	0	0	0	0	0	2.179465
544	5526	0	0	0	1	0	2.235645
545	5541	0	0	0	1	0	1.250974
546	5553	0	0	0	2	0	1.145163
547	5564	0	0	0	1	0	1.909327
548	5572	0	0	0	2	0	1.356439
549	5586	0	0	0	0	0	1.779885
550	5598	0	0	0	1	0	2.610439
551	5608	0	0	0	0	0	1.065049
552	5620	0	0	0	1	0	2.658064
553	5627	0	0	0	2	0	1.693458
554	5635	0	0	0	1	0	1.217224
555	5650	0	0	0	1	0	1.652296
556	5659	0	0	0	1	0	2.348065
557	5669	0	0	0	0	0	1.208557
558	5674	0	0	0	2	0	1.674139
559	5684	0	0	0	1	0	2.409056
560	5695	0	0	0	0	0	2.525400
561	5701	0	0	0	1	0	1.299072
562	5712	0	0	0	1	0	1.427328
563	5724	0	0	0	1	0	2.547641
564	5735	0	0	0	1	0	2.843489
565	5742	0	0	0	0	0	1.961767
566	5751	0	0	0	0	0	2.992601
567	5760	0	0	0	1	0	1.820074
568	5770	0	0	0	2	0	1.388536
569	5778	0	0	0	1	0	2.222011
570	5787	0	0	0	2	0	1.292560
571	5799	0	0	0	2	0	2.034702
572	5813	0	0	0	0	0	1.347377
573	5821	0	0	0	1	0	2.111715
574	5828	0	0	0	0	0	1.507181
575	5840	0	0	0	1	0	2.769419
576	5850	0	0	0	2	0	2.149403
577	5857	0	0	0	0	0	1.792296
578	5864	0	0	0	0	0	2.607425
579	5878	0	0	0	0	0	2.951229
580	5888	0	0	0	1	0	1.603591
581	5891	0	0	0	2	0	2.174953
582	5907	0	0	0	2	0	2.730362
583	5909	0	0	0	0	0	2.927883
584	5918	0	0	0	1	0	1.460975
585	5924	0	0	0	2	0	2.546861
586	5935	0	0	0	0	0	2.837838
587	5945	0	0	0	2	0	1.681971
588	5958	0	0	0	0	0	1.287816
589	5969	0	0	0	1	0	2.329513
590	5976	0	0	0	1	0	2.216118
591	5985	0	0	0	1	0	2.473031
592	5995	0	0	0	0	0	1.399324
593	6007	0	0	0	0	0	1.422326
594	6017	0	0	0	2	0	2.089677
595	6024	0	0	0	2	0	1.244866
596	6033	0	0	0	2	0	1.849660
597	6050	0	0	0	0	0	1.896659
598	6063	0	0	0	1	0	2.205938
599	6074	0	0	0	0	0	1.166031
600	6085	0	0	0	2	0	1.998950
601	6095	0	0	0	0	0	2.997255
602	6107	0	0	0	0	0	1.195647
603	6117	0	0	0	2	0	2.941503
604	6128	0	0	0	2	0	1.346539
605	6132	0	0	0	1	0	2.917936
606	6142	0	0	0	0	0	1.425114
607	6156	0	0	0	0	0	2.017476
608	6162	0	0	0	0	0	1.487317
609	6176	0	0	0	2	0	1.442065
610	6182	0	0	0	0	0	1.832946
611	6192	0	0	0	2	0	1.263553
612	6202	0	0	0	1	0	2.908838
613	6213	0	0	0	0	0	2.499163
614	6221	0	0	0	1	0	1.962412
615	6231	0	0	0	2	0	1.759558
616	6245	0	0	0	2	0	1.437463
617	6262	0	0	0	0	0	2.833967
618	6269	0	0	0	2	0	2.631039
619	6274	0	0	0	2	0	1.116498
620	6280	0	0	0	0	0	1.619854
621	6290	0	0	0	2	0	1.357227
622	6303	0	0	0	2	0	1.801648
623	6311	0	0	0	0	0	1.352440
624	6321	0	0	0	0	0	2.431929
625	6333	0	0	0	0	0	2.129794
626	6351	0	0	0	0	0	2.690900
627	6360	0	0	0	1	0	2.964908
628	6366	0	0	0	1	0	1.848475
629	6375	0	0	0	1	0	2.547540
630	6383	0	0	0	2	0	1.228133
631	6391	0	0	0	1	0	2.889205
632	6406	0	0	0	0	0	1.528010
633	6414	0	0	0	1	0	1.340195
634	6427	0	0	0	0	0	2.267263
635	6432	0	0	0	0	0	2.655752
636	6442	0	0	0	0	0	2.423599
637	6448	0	0	0	1	0	1.995918
638	6461	0	0	0	1	0	2.390184
639	6469	0	0	0	1	0	2.093715
640	6483	0	0	0	1	0	1.548575
641	6495	0	0	0	1	0	1.587712
642	6510	0	0	0	0	0	2.474677
643	6527	0	0	0	0	0	2.118310
644	6536	0	0	0	0	0	2.017773
645	6544	0	0	0	2	0	1.135479
646	6558	0	0	0	0	0	2.230985
647	6569	0	0	0	0	0	1.741754
648	6585	0	0	0	0	0	1.501753
649	6593	0	0	0	1	0	1.142021
650	6597	0	0	0	2	0	2.779056
651	6604	0	0	0	1	0	1.032713
652	6613	0	0	0	2	0	2.260218
653	6623	0	0	0	1	0	1.263220
654	6631	0	0	0	1	0	2.394157
655	6641	0	0	0	2	0	1.084960
656	6649	0	0	0	2	0	2.465423
657	6654	0	0	0	0	0	2.226445
658	6661	0	0	0	2	0	2.332936
659	6673	0	0	0	0	0	1.633370
660	6683	0	0	0	2	0	1.675286
661	6693	0	0	0	1	0	2.686818
662	6701	0	0	0	1	0	2.557170
663	6708	0	0	0	0	0	1.814353
664	6719	0	0	0	2	0	2.798563
665	6727	0	0	0	0	0	2.777061
666	6737	0	0	0	1	0	1.405602
667	6745	0	0	0	1	0	2.107783
668	6751	0	0	0	2	0	1.879522
669	6756	0	0	0	0	0	2.111003
670	6773	0	0	0	0	0	1.895942
671	6778	0	0	0	2	0	1.782913
672	6795	0	0	0	0	0	2.359628
673	6805	0	0	0	2	0	1.100765
674	6814	0	0	0	2	0	1.124631
675	6828	0	0	0	1	0	1.449002
676	6837	0	0	0	0	0	2.209355
677	6851	0	0	0	1	0	2.636675
678	6864	0	0	0	0	0	1.472716
679	6874	0	0	0	0	0	1.219231
680	6887	0	0	0	1	0	2.018240
681	6894	0	0	0	1	0	1.648801
682	6905	0	0	0	1	0	2.143625
683	6913	0	0	0	0	0	2.762931
684	6927	0	0	0	1	0	1.769940
685	6936	0	0	0	0	0	2.558808
686	6946	0	0	0	1	0	1.214495
687	6958	0	0	0	1	0	1.202425
688	6969	0	0	0	0	0	1.749041
689	6979	0	0	0	0	0	2.187282
690	6993	0	0	0	0	0	1.150516
691	7006	0	0	0	0	0	1.314029
692	7024	0	0	0	0	0	2.364638
693	7032	0	0	0	0	0	1.859515
694	7044	0	0	0	0	0	2.613011
695	7048	0	0	0	0	0	2.423691
696	7059	0	0	0	0	0	1.068614
697	7071	0	0	0	0	0	2.953383
698	7082	0	0	0	2	0	1.185781
699	7087	0	0	0	2	0	2.645329
700	7094	0	0	0	1	0	2.443030
701	7097	0	0	0	0	0	1.474828
702	7107	0	0	0	1	0	2.523635
703	7116	0	0	0	2	0	2.949080
704	7122	0	0	0	0	0	2.851927
705	7136	0	0	0	2	0	2.356807
706	7143	0	0	0	2	0	1.912723
707	7147	0	0	0	2	0	2.729028
708	7157	0	0	0	1	0	2.442399
709	7168	0	0	0	1	0	1.525549
710	7176	0	0	0	0	0	2.197712
711	7183	0	0	0	2	0	1.477127
712	7191	0	0	0	0	0	2.012594
713	7205	0	0	0	0	0	2.947739
714	7213	0	0	0	1	0	2.045493
715	7220	0	0	0	2	0	2.075795
716	7232	0	0	0	1	0	2.597454
717	7241	0	0	0	2	0	1.824964
718	7251	0	0	0	1	0	1.960750
719	7263	0	0	0	1	0	1.753854
720	7275	0	0	0	0	0	2.391557
721	7282	0	0	0	2	0	2.024375
722	7294	0	0	0	0	0	2.966335
723	7301	0	0	0	0	0	2.582078
724	7312	0	0	0	1	0	1.731117
725	7322	0	0	0	0	0	2.026465
726	7329	0	0	0	2	0	2.891811
727	7339	0	0	0	1	0	2.395769
728	7352	0	0	0	2	0	2.491723
729	7358	0	0	0	0	0	1.365454
730	7370	0	0	0	1	0	2.662289
731	7382	0	0	0	2	0	1.825260
732	7390	0	0	0	1	0	1.329194
733	7406	0	0	0	1	0	2.697727
734	7414	0	0	0	0	0	1.879938
735	7423	0	0	0	0	0	2.727754
736	7430	0	0	0	2	0	2.597982
737	7435	0	0	0	0	0	2.403347
738	7444	0	0	0	0	0	1.872875
739	7455	0	0	0	0	0	2.448966
740	7475	0	0	0	0	0	2.657169
741	7483	0	0	0	0	0	1.695196
742	7494	0	0	0	1	0	2.040173
743	7500	0	0	0	1	0	2.704696
744	7508	0	0	0	2	0	1.636504
745	7514	0	0	0	1	0	1.881089
746	7526	0	0	0	0	0	2.514246
747	7536	0	0	0	0	0	1.133430
748	7547	0	0	0	2	0	2.563604
749	7557	0	0	0	1	0	1.765519
750	7562	0	0	0	0	0	1.493029
751	7569	0	0	0	1	0	1.137692
752	7581	0	0	0	0	0	1.723881
753	7592	0	0	0	1	0	1.217932
754	7606	0	0	0	1	0	1.201924
755	7616	0	0	0	0	0	2.406973
756	7626	0	0	0	0	0	1.859544
757	7637	0	0	0	1	0	1.451448
758	7647	0	0	0	1	0	2.578455
759	7658	0	0	0	0	0	2.732286
760	7678	0	0	0	1	0	2.278396
761	7691	0	0	0	1	0	2.879073
762	7703	0	0	0	0	0	1.359578
763	7718	0	0	0	1	0	2.049104
764	7726	0	0	0	0	0	2.645377
765	7734	0	0	0	1	0	2.028336
766	7741	0	0	0	2	0	1.925734
767	7754	0	0	0	0	0	1.935554
768	7766	0	0	0	1	0	1.461142
769	7775	0	0	0	1	0	1.375372
770	7787	0	0	0	0	0	1.127212
771	7797	0	0	0	2	0	2.373830
772	7808	0	0	0	0	0	1.810420
773	7815	0	0	0	0	0	2.477157
774	7826	0	0	0	1	0	2.078737
775	7838	0	0	0	1	0	1.251664
776	7845	0	0	0	1	0	2.877026
777	7859	0	0	0	2	0	2.469070
778	7864	0	0	0	0	0	2.161224
779	7873	0	0	0	0	0	1.517093
780	7886	0	0	0	0	0	1.302195
781	7891	0	0	0	0	0	2.009560
782	7901	0	0	0	2	0	1.776880
783	7913	0	0	0	0	0	1.328036
784	7923	0	0	0	1	0	2.880960
785	7941	0	0	0	0	0	2.637576
786	7950	0	0	0	0	0	2.004856
787	7960	0	0	0	0	0	1.842346
788	7973	0	0	0	0	0	2.601493
789	7984	0	0	0	1	0	1.860752
790	7991	0	0	0	1	0	1.352409
791	8002	0	0	0	2	0	2.354859
792	8014	0	0	0	1	0	2.747175
793	8029	0	0	0	0	0	2.888936
794	8037	0	0	0	0	0	1.829244
795	8040	0	0	0	2	0	1.213476
796	8047	0	0	0	2	0	2.069969
797	8054	0	0	0	2	0	1.324457
798	8061	0	0	0	0	0	1.912494
799	8073	0	0	0	2	0	2.295221
800	8089	0	0	0	1	0	2.848011
801	8102	0	0	0	2	0	1.698076
802	8109	0	0	0	2	0	2.219245
803	8118	0	0	0	0	0	1.221940
804	8133	0	0	0	0	0	2.183315
805	8149	0	0	0	1	0	2.182110
806	8153	0	0	0	0	0	1.469988
807	8159	0	0	0	2	0	1.923975
808	8174	0	0	0	2	0	1.013141
809	8183	0	0	0	0	0	1.898711
810	8193	0	0	0	2	0	1.097777
811	8204	0	0	0	2	0	2.912535
812	8210	0	0	0	0	0	2.352544
813	8217	0	0	0	2	0	2.194685
814	8229	0	0	0	1	0	2.766993
815	8236	0	0	0	1	0	1.950429
816	8244	0	0	0	0	0	1.382567
817	8255	0	0	0	2	0	2.068264
818	8268	0	0	0	0	0	2.849865
819	8277	0	0	0	1	0	1.328865
820	8294	0	0	0	1	0	2.366014
821	8302	0	0	0	2	0	2.313723
822	8313	0	0	0	0	0	2.526849
823	8326	0	0	0	0	0	2.752569
824	8339	0	0	0	0	0	2.879819
825	8353	0	0	0	1	0	1.737842
826	8364	0	0	0	2	0	1.540113
827	8373	0	0	0	1	0	1.356603
828	8390	0	0	0	0	0	1.511767
829	8396	0	0	0	0	0	2.918101
830	8401	0	0	0	1	0	2.870826
831	8412	0	0	0	2	0	1.217952
832	8417	0	0	0	0	0	2.657555
833	8429	0	0	0	1	0	2.408882
834	8439	0	0	0	0	0	2.693870
835	8448	0	0	0	0	0	2.695837
836	8452	0	0	0	0	0	1.596891
837	8462	0	0	0	1	0	1.867021
838	8473	0	0	0	1	0	2.430201
839	8481	0	0	0	0	0	1.299573
840	8486	0	0	0	2	0	1.373847
841	8495	0	0	0	0	0	2.750802
842	8507	0	0	0	1	0	1.342971
843	8513	0	0	0	1	0	2.502900
844	8524	0	0	0	2	0	1.425272
845	8536	0	0	0	2	0	1.877082
846	8545	0	0	0	0	0	2.808758
847	8556	0	0	0	2	0	2.602866
848	8567	0	0	0	2	0	2.327670
849	8574	0	0	0	0	0	1.833035
850	8581	0	0	0	1	0	1.447826
851	8593	0	0	0	2	0	2.538057
852	8600	0	0	0	2	0	2.417451
853	8611	0	0	0	0	0	2.612857
854	8625	0	0	0	1	0	2.876844
855	8637	0	0	0	1	0	1.089231
856	8645	0	0	0	1	0	1.987861
857	8653	0	0	0	1	0	2.112846
858	8671	0	0	0	0	0	1.820788
859	8681	0	0	0	1	0	1.623456
860	8687	0	0	0	0	0	1.438949
861	8700	0	0	0	1	0	1.138095
862	8714	0	0	0	0	0	2.938846
863	8724	0	0	0	1	0	2.498755
864	8731	0	0	0	2	0	1.226705
865	8744	0	0	0	0	0	2.816566
866	8754	0	0	0	2	0	2.964175
867	8762	0	0	0	0	0	2.266423
868	8769	0	0	0	0	0	1.590332
869	8781	0	0	0	0	0	2.366101
870	8791	0	0	0	2	0	2.893305
871	8803	0	0	0	1	0	1.545791
872	8811	0	0	0	1	0	2.074360
873	8820	0	0	0	1	0	2.821985
874	8829	0	0	0	1	0	1.291564
875	8839	0	0	0	2	0	1.908370
876	8852	0	0	0	2	0	1.549486
877	8862	0	0	0	1	0	2.023668
878	8871	0	0	0	1	0	2.933784
879	8878	0	0	0	0	0	1.607502
880	8887	0	0	0	1	0	2.877858
881	8897	0	0	0	1	0	1.192677
882	8906	0	0	0	1	0	2.090019
883	8918	0	0	0	0	0	2.987332
884	8929	0	0	0	1	0	1.497475
885	8938	0	0	0	1	0	1.497292
886	8943	0	0	0	2	0	1.076013
887	8951	0	0	0	0	0	1.221499
888	8959	0	0	0	0	0	1.046596
889	8963	0	0	0	1	0	1.372092
890	8975	0	0	0	0	0	2.821443
891	8981	0	0	0	0	0	1.833598
892	8992	0	0	0	2	0	2.546652
893	9002	0	0	0	2	0	2.899451
894	9012	0	0	0	0	0	2.390750
895	9019	0	0	0	0	0	1.247254
896	9032	0	0	0	0	0	1.285528
897	9043	0	0	0	2	0	2.469749
898	9049	0	0	0	0	0	2.066340
899	9064	0	0	0	2	0	2.665633
900	9076	0	0	0	2	0	1.633728
901	9083	0	0	0	1	0	2.863930
902	9095	0	0	0	1	0	2.902031
903	9104	0	0	0	0	0	2.822390
904	9112	0	0	0	0	0	2.446993
905	9121	0	0	0	1	0	2.067402
906	9135	0	0	0	2	0	2.591989
907	9147	0	0	0	1	0	2.570240
908	9152	0	0	0	0	0	1.025821
909	9163	0	0	0	2	0	1.892518
910	9174	0	0	0	2	0	1.777833
911	9184	0	0	0	2	0	2.559622
912	9190	0	0	0	1	0	2.430563
913	9205	0	0	0	1	0	2.480674
914	9223	0	0	0	0	0	2.697289
915	9232	0	0	0	0	0	1.577882
916	9240	0	0	0	0	0	1.619744
917	9250	0	0	0	1	0	2.898888
918	9262	0	0	0	0	0	1.636814
919	9268	0	0	0	0	0	1.880117
920	9279	0	0	0	0	0	2.000889
921	9294	0	0	0	1	0	1.820575
922	9300	0	0	0	2	0	2.172771
923	9311	0	0	0	1	0	2.604131
924	9318	0	0	0	0	0	1.014104
925	9326	0	0	0	0	0	2.793441
926	9335	0	0	0	1	0	2.189395
927	9345	0	0	0	2	0	1.487496
928	9356	0	0	0	2	0	2.157492
929	9365	0	0	0	2	0	1.265724
930	9376	0	0	0	1	0	2.477824
931	9386	0	0	0	0	0	2.427522
932	9397	0	0	0	0	0	2.978746
933	9415	0	0	0	2	0	2.033528
934	9425	0	0	0	1	0	1.414259
935	9433	0	0	0	1	0	2.567932
936	9444	0	0	0	2	0	2.561948
937	9453	0	0	0	0	0	2.988298
938	9468	0	0	0	1	0	1.417221
939	9483	0	0	0	0	0	1.874538
940	9491	0	0	0	1	0	1.252768
941	9496	0	0	0	1	0	2.329742
942	9509	0	0	0	2	0	2.665084
943	9515	0	0	0	0	0	1.689355
944	9529	0	0	0	0	0	2.883230
945	9536	0	0	0	0	0	1.943999
946	9543	0	0	0	0	0	1.449541
947	9546	0	0	0	0	0	2.019602
948	9560	0	0	0	0	0	1.553070
949	9567	0	0	0	1	0	2.686758
950	9573	0	0	0	0	0	2.300784
951	9583	0	0	0	0	0	1.396036
952	9586	0	0	0	1	0	2.793090
953	9595	0	0	0	0	0	1.664718
954	9606	0	0	0	2	0	1.615049
955	9618	0	0	0	1	0	2.658188
956	9632	0	0	0	2	0	2.587576
957	9636	0	0	0	2	0	2.592608
958	9651	0	0	0	2	0	1.160780
959	9659	0	0	0	0	0	1.449584
960	9670	0	0	0	0	0	1.724745
961	9681	0	0	0	0	0	1.464086
962	9695	0	0	0	0	0	2.095129
963	9701	0	0	0	2	0	1.596620
964	9714	0	0	0	0	0	1.002086
965	9726	0	0	0	2	0	2.725788
966	9737	0	0	0	0	0	2.335657
967	9748	0	0	0	2	0	1.393640
968	9760	0	0	0	0	0	1.888036
969	9772	0	0	0	1	0	2.236065
970	9782	0	0	0	2	0	1.312267
971	9789	0	0	0	0	0	1.369408
972	9802	0	0	0	0	0	1.737231
973	9821	0	0	0	0	0	2.080820
974	9830	0	0	0	2	0	1.089531
975	9835	0	0	0	2	0	2.646593
976	9848	0	0	0	1	0	1.696005
977	9858	0	0	0	2	0	2.687309
978	9873	0	0	0	0	0	2.640106
979	9884	0	0	0	0	0	2.107468
980	9894	0	0	0	1	0	2.776152
981	9903	0	0	0	2	0	1.946942
982	9915	0	0	0	0	0	2.015875
983	9928	0	0	0	2	0	2.776041
984	9939	0	0	0	1	0	2.892158
985	9950	0	0	0	0	0	2.979275
986	9965	0	0	0	2	0	2.695579
987	9970	0	0	0	1	0	1.628648
988	9982	0	0	0	1	0	1.371088
989	9993	0	0	0	1	0	2.083680
990	10002	0	0	0	0	0	2.216009
991	10011	0	0	0	1	0	2.492819
992	10019	0	0	0	2	0	1.378195
993	10029	0	0	0	1	0	1.967268
994	10040	0	0	0	0	0	2.856655
995	10050	0	0	0	0	0	2.048443
996	10058	0	0	0	1	0	1.268421
997	10071	0	0	0	1	0	1.852246
998	10075	0	0	0	1	0	2.193556
999	10083	0	0	0	0	0	1.180387
