0	1	0	0	0	0	0	1.406861
1	6	0	0	0	0	0	1.926475
2	10	0	0	0	0	0	2.441590
3	17	0	0	0	1	0	2.846355
4	29	0	0	0	1	0	2.768565
5	50	0	0	0	0	0	1.661579
6	57	0	0	0	1	0	1.189496
7	72	0	0	0	2	0	1.545946
8	84	0	0	0	2	0	1.616216
9	94	0	0	0	1	0	1.459213
10	100	0	0	0	1	0	2.858244
11	107	0	0	0	1	0	2.627307
12	116	0	0	0	0	0	1.885730
13	123	0	0	0	0	0	1.993879
14	129	0	0	0	0	0	1.851284
15	135	0	0	0	0	0	2.031075
16	145	0	0	0	1	0	1.837612
17	153	0	0	0	2	0	2.360732
18	165	0	0	0	0	0	2.835510
19	173	0	0	0	0	0	2.317936
20	181	0	0	0	1	0	2.214292
21	191	0	0	0	2	0	2.828407
22	204	0	0	0	2	0	2.888028
23	214	0	0	0	2	0	2.408579
24	226	0	0	0	0	0	2.077328
25	239	0	0	0	2	0	1.929664
26	249	0	0	0	2	0	1.153604
27	263	0	0	0	0	0	1.727569
28	270	0	0	0	1	0	2.284449
29	285	0	0	0	2	0	2.182167
30	289	0	0	0	1	0	1.956239
31	301	0	0	0	0	0	2.013525
32	308	0	0	0	2	0	1.280501
33	318	0	0	0	1	0	1.198756
34	331	0	0	0	1	0	1.614646
35	341	0	0	0	2	0	2.296733
36	353	0	0	0	0	0	1.906599
37	363	0	0	0	1	0	2.633739
38	370	0	0	0	1	0	1.024097
39	374	0	0	0	0	0	1.693891
40	383	0	0	0	2	0	1.102333
41	391	0	0	0	2	0	1.107668
42	402	0	0	0	2	0	1.337202
43	410	0	0	0	2	0	2.676664
44	418	0	0	0	0	0	2.119936
45	429	0	0	0	1	0	2.518299
46	436	0	0	0	2	0	2.902829
47	444	0	0	0	0	0	2.111137
48	455	0	0	0	2	0	1.503957
49	463	0	0	0	1	0	2.916796
50	468	0	0	0	0	0	1.667591
51	477	0	0	0	1	0	2.970634
52	490	0	0	0	2	0	2.654332
53	500	0	0	0	0	0	2.606713
54	512	0	0	0	2	0	2.236356
55	520	0	0	0	1	0	2.620588
56	530	0	0	0	1	0	2.689073
57	545	0	0	0	0	0	2.595415
58	551	0	0	0	1	0	1.067182
59	560	0	0	0	1	0	1.388823
60	575	0	0	0	2	0	2.742506
61	584	0	0	0	1	0	2.084468
62	589	0	0	0	2	0	2.428237
63	600	0	0	0	0	0	2.054312
64	611	0	0	0	0	0	1.161450
65	620	0	0	0	2	0	2.364296
66	625	0	0	0	1	0	2.959585
67	638	0	0	0	1	0	1.853915
68	649	0	0	0	2	0	2.681025
69	660	0	0	0	0	0	1.465013
70	674	0	0	0	0	0	2.899768
71	687	0	0	0	0	0	1.087624
72	694	0	0	0	0	0	2.136251
73	703	0	0	0	0	0	2.382848
74	718	0	0	0	1	0	1.504081
75	727	0	0	0	0	0	2.619886
76	738	0	0	0	0	0	1.248560
77	749	0	0	0	1	0	1.292934
78	755	0	0	0	0	0	1.864144
79	765	0	0	0	0	0	1.466148
80	774	0	0	0	0	0	2.015740
81	789	0	0	0	0	0	2.180513
82	793	0	0	0	2	0	1.931100
83	803	0	0	0	0	0	2.921832
84	816	0	0	0	1	0	2.759425
85	822	0	0	0	0	0	2.680233
86	834	0	0	0	2	0	2.304846
87	846	0	0	0	0	0	1.322335
88	858	0	0	0	1	0	1.328117
89	868	0	0	0	0	0	2.389371
90	874	0	0	0	2	0	2.894923
91	882	0	0	0	1	0	2.587276
92	889	0	0	0	2	0	2.550899
93	902	0	0	0	2	0	2.214030
94	908	0	0	0	0	0	2.630979
95	920	0	0	0	0	0	1.963197
96	930	0	0	0	2	0	1.574980
97	940	0	0	0	0	0	1.425913
98	943	0	0	0	1	0	2.369912
99	954	0	0	0	1	0	2.088002
100	963	0	0	0	0	0	1.045195
101	974	0	0	0	2	0	1.141260
102	981	0	0	0	0	0	2.463821
103	993	0	0	0	0	0	2.149128
104	1000	0	0	0	2	0	1.580029
105	1008	0	0	0	2	0	1.260606
106	1015	0	0	0	2	0	2.810743
107	1024	0	0	0	0	0	2.479003
108	1030	0	0	0	2	0	2.558318
109	1040	0	0	0	1	0	1.912832
110	1045	0	0	0	1	0	1.008694
111	1053	0	0	0	2	0	2.861644
112	1064	0	0	0	2	0	2.652195
113	1073	0	0	0	1	0	1.311447
114	1082	0	0	0	2	0	2.761232
115	1095	0	0	0	0	0	2.760974
116	1103	0	0	0	0	0	2.990908
117	1108	0	0	0	0	0	2.755879
118	1120	0	0	0	1	0	2.378223
119	1126	0	0	0	2	0	2.186055
120	1134	0	0	0	0	0	1.568748
121	1140	0	0	0	2	0	2.421224
122	1155	0	0	0	0	0	2.330759
123	1166	0	0	0	0	0	2.848251
124	1171	0	0	0	2	0	1.187732
125	1178	0	0	0	1	0	2.980180
126	1193	0	0	0	2	0	1.188792
127	1201	0	0	0	2	0	2.388549
128	1206	0	0	0	2	0	1.005364
129	1223	0	0	0	0	0	2.409149
130	1231	0	0	0	1	0	1.687905
131	1236	0	0	0	0	0	2.886827
132	1249	0	0	0	1	0	2.147176
133	1259	0	0	0	0	0	2.932772
134	1267	0	0	0	1	0	2.392743
135	1278	0	0	0	1	0	1.107117
136	1287	0	0	0	0	0	1.336499
137	1296	0	0	0	0	0	2.891635
138	1305	0	0	0	1	0	1.251525
139	1315	0	0	0	1	0	1.974488
140	1328	0	0	0	0	0	1.973356
141	1338	0	0	0	2	0	1.256823
142	1348	0	0	0	0	0	1.686534
143	1362	0	0	0	1	0	2.914684
144	1372	0	0	0	1	0	1.252721
145	1383	0	0	0	1	0	2.461875
146	1389	0	0	0	0	0	2.303122
147	1400	0	0	0	2	0	2.767370
148	1413	0	0	0	2	0	1.610498
149	1419	0	0	0	0	0	2.210729
150	1430	0	0	0	2	0	1.754119
151	1438	0	0	0	2	0	2.809414
152	1447	0	0	0	2	0	2.797839
153	1460	0	0	0	0	0	1.050153
154	1473	0	0	0	0	0	1.414606
155	1478	0	0	0	0	0	2.078930
156	1491	0	0	0	1	0	1.023305
157	1500	0	0	0	1	0	2.436524
158	1511	0	0	0	2	0	1.707135
159	1520	0	0	0	0	0	2.840501
160	1529	0	0	0	1	0	1.245773
161	1543	0	0	0	0	0	1.610854
162	1551	0	0	0	1	0	1.822572
163	1562	0	0	0	2	0	1.028102
164	1572	0	0	0	2	0	1.160218
165	1583	0	0	0	1	0	1.611660
166	1594	0	0	0	1	0	2.489546
167	1610	0	0	0	0	0	2.130376
168	1624	0	0	0	0	0	2.425784
169	1634	0	0	0	1	0	1.627294
170	1646	0	0	0	2	0	2.709395
171	1658	0	0	0	0	0	2.645443
172	1665	0	0	0	0	0	1.692260
173	1679	0	0	0	2	0	2.536380
174	1687	0	0	0	2	0	1.092488
175	1698	0	0	0	0	0	1.613305
176	1712	0	0	0	2	0	1.560706
177	1729	0	0	0	0	0	2.237811
178	1740	0	0	0	0	0	1.411992
179	1746	0	0	0	2	0	1.693747
180	1750	0	0	0	0	0	2.293805
181	1762	0	0	0	1	0	1.966284
182	1771	0	0	0	1	0	2.520600
183	1784	0	0	0	0	0	1.754590
184	1796	0	0	0	1	0	1.718409
185	1804	0	0	0	0	0	2.826662
186	1821	0	0	0	1	0	2.158277
187	1831	0	0	0	0	0	1.736562
188	1845	0	0	0	0	0	2.998040
189	1852	0	0	0	1	0	2.649845
190	1861	0	0	0	0	0	2.532478
191	1870	0	0	0	0	0	2.891714
192	1876	0	0	0	2	0	2.338406
193	1883	0	0	0	1	0	1.695127
194	1889	0	0	0	1	0	2.989979
195	1898	0	0	0	1	0	2.383179
196	1905	0	0	0	2	0	2.486388
197	1915	0	0	0	1	0	2.789151
198	1921	0	0	0	2	0	2.421845
199	1935	0	0	0	1	0	2.810254
200	1946	0	0	0	1	0	2.581672
201	1952	0	0	0	0	0	1.445494
202	1965	0	0	0	2	0	1.047162
203	1976	0	0	0	2	0	2.078936
204	1988	0	0	0	0	0	2.077196
205	1995	0	0	0	1	0	1.134431
206	2002	0	0	0	1	0	1.863947
207	2013	0	0	0	1	0	2.826447
208	2027	0	0	0	1	0	1.259745
209	2031	0	0	0	0	0	1.575831
210	2045	0	0	0	1	0	2.468454
211	2060	0	0	0	1	0	1.231417
212	2074	0	0	0	0	0	2.831005
213	2079	0	0	0	1	0	2.787818
214	2093	0	0	0	1	0	1.856445
215	2108	0	0	0	1	0	2.755297
216	2125	0	0	0	1	0	1.311033
217	2133	0	0	0	1	0	2.681933
218	2143	0	0	0	2	0	1.604558
219	2158	0	0	0	2	0	2.076947
220	2166	0	0	0	0	0	1.748946
221	2176	0	0	0	1	0	2.153032
222	2185	0	0	0	1	0	1.180919
223	2197	0	0	0	0	0	2.171015
224	2203	0	0	0	0	0	1.818446
225	2210	0	0	0	0	0	2.113191
226	2217	0	0	0	1	0	2.438428
227	2228	0	0	0	2	0	2.280546
228	2238	0	0	0	1	0	1.428695
229	2243	0	0	0	0	0	1.304721
230	2254	0	0	0	2	0	1.718878
231	2264	0	0	0	0	0	2.252838
232	2279	0	0	0	0	0	1.352094
233	2289	0	0	0	0	0	1.063808
234	2292	0	0	0	0	0	2.466916
235	2302	0	0	0	0	0	2.638614
236	2310	0	0	0	1	0	1.713335
237	2320	0	0	0	0	0	2.555023
238	2333	0	0	0	0	0	2.990128
239	2342	0	0	0	2	0	1.278392
240	2346	0	0	0	2	0	1.995648
241	2363	0	0	0	0	0	2.610349
242	2376	0	0	0	2	0	1.353914
243	2382	0	0	0	1	0	2.057346
244	2387	0	0	0	0	0	2.508465
245	2401	0	0	0	0	0	1.563715
246	2407	0	0	0	1	0	2.978394
247	2411	0	0	0	0	0	1.063534
248	2416	0	0	0	0	0	1.501069
249	2427	0	0	0	0	0	2.895557
250	2437	0	0	0	1	0	2.323944
251	2446	0	0	0	1	0	2.535177
252	2456	0	0	0	0	0	2.682287
253	2467	0	0	0	0	0	2.946194
254	2479	0	0	0	1	0	2.497912
255	2489	0	0	0	1	0	2.155888
256	2494	0	0	0	1	0	1.033312
257	2501	0	0	0	1	0	2.568612
258	2507	0	0	0	0	0	2.042336
259	2521	0	0	0	2	0	1.883179
260	2537	0	0	0	0	0	2.395861
261	2556	0	0	0	1	0	2.299261
262	2560	0	0	0	1	0	2.846217
263	2568	0	0	0	2	0	2.388822
264	2580	0	0	0	0	0	2.990884
265	2590	0	0	0	2	0	2.119319
266	2603	0	0	0	0	0	1.412742
267	2609	0	0	0	2	0	1.584487
268	2621	0	0	0	0	0	2.189577
269	2630	0	0	0	2	0	1.218141
270	2638	0	0	0	1	0	2.948569
271	2651	0	0	0	1	0	2.376511
272	2657	0	0	0	2	0	1.112315
273	2667	0	0	0	1	0	1.509895
274	2678	0	0	0	0	0	2.626598
275	2682	0	0	0	0	0	1.970889
276	2691	0	0	0	0	0	2.106483
277	2702	0	0	0	0	0	1.011773
278	2713	0	0	0	2	0	2.750295
279	2724	0	0	0	0	0	1.823116
280	2737	0	0	0	0	0	2.125794
281	2746	0	0	0	1	0	2.982273
282	2756	0	0	0	2	0	1.927730
283	2767	0	0	0	2	0	2.644453
284	2781	0	0	0	1	0	1.078634
285	2795	0	0	0	0	0	2.728187
286	2806	0	0	0	1	0	2.748998
287	2813	0	0	0	2	0	1.174379
288	2820	0	0	0	1	0	1.572943
289	2829	0	0	0	2	0	2.987026
290	2841	0	0	0	0	0	2.299807
291	2846	0	0	0	0	0	2.907147
292	2855	0	0	0	2	0	2.108307
293	2867	0	0	0	1	0	1.749504
294	2880	0	0	0	0	0	1.219560
295	2890	0	0	0	2	0	2.509359
296	2896	0	0	0	0	0	2.738218
297	2905	0	0	0	0	0	2.318881
298	2913	0	0	0	0	0	1.835834
299	2929	0	0	0	1	0	2.478653
300	2942	0	0	0	2	0	2.465479
301	2948	0	0	0	1	0	1.744881
302	2953	0	0	0	0	0	1.693370
303	2960	0	0	0	1	0	2.423260
304	2977	0	0	0	1	0	2.444448
305	2982	0	0	0	0	0	1.383530
306	2991	0	0	0	0	0	2.211397
307	3000	0	0	0	1	0	2.034530
308	3012	0	0	0	1	0	2.864703
309	3019	0	0	0	2	0	2.452210
310	3028	0	0	0	0	0	1.620168
311	3042	0	0	0	1	0	1.494371
312	3050	0	0	0	0	0	2.057092
313	3062	0	0	0	2	0	2.236062
314	3070	0	0	0	0	0	1.675733
315	3082	0	0	0	1	0	2.454740
316	3090	0	0	0	1	0	2.301269
317	3097	0	0	0	2	0	2.964320
318	3103	0	0	0	0	0	2.618272
319	3116	0	0	0	1	0	1.836067
320	3122	0	0	0	0	0	2.604733
321	3132	0	0	0	0	0	2.224076
322	3147	0	0	0	1	0	2.601243
323	3163	0	0	0	2	0	2.844542
324	3171	0	0	0	0	0	1.703477
325	3180	0	0	0	0	0	1.397608
326	3193	0	0	0	1	0	1.436294
327	3204	0	0	0	0	0	1.557752
328	3213	0	0	0	0	0	1.080866
329	3222	0	0	0	0	0	2.841467
330	3232	0	0	0	1	0	2.318208
331	3241	0	0	0	0	0	2.976568
332	3254	0	0	0	1	0	1.561428
333	3268	0	0	0	0	0	2.766157
334	3276	0	0	0	1	0	2.014016
335	3286	0	0	0	0	0	2.749450
336	3298	0	0	0	0	0	1.355992
337	3309	0	0	0	1	0	1.045038
338	3315	0	0	0	2	0	2.851116
339	3327	0	0	0	2	0	2.638932
340	3344	0	0	0	2	0	1.860695
341	3357	0	0	0	0	0	1.136573
342	3363	0	0	0	1	0	2.960937
343	3377	0	0	0	0	0	2.390880
344	3385	0	0	0	1	0	2.662463
345	3394	0	0	0	0	0	2.451418
346	3401	0	0	0	0	0	1.212485
347	3413	0	0	0	0	0	2.246933
348	3423	0	0	0	1	0	1.519083
349	3433	0	0	0	0	0	2.647207
350	3447	0	0	0	1	0	2.467372
351	3457	0	0	0	0	0	2.584310
352	3468	0	0	0	0	0	2.222098
353	3478	0	0	0	1	0	2.981978
354	3483	0	0	0	1	0	2.708492
355	3498	0	0	0	2	0	2.105118
356	3508	0	0	0	0	0	1.569463
357	3518	0	0	0	2	0	1.537820
358	3529	0	0	0	1	0	2.567943
359	3536	0	0	0	1	0	2.740697
360	3541	0	0	0	0	0	1.897549
361	3551	0	0	0	1	0	1.356706
362	3560	0	0	0	0	0	1.094737
363	3568	0	0	0	1	0	1.673070
364	3579	0	0	0	2	0	2.857864
365	3594	0	0	0	0	0	1.663132
366	3606	0	0	0	0	0	1.838326
367	3613	0	0	0	1	0	1.739438
368	3622	0	0	0	2	0	1.411505
369	3630	0	0	0	1	0	2.705644
370	3635	0	0	0	1	0	1.260787
371	3644	0	0	0	0	0	1.937629
372	3653	0	0	0	1	0	2.872742
373	3659	0	0	0	1	0	2.027065
374	3670	0	0	0	1	0	2.791477
375	3682	0	0	0	2	0	2.828441
376	3693	0	0	0	2	0	1.589375
377	3703	0	0	0	2	0	1.286763
378	3708	0	0	0	1	0	1.167539
379	3718	0	0	0	1	0	1.750786
380	3728	0	0	0	1	0	2.683711
381	3744	0	0	0	2	0	1.433686
382	3750	0	0	0	0	0	1.585019
383	3757	0	0	0	2	0	2.359810
384	3761	0	0	0	0	0	1.740035
385	3768	0	0	0	1	0	1.434187
386	3783	0	0	0	1	0	2.547383
387	3792	0	0	0	1	0	1.649086
388	3802	0	0	0	1	0	1.277117
389	3808	0	0	0	2	0	2.999418
390	3821	0	0	0	2	0	2.556688
391	3830	0	0	0	0	0	2.846475
392	3836	0	0	0	2	0	2.225485
393	3847	0	0	0	0	0	2.788454
394	3865	0	0	0	0	0	1.208454
395	3876	0	0	0	1	0	1.343347
396	3884	0	0	0	1	0	1.856267
397	3892	0	0	0	2	0	1.585538
398	3903	0	0	0	0	0	1.270601
399	3920	0	0	0	0	0	1.322959
400	3930	0	0	0	1	0	1.448257
401	3940	0	0	0	1	0	1.907282
402	3953	0	0	0	0	0	1.637663
403	3969	0	0	0	1	0	2.512143
404	3976	0	0	0	0	0	1.557785
405	3983	0	0	0	0	0	2.566067
406	3995	0	0	0	1	0	1.365429
407	4007	0	0	0	0	0	2.545247
408	4012	0	0	0	0	0	2.392283
409	4028	0	0	0	0	0	1.074077
410	4047	0	0	0	0	0	1.341415
411	4058	0	0	0	0	0	2.878008
412	4068	0	0	0	1	0	2.117543
413	4079	0	0	0	2	0	1.645038
414	4091	0	0	0	1	0	2.820303
415	4102	0	0	0	1	0	2.383374
416	4113	0	0	0	1	0	2.768436
417	4122	0	0	0	2	0	1.522873
418	4130	0	0	0	0	0	1.295770
419	4140	0	0	0	0	0	2.364244
420	4149	0	0	0	1	0	2.727714
421	4161	0	0	0	2	0	1.942866
422	4171	0	0	0	0	0	1.856177
423	4183	0	0	0	1	0	1.693131
424	4191	0	0	0	0	0	1.242183
425	4200	0	0	0	0	0	2.711786
426	4213	0	0	0	0	0	2.445286
427	4221	0	0	0	2	0	1.298951
428	4228	0	0	0	2	0	1.858319
429	4234	0	0	0	0	0	2.393991
430	4243	0	0	0	0	0	1.228924
431	4257	0	0	0	2	0	2.811377
432	4262	0	0	0	0	0	2.048632
433	4269	0	0	0	0	0	1.578351
434	4275	0	0	0	1	0	2.912677
435	4292	0	0	0	0	0	2.609397
436	4305	0	0	0	0	0	2.234575
437	4319	0	0	0	0	0	2.153643
438	4329	0	0	0	1	0	1.911846
439	4342	0	0	0	1	0	2.901469
440	4353	0	0	0	0	0	1.196587
441	4365	0	0	0	0	0	1.138616
442	4369	0	0	0	0	0	2.605565
443	4378	0	0	0	0	0	2.714975
444	4387	0	0	0	2	0	2.111885
445	4397	0	0	0	2	0	2.616598
446	4406	0	0	0	1	0	1.612489
447	4410	0	0	0	0	0	2.867993
448	4418	0	0	0	0	0	2.905984
449	4433	0	0	0	0	0	2.022232
450	4442	0	0	0	1	0	1.580982
451	4449	0	0	0	1	0	1.309947
452	4458	0	0	0	0	0	2.151994
453	4470	0	0	0	1	0	2.963300
454	4477	0	0	0	2	0	2.436996
455	4490	0	0	0	1	0	2.815266
456	4497	0	0	0	1	0	1.809894
457	4507	0	0	0	0	0	2.866168
458	4521	0	0	0	1	0	2.283038
459	4532	0	0	0	0	0	2.918823
460	4540	0	0	0	0	0	2.167515
461	4552	0	0	0	2	0	2.258037
462	4560	0	0	0	0	0	1.001768
463	4567	0	0	0	0	0	1.447337
464	4574	0	0	0	0	0	2.173098
465	4578	0	0	0	2	0	1.091726
466	4590	0	0	0	2	0	1.812619
467	4598	0	0	0	2	0	1.570351
468	4613	0	0	0	1	0	1.518565
469	4623	0	0	0	2	0	2.569107
470	4638	0	0	0	0	0	2.623446
471	4646	0	0	0	2	0	1.878168
472	4657	0	0	0	0	0	2.471891
473	4671	0	0	0	0	0	2.010178
474	4687	0	0	0	2	0	2.208005
475	4700	0	0	0	2	0	2.177258
476	4706	0	0	0	2	0	1.534533
477	4717	0	0	0	1	0	2.892321
478	4723	0	0	0	0	0	2.118613
479	4732	0	0	0	1	0	1.119393
480	4741	0	0	0	0	0	2.916893
481	4756	0	0	0	2	0	2.092095
482	4764	0	0	0	0	0	2.954946
483	4770	0	0	0	0	0	2.657439
484	4779	0	0	0	1	0	1.162875
485	4785	0	0	0	1	0	1.908249
486	4798	0	0	0	0	0	2.708827
487	4812	0	0	0	1	0	2.374503
488	4825	0	0	0	1	0	2.771445
489	4834	0	0	0	0	0	1.182690
490	4846	0	0	0	1	0	1.527062
491	4864	0	0	0	1	0	2.972076
492	4877	0	0	0	2	0	2.775770
493	4891	0	0	0	0	0	2.939910
494	4903	0	0	0	2	0	1.911834
495	4911	0	0	0	1	0	2.864641
496	4918	0	0	0	0	0	1.890056
497	4927	0	0	0	0	0	1.800697
498	4940	0	0	0	2	0	1.166916
499	4955	0	0	0	0	0	2.507277
500	4963	0	0	0	1	0	1.390887
501	4974	0	0	0	0	0	1.441193
502	4984	0	0	0	1	0	1.536360
503	4995	0	0	0	2	0	1.148282
504	5003	0	0	0	0	0	1.287134
505	5016	0	0	0	0	0	1.160924
506	5021	0	0	0	1	0	1.946908
507	5027	0	0	0	0	0	2.179620
508	5031	0	0	0	1	0	1.751380
509	5041	0	0	0	1	0	1.780801
510	5053	0	0	0	1	0	2.387276
511	5060	0	0	0	1	0	1.487697
512	5066	0	0	0	0	0	2.174161
513	5081	0	0	0	2	0	2.401611
514	5090	0	0	0	0	0	1.827489
515	5102	0	0	0	2	0	2.614668
516	5116	0	0	0	0	0	1.671399
517	5121	0	0	0	0	0	2.706507
518	5130	0	0	0	2	0	1.094495
519	5139	0	0	0	2	0	2.606809
520	5150	0	0	0	1	0	1.426139
521	5161	0	0	0	0	0	2.079545
522	5172	0	0	0	2	0	2.539104
523	5182	0	0	0	1	0	2.580587
524	5192	0	0	0	0	0	2.143902
525	5205	0	0	0	2	0	2.140884
526	5219	0	0	0	2	0	2.436174
527	5231	0	0	0	0	0	1.919828
528	5241	0	0	0	0	0	1.392543
529	5258	0	0	0	2	0	1.021235
530	5267	0	0	0	1	0	2.313181
531	5274	0	0	0	0	0	1.659269
532	5284	0	0	0	1	0	1.500692
533	5290	0	0	0	2	0	2.373809
534	5299	0	0	0	1	0	2.426903
535	5312	0	0	0	0	0	1.947108
536	5321	0	0	0	1	0	1.095347
537	5330	0	0	0	2	0	2.818530
538	5341	0	0	0	0	0	2.296276
539	5351	0	0	0	2	0	2.279965
540	5357	0	0	0	2	0	1.550400
541	5369	0	0	0	1	0	1.494855
542	5374	0	0	0	0	0	2.601029
543	5388	0	0	0	1	0	2.043082
544	5399	0	0	0	0	0	1.222626
545	5415	0	0	0	0	0	2.967149
546	5428	0	0	0	0	0	2.891320
547	5437	0	0	0	2	0	1.666539
548	5443	0	0	0	0	0	2.999310
549	5452	0	0	0	1	0	2.984131
550	5461	0	0	0	1	0	1.227810
551	5465	0	0	0	2	0	2.156486
552	5477	0	0	0	0	0	2.849704
553	5493	0	0	0	0	0	2.846568
554	5504	0	0	0	1	0	1.727665
555	5517	0	0	0	1	0	2.636896
556	5528	0	0	0	0	0	2.715145
557	5539	0	0	0	0	0	1.398587
558	5549	0	0	0	1	0	1.607049
559	5559	0	0	0	1	0	1.733075
560	5565	0	0	0	0	0	1.797900
561	5572	0	0	0	0	0	1.114704
562	5577	0	0	0	0	0	2.342758
563	5584	0	0	0	0	0	1.982752
564	5588	0	0	0	2	0	1.408497
565	5596	0	0	0	0	0	2.046895
566	5605	0	0	0	2	0	2.845054
567	5612	0	0	0	0	0	1.898320
568	5626	0	0	0	0	0	1.025224
569	5635	0	0	0	1	0	1.522041
570	5648	0	0	0	1	0	2.668737
571	5658	0	0	0	1	0	1.015710
572	5665	0	0	0	0	0	1.057816
573	5679	0	0	0	2	0	2.396085
574	5686	0	0	0	1	0	2.073597
575	5698	0	0	0	0	0	2.312980
576	5710	0	0	0	0	0	1.081381
577	5725	0	0	0	0	0	2.270122
578	5737	0	0	0	1	0	2.545741
579	5748	0	0	0	2	0	1.907548
580	5759	0	0	0	0	0	2.339675
581	5769	0	0	0	1	0	2.069932
582	5771	0	0	0	2	0	2.254805
583	5787	0	0	0	2	0	2.743998
584	5794	0	0	0	0	0	1.384080
585	5810	0	0	0	2	0	2.902716
586	5827	0	0	0	1	0	2.936801
587	5841	0	0	0	1	0	1.201480
588	5858	0	0	0	0	0	2.095340
589	5868	0	0	0	2	0	2.225430
590	5875	0	0	0	0	0	2.324826
591	5890	0	0	0	0	0	1.191428
592	5894	0	0	0	1	0	2.939940
593	5903	0	0	0	0	0	2.913120
594	5912	0	0	0	0	0	2.093720
595	5929	0	0	0	2	0	2.890236
596	5939	0	0	0	1	0	2.349564
597	5952	0	0	0	2	0	2.316757
598	5964	0	0	0	1	0	1.690135
599	5976	0	0	0	0	0	2.494922
600	5993	0	0	0	2	0	1.253160
601	5999	0	0	0	1	0	1.633586
602	6012	0	0	0	1	0	1.651909
603	6015	0	0	0	2	0	1.365945
604	6023	0	0	0	2	0	2.171780
605	6040	0	0	0	2	0	1.143011
606	6048	0	0	0	0	0	1.592616
607	6061	0	0	0	2	0	1.601977
608	6073	0	0	0	2	0	2.441216
609	6086	0	0	0	0	0	1.656073
610	6099	0	0	0	0	0	2.154098
611	6109	0	0	0	1	0	1.274964
612	6117	0	0	0	1	0	2.088605
613	6125	0	0	0	0	0	1.849824
614	6138	0	0	0	0	0	2.302620
615	6147	0	0	0	1	0	1.831073
616	6162	0	0	0	2	0	2.337899
617	6168	0	0	0	0	0	1.759900
618	6178	0	0	0	2	0	2.298554
619	6184	0	0	0	1	0	1.049203
620	6194	0	0	0	0	0	1.237275
621	6202	0	0	0	0	0	2.187597
622	6213	0	0	0	0	0	2.091597
623	6221	0	0	0	2	0	2.889216
624	6232	0	0	0	2	0	2.493573
625	6243	0	0	0	2	0	1.998389
626	6254	0	0	0	1	0	1.293899
627	6261	0	0	0	1	0	1.729668
628	6267	0	0	0	0	0	2.622452
629	6274	0	0	0	1	0	2.662385
630	6286	0	0	0	0	0	1.344390
631	6292	0	0	0	0	0	2.921627
632	6297	0	0	0	2	0	2.027681
633	6305	0	0	0	0	0	1.314462
634	6315	0	0	0	0	0	1.147913
635	6323	0	0	0	2	0	2.699816
636	6332	0	0	0	0	0	2.113182
637	6348	0	0	0	0	0	1.980625
638	6357	0	0	0	0	0	2.904123
639	6371	0	0	0	2	0	2.324892
640	6379	0	0	0	2	0	2.899004
641	6392	0	0	0	0	0	1.780558
642	6399	0	0	0	0	0	1.244517
643	6404	0	0	0	0	0	2.379487
644	6415	0	0	0	0	0	2.035290
645	6428	0	0	0	2	0	1.514548
646	6436	0	0	0	1	0	1.648333
647	6442	0	0	0	0	0	1.774544
648	6453	0	0	0	2	0	2.653081
649	6467	0	0	0	0	0	1.582498
650	6479	0	0	0	0	0	2.611998
651	6491	0	0	0	1	0	1.978856
652	6505	0	0	0	0	0	2.870669
653	6510	0	0	0	1	0	2.379034
654	6515	0	0	0	1	0	2.393168
655	6524	0	0	0	2	0	2.406643
656	6529	0	0	0	2	0	1.417848
657	6539	0	0	0	2	0	1.720683
658	6556	0	0	0	0	0	2.044814
659	6561	0	0	0	2	0	2.012694
660	6571	0	0	0	0	0	1.286708
661	6584	0	0	0	2	0	2.211246
662	6593	0	0	0	0	0	2.707936
663	6600	0	0	0	2	0	1.804458
664	6611	0	0	0	1	0	1.815276
665	6619	0	0	0	0	0	2.888301
666	6626	0	0	0	0	0	2.723350
667	6634	0	0	0	0	0	2.433605
668	6645	0	0	0	2	0	2.999691
669	6656	0	0	0	1	0	2.325731
670	6665	0	0	0	2	0	1.736617
671	6677	0	0	0	2	0	1.131353
672	6684	0	0	0	1	0	1.290498
673	6695	0	0	0	2	0	2.458569
674	6702	0	0	0	0	0	2.015052
675	6709	0	0	0	0	0	2.995237
676	6716	0	0	0	2	0	1.913674
677	6728	0	0	0	1	0	1.418694
678	6738	0	0	0	1	0	2.284843
679	6749	0	0	0	2	0	2.165201
680	6754	0	0	0	0	0	1.642265
681	6764	0	0	0	2	0	2.328036
682	6775	0	0	0	2	0	1.201368
683	6786	0	0	0	0	0	2.132931
684	6797	0	0	0	2	0	2.501759
685	6806	0	0	0	1	0	1.701021
686	6818	0	0	0	0	0	1.137358
687	6826	0	0	0	0	0	1.228620
688	6833	0	0	0	0	0	2.695489
689	6842	0	0	0	1	0	2.582779
690	6848	0	0	0	1	0	1.903185
691	6859	0	0	0	2	0	2.943414
692	6872	0	0	0	0	0	2.914713
693	6876	0	0	0	2	0	1.525017
694	6888	0	0	0	1	0	1.578784
695	6893	0	0	0	1	0	1.891292
696	6906	0	0	0	1	0	2.350840
697	6918	0	0	0	2	0	2.680779
698	6930	0	0	0	0	0	2.314714
699	6944	0	0	0	2	0	1.252335
700	6959	0	0	0	1	0	2.819372
701	6969	0	0	0	1	0	1.752444
702	6981	0	0	0	2	0	2.182902
703	6993	0	0	0	2	0	2.401245
704	7002	0	0	0	0	0	1.866044
705	7012	0	0	0	0	0	1.592348
706	7020	0	0	0	1	0	1.575396
707	7025	0	0	0	1	0	2.728863
708	7033	0	0	0	0	0	1.471441
709	7042	0	0	0	0	0	1.087974
710	7048	0	0	0	1	0	2.743664
711	7056	0	0	0	2	0	1.080774
712	7071	0	0	0	0	0	1.427340
713	7086	0	0	0	1	0	1.984732
714	7095	0	0	0	0	0	1.885878
715	7097	0	0	0	1	0	2.632540
716	7110	0	0	0	0	0	2.925736
717	7121	0	0	0	1	0	2.902827
718	7131	0	0	0	2	0	2.792431
719	7144	0	0	0	1	0	2.290039
720	7156	0	0	0	1	0	2.978429
721	7169	0	0	0	1	0	1.760787
722	7176	0	0	0	2	0	2.580526
723	7184	0	0	0	1	0	1.352358
724	7193	0	0	0	2	0	2.601301
725	7205	0	0	0	1	0	2.906139
726	7212	0	0	0	1	0	1.158163
727	7221	0	0	0	2	0	2.708213
728	7235	0	0	0	0	0	1.237070
729	7246	0	0	0	2	0	2.059446
730	7254	0	0	0	2	0	1.427676
731	7263	0	0	0	0	0	1.161132
732	7270	0	0	0	1	0	2.012258
733	7280	0	0	0	2	0	1.163956
734	7287	0	0	0	0	0	2.017470
735	7300	0	0	0	1	0	1.438846
736	7310	0	0	0	0	0	2.020430
737	7320	0	0	0	2	0	2.337619
738	7330	0	0	0	0	0	2.119276
739	7339	0	0	0	2	0	1.836842
740	7345	0	0	0	1	0	1.578291
741	7359	0	0	0	0	0	1.087287
742	7371	0	0	0	0	0	2.444603
743	7379	0	0	0	2	0	2.077580
744	7389	0	0	0	1	0	2.970949
745	7397	0	0	0	2	0	2.010589
746	7407	0	0	0	1	0	2.829039
747	7420	0	0	0	0	0	1.352035
748	7433	0	0	0	2	0	1.482405
749	7442	0	0	0	0	0	1.012579
750	7453	0	0	0	2	0	1.232597
751	7465	0	0	0	0	0	2.120888
752	7476	0	0	0	2	0	2.438239
753	7486	0	0	0	0	0	1.765175
754	7498	0	0	0	2	0	2.454056
755	7508	0	0	0	0	0	2.106183
756	7517	0	0	0	0	0	2.627694
757	7535	0	0	0	1	0	2.176751
758	7546	0	0	0	2	0	2.461569
759	7555	0	0	0	1	0	1.719217
760	7567	0	0	0	2	0	1.009140
761	7575	0	0	0	0	0	2.759016
762	7585	0	0	0	0	0	1.129975
763	7593	0	0	0	2	0	1.134276
764	7605	0	0	0	1	0	2.935874
765	7616	0	0	0	1	0	1.552239
766	7631	0	0	0	1	0	1.422218
767	7639	0	0	0	1	0	1.566240
768	7649	0	0	0	0	0	1.321925
769	7660	0	0	0	0	0	1.808549
770	7668	0	0	0	1	0	1.862953
771	7680	0	0	0	1	0	2.063430
772	7688	0	0	0	0	0	2.497267
773	7701	0	0	0	2	0	2.609066
774	7709	0	0	0	2	0	1.476407
775	7719	0	0	0	1	0	1.070240
776	7728	0	0	0	2	0	2.401153
777	7736	0	0	0	0	0	1.298185
778	7746	0	0	0	1	0	2.113372
779	7750	0	0	0	1	0	1.329118
780	7765	0	0	0	2	0	2.958003
781	7775	0	0	0	1	0	1.232623
782	7791	0	0	0	1	0	1.273866
783	7801	0	0	0	2	0	2.519971
784	7814	0	0	0	0	0	1.736112
785	7823	0	0	0	2	0	2.376347
786	7832	0	0	0	1	0	1.546859
787	7846	0	0	0	2	0	2.875340
788	7856	0	0	0	2	0	1.538541
789	7862	0	0	0	1	0	2.998033
790	7874	0	0	0	1	0	1.973030
791	7882	0	0	0	0	0	2.472674
792	7893	0	0	0	0	0	2.255979
793	7905	0	0	0	0	0	1.452922
794	7908	0	0	0	0	0	2.197777
795	7913	0	0	0	1	0	2.426419
796	7925	0	0	0	1	0	2.691087
797	7938	0	0	0	0	0	1.413998
798	7945	0	0	0	1	0	1.161394
799	7955	0	0	0	2	0	2.255199
800	7968	0	0	0	0	0	1.503961
801	7979	0	0	0	0	0	1.770634
802	7990	0	0	0	0	0	2.118648
803	8000	0	0	0	0	0	2.045271
804	8013	0	0	0	1	0	1.159568
805	8024	0	0	0	2	0	1.937946
806	8031	0	0	0	1	0	2.450644
807	8041	0	0	0	2	0	2.098816
808	8055	0	0	0	0	0	1.180646
809	8066	0	0	0	2	0	2.809507
810	8076	0	0	0	2	0	1.314515
811	8080	0	0	0	0	0	2.653675
812	8088	0	0	0	2	0	1.059608
813	8098	0	0	0	0	0	2.806181
814	8111	0	0	0	0	0	1.413365
815	8124	0	0	0	2	0	1.617272
816	8139	0	0	0	2	0	2.794250
817	8153	0	0	0	0	0	1.491158
818	8165	0	0	0	1	0	1.583335
819	8173	0	0	0	2	0	1.609322
820	8182	0	0	0	1	0	1.567153
821	8190	0	0	0	2	0	2.429857
822	8198	0	0	0	0	0	1.670108
823	8211	0	0	0	1	0	2.543886
824	8222	0	0	0	1	0	1.504112
825	8233	0	0	0	0	0	1.748563
826	8244	0	0	0	1	0	2.703658
827	8254	0	0	0	0	0	2.060485
828	8269	0	0	0	0	0	2.233041
829	8282	0	0	0	0	0	1.382720
830	8289	0	0	0	2	0	2.764722
831	8296	0	0	0	1	0	2.883006
832	8303	0	0	0	1	0	2.508208
833	8309	0	0	0	2	0	2.758975
834	8321	0	0	0	0	0	2.680579
835	8331	0	0	0	1	0	2.432587
836	8343	0	0	0	0	0	2.952944
837	8353	0	0	0	0	0	1.692296
838	8360	0	0	0	0	0	1.749458
839	8370	0	0	0	0	0	1.305076
840	8384	0	0	0	2	0	2.168657
841	8396	0	0	0	0	0	2.654717
842	8408	0	0	0	1	0	2.416930
843	8420	0	0	0	1	0	1.514903
844	8427	0	0	0	2	0	1.754819
845	8439	0	0	0	2	0	1.550042
846	8449	0	0	0	0	0	1.517844
847	8458	0	0	0	1	0	1.452476
848	8467	0	0	0	1	0	1.845096
849	8477	0	0	0	2	0	1.279038
850	8496	0	0	0	1	0	2.363625
851	8501	0	0	0	0	0	1.666009
852	8512	0	0	0	2	0	2.616048
853	8519	0	0	0	2	0	1.883849
854	8525	0	0	0	1	0	1.013298
855	8535	0	0	0	0	0	2.508509
856	8542	0	0	0	1	0	1.118044
857	8550	0	0	0	1	0	2.545560
858	8562	0	0	0	0	0	1.851544
859	8575	0	0	0	2	0	2.269037
860	8589	0	0	0	0	0	2.180758
861	8596	0	0	0	0	0	1.351429
862	8607	0	0	0	1	0	1.664058
863	8621	0	0	0	0	0	2.626852
864	8632	0	0	0	0	0	1.998786
865	8639	0	0	0	0	0	1.460439
866	8650	0	0	0	2	0	2.444398
867	8662	0	0	0	0	0	2.903608
868	8669	0	0	0	1	0	1.530364
869	8680	0	0	0	1	0	1.074124
870	8688	0	0	0	2	0	1.839963
871	8696	0	0	0	2	0	2.996539
872	8711	0	0	0	0	0	2.198568
873	8729	0	0	0	0	0	2.862980
874	8740	0	0	0	1	0	1.504678
875	8750	0	0	0	0	0	2.878481
876	8761	0	0	0	1	0	1.534430
877	8770	0	0	0	0	0	1.990371
878	8781	0	0	0	2	0	2.698778
879	8791	0	0	0	1	0	2.504747
880	8802	0	0	0	0	0	1.687318
881	8809	0	0	0	1	0	1.610114
882	8823	0	0	0	1	0	2.939146
883	8835	0	0	0	2	0	1.290462
884	8845	0	0	0	1	0	1.547908
885	8851	0	0	0	0	0	1.724786
886	8862	0	0	0	1	0	1.329602
887	8872	0	0	0	2	0	2.480401
888	8879	0	0	0	1	0	2.722743
889	8888	0	0	0	1	0	2.908173
890	8903	0	0	0	1	0	2.305728
891	8914	0	0	0	2	0	2.096164
892	8927	0	0	0	2	0	2.630913
893	8940	0	0	0	0	0	2.574032
894	8951	0	0	0	0	0	1.552372
895	8965	0	0	0	0	0	2.564720
896	8976	0	0	0	2	0	2.071514
897	8985	0	0	0	0	0	1.517151
898	8991	0	0	0	2	0	2.805241
899	9004	0	0	0	0	0	2.466146
900	9017	0	0	0	0	0	2.573990
901	9023	0	0	0	2	0	1.968736
902	9035	0	0	0	1	0	2.646923
903	9041	0	0	0	2	0	1.807119
904	9044	0	0	0	0	0	1.312305
905	9056	0	0	0	2	0	1.667159
906	9071	0	0	0	2	0	2.750162
907	9083	0	0	0	1	0	1.095743
908	9092	0	0	0	1	0	1.694274
909	9104	0	0	0	0	0	2.244532
910	9109	0	0	0	0	0	2.251265
911	9115	0	0	0	1	0	2.401789
912	9126	0	0	0	0	0	1.306220
913	9134	0	0	0	2	0	2.903702
914	9141	0	0	0	0	0	1.484699
915	9149	0	0	0	1	0	1.597117
916	9157	0	0	0	1	0	1.965744
917	9168	0	0	0	0	0	2.920180
918	9174	0	0	0	2	0	1.940826
919	9182	0	0	0	1	0	2.750427
920	9192	0	0	0	0	0	1.257154
921	9209	0	0	0	0	0	2.766735
922	9222	0	0	0	2	0	2.375336
923	9231	0	0	0	2	0	1.713868
924	9239	0	0	0	2	0	2.356365
925	9255	0	0	0	1	0	2.855198
926	9267	0	0	0	0	0	2.775088
927	9276	0	0	0	2	0	1.187548
928	9280	0	0	0	0	0	2.609729
929	9292	0	0	0	2	0	2.846873
930	9303	0	0	0	1	0	1.365125
931	9314	0	0	0	0	0	1.738476
932	9326	0	0	0	0	0	2.935661
933	9339	0	0	0	2	0	2.603603
934	9349	0	0	0	1	0	1.549421
935	9361	0	0	0	0	0	2.085421
936	9370	0	0	0	0	0	2.878762
937	9379	0	0	0	2	0	1.679606
938	9392	0	0	0	0	0	2.583695
939	9402	0	0	0	0	0	2.285304
940	9415	0	0	0	0	0	2.028965
941	9429	0	0	0	0	0	1.065942
942	9442	0	0	0	2	0	2.798025
943	9449	0	0	0	0	0	1.531434
944	9459	0	0	0	2	0	1.169870
945	9470	0	0	0	0	0	2.198033
946	9481	0	0	0	0	0	1.213039
947	9486	0	0	0	0	0	1.180633
948	9494	0	0	0	1	0	2.020995
949	9500	0	0	0	0	0	2.674951
950	9508	0	0	0	1	0	2.892927
951	9522	0	0	0	0	0	2.932078
952	9532	0	0	0	1	0	2.559139
953	9543	0	0	0	2	0	1.149446
954	9556	0	0	0	0	0	1.416867
955	9571	0	0	0	1	0	2.717767
956	9576	0	0	0	0	0	2.907345
957	9582	0	0	0	2	0	1.760689
958	9591	0	0	0	0	0	1.465347
959	9603	0	0	0	1	0	1.631047
960	9610	0	0	0	0	0	2.104663
961	9617	0	0	0	0	0	1.251319
962	9624	0	0	0	0	0	1.809491
963	9636	0	0	0	1	0	1.714839
964	9649	0	0	0	2	0	2.570967
965	9658	0	0	0	2	0	2.927295
966	9664	0	0	0	0	0	1.869244
967	9672	0	0	0	2	0	1.275576
968	9686	0	0	0	1	0	1.825897
969	9696	0	0	0	2	0	1.103902
970	9705	0	0	0	0	0	2.394896
971	9719	0	0	0	2	0	2.727843
972	9732	0	0	0	2	0	2.168686
973	9736	0	0	0	0	0	2.515450
974	9747	0	0	0	1	0	2.299568
975	9759	0	0	0	1	0	1.690911
976	9772	0	0	0	1	0	1.887511
977	9785	0	0	0	2	0	1.102407
978	9792	0	0	0	0	0	1.516232
979	9803	0	0	0	1	0	2.149981
980	9812	0	0	0	2	0	2.678604
981	9821	0	0	0	0	0	2.995030
982	9827	0	0	0	0	0	1.031337
983	9833	0	0	0	0	0	2.346663
984	9838	0	0	0	0	0	1.090454
985	9850	0	0	0	2	0	1.679578
986	9858	0	0	0	2	0	1.831801
987	9867	0	0	0	2	0	1.454468
988	9873	0	0	0	0	0	1.308267
989	9889	0	0	0	1	0	1.858546
990	9893	0	0	0	2	0	1.736352
991	9901	0	0	0	1	0	2.046348
992	9911	0	0	0	2	0	1.039852
993	9919	0	0	0	0	0	1.526356
994	9932	0	0	0	2	0	2.220698
995	9941	0	0	0	1	0	2.693847
996	9947	0	0	0	0	0	2.873097
997	9958	0	0	0	1	0	1.627691
998	9968	0	0	0	1	0	1.233208
999	9981	0	0	0	1	0	2.515542
