0	1	0	0	0	1	0	2.740942
1	14	0	0	0	1	0	1.621273
2	24	0	0	0	0	0	2.140999
3	29	0	0	0	1	0	1.876101
4	41	0	0	0	0	0	2.657384
5	51	0	0	0	0	0	2.992968
6	59	0	0	0	0	0	2.568732
7	63	0	0	0	1	0	1.758499
8	71	0	0	0	0	0	1.846092
9	80	0	0	0	0	0	2.210534
10	96	0	0	0	0	0	2.299316
11	112	0	0	0	0	0	1.480392
12	120	0	0	0	2	0	1.078370
13	129	0	0	0	2	0	2.401780
14	141	0	0	0	0	0	2.972500
15	148	0	0	0	1	0	1.742757
16	157	0	0	0	1	0	1.569485
17	166	0	0	0	1	0	2.438832
18	175	0	0	0	2	0	1.202738
19	187	0	0	0	1	0	2.691024
20	198	0	0	0	1	0	2.176227
21	209	0	0	0	1	0	1.985644
22	223	0	0	0	1	0	1.164167
23	238	0	0	0	1	0	1.800303
24	250	0	0	0	2	0	2.742539
25	261	0	0	0	2	0	2.606793
26	270	0	0	0	2	0	2.949757
27	280	0	0	0	0	0	2.182953
28	289	0	0	0	2	0	1.236977
29	297	0	0	0	2	0	1.035412
30	306	0	0	0	0	0	2.777216
31	319	0	0	0	2	0	2.203330
32	326	0	0	0	0	0	1.935028
33	341	0	0	0	2	0	1.113309
34	353	0	0	0	0	0	2.614273
35	360	0	0	0	0	0	2.095304
36	367	0	0	0	0	0	1.549370
37	379	0	0	0	1	0	2.545203
38	392	0	0	0	2	0	1.841302
39	401	0	0	0	1	0	2.283759
40	407	0	0	0	2	0	1.083107
41	416	0	0	0	0	0	1.538663
42	425	0	0	0	0	0	2.130818
43	430	0	0	0	1	0	2.937942
44	440	0	0	0	1	0	1.361816
45	451	0	0	0	0	0	1.374939
46	464	0	0	0	0	0	1.720068
47	475	0	0	0	1	0	2.966687
48	487	0	0	0	1	0	2.553630
49	496	0	0	0	0	0	2.683632
50	502	0	0	0	0	0	1.047720
51	509	0	0	0	2	0	2.822121
52	519	0	0	0	0	0	2.992479
53	532	0	0	0	0	0	1.722960
54	537	0	0	0	1	0	1.813870
55	545	0	0	0	0	0	1.007745
56	557	0	0	0	0	0	2.911381
57	573	0	0	0	2	0	1.474533
58	588	0	0	0	0	0	1.880155
59	599	0	0	0	2	0	2.365225
60	606	0	0	0	0	0	2.965155
61	611	0	0	0	1	0	1.457159
62	621	0	0	0	0	0	1.044570
63	636	0	0	0	0	0	2.662415
64	644	0	0	0	2	0	2.424004
65	655	0	0	0	1	0	1.943608
66	661	0	0	0	0	0	2.316532
67	673	0	0	0	0	0	2.092147
68	685	0	0	0	1	0	2.815654
69	695	0	0	0	1	0	1.328357
70	705	0	0	0	1	0	2.914016
71	716	0	0	0	0	0	1.655736
72	723	0	0	0	0	0	2.092182
73	732	0	0	0	0	0	1.354171
74	746	0	0	0	1	0	1.379646
75	764	0	0	0	2	0	2.530422
76	771	0	0	0	1	0	1.181440
77	781	0	0	0	1	0	2.052768
78	793	0	0	0	0	0	1.111092
79	805	0	0	0	0	0	1.910042
80	817	0	0	0	0	0	2.133251
81	824	0	0	0	0	0	1.828439
82	832	0	0	0	0	0	2.817727
83	843	0	0	0	2	0	1.093594
84	851	0	0	0	0	0	1.379000
85	860	0	0	0	0	0	2.487815
86	866	0	0	0	1	0	2.427783
87	880	0	0	0	0	0	1.110286
88	889	0	0	0	0	0	1.009856
89	893	0	0	0	2	0	1.006649
90	896	0	0	0	0	0	2.465890
91	908	0	0	0	0	0	1.352733
92	919	0	0	0	0	0	2.124339
93	932	0	0	0	1	0	2.825276
94	940	0	0	0	2	0	1.117961
95	951	0	0	0	0	0	2.426398
96	959	0	0	0	1	0	1.694193
97	970	0	0	0	2	0	2.237881
98	982	0	0	0	2	0	1.149607
99	996	0	0	0	1	0	2.245025
100	1008	0	0	0	2	0	1.852494
101	1015	0	0	0	2	0	1.886028
102	1023	0	0	0	1	0	1.001363
103	1041	0	0	0	1	0	2.290683
104	1053	0	0	0	2	0	2.108156
105	1066	0	0	0	0	0	2.833430
106	1070	0	0	0	1	0	1.996927
107	1079	0	0	0	2	0	1.780086
108	1084	0	0	0	0	0	1.235676
109	1093	0	0	0	1	0	2.474788
110	1105	0	0	0	1	0	2.407465
111	1113	0	0	0	1	0	2.166957
112	1121	0	0	0	1	0	2.581704
113	1130	0	0	0	0	0	1.469433
114	1135	0	0	0	0	0	2.923739
115	1144	0	0	0	0	0	1.323621
116	1159	0	0	0	2	0	2.156896
117	1172	0	0	0	2	0	2.851345
118	1179	0	0	0	0	0	1.517256
119	1192	0	0	0	0	0	2.164484
120	1205	0	0	0	0	0	2.799679
121	1225	0	0	0	2	0	2.888730
122	1240	0	0	0	0	0	2.784371
123	1252	0	0	0	0	0	1.610940
124	1261	0	0	0	1	0	1.193715
125	1268	0	0	0	0	0	1.650656
126	1281	0	0	0	0	0	2.408162
127	1293	0	0	0	1	0	2.160425
128	1302	0	0	0	1	0	2.145326
129	1306	0	0	0	0	0	2.512471
130	1321	0	0	0	2	0	2.506888
131	1330	0	0	0	1	0	2.981068
132	1339	0	0	0	2	0	2.821041
133	1346	0	0	0	0	0	2.028169
134	1354	0	0	0	1	0	1.893135
135	1364	0	0	0	0	0	1.524095
136	1374	0	0	0	2	0	2.754481
137	1387	0	0	0	2	0	2.581219
138	1393	0	0	0	0	0	1.784394
139	1404	0	0	0	0	0	2.599685
140	1410	0	0	0	2	0	2.501878
141	1414	0	0	0	1	0	2.898439
142	1423	0	0	0	2	0	2.956325
143	1438	0	0	0	0	0	2.257241
144	1443	0	0	0	1	0	1.270619
145	1457	0	0	0	0	0	1.920198
146	1466	0	0	0	2	0	2.529599
147	1477	0	0	0	0	0	2.255718
148	1489	0	0	0	0	0	2.949900
149	1496	0	0	0	2	0	1.129401
150	1509	0	0	0	0	0	1.958706
151	1517	0	0	0	2	0	1.237493
152	1524	0	0	0	2	0	2.854493
153	1537	0	0	0	1	0	2.594075
154	1547	0	0	0	0	0	1.067180
155	1556	0	0	0	0	0	2.467523
156	1565	0	0	0	1	0	1.445761
157	1578	0	0	0	0	0	1.410055
158	1592	0	0	0	0	0	1.520830
159	1605	0	0	0	0	0	2.923412
160	1614	0	0	0	1	0	1.130273
161	1626	0	0	0	1	0	1.648300
162	1635	0	0	0	1	0	2.458562
163	1642	0	0	0	0	0	1.382098
164	1660	0	0	0	2	0	1.447078
165	1673	0	0	0	1	0	1.546636
166	1687	0	0	0	1	0	2.204868
167	1696	0	0	0	1	0	1.176254
168	1703	0	0	0	1	0	2.042014
169	1717	0	0	0	0	0	1.586542
170	1729	0	0	0	0	0	1.409522
171	1735	0	0	0	0	0	1.012833
172	1747	0	0	0	1	0	2.294913
173	1758	0	0	0	2	0	1.212088
174	1766	0	0	0	2	0	1.021599
175	1773	0	0	0	1	0	1.994065
176	1786	0	0	0	2	0	1.049683
177	1798	0	0	0	1	0	1.718052
178	1808	0	0	0	2	0	1.254889
179	1819	0	0	0	1	0	1.610095
180	1828	0	0	0	0	0	2.913070
181	1836	0	0	0	1	0	2.122520
182	1841	0	0	0	1	0	1.475940
183	1850	0	0	0	0	0	2.827821
184	1862	0	0	0	2	0	1.772239
185	1868	0	0	0	2	0	2.376374
186	1878	0	0	0	1	0	2.107748
187	1890	0	0	0	0	0	1.412123
188	1899	0	0	0	0	0	2.699553
189	1913	0	0	0	2	0	2.490867
190	1921	0	0	0	0	0	2.709479
191	1932	0	0	0	0	0	1.485662
192	1940	0	0	0	0	0	1.467715
193	1950	0	0	0	0	0	2.114200
194	1960	0	0	0	0	0	1.807216
195	1968	0	0	0	0	0	2.993841
196	1981	0	0	0	2	0	2.220709
197	1986	0	0	0	1	0	2.692690
198	2000	0	0	0	2	0	2.586036
199	2011	0	0	0	1	0	2.942763
200	2020	0	0	0	0	0	2.349412
201	2028	0	0	0	1	0	1.215505
202	2038	0	0	0	0	0	1.553874
203	2047	0	0	0	0	0	2.659433
204	2054	0	0	0	1	0	2.744268
205	2061	0	0	0	0	0	1.829981
206	2073	0	0	0	0	0	2.910634
207	2084	0	0	0	1	0	2.035912
208	2094	0	0	0	0	0	1.923867
209	2104	0	0	0	1	0	2.829388
210	2114	0	0	0	1	0	1.362569
211	2122	0	0	0	2	0	1.436481
212	2132	0	0	0	2	0	2.173644
213	2141	0	0	0	2	0	2.049996
214	2149	0	0	0	0	0	2.893360
215	2158	0	0	0	0	0	1.475974
216	2166	0	0	0	0	0	1.174212
217	2184	0	0	0	0	0	1.095821
218	2195	0	0	0	0	0	1.652925
219	2207	0	0	0	0	0	2.545076
220	2216	0	0	0	0	0	1.263142
221	2226	0	0	0	2	0	1.516601
222	2238	0	0	0	0	0	1.791116
223	2247	0	0	0	0	0	2.554401
224	2251	0	0	0	1	0	2.920656
225	2261	0	0	0	0	0	1.697099
226	2274	0	0	0	1	0	2.877570
227	2286	0	0	0	1	0	1.682778
228	2297	0	0	0	1	0	1.805413
229	2312	0	0	0	1	0	2.831511
230	2321	0	0	0	0	0	2.703836
231	2330	0	0	0	1	0	2.771800
232	2342	0	0	0	0	0	1.250907
233	2357	0	0	0	0	0	2.695032
234	2369	0	0	0	1	0	2.763607
235	2385	0	0	0	1	0	1.200900
236	2395	0	0	0	0	0	2.836892
237	2406	0	0	0	0	0	1.582217
238	2416	0	0	0	1	0	2.472788
239	2426	0	0	0	2	0	2.432471
240	2436	0	0	0	2	0	1.290655
241	2441	0	0	0	1	0	1.409908
242	2456	0	0	0	1	0	1.226712
243	2463	0	0	0	2	0	1.914711
244	2468	0	0	0	1	0	2.523901
245	2479	0	0	0	0	0	2.947641
246	2495	0	0	0	0	0	1.661907
247	2508	0	0	0	2	0	2.840911
248	2518	0	0	0	2	0	2.580473
249	2524	0	0	0	2	0	1.533518
250	2533	0	0	0	0	0	1.245124
251	2540	0	0	0	0	0	1.978432
252	2549	0	0	0	0	0	2.250042
253	2560	0	0	0	1	0	2.851072
254	2578	0	0	0	1	0	1.335921
255	2588	0	0	0	2	0	1.625246
256	2598	0	0	0	0	0	2.416145
257	2603	0	0	0	1	0	1.586189
258	2611	0	0	0	2	0	1.818156
259	2619	0	0	0	1	0	1.917456
260	2629	0	0	0	0	0	1.715602
261	2634	0	0	0	1	0	2.916430
262	2642	0	0	0	1	0	1.291738
263	2650	0	0	0	0	0	1.092435
264	2658	0	0	0	1	0	2.013551
265	2669	0	0	0	1	0	1.818694
266	2685	0	0	0	2	0	2.708764
267	2688	0	0	0	1	0	2.520651
268	2702	0	0	0	0	0	1.836574
269	2710	0	0	0	2	0	2.129321
270	2723	0	0	0	1	0	2.831361
271	2730	0	0	0	1	0	2.233351
272	2747	0	0	0	0	0	2.745198
273	2759	0	0	0	1	0	2.593615
274	2779	0	0	0	1	0	2.693313
275	2787	0	0	0	0	0	2.568192
276	2790	0	0	0	2	0	2.165894
277	2798	0	0	0	0	0	2.148327
278	2811	0	0	0	0	0	2.356401
279	2818	0	0	0	0	0	2.370589
280	2821	0	0	0	1	0	2.724409
281	2831	0	0	0	1	0	1.662985
282	2841	0	0	0	1	0	2.164749
283	2849	0	0	0	0	0	1.479742
284	2865	0	0	0	0	0	1.459037
285	2870	0	0	0	2	0	2.438553
286	2890	0	0	0	0	0	1.043537
287	2894	0	0	0	0	0	2.690134
288	2908	0	0	0	1	0	1.964533
289	2925	0	0	0	2	0	1.684890
290	2930	0	0	0	0	0	2.768661
291	2942	0	0	0	1	0	1.931448
292	2953	0	0	0	0	0	1.089681
293	2961	0	0	0	0	0	2.535098
294	2978	0	0	0	0	0	2.360134
295	2989	0	0	0	0	0	1.578341
296	2998	0	0	0	0	0	1.008412
297	3007	0	0	0	1	0	2.359111
298	3021	0	0	0	2	0	1.151090
299	3031	0	0	0	1	0	2.220923
300	3041	0	0	0	1	0	2.697931
301	3051	0	0	0	0	0	2.413474
302	3058	0	0	0	0	0	2.600904
303	3066	0	0	0	0	0	1.005420
304	3076	0	0	0	2	0	1.220635
305	3084	0	0	0	1	0	2.939863
306	3098	0	0	0	1	0	1.731296
307	3108	0	0	0	1	0	2.760827
308	3116	0	0	0	0	0	1.176786
309	3126	0	0	0	0	0	2.335572
310	3136	0	0	0	0	0	1.607775
311	3144	0	0	0	1	0	2.717803
312	3153	0	0	0	1	0	2.328643
313	3164	0	0	0	0	0	1.605043
314	3174	0	0	0	1	0	1.026746
315	3186	0	0	0	2	0	1.052786
316	3194	0	0	0	1	0	1.121719
317	3206	0	0	0	0	0	1.277081
318	3218	0	0	0	0	0	1.209007
319	3226	0	0	0	0	0	1.882030
320	3234	0	0	0	2	0	1.981040
321	3245	0	0	0	0	0	1.274698
322	3252	0	0	0	0	0	2.694452
323	3265	0	0	0	2	0	2.329984
324	3275	0	0	0	0	0	1.716391
325	3286	0	0	0	2	0	2.213807
326	3298	0	0	0	0	0	2.400574
327	3307	0	0	0	1	0	2.285103
328	3325	0	0	0	2	0	1.226504
329	3340	0	0	0	1	0	1.375870
330	3351	0	0	0	1	0	1.954121
331	3359	0	0	0	2	0	2.659191
332	3371	0	0	0	1	0	2.904552
333	3382	0	0	0	2	0	2.291108
334	3391	0	0	0	0	0	2.824280
335	3394	0	0	0	0	0	2.724703
336	3402	0	0	0	2	0	1.932239
337	3409	0	0	0	0	0	1.178184
338	3419	0	0	0	0	0	2.223365
339	3432	0	0	0	0	0	1.244569
340	3441	0	0	0	0	0	1.577367
341	3450	0	0	0	1	0	1.829533
342	3459	0	0	0	2	0	1.718871
343	3470	0	0	0	2	0	2.574024
344	3478	0	0	0	1	0	1.000036
345	3484	0	0	0	1	0	1.023653
346	3497	0	0	0	1	0	2.697660
347	3506	0	0	0	1	0	2.143776
348	3515	0	0	0	2	0	1.639084
349	3525	0	0	0	1	0	1.392591
350	3537	0	0	0	2	0	2.286325
351	3543	0	0	0	1	0	1.301327
352	3553	0	0	0	2	0	2.712295
353	3560	0	0	0	0	0	2.213679
354	3566	0	0	0	0	0	1.135464
355	3575	0	0	0	2	0	2.194041
356	3582	0	0	0	0	0	2.603217
357	3591	0	0	0	1	0	1.763566
358	3604	0	0	0	1	0	2.960190
359	3613	0	0	0	1	0	2.419594
360	3621	0	0	0	1	0	2.517647
361	3630	0	0	0	1	0	2.208471
362	3644	0	0	0	1	0	1.151257
363	3657	0	0	0	1	0	1.250556
364	3667	0	0	0	2	0	1.797476
365	3677	0	0	0	0	0	2.616298
366	3684	0	0	0	0	0	1.431724
367	3699	0	0	0	0	0	1.175994
368	3709	0	0	0	1	0	2.027290
369	3716	0	0	0	2	0	1.208978
370	3731	0	0	0	2	0	2.965628
371	3742	0	0	0	1	0	1.874604
372	3748	0	0	0	1	0	2.765441
373	3758	0	0	0	1	0	2.357009
374	3771	0	0	0	1	0	2.223332
375	3778	0	0	0	2	0	2.364446
376	3795	0	0	0	2	0	2.804005
377	3807	0	0	0	0	0	1.239668
378	3817	0	0	0	2	0	2.815211
379	3825	0	0	0	0	0	2.169718
380	3837	0	0	0	2	0	1.695781
381	3843	0	0	0	1	0	2.679725
382	3853	0	0	0	1	0	1.422877
383	3864	0	0	0	0	0	1.637532
384	3877	0	0	0	1	0	2.537369
385	3889	0	0	0	1	0	2.257852
386	3897	0	0	0	1	0	1.993022
387	3907	0	0	0	2	0	1.346097
388	3911	0	0	0	1	0	1.080641
389	3923	0	0	0	1	0	1.156845
390	3929	0	0	0	2	0	2.994302
391	3940	0	0	0	2	0	2.110662
392	3952	0	0	0	1	0	1.714393
393	3959	0	0	0	1	0	1.956755
394	3972	0	0	0	0	0	1.088301
395	3992	0	0	0	1	0	1.906509
396	4004	0	0	0	1	0	2.027675
397	4014	0	0	0	2	0	1.883525
398	4022	0	0	0	2	0	1.650051
399	4032	0	0	0	0	0	2.354545
400	4047	0	0	0	0	0	2.205984
401	4057	0	0	0	0	0	1.169996
402	4070	0	0	0	0	0	2.121185
403	4077	0	0	0	2	0	2.824992
404	4086	0	0	0	1	0	2.638426
405	4092	0	0	0	0	0	2.784818
406	4107	0	0	0	2	0	2.628615
407	4115	0	0	0	2	0	1.973822
408	4119	0	0	0	2	0	1.060107
409	4127	0	0	0	0	0	1.702681
410	4137	0	0	0	1	0	1.071261
411	4148	0	0	0	1	0	1.861631
412	4158	0	0	0	2	0	1.753514
413	4166	0	0	0	1	0	1.169788
414	4177	0	0	0	0	0	2.747987
415	4182	0	0	0	2	0	2.025478
416	4193	0	0	0	1	0	2.260115
417	4202	0	0	0	2	0	2.444919
418	4215	0	0	0	1	0	2.925987
419	4219	0	0	0	2	0	1.783961
420	4226	0	0	0	1	0	1.175684
421	4233	0	0	0	2	0	1.095458
422	4243	0	0	0	1	0	2.653947
423	4247	0	0	0	0	0	2.565542
424	4254	0	0	0	1	0	1.786998
425	4264	0	0	0	0	0	2.406617
426	4268	0	0	0	2	0	1.330906
427	4279	0	0	0	0	0	1.587542
428	4288	0	0	0	0	0	2.060048
429	4298	0	0	0	2	0	1.398477
430	4307	0	0	0	1	0	2.957373
431	4322	0	0	0	0	0	1.942720
432	4334	0	0	0	1	0	2.524514
433	4351	0	0	0	1	0	1.823940
434	4361	0	0	0	0	0	1.665990
435	4368	0	0	0	0	0	1.689090
436	4374	0	0	0	1	0	1.678058
437	4386	0	0	0	1	0	1.261508
438	4402	0	0	0	0	0	1.413263
439	4409	0	0	0	1	0	2.193428
440	4419	0	0	0	0	0	2.304685
441	4432	0	0	0	0	0	1.818294
442	4441	0	0	0	2	0	1.595887
443	4451	0	0	0	0	0	2.390978
444	4459	0	0	0	0	0	2.373355
445	4468	0	0	0	0	0	1.291005
446	4483	0	0	0	1	0	2.169405
447	4498	0	0	0	2	0	2.268670
448	4509	0	0	0	0	0	1.033720
449	4516	0	0	0	2	0	2.390541
450	4528	0	0	0	1	0	1.123095
451	4547	0	0	0	1	0	1.407064
452	4555	0	0	0	1	0	1.337908
453	4564	0	0	0	1	0	2.569573
454	4577	0	0	0	1	0	2.667600
455	4578	0	0	0	0	0	2.418988
456	4588	0	0	0	1	0	1.230353
457	4597	0	0	0	1	0	1.432600
458	4612	0	0	0	0	0	1.613273
459	4624	0	0	0	0	0	2.832418
460	4634	0	0	0	0	0	1.488512
461	4640	0	0	0	2	0	1.538928
462	4645	0	0	0	1	0	1.926386
463	4652	0	0	0	0	0	2.175398
464	4662	0	0	0	0	0	1.109905
465	4673	0	0	0	2	0	1.395897
466	4690	0	0	0	0	0	1.722464
467	4702	0	0	0	2	0	2.767663
468	4710	0	0	0	2	0	2.793003
469	4719	0	0	0	2	0	2.211746
470	4727	0	0	0	1	0	2.217321
471	4731	0	0	0	2	0	2.114412
472	4742	0	0	0	0	0	2.721313
473	4751	0	0	0	0	0	2.633911
474	4756	0	0	0	1	0	1.243185
475	4764	0	0	0	0	0	1.922491
476	4777	0	0	0	1	0	2.962832
477	4786	0	0	0	1	0	1.533613
478	4797	0	0	0	1	0	2.903505
479	4809	0	0	0	0	0	1.106228
480	4817	0	0	0	2	0	1.532322
481	4830	0	0	0	1	0	2.304882
482	4839	0	0	0	0	0	1.830972
483	4849	0	0	0	0	0	2.448500
484	4859	0	0	0	1	0	1.727038
485	4871	0	0	0	0	0	1.334187
486	4881	0	0	0	2	0	2.688935
487	4892	0	0	0	2	0	2.021633
488	4898	0	0	0	0	0	1.764882
489	4907	0	0	0	2	0	2.531956
490	4913	0	0	0	1	0	2.155272
491	4924	0	0	0	2	0	1.123343
492	4929	0	0	0	0	0	1.975096
493	4942	0	0	0	0	0	1.636919
494	4950	0	0	0	0	0	1.284208
495	4956	0	0	0	1	0	1.026869
496	4969	0	0	0	2	0	1.260799
497	4980	0	0	0	1	0	2.708461
498	4991	0	0	0	1	0	1.137519
499	5001	0	0	0	0	0	2.340975
500	5014	0	0	0	2	0	1.530576
501	5020	0	0	0	0	0	1.923642
502	5034	0	0	0	1	0	2.634585
503	5040	0	0	0	0	0	1.384719
504	5051	0	0	0	2	0	1.807954
505	5060	0	0	0	1	0	2.147476
506	5074	0	0	0	0	0	1.325774
507	5082	0	0	0	1	0	1.305682
508	5094	0	0	0	0	0	2.620812
509	5109	0	0	0	1	0	1.174670
510	5117	0	0	0	2	0	1.073482
511	5132	0	0	0	1	0	2.849571
512	5137	0	0	0	0	0	1.807819
513	5153	0	0	0	1	0	2.779197
514	5161	0	0	0	1	0	1.212205
515	5169	0	0	0	0	0	1.833881
516	5175	0	0	0	0	0	2.978414
517	5187	0	0	0	0	0	2.334737
518	5198	0	0	0	0	0	2.924484
519	5207	0	0	0	0	0	1.512537
520	5225	0	0	0	1	0	1.630852
521	5238	0	0	0	0	0	2.434701
522	5250	0	0	0	1	0	2.047427
523	5261	0	0	0	0	0	1.444128
524	5269	0	0	0	2	0	1.261720
525	5283	0	0	0	1	0	1.784413
526	5289	0	0	0	0	0	1.039074
527	5299	0	0	0	1	0	1.286504
528	5309	0	0	0	0	0	2.235161
529	5315	0	0	0	2	0	2.022567
530	5324	0	0	0	0	0	1.989696
531	5332	0	0	0	1	0	2.667123
532	5343	0	0	0	2	0	2.978490
533	5348	0	0	0	1	0	2.558383
534	5355	0	0	0	1	0	1.791521
535	5364	0	0	0	0	0	1.485858
536	5379	0	0	0	0	0	2.788869
537	5389	0	0	0	0	0	2.026330
538	5396	0	0	0	0	0	1.503921
539	5402	0	0	0	2	0	2.842455
540	5411	0	0	0	2	0	2.216603
541	5424	0	0	0	1	0	1.699845
542	5434	0	0	0	0	0	1.141754
543	5446	0	0	0	1	0	1.350149
544	5457	0	0	0	2	0	2.104225
545	5466	0	0	0	1	0	1.616188
546	5478	0	0	0	0	0	2.719919
547	5487	0	0	0	1	0	1.393832
548	5497	0	0	0	1	0	2.972664
549	5503	0	0	0	1	0	1.380898
550	5515	0	0	0	1	0	1.131073
551	5526	0	0	0	0	0	2.854039
552	5537	0	0	0	0	0	1.984498
553	5547	0	0	0	2	0	1.569876
554	5557	0	0	0	1	0	2.054302
555	5570	0	0	0	0	0	1.699495
556	5581	0	0	0	0	0	1.289869
557	5589	0	0	0	0	0	2.864499
558	5597	0	0	0	1	0	2.709887
559	5603	0	0	0	0	0	2.061195
560	5614	0	0	0	0	0	1.940990
561	5621	0	0	0	0	0	1.338969
562	5631	0	0	0	1	0	1.922255
563	5641	0	0	0	2	0	1.669338
564	5651	0	0	0	1	0	2.138601
565	5662	0	0	0	0	0	2.121566
566	5673	0	0	0	1	0	2.104090
567	5685	0	0	0	1	0	1.875045
568	5698	0	0	0	0	0	2.460758
569	5714	0	0	0	0	0	2.365151
570	5723	0	0	0	2	0	1.430680
571	5731	0	0	0	0	0	2.873946
572	5739	0	0	0	2	0	1.394796
573	5748	0	0	0	1	0	1.134984
574	5760	0	0	0	0	0	2.444658
575	5767	0	0	0	0	0	2.428045
576	5774	0	0	0	1	0	1.701331
577	5781	0	0	0	1	0	1.984436
578	5795	0	0	0	0	0	1.671192
579	5805	0	0	0	2	0	2.734264
580	5815	0	0	0	2	0	1.554548
581	5823	0	0	0	0	0	2.263119
582	5836	0	0	0	0	0	2.714014
583	5847	0	0	0	0	0	1.891733
584	5855	0	0	0	0	0	2.366151
585	5860	0	0	0	2	0	1.191570
586	5864	0	0	0	1	0	1.067484
587	5875	0	0	0	1	0	2.283764
588	5885	0	0	0	0	0	2.704908
589	5897	0	0	0	2	0	2.040802
590	5911	0	0	0	2	0	1.352642
591	5917	0	0	0	1	0	1.581418
592	5921	0	0	0	2	0	1.066098
593	5929	0	0	0	1	0	2.728939
594	5941	0	0	0	0	0	1.239277
595	5951	0	0	0	0	0	1.735714
596	5959	0	0	0	2	0	1.339814
597	5970	0	0	0	2	0	1.155669
598	5975	0	0	0	0	0	2.058323
599	5983	0	0	0	0	0	1.508534
600	5990	0	0	0	0	0	2.871454
601	6000	0	0	0	0	0	2.577762
602	6016	0	0	0	1	0	2.501404
603	6022	0	0	0	0	0	1.037176
604	6029	0	0	0	1	0	2.320063
605	6041	0	0	0	1	0	1.794722
606	6054	0	0	0	2	0	2.889198
607	6062	0	0	0	2	0	2.304821
608	6069	0	0	0	1	0	1.026029
609	6077	0	0	0	2	0	1.724013
610	6095	0	0	0	1	0	2.133036
611	6108	0	0	0	1	0	2.807647
612	6114	0	0	0	1	0	1.010965
613	6119	0	0	0	2	0	2.457003
614	6133	0	0	0	2	0	2.037495
615	6147	0	0	0	0	0	1.118593
616	6160	0	0	0	0	0	1.891866
617	6166	0	0	0	2	0	2.424797
618	6177	0	0	0	0	0	2.001151
619	6187	0	0	0	0	0	2.325835
620	6199	0	0	0	0	0	2.439652
621	6214	0	0	0	0	0	2.695243
622	6219	0	0	0	1	0	1.674026
623	6225	0	0	0	0	0	1.442099
624	6235	0	0	0	2	0	1.728401
625	6243	0	0	0	0	0	2.772209
626	6249	0	0	0	0	0	1.309236
627	6264	0	0	0	1	0	1.679297
628	6274	0	0	0	1	0	2.038061
629	6287	0	0	0	0	0	1.443850
630	6298	0	0	0	0	0	2.405198
631	6305	0	0	0	0	0	2.793559
632	6313	0	0	0	0	0	2.186694
633	6322	0	0	0	1	0	2.086008
634	6336	0	0	0	0	0	2.528676
635	6345	0	0	0	0	0	2.834761
636	6358	0	0	0	0	0	1.798984
637	6366	0	0	0	2	0	1.310544
638	6376	0	0	0	0	0	2.674261
639	6382	0	0	0	0	0	1.916164
640	6393	0	0	0	0	0	1.760266
641	6402	0	0	0	1	0	1.339603
642	6413	0	0	0	0	0	2.461823
643	6423	0	0	0	0	0	1.137889
644	6432	0	0	0	0	0	2.824805
645	6445	0	0	0	2	0	2.560067
646	6453	0	0	0	2	0	2.462268
647	6468	0	0	0	1	0	1.423273
648	6484	0	0	0	1	0	2.867878
649	6494	0	0	0	0	0	1.797236
650	6514	0	0	0	0	0	1.537180
651	6523	0	0	0	1	0	1.527363
652	6527	0	0	0	0	0	1.463027
653	6536	0	0	0	1	0	2.018197
654	6547	0	0	0	0	0	1.634973
655	6555	0	0	0	0	0	1.041754
656	6566	0	0	0	2	0	2.010751
657	6576	0	0	0	1	0	2.851198
658	6581	0	0	0	1	0	2.242394
659	6589	0	0	0	1	0	1.222399
660	6599	0	0	0	2	0	2.235062
661	6606	0	0	0	2	0	2.685582
662	6616	0	0	0	1	0	2.367517
663	6624	0	0	0	1	0	2.467561
664	6628	0	0	0	1	0	2.071722
665	6634	0	0	0	0	0	2.708677
666	6642	0	0	0	0	0	2.213185
667	6655	0	0	0	1	0	1.384232
668	6669	0	0	0	2	0	2.532362
669	6672	0	0	0	0	0	1.331834
670	6688	0	0	0	0	0	2.698814
671	6695	0	0	0	2	0	1.393567
672	6709	0	0	0	1	0	1.755696
673	6720	0	0	0	1	0	1.247025
674	6736	0	0	0	1	0	2.005442
675	6746	0	0	0	1	0	1.855752
676	6755	0	0	0	1	0	2.358023
677	6764	0	0	0	0	0	2.974522
678	6777	0	0	0	0	0	2.128522
679	6785	0	0	0	0	0	1.687901
680	6793	0	0	0	0	0	2.449896
681	6803	0	0	0	2	0	2.951685
682	6810	0	0	0	0	0	1.720633
683	6822	0	0	0	0	0	1.219766
684	6837	0	0	0	2	0	2.467282
685	6856	0	0	0	0	0	2.098152
686	6864	0	0	0	0	0	2.154131
687	6871	0	0	0	1	0	1.645971
688	6879	0	0	0	0	0	2.424869
689	6887	0	0	0	2	0	1.733220
690	6897	0	0	0	0	0	1.793422
691	6904	0	0	0	2	0	1.840537
692	6912	0	0	0	1	0	1.560149
693	6917	0	0	0	1	0	2.319773
694	6932	0	0	0	1	0	1.586972
695	6941	0	0	0	2	0	2.433467
696	6956	0	0	0	0	0	2.567936
697	6960	0	0	0	1	0	1.203563
698	6969	0	0	0	0	0	2.724581
699	6978	0	0	0	0	0	2.663352
700	6997	0	0	0	1	0	1.351710
701	7004	0	0	0	0	0	2.488468
702	7018	0	0	0	1	0	2.467193
703	7023	0	0	0	1	0	2.043581
704	7040	0	0	0	1	0	1.464657
705	7048	0	0	0	1	0	1.735862
706	7058	0	0	0	0	0	1.712949
707	7062	0	0	0	0	0	2.753939
708	7071	0	0	0	2	0	2.833355
709	7081	0	0	0	1	0	1.079719
710	7090	0	0	0	0	0	2.180932
711	7093	0	0	0	0	0	1.586890
712	7103	0	0	0	1	0	1.249278
713	7110	0	0	0	0	0	1.888730
714	7120	0	0	0	0	0	1.725011
715	7125	0	0	0	2	0	2.225403
716	7140	0	0	0	0	0	2.488059
717	7150	0	0	0	1	0	1.667109
718	7167	0	0	0	1	0	2.408524
719	7180	0	0	0	1	0	2.137173
720	7193	0	0	0	0	0	1.586277
721	7202	0	0	0	1	0	1.549257
722	7212	0	0	0	0	0	2.866650
723	7220	0	0	0	2	0	2.098604
724	7229	0	0	0	1	0	2.564893
725	7238	0	0	0	0	0	2.852489
726	7247	0	0	0	1	0	2.394859
727	7251	0	0	0	2	0	2.759939
728	7263	0	0	0	1	0	2.151292
729	7276	0	0	0	0	0	2.293498
730	7285	0	0	0	0	0	2.849910
731	7293	0	0	0	2	0	2.172238
732	7303	0	0	0	1	0	1.748948
733	7310	0	0	0	0	0	1.047234
734	7320	0	0	0	1	0	1.110677
735	7331	0	0	0	2	0	2.403933
736	7348	0	0	0	2	0	1.662866
737	7354	0	0	0	1	0	1.600423
738	7365	0	0	0	2	0	1.970544
739	7381	0	0	0	2	0	2.606585
740	7390	0	0	0	0	0	1.588262
741	7394	0	0	0	2	0	2.096510
742	7405	0	0	0	2	0	2.718218
743	7414	0	0	0	1	0	1.702664
744	7420	0	0	0	0	0	1.938577
745	7431	0	0	0	2	0	2.150968
746	7437	0	0	0	2	0	1.565241
747	7443	0	0	0	0	0	1.669455
748	7449	0	0	0	0	0	1.130717
749	7459	0	0	0	2	0	1.357553
750	7472	0	0	0	0	0	1.487135
751	7483	0	0	0	2	0	2.105741
752	7487	0	0	0	1	0	1.762628
753	7493	0	0	0	0	0	2.324445
754	7499	0	0	0	0	0	2.889796
755	7507	0	0	0	2	0	1.023576
756	7520	0	0	0	0	0	2.578272
757	7530	0	0	0	0	0	2.948746
758	7537	0	0	0	0	0	1.894935
759	7546	0	0	0	1	0	2.568132
760	7549	0	0	0	0	0	2.261835
761	7557	0	0	0	2	0	2.825955
762	7571	0	0	0	0	0	1.432729
763	7587	0	0	0	2	0	2.831105
764	7598	0	0	0	1	0	1.068318
765	7606	0	0	0	0	0	2.255044
766	7616	0	0	0	1	0	1.795216
767	7628	0	0	0	2	0	2.351700
768	7639	0	0	0	1	0	2.524920
769	7648	0	0	0	1	0	1.285420
770	7652	0	0	0	0	0	2.239784
771	7659	0	0	0	2	0	1.976275
772	7669	0	0	0	0	0	1.591403
773	7673	0	0	0	0	0	2.803386
774	7683	0	0	0	2	0	2.314889
775	7691	0	0	0	0	0	1.064488
776	7707	0	0	0	0	0	2.203152
777	7716	0	0	0	2	0	2.296122
778	7722	0	0	0	0	0	2.012853
779	7735	0	0	0	0	0	1.484062
780	7739	0	0	0	1	0	1.067303
781	7745	0	0	0	0	0	1.249709
782	7755	0	0	0	0	0	1.137022
783	7764	0	0	0	2	0	1.491869
784	7773	0	0	0	2	0	1.638695
785	7786	0	0	0	1	0	1.467296
786	7796	0	0	0	0	0	1.001249
787	7802	0	0	0	1	0	1.818824
788	7818	0	0	0	1	0	1.868768
789	7829	0	0	0	1	0	2.046016
790	7844	0	0	0	0	0	1.918699
791	7863	0	0	0	0	0	2.748654
792	7874	0	0	0	2	0	2.361835
793	7893	0	0	0	0	0	1.190971
794	7906	0	0	0	0	0	1.067167
795	7918	0	0	0	0	0	2.058741
796	7922	0	0	0	0	0	1.420736
797	7927	0	0	0	1	0	1.948369
798	7935	0	0	0	1	0	2.993341
799	7943	0	0	0	2	0	2.080570
800	7953	0	0	0	0	0	1.495477
801	7962	0	0	0	0	0	2.477845
802	7972	0	0	0	0	0	2.003950
803	7989	0	0	0	1	0	2.665193
804	8001	0	0	0	2	0	2.264961
805	8011	0	0	0	1	0	2.118142
806	8025	0	0	0	1	0	2.289225
807	8034	0	0	0	1	0	1.981360
808	8045	0	0	0	0	0	2.490671
809	8058	0	0	0	0	0	2.830010
810	8070	0	0	0	1	0	1.483439
811	8082	0	0	0	0	0	2.518262
812	8096	0	0	0	0	0	2.184187
813	8108	0	0	0	2	0	2.618235
814	8112	0	0	0	1	0	2.312275
815	8124	0	0	0	1	0	1.905003
816	8141	0	0	0	0	0	1.863715
817	8153	0	0	0	0	0	2.189659
818	8169	0	0	0	0	0	1.701659
819	8176	0	0	0	0	0	1.268483
820	8188	0	0	0	2	0	1.936146
821	8195	0	0	0	0	0	2.623349
822	8206	0	0	0	0	0	1.078743
823	8213	0	0	0	1	0	2.664165
824	8223	0	0	0	1	0	1.570585
825	8232	0	0	0	2	0	1.865169
826	8244	0	0	0	0	0	2.606658
827	8250	0	0	0	1	0	2.215788
828	8263	0	0	0	0	0	1.640929
829	8273	0	0	0	0	0	2.875421
830	8290	0	0	0	1	0	2.999834
831	8298	0	0	0	2	0	2.509645
832	8306	0	0	0	1	0	2.882698
833	8317	0	0	0	0	0	1.122944
834	8322	0	0	0	2	0	2.895575
835	8335	0	0	0	1	0	1.465552
836	8345	0	0	0	1	0	1.951017
837	8354	0	0	0	2	0	1.641196
838	8369	0	0	0	2	0	1.517448
839	8377	0	0	0	1	0	1.070445
840	8387	0	0	0	1	0	2.130196
841	8402	0	0	0	2	0	1.180141
842	8411	0	0	0	1	0	1.738542
843	8420	0	0	0	1	0	2.989586
844	8432	0	0	0	2	0	2.551508
845	8439	0	0	0	0	0	1.736582
846	8447	0	0	0	0	0	1.449813
847	8458	0	0	0	2	0	2.554914
848	8465	0	0	0	2	0	2.241544
849	8473	0	0	0	1	0	1.211361
850	8482	0	0	0	0	0	1.732849
851	8489	0	0	0	2	0	2.742154
852	8497	0	0	0	1	0	1.862624
853	8506	0	0	0	2	0	1.173002
854	8518	0	0	0	0	0	2.337454
855	8525	0	0	0	0	0	1.926564
856	8532	0	0	0	0	0	2.805501
857	8538	0	0	0	0	0	2.580923
858	8546	0	0	0	2	0	2.468618
859	8562	0	0	0	2	0	1.109514
860	8581	0	0	0	1	0	2.379034
861	8591	0	0	0	0	0	2.277011
862	8600	0	0	0	2	0	2.313089
863	8612	0	0	0	1	0	2.369967
864	8624	0	0	0	2	0	2.570590
865	8632	0	0	0	0	0	2.810531
866	8643	0	0	0	1	0	1.555342
867	8655	0	0	0	2	0	1.756041
868	8666	0	0	0	1	0	2.053824
869	8676	0	0	0	2	0	2.966140
870	8685	0	0	0	2	0	2.563432
871	8691	0	0	0	0	0	1.975898
872	8703	0	0	0	1	0	1.383679
873	8711	0	0	0	0	0	1.525318
874	8725	0	0	0	2	0	2.390399
875	8737	0	0	0	1	0	1.530432
876	8748	0	0	0	1	0	1.682000
877	8757	0	0	0	0	0	1.294914
878	8765	0	0	0	1	0	1.924088
879	8773	0	0	0	2	0	2.811067
880	8784	0	0	0	0	0	2.167212
881	8799	0	0	0	1	0	2.725372
882	8807	0	0	0	1	0	2.227700
883	8817	0	0	0	0	0	1.536821
884	8833	0	0	0	0	0	2.825737
885	8835	0	0	0	2	0	1.431900
886	8840	0	0	0	0	0	2.281875
887	8852	0	0	0	0	0	1.181163
888	8857	0	0	0	0	0	1.710686
889	8876	0	0	0	0	0	1.339064
890	8886	0	0	0	0	0	2.175809
891	8891	0	0	0	1	0	1.599956
892	8908	0	0	0	1	0	2.888516
893	8919	0	0	0	0	0	1.354577
894	8931	0	0	0	1	0	2.368107
895	8943	0	0	0	1	0	1.499696
896	8949	0	0	0	2	0	2.559874
897	8960	0	0	0	2	0	2.103983
898	8972	0	0	0	1	0	2.888064
899	8979	0	0	0	1	0	1.965942
900	8988	0	0	0	0	0	1.303755
901	9004	0	0	0	2	0	2.464937
902	9014	0	0	0	1	0	2.425386
903	9020	0	0	0	2	0	1.568781
904	9034	0	0	0	2	0	2.420439
905	9047	0	0	0	2	0	2.370761
906	9058	0	0	0	0	0	1.950177
907	9069	0	0	0	2	0	1.840689
908	9077	0	0	0	2	0	2.337210
909	9084	0	0	0	1	0	2.363827
910	9093	0	0	0	1	0	1.731609
911	9108	0	0	0	2	0	1.607767
912	9116	0	0	0	1	0	1.717674
913	9128	0	0	0	0	0	1.289030
914	9138	0	0	0	2	0	2.858657
915	9151	0	0	0	2	0	2.252291
916	9161	0	0	0	2	0	1.901831
917	9170	0	0	0	0	0	1.089154
918	9182	0	0	0	0	0	1.995421
919	9199	0	0	0	2	0	1.331320
920	9208	0	0	0	1	0	1.435913
921	9215	0	0	0	2	0	1.485010
922	9223	0	0	0	1	0	2.078567
923	9234	0	0	0	1	0	1.105098
924	9248	0	0	0	0	0	2.919182
925	9265	0	0	0	1	0	2.888924
926	9273	0	0	0	2	0	1.514021
927	9284	0	0	0	1	0	2.354346
928	9293	0	0	0	0	0	2.513883
929	9298	0	0	0	0	0	1.880696
930	9307	0	0	0	0	0	1.420725
931	9321	0	0	0	0	0	1.437726
932	9330	0	0	0	2	0	1.396636
933	9337	0	0	0	2	0	2.722841
934	9350	0	0	0	2	0	1.985122
935	9361	0	0	0	0	0	2.603918
936	9374	0	0	0	1	0	1.949989
937	9385	0	0	0	1	0	2.973514
938	9391	0	0	0	0	0	2.515181
939	9402	0	0	0	1	0	1.912200
940	9412	0	0	0	0	0	2.528397
941	9422	0	0	0	2	0	1.095382
942	9429	0	0	0	0	0	2.220922
943	9443	0	0	0	0	0	2.622691
944	9460	0	0	0	0	0	2.589719
945	9473	0	0	0	0	0	1.980663
946	9487	0	0	0	0	0	2.047814
947	9496	0	0	0	0	0	1.693003
948	9509	0	0	0	0	0	1.005383
949	9524	0	0	0	0	0	2.980376
950	9531	0	0	0	0	0	1.949302
951	9540	0	0	0	1	0	2.348074
952	9549	0	0	0	1	0	2.661701
953	9559	0	0	0	2	0	1.968750
954	9565	0	0	0	0	0	2.374321
955	9574	0	0	0	1	0	1.797593
956	9582	0	0	0	0	0	2.127492
957	9588	0	0	0	2	0	1.878037
958	9594	0	0	0	1	0	2.403576
959	9604	0	0	0	0	0	1.217991
960	9613	0	0	0	0	0	1.201979
961	9625	0	0	0	0	0	2.776263
962	9636	0	0	0	2	0	2.378570
963	9646	0	0	0	1	0	2.405535
964	9657	0	0	0	0	0	2.579999
965	9662	0	0	0	2	0	1.887084
966	9670	0	0	0	1	0	1.930708
967	9682	0	0	0	1	0	1.660859
968	9700	0	0	0	1	0	1.051053
969	9705	0	0	0	0	0	1.616468
970	9713	0	0	0	1	0	2.269307
971	9721	0	0	0	1	0	2.537964
972	9730	0	0	0	0	0	2.517823
973	9739	0	0	0	2	0	1.429806
974	9756	0	0	0	0	0	2.896604
975	9769	0	0	0	1	0	2.507934
976	9784	0	0	0	2	0	1.244461
977	9789	0	0	0	0	0	2.153997
978	9796	0	0	0	2	0	1.929547
979	9802	0	0	0	0	0	2.576491
980	9812	0	0	0	0	0	2.075209
981	9827	0	0	0	2	0	1.375001
982	9841	0	0	0	1	0	1.823940
983	9848	0	0	0	0	0	1.083729
984	9859	0	0	0	0	0	2.123116
985	9869	0	0	0	0	0	2.316424
986	9874	0	0	0	2	0	2.461244
987	9886	0	0	0	0	0	1.685069
988	9898	0	0	0	2	0	2.865935
989	9906	0	0	0	1	0	1.407420
990	9917	0	0	0	1	0	1.527513
991	9925	0	0	0	0	0	1.428194
992	9938	0	0	0	1	0	2.885727
993	9946	0	0	0	0	0	1.278680
994	9957	0	0	0	1	0	2.012591
995	9962	0	0	0	2	0	2.667457
996	9970	0	0	0	0	0	2.130362
997	9980	0	0	0	0	0	1.332015
998	9995	0	0	0	0	0	2.933276
999	10004	0	0	0	1	0	2.985195
