0	1	0	0	0	2	0	2.566198
1	5	0	0	0	0	0	1.395103
2	12	0	0	0	2	0	1.555549
3	26	0	0	0	0	0	2.257742
4	36	0	0	0	2	0	2.904459
5	51	0	0	0	0	0	2.434594
6	58	0	0	0	1	0	1.032601
7	71	0	0	0	1	0	2.608354
8	82	0	0	0	2	0	1.259581
9	90	0	0	0	0	0	1.436514
10	96	0	0	0	0	0	2.225280
11	105	0	0	0	1	0	2.048574
12	117	0	0	0	2	0	1.585034
13	123	0	0	0	1	0	2.539828
14	133	0	0	0	0	0	1.566629
15	146	0	0	0	0	0	2.838053
16	161	0	0	0	0	0	2.051991
17	169	0	0	0	0	0	2.326454
18	180	0	0	0	1	0	1.128343
19	188	0	0	0	1	0	1.126192
20	199	0	0	0	0	0	2.804416
21	208	0	0	0	0	0	2.079521
22	215	0	0	0	1	0	2.025071
23	221	0	0	0	1	0	1.078561
24	225	0	0	0	2	0	2.861620
25	235	0	0	0	1	0	2.477069
26	243	0	0	0	1	0	2.375723
27	257	0	0	0	0	0	2.760150
28	262	0	0	0	2	0	1.457936
29	271	0	0	0	1	0	2.373340
30	278	0	0	0	0	0	2.314608
31	285	0	0	0	1	0	2.847940
32	296	0	0	0	0	0	2.368437
33	302	0	0	0	0	0	1.431650
34	314	0	0	0	0	0	1.295320
35	323	0	0	0	0	0	1.863907
36	330	0	0	0	0	0	2.572004
37	336	0	0	0	1	0	1.452213
38	349	0	0	0	2	0	2.112888
39	359	0	0	0	2	0	2.813608
40	371	0	0	0	1	0	1.990888
41	381	0	0	0	0	0	2.870008
42	387	0	0	0	2	0	2.499542
43	391	0	0	0	0	0	1.464523
44	399	0	0	0	2	0	1.304780
45	412	0	0	0	1	0	2.586941
46	423	0	0	0	0	0	1.149060
47	432	0	0	0	1	0	2.043127
48	445	0	0	0	0	0	2.595596
49	448	0	0	0	1	0	2.934810
50	455	0	0	0	1	0	1.186961
51	464	0	0	0	0	0	1.156464
52	473	0	0	0	1	0	1.922841
53	482	0	0	0	1	0	2.511162
54	489	0	0	0	1	0	2.999987
55	499	0	0	0	1	0	1.250937
56	505	0	0	0	0	0	2.741080
57	516	0	0	0	0	0	2.846138
58	525	0	0	0	1	0	1.326263
59	533	0	0	0	1	0	2.639390
60	540	0	0	0	0	0	2.158860
61	551	0	0	0	0	0	1.199280
62	564	0	0	0	1	0	1.608590
63	572	0	0	0	2	0	2.755228
64	580	0	0	0	0	0	1.070842
65	589	0	0	0	0	0	2.850753
66	599	0	0	0	0	0	2.958868
67	606	0	0	0	0	0	2.967191
68	613	0	0	0	0	0	1.327936
69	623	0	0	0	1	0	1.153989
70	637	0	0	0	0	0	2.258959
71	648	0	0	0	0	0	1.633734
72	665	0	0	0	0	0	1.148322
73	673	0	0	0	2	0	2.302264
74	686	0	0	0	1	0	1.560084
75	697	0	0	0	2	0	1.226561
76	709	0	0	0	1	0	2.888636
77	714	0	0	0	2	0	2.695369
78	728	0	0	0	2	0	1.689886
79	737	0	0	0	0	0	1.467783
80	745	0	0	0	0	0	1.963872
81	760	0	0	0	1	0	1.365112
82	766	0	0	0	1	0	1.827967
83	776	0	0	0	0	0	2.275280
84	792	0	0	0	1	0	2.218212
85	799	0	0	0	0	0	1.656749
86	803	0	0	0	1	0	2.841829
87	815	0	0	0	1	0	1.514531
88	833	0	0	0	2	0	1.520994
89	847	0	0	0	0	0	1.187480
90	857	0	0	0	0	0	2.153381
91	867	0	0	0	2	0	1.577556
92	881	0	0	0	1	0	1.659284
93	887	0	0	0	0	0	1.007157
94	901	0	0	0	0	0	1.376402
95	909	0	0	0	1	0	2.837861
96	919	0	0	0	2	0	1.242286
97	929	0	0	0	1	0	2.548547
98	937	0	0	0	2	0	2.723834
99	950	0	0	0	1	0	2.096084
100	956	0	0	0	2	0	2.819286
101	968	0	0	0	1	0	2.152399
102	976	0	0	0	1	0	2.729158
103	988	0	0	0	0	0	2.697884
104	995	0	0	0	1	0	1.360842
105	1003	0	0	0	0	0	1.278116
106	1008	0	0	0	1	0	2.676267
107	1019	0	0	0	0	0	1.443931
108	1029	0	0	0	0	0	1.276477
109	1035	0	0	0	2	0	2.863791
110	1051	0	0	0	0	0	2.673656
111	1057	0	0	0	1	0	1.669943
112	1066	0	0	0	0	0	2.217766
113	1076	0	0	0	1	0	1.145090
114	1084	0	0	0	0	0	1.727197
115	1093	0	0	0	2	0	1.182297
116	1105	0	0	0	2	0	2.167141
117	1112	0	0	0	1	0	2.523556
118	1122	0	0	0	0	0	2.766073
119	1129	0	0	0	1	0	1.415687
120	1143	0	0	0	2	0	2.659878
121	1155	0	0	0	2	0	1.652027
122	1161	0	0	0	0	0	2.969689
123	1173	0	0	0	1	0	1.272149
124	1187	0	0	0	2	0	2.566564
125	1195	0	0	0	2	0	1.229336
126	1206	0	0	0	1	0	1.098325
127	1218	0	0	0	2	0	2.415818
128	1228	0	0	0	0	0	2.730362
129	1238	0	0	0	0	0	1.765792
130	1251	0	0	0	0	0	2.618191
131	1259	0	0	0	0	0	1.106845
132	1267	0	0	0	2	0	2.384153
133	1275	0	0	0	1	0	2.179273
134	1283	0	0	0	1	0	2.190091
135	1294	0	0	0	2	0	2.777447
136	1305	0	0	0	1	0	2.219458
137	1319	0	0	0	0	0	2.192392
138	1332	0	0	0	2	0	1.140180
139	1344	0	0	0	1	0	1.339299
140	1350	0	0	0	0	0	2.653539
141	1357	0	0	0	2	0	2.756555
142	1373	0	0	0	0	0	2.318292
143	1384	0	0	0	2	0	2.556515
144	1388	0	0	0	2	0	1.616313
145	1394	0	0	0	2	0	2.224884
146	1404	0	0	0	1	0	2.564525
147	1413	0	0	0	1	0	1.802375
148	1424	0	0	0	1	0	1.461992
149	1434	0	0	0	0	0	1.309448
150	1440	0	0	0	1	0	1.760429
151	1450	0	0	0	2	0	2.474815
152	1467	0	0	0	0	0	2.104633
153	1470	0	0	0	0	0	2.619571
154	1482	0	0	0	1	0	2.291778
155	1492	0	0	0	1	0	2.687819
156	1500	0	0	0	0	0	2.037030
157	1509	0	0	0	0	0	2.437734
158	1521	0	0	0	1	0	1.305752
159	1536	0	0	0	0	0	2.371444
160	1548	0	0	0	2	0	2.400602
161	1556	0	0	0	1	0	1.011418
162	1567	0	0	0	1	0	2.310736
163	1578	0	0	0	2	0	1.682709
164	1584	0	0	0	0	0	2.306610
165	1591	0	0	0	1	0	1.372530
166	1598	0	0	0	0	0	2.657915
167	1604	0	0	0	1	0	1.382223
168	1611	0	0	0	0	0	2.737848
169	1615	0	0	0	0	0	2.864969
170	1631	0	0	0	2	0	2.102886
171	1638	0	0	0	0	0	2.105137
172	1648	0	0	0	0	0	2.628277
173	1653	0	0	0	1	0	2.990600
174	1666	0	0	0	0	0	2.748619
175	1674	0	0	0	1	0	2.518647
176	1683	0	0	0	0	0	1.525569
177	1689	0	0	0	0	0	1.333909
178	1699	0	0	0	1	0	2.746043
179	1705	0	0	0	2	0	2.223961
180	1716	0	0	0	1	0	2.077113
181	1724	0	0	0	2	0	1.065927
182	1728	0	0	0	0	0	2.665218
183	1740	0	0	0	2	0	1.979620
184	1752	0	0	0	2	0	2.628703
185	1764	0	0	0	1	0	1.904245
186	1773	0	0	0	2	0	1.494065
187	1780	0	0	0	1	0	2.435193
188	1788	0	0	0	1	0	2.165365
189	1800	0	0	0	1	0	2.990330
190	1812	0	0	0	0	0	2.281533
191	1823	0	0	0	0	0	1.439576
192	1834	0	0	0	1	0	2.475877
193	1840	0	0	0	0	0	2.701173
194	1851	0	0	0	0	0	2.798172
195	1864	0	0	0	0	0	2.073485
196	1870	0	0	0	0	0	2.899641
197	1878	0	0	0	0	0	2.934554
198	1887	0	0	0	1	0	2.560448
199	1903	0	0	0	2	0	1.515171
200	1917	0	0	0	1	0	1.663692
201	1925	0	0	0	0	0	2.108896
202	1940	0	0	0	0	0	1.955922
203	1950	0	0	0	1	0	2.833045
204	1961	0	0	0	2	0	2.730867
205	1971	0	0	0	2	0	1.398005
206	1985	0	0	0	0	0	2.353108
207	1996	0	0	0	2	0	2.121744
208	2003	0	0	0	0	0	1.037822
209	2016	0	0	0	1	0	2.847385
210	2024	0	0	0	2	0	2.774394
211	2032	0	0	0	0	0	1.895963
212	2039	0	0	0	0	0	2.278018
213	2053	0	0	0	0	0	1.585778
214	2063	0	0	0	0	0	2.798863
215	2074	0	0	0	1	0	1.545974
216	2084	0	0	0	2	0	2.731358
217	2098	0	0	0	0	0	2.849079
218	2106	0	0	0	0	0	1.334331
219	2120	0	0	0	1	0	1.352478
220	2127	0	0	0	0	0	2.893849
221	2138	0	0	0	1	0	1.239979
222	2151	0	0	0	1	0	2.830441
223	2169	0	0	0	0	0	1.141114
224	2177	0	0	0	2	0	1.873170
225	2194	0	0	0	0	0	2.824781
226	2204	0	0	0	2	0	1.069433
227	2216	0	0	0	2	0	2.506765
228	2225	0	0	0	0	0	1.071333
229	2233	0	0	0	1	0	2.323583
230	2244	0	0	0	2	0	2.778687
231	2249	0	0	0	1	0	1.100336
232	2257	0	0	0	2	0	2.397426
233	2269	0	0	0	2	0	1.625879
234	2277	0	0	0	0	0	2.618741
235	2286	0	0	0	0	0	1.106879
236	2296	0	0	0	0	0	1.488297
237	2309	0	0	0	1	0	1.116105
238	2318	0	0	0	0	0	1.112044
239	2320	0	0	0	0	0	1.513938
240	2328	0	0	0	1	0	2.169170
241	2336	0	0	0	1	0	2.852135
242	2348	0	0	0	1	0	2.458795
243	2358	0	0	0	2	0	2.267170
244	2368	0	0	0	0	0	2.863036
245	2379	0	0	0	1	0	2.045257
246	2389	0	0	0	2	0	2.359808
247	2405	0	0	0	0	0	1.538045
248	2412	0	0	0	1	0	1.429048
249	2424	0	0	0	2	0	2.367148
250	2437	0	0	0	1	0	2.704822
251	2451	0	0	0	1	0	2.335920
252	2456	0	0	0	0	0	1.500421
253	2465	0	0	0	2	0	2.028764
254	2477	0	0	0	1	0	2.062066
255	2493	0	0	0	0	0	2.473494
256	2498	0	0	0	2	0	1.087831
257	2509	0	0	0	0	0	1.974508
258	2515	0	0	0	1	0	2.640292
259	2523	0	0	0	0	0	1.156516
260	2531	0	0	0	1	0	2.846762
261	2549	0	0	0	0	0	1.489717
262	2562	0	0	0	1	0	1.185717
263	2577	0	0	0	2	0	1.332188
264	2582	0	0	0	1	0	2.555010
265	2593	0	0	0	2	0	2.472924
266	2603	0	0	0	0	0	1.192808
267	2615	0	0	0	0	0	1.202961
268	2630	0	0	0	0	0	2.619486
269	2638	0	0	0	1	0	1.554427
270	2650	0	0	0	1	0	2.521724
271	2658	0	0	0	0	0	2.690546
272	2664	0	0	0	0	0	1.913028
273	2671	0	0	0	0	0	1.647966
274	2682	0	0	0	2	0	1.162530
275	2688	0	0	0	2	0	2.319755
276	2701	0	0	0	2	0	2.164899
277	2712	0	0	0	1	0	2.057770
278	2727	0	0	0	0	0	2.536411
279	2736	0	0	0	0	0	2.029872
280	2747	0	0	0	0	0	1.905300
281	2755	0	0	0	1	0	1.867517
282	2772	0	0	0	0	0	1.252444
283	2777	0	0	0	1	0	2.560501
284	2785	0	0	0	2	0	2.820453
285	2790	0	0	0	0	0	1.094365
286	2799	0	0	0	1	0	2.855732
287	2806	0	0	0	1	0	2.192383
288	2817	0	0	0	0	0	2.078827
289	2832	0	0	0	2	0	2.155357
290	2840	0	0	0	0	0	2.578487
291	2852	0	0	0	2	0	1.194981
292	2857	0	0	0	2	0	2.494554
293	2867	0	0	0	0	0	2.662924
294	2879	0	0	0	2	0	2.032277
295	2894	0	0	0	2	0	2.157625
296	2906	0	0	0	1	0	2.511891
297	2921	0	0	0	2	0	1.287883
298	2933	0	0	0	2	0	2.688562
299	2944	0	0	0	2	0	2.333414
300	2959	0	0	0	0	0	2.776866
301	2971	0	0	0	1	0	1.540641
302	2979	0	0	0	2	0	2.315286
303	2990	0	0	0	2	0	2.013829
304	3002	0	0	0	2	0	1.284237
305	3016	0	0	0	2	0	2.289040
306	3031	0	0	0	2	0	2.347992
307	3040	0	0	0	0	0	2.625994
308	3054	0	0	0	0	0	2.180814
309	3061	0	0	0	1	0	2.548865
310	3072	0	0	0	2	0	2.760017
311	3086	0	0	0	1	0	1.719572
312	3098	0	0	0	0	0	2.295044
313	3111	0	0	0	1	0	2.738880
314	3127	0	0	0	2	0	2.611578
315	3137	0	0	0	2	0	1.733593
316	3152	0	0	0	1	0	2.199289
317	3164	0	0	0	1	0	1.864398
318	3179	0	0	0	0	0	1.921303
319	3191	0	0	0	0	0	1.448831
320	3198	0	0	0	2	0	1.602338
321	3206	0	0	0	1	0	1.960311
322	3214	0	0	0	2	0	2.717732
323	3220	0	0	0	1	0	1.369155
324	3231	0	0	0	1	0	1.577503
325	3251	0	0	0	2	0	2.375054
326	3258	0	0	0	2	0	2.919433
327	3267	0	0	0	0	0	2.722530
328	3281	0	0	0	0	0	2.072229
329	3291	0	0	0	2	0	2.657093
330	3306	0	0	0	1	0	1.810535
331	3316	0	0	0	0	0	1.309421
332	3324	0	0	0	0	0	1.694393
333	3334	0	0	0	0	0	2.280736
334	3345	0	0	0	0	0	2.082279
335	3356	0	0	0	1	0	1.383261
336	3364	0	0	0	1	0	1.472720
337	3376	0	0	0	1	0	1.698648
338	3381	0	0	0	1	0	1.687040
339	3387	0	0	0	2	0	2.618710
340	3392	0	0	0	1	0	2.042522
341	3400	0	0	0	0	0	1.718493
342	3414	0	0	0	2	0	2.366197
343	3437	0	0	0	1	0	1.280676
344	3444	0	0	0	1	0	2.200811
345	3457	0	0	0	2	0	2.738179
346	3472	0	0	0	2	0	1.626374
347	3482	0	0	0	1	0	2.064684
348	3491	0	0	0	1	0	2.917507
349	3501	0	0	0	2	0	1.106147
350	3507	0	0	0	0	0	1.079434
351	3521	0	0	0	1	0	1.439707
352	3530	0	0	0	0	0	1.147276
353	3539	0	0	0	2	0	1.919873
354	3549	0	0	0	0	0	2.126653
355	3560	0	0	0	0	0	2.345120
356	3571	0	0	0	1	0	1.950328
357	3585	0	0	0	0	0	2.861709
358	3593	0	0	0	0	0	2.801793
359	3603	0	0	0	0	0	2.842809
360	3616	0	0	0	1	0	2.641851
361	3622	0	0	0	2	0	1.009453
362	3635	0	0	0	0	0	2.255036
363	3646	0	0	0	0	0	1.072992
364	3657	0	0	0	2	0	2.744057
365	3668	0	0	0	2	0	2.350510
366	3675	0	0	0	1	0	2.275612
367	3688	0	0	0	1	0	2.992083
368	3695	0	0	0	0	0	1.198570
369	3708	0	0	0	1	0	1.582114
370	3714	0	0	0	1	0	1.761424
371	3722	0	0	0	2	0	2.779022
372	3734	0	0	0	0	0	1.353401
373	3747	0	0	0	1	0	2.850757
374	3754	0	0	0	1	0	1.551768
375	3763	0	0	0	1	0	2.657243
376	3773	0	0	0	1	0	1.905362
377	3778	0	0	0	0	0	1.922500
378	3788	0	0	0	0	0	1.773339
379	3799	0	0	0	2	0	1.375386
380	3805	0	0	0	1	0	2.834789
381	3818	0	0	0	0	0	2.230982
382	3833	0	0	0	0	0	2.003671
383	3848	0	0	0	0	0	2.300131
384	3860	0	0	0	2	0	2.040237
385	3872	0	0	0	1	0	2.350640
386	3880	0	0	0	1	0	2.576463
387	3890	0	0	0	2	0	1.668032
388	3900	0	0	0	1	0	1.487055
389	3906	0	0	0	1	0	1.835327
390	3913	0	0	0	2	0	2.555655
391	3923	0	0	0	0	0	1.289892
392	3932	0	0	0	2	0	2.047491
393	3942	0	0	0	0	0	2.083486
394	3953	0	0	0	1	0	1.470870
395	3960	0	0	0	2	0	1.953700
396	3971	0	0	0	2	0	2.882486
397	3984	0	0	0	0	0	1.532840
398	3992	0	0	0	2	0	1.896846
399	4000	0	0	0	0	0	2.173073
400	4012	0	0	0	0	0	2.943636
401	4025	0	0	0	1	0	2.969959
402	4035	0	0	0	0	0	2.031064
403	4049	0	0	0	1	0	2.480350
404	4054	0	0	0	0	0	2.168576
405	4066	0	0	0	2	0	1.647510
406	4077	0	0	0	1	0	2.574394
407	4084	0	0	0	0	0	1.854591
408	4095	0	0	0	2	0	2.410600
409	4101	0	0	0	1	0	1.015760
410	4109	0	0	0	0	0	2.045458
411	4127	0	0	0	0	0	1.334482
412	4138	0	0	0	1	0	2.113815
413	4146	0	0	0	2	0	1.387128
414	4159	0	0	0	0	0	2.454551
415	4172	0	0	0	2	0	2.356322
416	4181	0	0	0	0	0	2.443080
417	4194	0	0	0	1	0	2.291288
418	4210	0	0	0	1	0	2.568978
419	4222	0	0	0	1	0	1.763205
420	4230	0	0	0	0	0	2.709296
421	4239	0	0	0	2	0	2.962907
422	4256	0	0	0	0	0	2.813929
423	4268	0	0	0	1	0	1.309853
424	4278	0	0	0	2	0	1.534166
425	4289	0	0	0	1	0	1.957738
426	4303	0	0	0	0	0	1.534269
427	4315	0	0	0	0	0	2.146244
428	4324	0	0	0	0	0	2.326503
429	4333	0	0	0	0	0	2.971893
430	4341	0	0	0	1	0	1.255485
431	4352	0	0	0	0	0	1.120918
432	4362	0	0	0	0	0	2.538149
433	4366	0	0	0	2	0	2.538243
434	4377	0	0	0	2	0	2.601549
435	4388	0	0	0	0	0	1.896645
436	4397	0	0	0	0	0	1.071039
437	4404	0	0	0	2	0	1.699125
438	4409	0	0	0	0	0	2.635494
439	4417	0	0	0	1	0	1.290746
440	4426	0	0	0	0	0	1.680641
441	4437	0	0	0	2	0	2.850637
442	4444	0	0	0	0	0	1.135216
443	4450	0	0	0	1	0	1.648193
444	4453	0	0	0	1	0	2.776696
445	4470	0	0	0	0	0	1.975278
446	4479	0	0	0	1	0	2.600259
447	4487	0	0	0	2	0	2.094720
448	4503	0	0	0	1	0	1.749949
449	4510	0	0	0	1	0	1.134925
450	4518	0	0	0	0	0	1.012851
451	4527	0	0	0	0	0	1.093025
452	4538	0	0	0	0	0	1.338353
453	4546	0	0	0	2	0	1.562764
454	4560	0	0	0	2	0	2.076111
455	4566	0	0	0	1	0	1.412560
456	4577	0	0	0	0	0	2.529849
457	4590	0	0	0	2	0	1.962248
458	4599	0	0	0	0	0	2.856000
459	4607	0	0	0	1	0	2.537609
460	4620	0	0	0	1	0	2.978966
461	4630	0	0	0	0	0	2.435557
462	4642	0	0	0	0	0	1.028300
463	4646	0	0	0	0	0	2.295345
464	4663	0	0	0	1	0	1.774933
465	4670	0	0	0	1	0	1.068614
466	4678	0	0	0	0	0	1.073032
467	4689	0	0	0	1	0	1.859227
468	4693	0	0	0	0	0	2.126322
469	4707	0	0	0	1	0	1.509813
470	4710	0	0	0	1	0	2.300445
471	4722	0	0	0	1	0	1.178859
472	4728	0	0	0	1	0	1.995694
473	4734	0	0	0	2	0	2.886163
474	4746	0	0	0	1	0	2.498460
475	4752	0	0	0	2	0	2.609281
476	4763	0	0	0	0	0	2.193904
477	4777	0	0	0	1	0	2.852588
478	4792	0	0	0	2	0	1.680051
479	4804	0	0	0	0	0	1.426244
480	4809	0	0	0	0	0	2.226092
481	4821	0	0	0	0	0	2.092444
482	4833	0	0	0	1	0	1.118327
483	4845	0	0	0	1	0	1.642093
484	4860	0	0	0	0	0	2.226508
485	4867	0	0	0	2	0	1.947682
486	4878	0	0	0	2	0	1.218174
487	4887	0	0	0	0	0	1.567834
488	4896	0	0	0	1	0	1.958910
489	4912	0	0	0	1	0	2.247403
490	4928	0	0	0	2	0	1.970920
491	4939	0	0	0	2	0	1.108428
492	4947	0	0	0	2	0	1.095484
493	4957	0	0	0	0	0	1.960387
494	4967	0	0	0	0	0	2.998482
495	4976	0	0	0	2	0	2.984703
496	4987	0	0	0	1	0	1.987663
497	5001	0	0	0	0	0	2.080393
498	5013	0	0	0	1	0	2.122121
499	5020	0	0	0	0	0	1.239168
500	5038	0	0	0	1	0	1.941348
501	5048	0	0	0	1	0	1.529105
502	5056	0	0	0	0	0	2.181299
503	5064	0	0	0	1	0	2.893623
504	5075	0	0	0	1	0	1.552240
505	5085	0	0	0	0	0	1.655610
506	5096	0	0	0	0	0	2.813015
507	5109	0	0	0	1	0	2.218359
508	5117	0	0	0	0	0	1.724229
509	5119	0	0	0	2	0	2.010678
510	5128	0	0	0	1	0	1.503948
511	5139	0	0	0	1	0	1.430132
512	5151	0	0	0	2	0	2.881674
513	5159	0	0	0	2	0	1.976900
514	5167	0	0	0	1	0	1.357903
515	5179	0	0	0	0	0	2.251193
516	5186	0	0	0	2	0	1.604450
517	5197	0	0	0	2	0	1.635848
518	5202	0	0	0	2	0	2.913222
519	5216	0	0	0	1	0	2.395482
520	5223	0	0	0	1	0	1.330030
521	5236	0	0	0	0	0	2.687787
522	5245	0	0	0	1	0	2.577181
523	5257	0	0	0	0	0	1.093695
524	5263	0	0	0	0	0	1.197715
525	5274	0	0	0	0	0	2.887725
526	5284	0	0	0	2	0	2.148427
527	5291	0	0	0	1	0	1.967485
528	5296	0	0	0	0	0	1.425290
529	5312	0	0	0	2	0	1.643964
530	5319	0	0	0	0	0	2.862676
531	5327	0	0	0	0	0	2.022773
532	5338	0	0	0	0	0	1.653360
533	5351	0	0	0	0	0	2.935736
534	5359	0	0	0	2	0	1.763524
535	5368	0	0	0	2	0	2.688964
536	5375	0	0	0	1	0	2.367666
537	5388	0	0	0	1	0	2.612644
538	5396	0	0	0	2	0	2.642258
539	5406	0	0	0	2	0	1.180736
540	5416	0	0	0	2	0	1.238758
541	5424	0	0	0	2	0	1.320269
542	5432	0	0	0	0	0	1.855404
543	5441	0	0	0	1	0	2.725836
544	5457	0	0	0	1	0	2.908464
545	5464	0	0	0	0	0	2.761193
546	5478	0	0	0	0	0	1.535215
547	5491	0	0	0	1	0	1.834979
548	5497	0	0	0	0	0	2.296333
549	5511	0	0	0	2	0	2.832501
550	5527	0	0	0	2	0	2.838963
551	5539	0	0	0	0	0	2.645750
552	5548	0	0	0	1	0	1.940650
553	5560	0	0	0	1	0	2.300842
554	5575	0	0	0	0	0	1.820023
555	5587	0	0	0	2	0	2.695906
556	5601	0	0	0	1	0	2.816217
557	5615	0	0	0	0	0	1.329384
558	5625	0	0	0	1	0	1.202891
559	5630	0	0	0	2	0	2.862028
560	5637	0	0	0	2	0	2.950761
561	5646	0	0	0	0	0	1.331764
562	5655	0	0	0	1	0	1.027810
563	5666	0	0	0	0	0	2.692259
564	5677	0	0	0	1	0	2.260849
565	5688	0	0	0	1	0	2.497101
566	5695	0	0	0	0	0	1.089982
567	5701	0	0	0	0	0	1.407156
568	5711	0	0	0	0	0	1.061267
569	5724	0	0	0	1	0	1.694573
570	5729	0	0	0	0	0	1.487810
571	5741	0	0	0	1	0	2.679735
572	5751	0	0	0	0	0	1.590619
573	5760	0	0	0	0	0	1.075864
574	5773	0	0	0	1	0	2.861307
575	5781	0	0	0	0	0	2.855412
576	5788	0	0	0	1	0	2.819371
577	5798	0	0	0	2	0	1.288400
578	5806	0	0	0	2	0	1.097477
579	5819	0	0	0	1	0	1.542936
580	5828	0	0	0	0	0	2.457277
581	5837	0	0	0	1	0	1.679464
582	5849	0	0	0	1	0	2.855246
583	5857	0	0	0	2	0	2.925274
584	5870	0	0	0	1	0	1.190389
585	5878	0	0	0	1	0	2.470614
586	5885	0	0	0	2	0	2.461855
587	5890	0	0	0	2	0	2.980329
588	5899	0	0	0	0	0	2.355420
589	5910	0	0	0	1	0	2.790019
590	5925	0	0	0	0	0	2.146155
591	5946	0	0	0	1	0	2.374588
592	5953	0	0	0	0	0	1.807081
593	5962	0	0	0	1	0	2.471445
594	5968	0	0	0	0	0	2.059939
595	5984	0	0	0	1	0	1.833412
596	5996	0	0	0	0	0	1.288965
597	6004	0	0	0	1	0	2.516579
598	6012	0	0	0	2	0	1.923412
599	6020	0	0	0	2	0	1.570729
600	6029	0	0	0	0	0	2.153106
601	6038	0	0	0	0	0	2.158351
602	6044	0	0	0	1	0	1.266200
603	6052	0	0	0	0	0	2.067273
604	6067	0	0	0	0	0	2.637432
605	6076	0	0	0	1	0	2.837985
606	6088	0	0	0	1	0	2.524343
607	6100	0	0	0	1	0	1.515877
608	6114	0	0	0	1	0	2.100988
609	6117	0	0	0	0	0	2.377152
610	6128	0	0	0	0	0	2.887305
611	6133	0	0	0	0	0	1.088724
612	6142	0	0	0	0	0	1.660872
613	6154	0	0	0	0	0	2.458997
614	6162	0	0	0	1	0	1.408371
615	6168	0	0	0	1	0	2.699384
616	6173	0	0	0	0	0	1.802650
617	6187	0	0	0	1	0	2.180024
618	6198	0	0	0	0	0	1.811835
619	6204	0	0	0	0	0	2.053502
620	6217	0	0	0	1	0	2.695047
621	6228	0	0	0	1	0	2.882622
622	6240	0	0	0	1	0	1.990816
623	6253	0	0	0	0	0	2.826710
624	6262	0	0	0	0	0	2.861750
625	6268	0	0	0	2	0	1.155874
626	6278	0	0	0	1	0	2.542495
627	6292	0	0	0	1	0	1.310578
628	6301	0	0	0	0	0	2.976701
629	6310	0	0	0	0	0	2.464277
630	6319	0	0	0	0	0	2.344034
631	6325	0	0	0	2	0	1.769078
632	6337	0	0	0	1	0	1.897762
633	6350	0	0	0	1	0	2.996284
634	6359	0	0	0	1	0	2.131917
635	6368	0	0	0	2	0	2.942095
636	6378	0	0	0	0	0	1.264800
637	6388	0	0	0	2	0	2.624377
638	6401	0	0	0	1	0	1.536702
639	6410	0	0	0	2	0	1.102763
640	6419	0	0	0	0	0	2.699712
641	6429	0	0	0	0	0	2.214853
642	6439	0	0	0	2	0	1.736910
643	6449	0	0	0	1	0	1.926756
644	6461	0	0	0	0	0	2.243388
645	6470	0	0	0	1	0	1.095176
646	6477	0	0	0	0	0	2.181506
647	6486	0	0	0	2	0	2.305027
648	6492	0	0	0	2	0	2.645764
649	6498	0	0	0	2	0	2.015550
650	6503	0	0	0	2	0	1.467888
651	6514	0	0	0	1	0	2.697824
652	6531	0	0	0	0	0	1.587982
653	6536	0	0	0	2	0	1.129175
654	6546	0	0	0	1	0	1.148115
655	6552	0	0	0	2	0	1.506552
656	6558	0	0	0	1	0	2.360359
657	6571	0	0	0	0	0	1.252032
658	6580	0	0	0	0	0	2.492149
659	6585	0	0	0	0	0	2.057411
660	6593	0	0	0	0	0	1.412094
661	6600	0	0	0	0	0	1.900233
662	6609	0	0	0	0	0	2.290906
663	6617	0	0	0	0	0	1.481875
664	6624	0	0	0	1	0	1.469422
665	6629	0	0	0	2	0	1.385467
666	6644	0	0	0	0	0	1.172103
667	6653	0	0	0	0	0	1.094132
668	6659	0	0	0	2	0	2.775929
669	6668	0	0	0	0	0	2.754198
670	6672	0	0	0	2	0	1.131701
671	6678	0	0	0	1	0	1.608151
672	6686	0	0	0	0	0	1.398400
673	6697	0	0	0	0	0	1.239359
674	6706	0	0	0	1	0	2.057784
675	6717	0	0	0	0	0	1.097063
676	6727	0	0	0	2	0	2.452373
677	6736	0	0	0	0	0	1.305220
678	6748	0	0	0	0	0	2.960630
679	6757	0	0	0	1	0	1.064368
680	6768	0	0	0	1	0	2.631983
681	6778	0	0	0	1	0	2.131362
682	6787	0	0	0	0	0	1.260330
683	6796	0	0	0	2	0	2.606869
684	6810	0	0	0	0	0	2.300153
685	6820	0	0	0	2	0	2.488299
686	6832	0	0	0	0	0	1.677857
687	6843	0	0	0	0	0	1.229188
688	6846	0	0	0	0	0	1.394323
689	6857	0	0	0	0	0	1.665412
690	6865	0	0	0	1	0	1.099866
691	6879	0	0	0	0	0	2.109778
692	6887	0	0	0	2	0	1.595382
693	6893	0	0	0	0	0	2.847583
694	6905	0	0	0	2	0	2.348258
695	6920	0	0	0	0	0	2.566827
696	6931	0	0	0	1	0	1.888758
697	6940	0	0	0	2	0	2.486155
698	6951	0	0	0	2	0	2.453149
699	6967	0	0	0	0	0	1.565669
700	6979	0	0	0	2	0	1.577913
701	6996	0	0	0	0	0	2.621582
702	7008	0	0	0	2	0	1.304827
703	7019	0	0	0	1	0	2.026047
704	7027	0	0	0	1	0	1.024603
705	7033	0	0	0	1	0	1.358277
706	7046	0	0	0	1	0	1.124133
707	7052	0	0	0	0	0	1.774545
708	7061	0	0	0	1	0	1.614733
709	7072	0	0	0	1	0	2.605326
710	7093	0	0	0	1	0	2.810692
711	7103	0	0	0	0	0	1.862815
712	7116	0	0	0	1	0	2.893055
713	7126	0	0	0	1	0	2.161743
714	7138	0	0	0	0	0	1.275748
715	7149	0	0	0	2	0	1.535223
716	7159	0	0	0	0	0	2.428466
717	7163	0	0	0	0	0	2.633335
718	7174	0	0	0	2	0	2.379017
719	7187	0	0	0	1	0	2.059836
720	7195	0	0	0	0	0	2.341204
721	7205	0	0	0	0	0	1.322987
722	7212	0	0	0	0	0	2.114963
723	7221	0	0	0	1	0	1.312513
724	7228	0	0	0	2	0	2.763222
725	7244	0	0	0	0	0	1.815346
726	7253	0	0	0	1	0	2.035712
727	7259	0	0	0	2	0	2.313079
728	7271	0	0	0	1	0	2.133602
729	7283	0	0	0	2	0	2.950430
730	7300	0	0	0	2	0	1.329233
731	7309	0	0	0	2	0	1.847923
732	7313	0	0	0	1	0	2.128083
733	7323	0	0	0	1	0	2.474539
734	7334	0	0	0	2	0	1.913339
735	7341	0	0	0	0	0	2.469085
736	7348	0	0	0	2	0	2.500054
737	7353	0	0	0	2	0	2.130379
738	7365	0	0	0	2	0	2.134605
739	7375	0	0	0	0	0	1.127465
740	7384	0	0	0	2	0	2.714286
741	7389	0	0	0	1	0	2.705759
742	7400	0	0	0	0	0	1.964701
743	7407	0	0	0	1	0	2.384164
744	7421	0	0	0	2	0	1.125894
745	7438	0	0	0	1	0	2.465637
746	7447	0	0	0	2	0	2.938616
747	7457	0	0	0	1	0	1.973297
748	7468	0	0	0	1	0	1.203015
749	7485	0	0	0	0	0	2.006787
750	7494	0	0	0	2	0	1.444449
751	7502	0	0	0	0	0	2.857206
752	7512	0	0	0	1	0	2.568044
753	7525	0	0	0	1	0	1.691925
754	7530	0	0	0	1	0	2.541365
755	7538	0	0	0	1	0	2.879583
756	7548	0	0	0	1	0	1.521926
757	7556	0	0	0	2	0	1.504105
758	7570	0	0	0	1	0	2.139201
759	7582	0	0	0	1	0	2.560814
760	7591	0	0	0	2	0	2.719375
761	7603	0	0	0	1	0	2.944117
762	7610	0	0	0	1	0	2.082964
763	7615	0	0	0	1	0	1.264000
764	7626	0	0	0	0	0	1.961762
765	7634	0	0	0	1	0	1.089592
766	7647	0	0	0	0	0	2.116574
767	7655	0	0	0	1	0	2.542762
768	7662	0	0	0	1	0	1.498535
769	7675	0	0	0	2	0	2.118498
770	7681	0	0	0	0	0	2.530116
771	7687	0	0	0	0	0	2.447676
772	7698	0	0	0	1	0	1.576937
773	7714	0	0	0	0	0	2.882599
774	7717	0	0	0	1	0	1.748826
775	7723	0	0	0	1	0	2.301513
776	7737	0	0	0	0	0	2.006296
777	7749	0	0	0	1	0	2.801791
778	7759	0	0	0	2	0	1.661293
779	7771	0	0	0	1	0	2.787819
780	7780	0	0	0	1	0	1.188155
781	7788	0	0	0	0	0	1.306750
782	7798	0	0	0	2	0	1.000811
783	7811	0	0	0	1	0	1.838381
784	7823	0	0	0	2	0	2.511386
785	7833	0	0	0	2	0	2.561190
786	7844	0	0	0	1	0	1.867375
787	7846	0	0	0	1	0	2.951868
788	7854	0	0	0	0	0	2.318774
789	7865	0	0	0	1	0	1.107295
790	7873	0	0	0	0	0	2.878242
791	7882	0	0	0	0	0	1.350992
792	7893	0	0	0	2	0	2.469662
793	7898	0	0	0	2	0	1.317215
794	7904	0	0	0	2	0	2.157651
795	7917	0	0	0	0	0	1.952733
796	7931	0	0	0	0	0	2.792052
797	7935	0	0	0	1	0	1.792182
798	7942	0	0	0	1	0	2.495884
799	7950	0	0	0	2	0	1.401694
800	7961	0	0	0	1	0	1.628109
801	7970	0	0	0	2	0	2.705244
802	7980	0	0	0	1	0	2.080777
803	7994	0	0	0	0	0	2.331644
804	8004	0	0	0	1	0	1.340442
805	8012	0	0	0	1	0	1.855999
806	8021	0	0	0	1	0	1.179827
807	8032	0	0	0	1	0	2.318223
808	8042	0	0	0	2	0	1.072978
809	8052	0	0	0	0	0	2.105384
810	8058	0	0	0	1	0	1.203260
811	8067	0	0	0	0	0	2.554760
812	8076	0	0	0	1	0	2.466636
813	8080	0	0	0	0	0	2.939698
814	8088	0	0	0	0	0	2.812328
815	8101	0	0	0	1	0	1.595911
816	8108	0	0	0	2	0	2.851637
817	8115	0	0	0	2	0	1.446881
818	8122	0	0	0	2	0	1.333511
819	8141	0	0	0	0	0	1.830301
820	8152	0	0	0	0	0	1.044546
821	8163	0	0	0	0	0	2.854488
822	8173	0	0	0	0	0	1.611119
823	8180	0	0	0	1	0	2.784101
824	8190	0	0	0	1	0	2.690649
825	8201	0	0	0	0	0	2.488414
826	8209	0	0	0	2	0	1.130127
827	8221	0	0	0	2	0	2.407841
828	8234	0	0	0	0	0	1.113738
829	8246	0	0	0	0	0	2.743702
830	8254	0	0	0	2	0	1.699426
831	8269	0	0	0	1	0	2.609020
832	8279	0	0	0	0	0	1.177727
833	8287	0	0	0	0	0	2.486326
834	8295	0	0	0	0	0	1.866460
835	8305	0	0	0	0	0	1.658570
836	8309	0	0	0	1	0	2.718657
837	8316	0	0	0	0	0	1.226547
838	8325	0	0	0	2	0	2.500465
839	8340	0	0	0	1	0	2.613386
840	8353	0	0	0	1	0	2.670696
841	8362	0	0	0	0	0	2.875653
842	8372	0	0	0	0	0	2.783018
843	8381	0	0	0	1	0	1.859427
844	8390	0	0	0	2	0	2.044579
845	8400	0	0	0	1	0	1.150802
846	8409	0	0	0	0	0	1.774007
847	8417	0	0	0	1	0	1.765831
848	8427	0	0	0	1	0	1.573155
849	8445	0	0	0	1	0	1.529489
850	8456	0	0	0	1	0	2.465136
851	8467	0	0	0	1	0	2.424640
852	8481	0	0	0	2	0	1.262489
853	8490	0	0	0	2	0	1.589802
854	8498	0	0	0	2	0	1.190682
855	8514	0	0	0	1	0	1.755776
856	8525	0	0	0	1	0	2.773498
857	8533	0	0	0	0	0	2.373976
858	8553	0	0	0	1	0	1.965051
859	8563	0	0	0	0	0	1.660460
860	8571	0	0	0	1	0	1.203906
861	8580	0	0	0	0	0	1.294814
862	8598	0	0	0	0	0	1.542204
863	8610	0	0	0	0	0	2.123803
864	8619	0	0	0	0	0	2.525937
865	8632	0	0	0	1	0	1.615064
866	8643	0	0	0	1	0	2.049757
867	8656	0	0	0	2	0	1.548671
868	8669	0	0	0	0	0	2.338354
869	8680	0	0	0	1	0	1.919271
870	8692	0	0	0	2	0	1.904808
871	8696	0	0	0	1	0	1.965660
872	8714	0	0	0	1	0	1.977481
873	8721	0	0	0	1	0	1.723287
874	8733	0	0	0	1	0	2.062508
875	8747	0	0	0	2	0	2.039721
876	8758	0	0	0	1	0	1.805728
877	8762	0	0	0	2	0	2.134538
878	8773	0	0	0	1	0	1.791980
879	8785	0	0	0	1	0	1.351209
880	8795	0	0	0	1	0	1.341714
881	8808	0	0	0	2	0	1.228631
882	8822	0	0	0	0	0	2.436600
883	8834	0	0	0	0	0	1.228109
884	8840	0	0	0	1	0	2.192961
885	8853	0	0	0	2	0	1.521837
886	8864	0	0	0	1	0	1.970513
887	8872	0	0	0	2	0	1.312488
888	8882	0	0	0	2	0	2.921737
889	8891	0	0	0	0	0	1.763311
890	8904	0	0	0	1	0	2.497672
891	8914	0	0	0	0	0	1.328724
892	8926	0	0	0	2	0	2.551282
893	8935	0	0	0	2	0	2.707552
894	8948	0	0	0	0	0	2.921335
895	8953	0	0	0	0	0	2.718570
896	8965	0	0	0	1	0	2.714319
897	8973	0	0	0	2	0	1.958340
898	8988	0	0	0	0	0	2.999303
899	8995	0	0	0	0	0	1.175564
900	9003	0	0	0	0	0	1.406392
901	9016	0	0	0	0	0	2.596595
902	9027	0	0	0	1	0	1.711833
903	9038	0	0	0	0	0	1.729587
904	9039	0	0	0	2	0	1.373144
905	9051	0	0	0	0	0	1.705013
906	9064	0	0	0	1	0	1.764913
907	9074	0	0	0	1	0	2.358574
908	9084	0	0	0	1	0	2.620533
909	9095	0	0	0	1	0	1.342770
910	9104	0	0	0	0	0	2.876495
911	9112	0	0	0	2	0	1.563422
912	9116	0	0	0	1	0	1.632183
913	9127	0	0	0	2	0	2.519377
914	9132	0	0	0	1	0	2.453114
915	9141	0	0	0	0	0	2.626354
916	9151	0	0	0	1	0	1.560934
917	9163	0	0	0	1	0	2.227367
918	9170	0	0	0	1	0	2.938141
919	9177	0	0	0	0	0	1.614993
920	9184	0	0	0	0	0	1.021234
921	9196	0	0	0	0	0	2.654536
922	9207	0	0	0	0	0	2.843623
923	9217	0	0	0	2	0	1.139777
924	9223	0	0	0	1	0	1.250550
925	9234	0	0	0	0	0	1.097278
926	9242	0	0	0	1	0	2.398530
927	9257	0	0	0	1	0	2.868624
928	9262	0	0	0	0	0	1.465901
929	9269	0	0	0	0	0	2.189664
930	9287	0	0	0	0	0	1.215477
931	9299	0	0	0	0	0	2.949730
932	9309	0	0	0	0	0	2.989019
933	9322	0	0	0	0	0	2.045177
934	9332	0	0	0	1	0	2.847789
935	9342	0	0	0	2	0	1.770002
936	9347	0	0	0	0	0	1.516826
937	9355	0	0	0	0	0	2.853177
938	9363	0	0	0	1	0	1.137627
939	9380	0	0	0	1	0	1.990709
940	9389	0	0	0	1	0	1.755193
941	9399	0	0	0	1	0	2.307574
942	9408	0	0	0	1	0	2.211274
943	9420	0	0	0	1	0	2.098475
944	9433	0	0	0	1	0	1.488554
945	9442	0	0	0	1	0	1.834626
946	9453	0	0	0	1	0	2.763042
947	9461	0	0	0	1	0	2.834737
948	9471	0	0	0	2	0	1.277079
949	9482	0	0	0	0	0	2.028207
950	9492	0	0	0	2	0	1.703114
951	9503	0	0	0	1	0	2.323036
952	9521	0	0	0	0	0	1.542508
953	9533	0	0	0	2	0	1.205154
954	9543	0	0	0	1	0	1.450751
955	9553	0	0	0	0	0	2.529848
956	9561	0	0	0	1	0	2.539724
957	9575	0	0	0	2	0	2.878908
958	9586	0	0	0	1	0	1.416025
959	9596	0	0	0	2	0	2.616976
960	9604	0	0	0	1	0	1.671425
961	9616	0	0	0	0	0	2.794848
962	9622	0	0	0	0	0	1.936977
963	9634	0	0	0	1	0	1.086829
964	9647	0	0	0	1	0	1.289582
965	9658	0	0	0	1	0	2.393025
966	9665	0	0	0	1	0	1.167159
967	9673	0	0	0	0	0	2.128812
968	9688	0	0	0	0	0	1.131159
969	9696	0	0	0	1	0	2.311827
970	9713	0	0	0	0	0	2.661528
971	9723	0	0	0	2	0	2.935452
972	9731	0	0	0	2	0	2.441175
973	9741	0	0	0	0	0	2.389970
974	9751	0	0	0	1	0	1.880313
975	9760	0	0	0	1	0	1.400758
976	9765	0	0	0	1	0	1.785931
977	9773	0	0	0	0	0	2.798873
978	9783	0	0	0	0	0	2.274322
979	9790	0	0	0	1	0	2.489357
980	9795	0	0	0	2	0	2.472183
981	9804	0	0	0	0	0	2.925916
982	9813	0	0	0	2	0	1.173591
983	9824	0	0	0	2	0	1.757717
984	9833	0	0	0	2	0	2.883448
985	9848	0	0	0	0	0	1.001535
986	9863	0	0	0	0	0	1.641826
987	9872	0	0	0	1	0	2.344043
988	9877	0	0	0	1	0	2.987095
989	9887	0	0	0	2	0	1.987006
990	9893	0	0	0	0	0	2.960753
991	9906	0	0	0	1	0	2.579759
992	9915	0	0	0	2	0	2.638873
993	9922	0	0	0	1	0	2.075072
994	9939	0	0	0	1	0	2.975184
995	9949	0	0	0	1	0	1.628793
996	9959	0	0	0	1	0	1.428923
997	9970	0	0	0	0	0	2.542734
998	9982	0	0	0	0	0	2.099037
999	9994	0	0	0	1	0	2.228991
