0	1	0	0	0	0	0	1.217952
1	17	0	0	0	0	0	1.807917
2	23	0	0	0	2	0	2.699326
3	32	0	0	0	1	0	1.415086
4	40	0	0	0	1	0	1.429803
5	46	0	0	0	2	0	1.401944
6	57	0	0	0	1	0	2.606805
7	69	0	0	0	2	0	1.164839
8	81	0	0	0	2	0	2.738161
9	88	0	0	0	1	0	1.021071
10	96	0	0	0	1	0	1.681236
11	102	0	0	0	0	0	1.021539
12	110	0	0	0	1	0	2.887990
13	113	0	0	0	1	0	2.485950
14	119	0	0	0	0	0	1.517844
15	127	0	0	0	1	0	1.387177
16	140	0	0	0	2	0	2.762660
17	154	0	0	0	0	0	2.331701
18	162	0	0	0	1	0	2.541227
19	177	0	0	0	2	0	2.649941
20	182	0	0	0	2	0	2.794647
21	190	0	0	0	2	0	1.231652
22	199	0	0	0	1	0	1.152097
23	213	0	0	0	1	0	2.907559
24	221	0	0	0	0	0	1.213398
25	229	0	0	0	1	0	1.319880
26	233	0	0	0	1	0	1.326569
27	238	0	0	0	1	0	2.755956
28	250	0	0	0	2	0	1.451691
29	255	0	0	0	2	0	1.385640
30	268	0	0	0	0	0	1.534545
31	276	0	0	0	0	0	2.116358
32	283	0	0	0	1	0	1.938994
33	296	0	0	0	2	0	2.701781
34	302	0	0	0	0	0	2.819805
35	311	0	0	0	1	0	2.722868
36	320	0	0	0	0	0	2.812914
37	328	0	0	0	1	0	2.696749
38	341	0	0	0	2	0	2.539212
39	350	0	0	0	1	0	2.078463
40	361	0	0	0	0	0	1.335574
41	372	0	0	0	2	0	2.991781
42	379	0	0	0	1	0	1.068624
43	388	0	0	0	1	0	1.454092
44	397	0	0	0	1	0	1.634136
45	405	0	0	0	1	0	2.126600
46	415	0	0	0	0	0	1.318661
47	424	0	0	0	1	0	2.972979
48	438	0	0	0	1	0	2.421255
49	451	0	0	0	2	0	1.204717
50	464	0	0	0	2	0	2.973305
51	471	0	0	0	0	0	1.521666
52	479	0	0	0	2	0	1.081452
53	493	0	0	0	2	0	1.804762
54	500	0	0	0	0	0	1.599154
55	509	0	0	0	1	0	2.678027
56	526	0	0	0	0	0	1.361260
57	535	0	0	0	1	0	1.975423
58	546	0	0	0	2	0	2.276471
59	556	0	0	0	0	0	2.716095
60	564	0	0	0	1	0	1.679935
61	574	0	0	0	1	0	1.702536
62	582	0	0	0	0	0	1.900257
63	592	0	0	0	2	0	1.212091
64	605	0	0	0	1	0	1.339819
65	618	0	0	0	0	0	2.103248
66	628	0	0	0	1	0	1.225244
67	639	0	0	0	1	0	2.518723
68	650	0	0	0	1	0	1.680434
69	662	0	0	0	0	0	2.249587
70	674	0	0	0	2	0	1.304647
71	682	0	0	0	0	0	1.181186
72	685	0	0	0	1	0	1.870987
73	696	0	0	0	0	0	1.442672
74	710	0	0	0	1	0	2.350333
75	721	0	0	0	1	0	1.228106
76	733	0	0	0	1	0	1.202592
77	741	0	0	0	1	0	2.592449
78	751	0	0	0	0	0	1.370657
79	761	0	0	0	0	0	2.958471
80	773	0	0	0	1	0	1.560608
81	782	0	0	0	2	0	1.150371
82	792	0	0	0	2	0	2.249427
83	799	0	0	0	0	0	2.939228
84	811	0	0	0	0	0	2.024536
85	819	0	0	0	0	0	2.104505
86	825	0	0	0	2	0	2.857161
87	833	0	0	0	0	0	2.643766
88	843	0	0	0	2	0	2.439740
89	852	0	0	0	1	0	1.521556
90	865	0	0	0	1	0	1.605308
91	873	0	0	0	2	0	1.370931
92	885	0	0	0	0	0	1.520962
93	898	0	0	0	1	0	2.955658
94	907	0	0	0	1	0	1.887110
95	918	0	0	0	2	0	2.655136
96	925	0	0	0	1	0	2.362985
97	933	0	0	0	2	0	1.235901
98	944	0	0	0	0	0	2.792608
99	957	0	0	0	1	0	1.713538
100	967	0	0	0	1	0	1.248280
101	977	0	0	0	0	0	1.701480
102	996	0	0	0	0	0	1.254325
103	1005	0	0	0	0	0	2.777802
104	1020	0	0	0	0	0	2.714582
105	1033	0	0	0	1	0	2.414998
106	1040	0	0	0	0	0	2.107157
107	1054	0	0	0	1	0	1.993650
108	1061	0	0	0	2	0	1.666927
109	1070	0	0	0	1	0	1.497644
110	1082	0	0	0	2	0	1.444274
111	1087	0	0	0	2	0	2.067422
112	1099	0	0	0	2	0	1.517461
113	1109	0	0	0	0	0	1.043818
114	1119	0	0	0	2	0	2.585719
115	1126	0	0	0	1	0	1.167701
116	1136	0	0	0	1	0	1.894269
117	1148	0	0	0	0	0	2.622584
118	1159	0	0	0	0	0	2.996413
119	1165	0	0	0	2	0	2.455494
120	1175	0	0	0	0	0	1.521383
121	1184	0	0	0	1	0	2.799390
122	1193	0	0	0	1	0	2.660444
123	1200	0	0	0	0	0	1.625508
124	1211	0	0	0	0	0	1.650240
125	1219	0	0	0	0	0	1.621750
126	1227	0	0	0	1	0	1.195174
127	1235	0	0	0	1	0	1.733496
128	1243	0	0	0	0	0	1.472619
129	1254	0	0	0	0	0	2.205150
130	1265	0	0	0	2	0	2.644627
131	1280	0	0	0	1	0	1.039331
132	1288	0	0	0	0	0	2.090742
133	1301	0	0	0	2	0	2.053185
134	1312	0	0	0	2	0	2.704462
135	1324	0	0	0	0	0	1.759155
136	1334	0	0	0	0	0	2.632261
137	1350	0	0	0	1	0	2.430937
138	1354	0	0	0	2	0	2.148834
139	1371	0	0	0	2	0	2.452877
140	1375	0	0	0	2	0	1.840711
141	1383	0	0	0	1	0	2.756611
142	1391	0	0	0	1	0	2.267997
143	1402	0	0	0	1	0	2.892332
144	1408	0	0	0	2	0	2.673433
145	1415	0	0	0	0	0	1.197019
146	1426	0	0	0	0	0	2.630790
147	1435	0	0	0	0	0	1.869016
148	1452	0	0	0	1	0	2.534281
149	1460	0	0	0	2	0	2.622998
150	1469	0	0	0	2	0	1.590659
151	1475	0	0	0	0	0	1.958650
152	1481	0	0	0	2	0	1.526358
153	1490	0	0	0	0	0	1.954229
154	1494	0	0	0	1	0	1.867770
155	1503	0	0	0	0	0	1.917219
156	1513	0	0	0	2	0	2.724328
157	1522	0	0	0	2	0	2.484270
158	1530	0	0	0	2	0	1.930540
159	1540	0	0	0	0	0	1.535760
160	1553	0	0	0	0	0	2.505078
161	1557	0	0	0	2	0	2.483121
162	1569	0	0	0	1	0	1.509222
163	1580	0	0	0	1	0	2.674122
164	1587	0	0	0	1	0	1.031006
165	1597	0	0	0	0	0	2.284335
166	1607	0	0	0	0	0	1.193266
167	1615	0	0	0	0	0	1.390059
168	1621	0	0	0	0	0	2.305651
169	1631	0	0	0	0	0	1.088877
170	1640	0	0	0	2	0	1.192613
171	1652	0	0	0	2	0	1.457570
172	1661	0	0	0	1	0	1.640359
173	1673	0	0	0	2	0	1.008978
174	1677	0	0	0	1	0	1.455757
175	1689	0	0	0	1	0	2.654131
176	1701	0	0	0	0	0	2.801117
177	1709	0	0	0	0	0	1.527506
178	1720	0	0	0	0	0	1.702313
179	1726	0	0	0	0	0	2.859820
180	1749	0	0	0	1	0	2.623023
181	1755	0	0	0	2	0	1.582583
182	1771	0	0	0	1	0	2.697149
183	1783	0	0	0	1	0	2.493078
184	1794	0	0	0	2	0	1.924601
185	1798	0	0	0	0	0	1.859486
186	1813	0	0	0	1	0	1.214954
187	1823	0	0	0	0	0	1.715331
188	1839	0	0	0	0	0	2.844888
189	1848	0	0	0	2	0	1.534164
190	1855	0	0	0	2	0	2.318921
191	1866	0	0	0	2	0	2.704234
192	1875	0	0	0	0	0	2.173226
193	1882	0	0	0	1	0	1.235119
194	1896	0	0	0	1	0	1.564035
195	1904	0	0	0	1	0	1.190979
196	1911	0	0	0	0	0	1.400287
197	1921	0	0	0	0	0	2.385225
198	1932	0	0	0	1	0	2.535852
199	1940	0	0	0	2	0	1.157818
200	1947	0	0	0	2	0	2.340000
201	1959	0	0	0	2	0	2.275012
202	1970	0	0	0	2	0	1.420422
203	1983	0	0	0	1	0	2.416591
204	1987	0	0	0	1	0	1.272496
205	1999	0	0	0	0	0	2.443895
206	2008	0	0	0	1	0	1.584919
207	2016	0	0	0	0	0	2.496685
208	2030	0	0	0	0	0	1.706699
209	2041	0	0	0	0	0	1.917274
210	2052	0	0	0	1	0	2.988230
211	2063	0	0	0	1	0	2.542590
212	2073	0	0	0	2	0	1.162937
213	2082	0	0	0	1	0	2.546420
214	2091	0	0	0	2	0	2.186117
215	2102	0	0	0	1	0	1.006629
216	2112	0	0	0	2	0	1.867441
217	2126	0	0	0	2	0	2.983509
218	2134	0	0	0	2	0	1.070163
219	2152	0	0	0	1	0	1.972290
220	2163	0	0	0	1	0	2.224054
221	2170	0	0	0	0	0	1.144377
222	2179	0	0	0	0	0	2.437493
223	2185	0	0	0	2	0	1.276628
224	2196	0	0	0	0	0	1.896900
225	2204	0	0	0	2	0	2.862345
226	2212	0	0	0	1	0	2.363940
227	2222	0	0	0	0	0	2.801974
228	2235	0	0	0	1	0	1.561672
229	2249	0	0	0	1	0	2.178885
230	2259	0	0	0	1	0	2.811433
231	2272	0	0	0	2	0	2.799315
232	2281	0	0	0	0	0	1.417544
233	2292	0	0	0	1	0	1.086541
234	2311	0	0	0	0	0	1.222898
235	2322	0	0	0	1	0	2.099110
236	2334	0	0	0	2	0	1.159073
237	2348	0	0	0	2	0	2.987705
238	2356	0	0	0	0	0	1.081693
239	2364	0	0	0	0	0	2.147734
240	2371	0	0	0	2	0	1.103103
241	2378	0	0	0	1	0	1.936032
242	2385	0	0	0	2	0	2.189109
243	2390	0	0	0	1	0	2.025273
244	2400	0	0	0	1	0	2.990943
245	2408	0	0	0	1	0	2.272236
246	2415	0	0	0	0	0	1.875782
247	2427	0	0	0	0	0	2.669021
248	2442	0	0	0	1	0	2.635463
249	2452	0	0	0	0	0	1.845270
250	2468	0	0	0	0	0	1.270732
251	2482	0	0	0	0	0	2.135903
252	2496	0	0	0	0	0	2.585161
253	2514	0	0	0	2	0	2.055999
254	2526	0	0	0	1	0	2.825044
255	2532	0	0	0	2	0	1.789198
256	2544	0	0	0	2	0	2.810805
257	2550	0	0	0	0	0	1.253804
258	2566	0	0	0	1	0	2.920170
259	2574	0	0	0	0	0	2.371573
260	2587	0	0	0	0	0	2.786900
261	2595	0	0	0	1	0	1.977583
262	2604	0	0	0	1	0	1.742937
263	2617	0	0	0	2	0	2.500508
264	2630	0	0	0	1	0	2.336836
265	2642	0	0	0	0	0	1.474818
266	2654	0	0	0	2	0	1.013567
267	2668	0	0	0	2	0	1.112153
268	2683	0	0	0	1	0	1.758282
269	2696	0	0	0	0	0	1.033648
270	2710	0	0	0	1	0	2.085983
271	2719	0	0	0	1	0	1.018392
272	2731	0	0	0	1	0	2.766905
273	2738	0	0	0	0	0	2.520632
274	2747	0	0	0	1	0	1.304845
275	2764	0	0	0	1	0	1.110487
276	2774	0	0	0	2	0	1.209794
277	2776	0	0	0	2	0	2.478548
278	2791	0	0	0	2	0	2.585772
279	2797	0	0	0	0	0	1.166926
280	2801	0	0	0	0	0	1.067283
281	2807	0	0	0	0	0	2.557573
282	2821	0	0	0	1	0	2.773700
283	2829	0	0	0	1	0	1.300825
284	2838	0	0	0	0	0	1.194947
285	2849	0	0	0	1	0	2.281111
286	2856	0	0	0	1	0	1.348514
287	2865	0	0	0	1	0	2.207962
288	2873	0	0	0	0	0	1.113258
289	2887	0	0	0	0	0	1.984573
290	2898	0	0	0	0	0	2.193480
291	2909	0	0	0	1	0	1.526878
292	2918	0	0	0	1	0	2.962351
293	2926	0	0	0	2	0	1.242836
294	2935	0	0	0	2	0	1.868841
295	2944	0	0	0	1	0	2.177200
296	2951	0	0	0	0	0	2.642734
297	2962	0	0	0	0	0	1.279008
298	2977	0	0	0	1	0	2.198174
299	2989	0	0	0	1	0	2.158516
300	3000	0	0	0	0	0	1.193681
301	3007	0	0	0	2	0	2.389651
302	3019	0	0	0	2	0	1.764818
303	3030	0	0	0	0	0	1.086088
304	3044	0	0	0	0	0	1.874091
305	3057	0	0	0	1	0	2.433673
306	3061	0	0	0	1	0	2.875320
307	3069	0	0	0	2	0	1.408827
308	3071	0	0	0	1	0	1.512741
309	3080	0	0	0	1	0	2.772835
310	3089	0	0	0	0	0	1.356034
311	3100	0	0	0	1	0	1.329621
312	3109	0	0	0	1	0	2.251169
313	3118	0	0	0	2	0	1.894378
314	3127	0	0	0	1	0	2.560073
315	3135	0	0	0	2	0	2.443201
316	3140	0	0	0	2	0	2.824874
317	3154	0	0	0	0	0	2.053605
318	3164	0	0	0	0	0	1.337356
319	3180	0	0	0	2	0	2.789385
320	3189	0	0	0	2	0	1.394264
321	3199	0	0	0	2	0	2.345474
322	3209	0	0	0	2	0	2.169891
323	3224	0	0	0	0	0	2.829869
324	3234	0	0	0	0	0	2.568243
325	3242	0	0	0	0	0	2.253853
326	3252	0	0	0	0	0	1.063900
327	3265	0	0	0	0	0	2.641118
328	3272	0	0	0	0	0	1.264515
329	3281	0	0	0	0	0	2.132265
330	3288	0	0	0	2	0	2.402884
331	3297	0	0	0	1	0	2.270053
332	3308	0	0	0	0	0	1.123422
333	3321	0	0	0	1	0	1.727809
334	3330	0	0	0	1	0	2.169303
335	3337	0	0	0	1	0	1.321994
336	3350	0	0	0	0	0	2.619555
337	3355	0	0	0	2	0	1.937306
338	3365	0	0	0	2	0	1.684075
339	3376	0	0	0	0	0	2.372602
340	3385	0	0	0	1	0	1.775721
341	3395	0	0	0	2	0	2.249466
342	3410	0	0	0	0	0	2.123459
343	3418	0	0	0	2	0	2.648868
344	3425	0	0	0	2	0	2.720073
345	3436	0	0	0	0	0	1.897145
346	3446	0	0	0	1	0	1.623287
347	3452	0	0	0	0	0	1.723371
348	3462	0	0	0	2	0	1.251004
349	3470	0	0	0	0	0	2.543541
350	3479	0	0	0	0	0	1.390367
351	3495	0	0	0	0	0	2.185747
352	3506	0	0	0	2	0	2.275154
353	3514	0	0	0	2	0	2.828479
354	3527	0	0	0	2	0	1.675592
355	3533	0	0	0	0	0	2.384736
356	3541	0	0	0	1	0	2.209762
357	3549	0	0	0	1	0	1.214572
358	3568	0	0	0	2	0	1.040283
359	3573	0	0	0	0	0	1.951411
360	3581	0	0	0	2	0	1.080222
361	3592	0	0	0	0	0	1.829600
362	3600	0	0	0	0	0	1.469597
363	3606	0	0	0	2	0	2.123636
364	3619	0	0	0	2	0	2.519525
365	3632	0	0	0	2	0	1.826567
366	3646	0	0	0	2	0	2.366756
367	3652	0	0	0	1	0	1.759646
368	3658	0	0	0	2	0	2.942545
369	3668	0	0	0	0	0	2.599527
370	3677	0	0	0	1	0	2.103194
371	3689	0	0	0	0	0	2.229266
372	3700	0	0	0	0	0	2.227209
373	3716	0	0	0	1	0	1.220483
374	3728	0	0	0	0	0	2.857956
375	3738	0	0	0	0	0	2.859700
376	3747	0	0	0	1	0	2.122861
377	3759	0	0	0	1	0	1.270726
378	3772	0	0	0	0	0	1.026665
379	3781	0	0	0	1	0	1.641684
380	3784	0	0	0	2	0	2.659322
381	3798	0	0	0	0	0	2.469946
382	3809	0	0	0	0	0	2.259305
383	3822	0	0	0	0	0	1.302551
384	3826	0	0	0	2	0	1.428164
385	3837	0	0	0	0	0	1.311736
386	3854	0	0	0	0	0	2.338003
387	3863	0	0	0	1	0	1.716727
388	3870	0	0	0	2	0	1.662479
389	3882	0	0	0	0	0	2.215542
390	3891	0	0	0	1	0	2.327328
391	3902	0	0	0	0	0	2.078058
392	3918	0	0	0	1	0	2.297332
393	3931	0	0	0	0	0	1.454749
394	3946	0	0	0	2	0	2.673944
395	3961	0	0	0	0	0	1.474442
396	3972	0	0	0	0	0	2.682810
397	3979	0	0	0	0	0	1.665804
398	3994	0	0	0	0	0	1.183071
399	4005	0	0	0	0	0	1.177155
400	4014	0	0	0	0	0	1.247582
401	4025	0	0	0	1	0	2.497547
402	4034	0	0	0	1	0	2.156316
403	4040	0	0	0	0	0	1.451097
404	4046	0	0	0	2	0	2.602375
405	4055	0	0	0	0	0	1.468104
406	4064	0	0	0	0	0	1.907985
407	4068	0	0	0	0	0	1.044879
408	4075	0	0	0	1	0	1.149512
409	4083	0	0	0	2	0	2.248548
410	4091	0	0	0	2	0	2.983672
411	4102	0	0	0	2	0	1.014206
412	4108	0	0	0	1	0	1.810096
413	4116	0	0	0	0	0	2.630647
414	4131	0	0	0	2	0	1.778410
415	4137	0	0	0	1	0	1.681549
416	4148	0	0	0	0	0	2.651801
417	4151	0	0	0	2	0	2.027168
418	4158	0	0	0	1	0	2.524378
419	4162	0	0	0	1	0	2.805910
420	4167	0	0	0	0	0	2.087306
421	4176	0	0	0	2	0	1.695893
422	4181	0	0	0	0	0	2.709730
423	4190	0	0	0	1	0	2.426147
424	4203	0	0	0	1	0	1.299895
425	4214	0	0	0	1	0	1.004916
426	4224	0	0	0	0	0	2.015653
427	4235	0	0	0	2	0	2.014916
428	4244	0	0	0	1	0	1.668509
429	4252	0	0	0	2	0	1.159503
430	4262	0	0	0	1	0	2.665053
431	4275	0	0	0	1	0	2.432742
432	4287	0	0	0	1	0	1.960115
433	4295	0	0	0	2	0	2.403491
434	4306	0	0	0	0	0	2.213965
435	4315	0	0	0	2	0	2.993913
436	4330	0	0	0	0	0	1.211439
437	4339	0	0	0	1	0	1.774529
438	4353	0	0	0	2	0	2.728062
439	4365	0	0	0	2	0	2.221549
440	4382	0	0	0	0	0	1.503539
441	4392	0	0	0	1	0	2.557703
442	4404	0	0	0	2	0	1.398249
443	4419	0	0	0	0	0	2.835272
444	4428	0	0	0	0	0	2.499419
445	4443	0	0	0	2	0	1.169100
446	4456	0	0	0	0	0	1.525865
447	4471	0	0	0	0	0	1.221513
448	4478	0	0	0	0	0	1.283213
449	4485	0	0	0	0	0	1.235342
450	4494	0	0	0	0	0	2.883812
451	4503	0	0	0	1	0	1.315927
452	4514	0	0	0	1	0	1.227581
453	4525	0	0	0	2	0	2.328504
454	4538	0	0	0	1	0	2.044842
455	4547	0	0	0	0	0	2.676490
456	4555	0	0	0	0	0	2.228364
457	4567	0	0	0	0	0	1.716118
458	4574	0	0	0	0	0	2.154667
459	4593	0	0	0	0	0	2.212520
460	4599	0	0	0	1	0	2.049180
461	4614	0	0	0	0	0	1.329701
462	4626	0	0	0	1	0	1.486823
463	4639	0	0	0	1	0	1.480662
464	4651	0	0	0	0	0	2.714710
465	4658	0	0	0	1	0	2.402930
466	4671	0	0	0	2	0	2.539237
467	4679	0	0	0	0	0	1.335068
468	4688	0	0	0	1	0	1.564955
469	4701	0	0	0	2	0	2.956958
470	4709	0	0	0	2	0	2.732628
471	4716	0	0	0	1	0	1.395503
472	4725	0	0	0	2	0	2.503286
473	4739	0	0	0	0	0	2.454227
474	4745	0	0	0	2	0	1.083598
475	4753	0	0	0	0	0	1.890817
476	4761	0	0	0	1	0	1.044986
477	4773	0	0	0	0	0	1.071968
478	4782	0	0	0	2	0	2.193278
479	4793	0	0	0	2	0	2.692126
480	4805	0	0	0	2	0	2.803856
481	4818	0	0	0	0	0	2.412280
482	4832	0	0	0	1	0	1.833325
483	4845	0	0	0	2	0	1.294571
484	4856	0	0	0	0	0	2.124524
485	4868	0	0	0	2	0	1.368024
486	4873	0	0	0	1	0	2.701562
487	4883	0	0	0	0	0	1.353501
488	4890	0	0	0	1	0	2.039960
489	4899	0	0	0	0	0	1.915606
490	4910	0	0	0	1	0	2.192957
491	4917	0	0	0	1	0	1.921196
492	4923	0	0	0	0	0	1.430021
493	4928	0	0	0	1	0	1.206256
494	4936	0	0	0	1	0	1.730563
495	4950	0	0	0	0	0	2.717653
496	4961	0	0	0	0	0	1.570455
497	4970	0	0	0	0	0	1.828206
498	4986	0	0	0	2	0	1.825975
499	4991	0	0	0	1	0	2.128716
500	4999	0	0	0	2	0	2.693387
501	5013	0	0	0	1	0	1.252617
502	5021	0	0	0	0	0	2.201908
503	5033	0	0	0	0	0	1.044546
504	5041	0	0	0	2	0	1.234757
505	5053	0	0	0	0	0	2.856141
506	5062	0	0	0	0	0	2.799512
507	5073	0	0	0	2	0	1.109859
508	5085	0	0	0	1	0	1.859148
509	5092	0	0	0	0	0	2.240657
510	5099	0	0	0	0	0	1.946513
511	5108	0	0	0	2	0	2.780571
512	5120	0	0	0	2	0	2.155113
513	5127	0	0	0	2	0	2.903461
514	5135	0	0	0	0	0	1.320189
515	5143	0	0	0	2	0	2.529820
516	5150	0	0	0	1	0	2.900377
517	5159	0	0	0	0	0	2.133424
518	5167	0	0	0	2	0	2.582462
519	5177	0	0	0	2	0	1.287449
520	5188	0	0	0	2	0	1.163992
521	5194	0	0	0	2	0	1.405049
522	5208	0	0	0	0	0	2.931814
523	5227	0	0	0	1	0	2.174309
524	5233	0	0	0	0	0	1.338790
525	5247	0	0	0	2	0	1.155820
526	5258	0	0	0	0	0	1.343051
527	5270	0	0	0	2	0	2.470939
528	5279	0	0	0	1	0	1.367691
529	5287	0	0	0	1	0	2.859280
530	5291	0	0	0	1	0	2.074422
531	5304	0	0	0	1	0	2.706505
532	5315	0	0	0	0	0	1.008145
533	5323	0	0	0	1	0	2.181251
534	5335	0	0	0	1	0	2.270367
535	5349	0	0	0	0	0	1.510252
536	5358	0	0	0	1	0	1.757046
537	5368	0	0	0	1	0	2.810261
538	5380	0	0	0	0	0	2.779757
539	5393	0	0	0	0	0	2.524681
540	5402	0	0	0	0	0	1.285690
541	5410	0	0	0	0	0	2.009298
542	5421	0	0	0	1	0	2.476076
543	5432	0	0	0	1	0	1.841137
544	5441	0	0	0	0	0	2.007942
545	5452	0	0	0	1	0	1.296679
546	5458	0	0	0	2	0	1.237170
547	5474	0	0	0	2	0	1.729790
548	5487	0	0	0	2	0	1.907965
549	5493	0	0	0	0	0	1.354156
550	5501	0	0	0	2	0	2.355812
551	5512	0	0	0	1	0	1.076925
552	5517	0	0	0	0	0	1.922545
553	5534	0	0	0	1	0	2.824485
554	5544	0	0	0	0	0	2.957055
555	5554	0	0	0	1	0	2.659045
556	5562	0	0	0	0	0	2.086275
557	5568	0	0	0	1	0	1.581796
558	5575	0	0	0	1	0	2.616546
559	5581	0	0	0	1	0	1.558218
560	5594	0	0	0	0	0	2.266090
561	5604	0	0	0	0	0	1.814586
562	5619	0	0	0	0	0	1.910209
563	5631	0	0	0	0	0	2.561106
564	5636	0	0	0	1	0	2.948526
565	5647	0	0	0	1	0	2.342838
566	5655	0	0	0	1	0	1.254292
567	5663	0	0	0	0	0	2.439934
568	5671	0	0	0	0	0	1.710026
569	5684	0	0	0	0	0	2.844323
570	5697	0	0	0	0	0	1.367508
571	5711	0	0	0	2	0	1.565270
572	5718	0	0	0	0	0	2.446907
573	5732	0	0	0	1	0	1.488495
574	5747	0	0	0	1	0	1.531171
575	5753	0	0	0	1	0	1.582876
576	5755	0	0	0	1	0	1.940291
577	5764	0	0	0	0	0	2.840584
578	5772	0	0	0	0	0	1.013546
579	5782	0	0	0	1	0	1.367143
580	5795	0	0	0	0	0	2.255530
581	5805	0	0	0	2	0	1.034519
582	5813	0	0	0	1	0	1.781035
583	5821	0	0	0	1	0	1.417623
584	5831	0	0	0	1	0	1.768768
585	5839	0	0	0	1	0	2.791524
586	5849	0	0	0	2	0	2.144938
587	5859	0	0	0	2	0	2.915284
588	5871	0	0	0	2	0	1.684358
589	5874	0	0	0	0	0	2.068706
590	5885	0	0	0	1	0	2.626546
591	5893	0	0	0	0	0	2.623969
592	5902	0	0	0	1	0	2.875559
593	5912	0	0	0	0	0	2.291526
594	5920	0	0	0	1	0	2.432975
595	5933	0	0	0	0	0	1.248434
596	5947	0	0	0	1	0	2.080739
597	5959	0	0	0	1	0	1.184183
598	5969	0	0	0	2	0	1.998699
599	5976	0	0	0	0	0	1.234312
600	5984	0	0	0	1	0	2.735347
601	5992	0	0	0	1	0	2.869311
602	5999	0	0	0	0	0	2.201474
603	6013	0	0	0	0	0	2.178745
604	6026	0	0	0	2	0	1.289617
605	6034	0	0	0	0	0	2.065262
606	6041	0	0	0	1	0	1.088555
607	6049	0	0	0	2	0	1.299789
608	6061	0	0	0	0	0	2.539545
609	6074	0	0	0	1	0	2.821371
610	6082	0	0	0	0	0	2.512408
611	6089	0	0	0	1	0	2.868188
612	6097	0	0	0	0	0	1.923230
613	6113	0	0	0	1	0	2.458567
614	6123	0	0	0	0	0	2.891824
615	6134	0	0	0	0	0	1.991768
616	6140	0	0	0	1	0	1.549924
617	6150	0	0	0	1	0	2.711229
618	6157	0	0	0	0	0	1.390966
619	6168	0	0	0	0	0	2.273495
620	6177	0	0	0	0	0	2.427522
621	6184	0	0	0	2	0	1.479592
622	6191	0	0	0	0	0	1.053675
623	6206	0	0	0	1	0	1.025328
624	6216	0	0	0	1	0	2.686079
625	6221	0	0	0	1	0	1.468902
626	6229	0	0	0	2	0	1.622230
627	6237	0	0	0	0	0	2.226802
628	6247	0	0	0	0	0	1.466803
629	6254	0	0	0	2	0	2.340930
630	6260	0	0	0	1	0	1.083496
631	6271	0	0	0	2	0	1.429847
632	6278	0	0	0	2	0	1.249295
633	6287	0	0	0	2	0	1.743313
634	6293	0	0	0	0	0	2.090648
635	6307	0	0	0	2	0	2.580914
636	6322	0	0	0	0	0	2.279375
637	6335	0	0	0	2	0	1.274586
638	6344	0	0	0	2	0	1.866335
639	6358	0	0	0	2	0	1.594166
640	6366	0	0	0	2	0	2.279451
641	6379	0	0	0	1	0	1.434599
642	6386	0	0	0	2	0	2.927796
643	6395	0	0	0	1	0	1.682274
644	6411	0	0	0	0	0	1.156599
645	6419	0	0	0	2	0	1.242595
646	6431	0	0	0	1	0	2.932031
647	6439	0	0	0	1	0	2.774831
648	6443	0	0	0	0	0	2.482224
649	6451	0	0	0	1	0	2.445175
650	6454	0	0	0	1	0	1.937180
651	6464	0	0	0	1	0	2.385762
652	6473	0	0	0	1	0	2.270511
653	6481	0	0	0	1	0	1.645102
654	6488	0	0	0	0	0	2.534864
655	6496	0	0	0	1	0	2.625875
656	6501	0	0	0	0	0	2.387039
657	6510	0	0	0	1	0	2.440583
658	6524	0	0	0	2	0	2.013310
659	6533	0	0	0	1	0	1.572025
660	6542	0	0	0	0	0	2.457656
661	6554	0	0	0	2	0	2.753699
662	6559	0	0	0	0	0	2.890001
663	6566	0	0	0	1	0	1.115858
664	6575	0	0	0	1	0	2.174582
665	6588	0	0	0	1	0	1.156822
666	6594	0	0	0	2	0	1.643492
667	6609	0	0	0	1	0	2.913967
668	6619	0	0	0	2	0	1.242834
669	6628	0	0	0	1	0	1.496427
670	6636	0	0	0	0	0	2.268912
671	6647	0	0	0	2	0	2.839741
672	6659	0	0	0	2	0	1.643512
673	6668	0	0	0	0	0	2.608021
674	6680	0	0	0	0	0	2.415543
675	6692	0	0	0	1	0	1.222676
676	6701	0	0	0	0	0	1.272016
677	6714	0	0	0	1	0	2.495594
678	6722	0	0	0	0	0	2.668240
679	6734	0	0	0	2	0	1.272179
680	6740	0	0	0	0	0	1.752585
681	6752	0	0	0	1	0	1.046639
682	6760	0	0	0	1	0	2.540102
683	6763	0	0	0	1	0	1.503485
684	6773	0	0	0	1	0	2.581890
685	6783	0	0	0	0	0	1.310180
686	6797	0	0	0	1	0	1.314232
687	6802	0	0	0	2	0	1.981083
688	6816	0	0	0	1	0	2.751317
689	6820	0	0	0	1	0	2.638243
690	6833	0	0	0	1	0	2.213887
691	6845	0	0	0	0	0	2.935904
692	6858	0	0	0	0	0	2.557993
693	6864	0	0	0	0	0	2.970155
694	6876	0	0	0	2	0	2.288247
695	6891	0	0	0	2	0	1.686853
696	6902	0	0	0	1	0	1.322793
697	6917	0	0	0	2	0	1.839561
698	6930	0	0	0	1	0	1.151123
699	6934	0	0	0	2	0	1.500313
700	6944	0	0	0	2	0	1.383560
701	6956	0	0	0	0	0	2.069773
702	6964	0	0	0	0	0	1.398694
703	6971	0	0	0	1	0	2.013835
704	6984	0	0	0	0	0	1.523216
705	6993	0	0	0	1	0	1.342382
706	7005	0	0	0	2	0	1.694008
707	7019	0	0	0	2	0	2.850111
708	7027	0	0	0	0	0	2.306284
709	7036	0	0	0	2	0	1.730767
710	7041	0	0	0	0	0	1.395739
711	7053	0	0	0	0	0	2.053785
712	7067	0	0	0	1	0	1.751543
713	7078	0	0	0	1	0	2.029116
714	7087	0	0	0	0	0	1.389988
715	7096	0	0	0	0	0	1.416048
716	7106	0	0	0	2	0	2.417478
717	7116	0	0	0	0	0	2.708508
718	7128	0	0	0	0	0	1.270222
719	7137	0	0	0	2	0	1.853936
720	7148	0	0	0	1	0	2.097894
721	7155	0	0	0	0	0	1.215981
722	7165	0	0	0	1	0	1.144104
723	7182	0	0	0	2	0	1.440253
724	7191	0	0	0	2	0	2.074586
725	7204	0	0	0	0	0	2.335349
726	7218	0	0	0	0	0	2.909395
727	7226	0	0	0	0	0	2.119516
728	7231	0	0	0	1	0	2.805274
729	7240	0	0	0	2	0	1.117792
730	7247	0	0	0	0	0	1.557383
731	7258	0	0	0	1	0	2.507606
732	7270	0	0	0	1	0	1.038235
733	7279	0	0	0	1	0	1.547962
734	7293	0	0	0	0	0	1.050624
735	7300	0	0	0	0	0	2.069437
736	7307	0	0	0	1	0	2.946783
737	7315	0	0	0	0	0	2.376669
738	7323	0	0	0	2	0	2.209207
739	7334	0	0	0	1	0	1.750681
740	7341	0	0	0	2	0	1.731857
741	7352	0	0	0	2	0	2.548474
742	7363	0	0	0	1	0	1.254317
743	7378	0	0	0	1	0	2.600929
744	7387	0	0	0	0	0	1.617427
745	7395	0	0	0	0	0	2.693797
746	7401	0	0	0	0	0	2.246088
747	7411	0	0	0	2	0	1.691778
748	7423	0	0	0	2	0	2.739374
749	7436	0	0	0	0	0	1.659098
750	7446	0	0	0	2	0	1.304887
751	7460	0	0	0	1	0	2.774634
752	7470	0	0	0	1	0	2.284320
753	7476	0	0	0	0	0	1.978049
754	7484	0	0	0	1	0	2.296074
755	7493	0	0	0	2	0	2.312982
756	7501	0	0	0	1	0	1.364121
757	7511	0	0	0	2	0	1.358886
758	7520	0	0	0	1	0	1.416793
759	7526	0	0	0	2	0	1.343116
760	7530	0	0	0	0	0	1.255648
761	7537	0	0	0	2	0	1.711772
762	7547	0	0	0	2	0	2.219094
763	7558	0	0	0	0	0	2.815848
764	7566	0	0	0	1	0	2.049996
765	7573	0	0	0	0	0	1.972163
766	7581	0	0	0	1	0	1.651787
767	7593	0	0	0	1	0	1.035649
768	7605	0	0	0	0	0	1.500418
769	7621	0	0	0	0	0	2.255303
770	7627	0	0	0	2	0	2.050983
771	7639	0	0	0	2	0	1.619316
772	7652	0	0	0	0	0	2.508776
773	7666	0	0	0	0	0	2.973679
774	7676	0	0	0	0	0	2.614955
775	7682	0	0	0	0	0	2.050031
776	7691	0	0	0	2	0	2.972704
777	7698	0	0	0	2	0	2.629061
778	7711	0	0	0	0	0	1.710881
779	7724	0	0	0	1	0	1.957537
780	7733	0	0	0	2	0	2.028128
781	7749	0	0	0	0	0	2.227540
782	7760	0	0	0	2	0	2.330409
783	7773	0	0	0	1	0	1.621053
784	7785	0	0	0	0	0	1.077523
785	7795	0	0	0	0	0	1.995892
786	7807	0	0	0	1	0	1.689142
787	7818	0	0	0	0	0	2.521395
788	7827	0	0	0	0	0	2.851535
789	7839	0	0	0	0	0	1.096356
790	7847	0	0	0	1	0	1.598974
791	7854	0	0	0	2	0	2.615037
792	7862	0	0	0	0	0	2.856318
793	7866	0	0	0	0	0	1.541910
794	7873	0	0	0	0	0	2.487661
795	7883	0	0	0	2	0	2.743568
796	7891	0	0	0	0	0	1.281792
797	7898	0	0	0	1	0	2.754122
798	7913	0	0	0	0	0	1.196206
799	7930	0	0	0	1	0	1.108463
800	7941	0	0	0	0	0	1.746194
801	7949	0	0	0	1	0	2.160385
802	7956	0	0	0	2	0	2.970350
803	7971	0	0	0	1	0	1.684866
804	7982	0	0	0	2	0	2.277612
805	7991	0	0	0	1	0	2.363543
806	8006	0	0	0	1	0	2.992691
807	8009	0	0	0	2	0	2.137759
808	8021	0	0	0	0	0	1.427809
809	8032	0	0	0	0	0	1.573721
810	8045	0	0	0	1	0	1.533032
811	8056	0	0	0	1	0	2.333871
812	8068	0	0	0	0	0	1.203778
813	8082	0	0	0	0	0	1.473162
814	8090	0	0	0	0	0	1.763075
815	8098	0	0	0	1	0	2.151042
816	8111	0	0	0	1	0	1.632954
817	8117	0	0	0	1	0	2.897953
818	8128	0	0	0	2	0	1.467434
819	8140	0	0	0	1	0	1.192932
820	8149	0	0	0	1	0	2.170803
821	8156	0	0	0	0	0	1.000021
822	8173	0	0	0	1	0	1.295623
823	8182	0	0	0	0	0	2.913927
824	8191	0	0	0	0	0	2.396844
825	8204	0	0	0	2	0	1.232034
826	8211	0	0	0	0	0	1.163066
827	8220	0	0	0	1	0	2.471730
828	8226	0	0	0	1	0	2.912151
829	8241	0	0	0	2	0	2.680533
830	8250	0	0	0	0	0	1.885339
831	8257	0	0	0	0	0	1.272765
832	8272	0	0	0	1	0	2.003194
833	8283	0	0	0	1	0	2.046978
834	8292	0	0	0	0	0	2.088981
835	8304	0	0	0	1	0	1.406816
836	8314	0	0	0	0	0	1.364027
837	8321	0	0	0	0	0	1.953304
838	8330	0	0	0	2	0	2.312407
839	8338	0	0	0	0	0	2.869144
840	8347	0	0	0	2	0	2.197236
841	8361	0	0	0	1	0	2.829715
842	8367	0	0	0	1	0	2.100452
843	8378	0	0	0	0	0	2.213226
844	8387	0	0	0	0	0	1.641197
845	8399	0	0	0	1	0	1.147442
846	8405	0	0	0	0	0	1.883001
847	8417	0	0	0	1	0	2.480830
848	8423	0	0	0	0	0	2.838880
849	8436	0	0	0	2	0	1.424585
850	8446	0	0	0	2	0	2.430878
851	8460	0	0	0	0	0	1.028560
852	8469	0	0	0	0	0	1.217653
853	8483	0	0	0	2	0	1.293780
854	8497	0	0	0	0	0	1.170867
855	8508	0	0	0	1	0	2.245760
856	8516	0	0	0	1	0	2.750492
857	8527	0	0	0	1	0	2.848129
858	8536	0	0	0	2	0	2.010401
859	8541	0	0	0	0	0	2.149460
860	8549	0	0	0	1	0	2.945837
861	8560	0	0	0	1	0	1.284872
862	8568	0	0	0	2	0	1.439330
863	8580	0	0	0	0	0	2.412405
864	8587	0	0	0	2	0	1.251075
865	8593	0	0	0	1	0	1.044320
866	8596	0	0	0	0	0	2.198957
867	8611	0	0	0	2	0	1.079013
868	8622	0	0	0	2	0	2.637792
869	8630	0	0	0	1	0	2.187700
870	8642	0	0	0	2	0	1.597883
871	8656	0	0	0	2	0	2.065577
872	8666	0	0	0	1	0	1.420496
873	8674	0	0	0	2	0	2.763094
874	8679	0	0	0	0	0	1.306595
875	8689	0	0	0	0	0	1.692198
876	8700	0	0	0	2	0	2.067344
877	8715	0	0	0	1	0	1.315035
878	8719	0	0	0	2	0	2.916099
879	8730	0	0	0	1	0	2.709416
880	8735	0	0	0	1	0	1.119572
881	8745	0	0	0	0	0	1.577444
882	8752	0	0	0	1	0	2.111592
883	8763	0	0	0	1	0	2.939670
884	8772	0	0	0	1	0	2.355457
885	8785	0	0	0	2	0	2.529821
886	8799	0	0	0	2	0	2.708521
887	8812	0	0	0	2	0	2.642049
888	8823	0	0	0	0	0	2.178533
889	8835	0	0	0	0	0	2.328375
890	8844	0	0	0	1	0	2.241034
891	8858	0	0	0	0	0	1.862348
892	8872	0	0	0	0	0	1.477188
893	8886	0	0	0	1	0	1.524884
894	8894	0	0	0	0	0	1.417841
895	8902	0	0	0	1	0	1.407134
896	8916	0	0	0	2	0	1.537082
897	8927	0	0	0	0	0	1.006643
898	8946	0	0	0	2	0	1.894829
899	8956	0	0	0	2	0	1.839432
900	8965	0	0	0	1	0	2.028152
901	8984	0	0	0	1	0	1.058873
902	8990	0	0	0	2	0	1.997171
903	9006	0	0	0	2	0	1.263543
904	9017	0	0	0	0	0	2.621083
905	9029	0	0	0	2	0	2.376385
906	9041	0	0	0	1	0	1.221648
907	9047	0	0	0	2	0	2.224216
908	9054	0	0	0	1	0	1.699123
909	9064	0	0	0	1	0	1.562469
910	9072	0	0	0	2	0	1.523669
911	9084	0	0	0	0	0	1.702295
912	9092	0	0	0	1	0	2.675792
913	9099	0	0	0	1	0	1.555752
914	9110	0	0	0	0	0	2.281844
915	9117	0	0	0	0	0	2.209526
916	9129	0	0	0	2	0	2.868620
917	9137	0	0	0	0	0	1.967645
918	9151	0	0	0	1	0	1.148653
919	9160	0	0	0	2	0	1.590175
920	9170	0	0	0	1	0	2.620588
921	9183	0	0	0	1	0	1.480926
922	9194	0	0	0	0	0	1.033536
923	9213	0	0	0	1	0	1.755607
924	9225	0	0	0	1	0	2.172022
925	9234	0	0	0	1	0	2.700622
926	9244	0	0	0	0	0	1.748541
927	9257	0	0	0	1	0	1.852861
928	9266	0	0	0	2	0	1.020226
929	9279	0	0	0	0	0	2.145463
930	9292	0	0	0	2	0	2.068005
931	9299	0	0	0	1	0	1.816004
932	9316	0	0	0	0	0	1.448332
933	9332	0	0	0	0	0	1.962162
934	9344	0	0	0	2	0	1.621036
935	9349	0	0	0	2	0	2.046037
936	9359	0	0	0	1	0	2.613551
937	9368	0	0	0	0	0	1.545225
938	9380	0	0	0	0	0	2.065276
939	9393	0	0	0	0	0	2.872826
940	9406	0	0	0	1	0	2.530344
941	9420	0	0	0	0	0	1.561499
942	9428	0	0	0	1	0	2.668586
943	9438	0	0	0	0	0	1.527396
944	9445	0	0	0	1	0	2.693683
945	9452	0	0	0	0	0	1.449291
946	9464	0	0	0	1	0	1.003745
947	9474	0	0	0	2	0	1.225665
948	9481	0	0	0	1	0	1.082697
949	9491	0	0	0	1	0	2.723493
950	9499	0	0	0	1	0	2.738228
951	9513	0	0	0	0	0	2.747490
952	9525	0	0	0	2	0	1.232205
953	9533	0	0	0	2	0	2.225909
954	9542	0	0	0	1	0	2.484208
955	9550	0	0	0	0	0	1.179124
956	9561	0	0	0	0	0	2.011281
957	9570	0	0	0	1	0	1.729218
958	9582	0	0	0	2	0	1.185797
959	9590	0	0	0	0	0	2.401244
960	9597	0	0	0	2	0	2.521022
961	9611	0	0	0	0	0	2.613134
962	9623	0	0	0	0	0	1.493586
963	9632	0	0	0	1	0	1.610709
964	9643	0	0	0	2	0	1.926664
965	9655	0	0	0	1	0	1.062487
966	9670	0	0	0	0	0	2.064215
967	9678	0	0	0	2	0	2.545400
968	9690	0	0	0	1	0	1.051266
969	9700	0	0	0	0	0	2.647089
970	9706	0	0	0	0	0	1.205696
971	9720	0	0	0	0	0	2.257431
972	9729	0	0	0	2	0	2.363792
973	9736	0	0	0	1	0	1.193365
974	9752	0	0	0	0	0	1.273547
975	9764	0	0	0	0	0	2.298022
976	9772	0	0	0	0	0	2.716079
977	9780	0	0	0	0	0	2.531464
978	9789	0	0	0	1	0	1.969841
979	9794	0	0	0	1	0	1.113908
980	9804	0	0	0	2	0	1.687157
981	9815	0	0	0	1	0	1.427815
982	9823	0	0	0	2	0	2.083372
983	9831	0	0	0	1	0	1.886035
984	9836	0	0	0	1	0	2.061711
985	9847	0	0	0	2	0	2.094609
986	9861	0	0	0	0	0	2.163853
987	9873	0	0	0	2	0	1.280723
988	9880	0	0	0	0	0	2.174437
989	9899	0	0	0	2	0	1.030792
990	9910	0	0	0	0	0	1.251032
991	9918	0	0	0	1	0	2.356177
992	9928	0	0	0	0	0	1.959364
993	9939	0	0	0	1	0	2.554177
994	9951	0	0	0	2	0	2.751326
995	9959	0	0	0	1	0	1.477473
996	9966	0	0	0	2	0	2.795105
997	9977	0	0	0	2	0	1.768439
998	9985	0	0	0	1	0	1.942874
999	9993	0	0	0	2	0	1.369675
