0	1	0	0	0	0	0	2.569081
1	7	0	0	0	2	0	1.960936
2	20	0	0	0	0	0	2.991558
3	33	0	0	0	1	0	2.868452
4	42	0	0	0	2	0	2.631848
5	50	0	0	0	2	0	1.607843
6	60	0	0	0	2	0	2.037238
7	65	0	0	0	2	0	1.025327
8	74	0	0	0	1	0	2.151339
9	87	0	0	0	1	0	2.147637
10	96	0	0	0	0	0	2.723257
11	105	0	0	0	2	0	2.518017
12	115	0	0	0	1	0	1.896946
13	120	0	0	0	1	0	1.289477
14	130	0	0	0	0	0	1.184946
15	141	0	0	0	1	0	2.061115
16	152	0	0	0	1	0	1.877784
17	158	0	0	0	0	0	2.986109
18	164	0	0	0	2	0	2.651835
19	177	0	0	0	0	0	2.726036
20	194	0	0	0	1	0	2.953175
21	197	0	0	0	1	0	2.432361
22	210	0	0	0	1	0	2.455791
23	222	0	0	0	2	0	1.456204
24	230	0	0	0	1	0	2.184849
25	239	0	0	0	1	0	1.611275
26	251	0	0	0	2	0	1.698479
27	260	0	0	0	2	0	1.529901
28	271	0	0	0	1	0	2.595433
29	279	0	0	0	0	0	1.622662
30	288	0	0	0	0	0	2.344000
31	297	0	0	0	2	0	2.328530
32	310	0	0	0	1	0	2.537188
33	322	0	0	0	1	0	2.961532
34	335	0	0	0	0	0	1.470014
35	344	0	0	0	0	0	1.694482
36	353	0	0	0	2	0	2.242780
37	366	0	0	0	1	0	2.152144
38	374	0	0	0	0	0	1.447903
39	385	0	0	0	0	0	1.281394
40	393	0	0	0	0	0	2.800256
41	400	0	0	0	2	0	1.727744
42	409	0	0	0	1	0	1.581876
43	421	0	0	0	2	0	1.259598
44	430	0	0	0	1	0	1.050387
45	444	0	0	0	1	0	1.139190
46	453	0	0	0	0	0	2.587121
47	460	0	0	0	0	0	2.271964
48	468	0	0	0	2	0	2.179829
49	479	0	0	0	1	0	1.962551
50	492	0	0	0	1	0	1.346167
51	505	0	0	0	1	0	2.283851
52	512	0	0	0	2	0	2.207964
53	520	0	0	0	1	0	2.574298
54	525	0	0	0	1	0	1.839056
55	531	0	0	0	0	0	1.187087
56	543	0	0	0	1	0	1.229667
57	554	0	0	0	1	0	2.665273
58	569	0	0	0	1	0	2.023808
59	577	0	0	0	0	0	2.900704
60	590	0	0	0	0	0	1.918623
61	597	0	0	0	1	0	2.421566
62	609	0	0	0	1	0	1.738063
63	620	0	0	0	0	0	1.405302
64	630	0	0	0	0	0	1.384815
65	638	0	0	0	1	0	2.146617
66	645	0	0	0	2	0	2.385189
67	657	0	0	0	1	0	1.343312
68	668	0	0	0	2	0	2.173130
69	673	0	0	0	0	0	1.322544
70	681	0	0	0	2	0	1.072950
71	695	0	0	0	1	0	1.224603
72	703	0	0	0	1	0	2.505247
73	718	0	0	0	1	0	1.496756
74	727	0	0	0	2	0	2.458730
75	741	0	0	0	1	0	1.441555
76	747	0	0	0	1	0	2.584421
77	758	0	0	0	0	0	1.474449
78	768	0	0	0	1	0	1.383602
79	777	0	0	0	1	0	1.491712
80	786	0	0	0	2	0	2.761327
81	800	0	0	0	1	0	1.538616
82	808	0	0	0	1	0	1.107429
83	817	0	0	0	2	0	2.675731
84	824	0	0	0	1	0	1.817818
85	838	0	0	0	1	0	1.372749
86	850	0	0	0	2	0	1.527610
87	864	0	0	0	0	0	2.512067
88	871	0	0	0	0	0	1.991395
89	883	0	0	0	1	0	2.989399
90	889	0	0	0	0	0	1.406785
91	903	0	0	0	1	0	2.162174
92	915	0	0	0	1	0	2.677134
93	931	0	0	0	0	0	1.689728
94	940	0	0	0	2	0	1.605256
95	946	0	0	0	2	0	2.808535
96	957	0	0	0	0	0	2.446182
97	969	0	0	0	1	0	1.903384
98	981	0	0	0	0	0	1.523457
99	988	0	0	0	1	0	2.479527
100	996	0	0	0	2	0	1.094142
101	1006	0	0	0	1	0	1.440250
102	1017	0	0	0	0	0	1.742455
103	1031	0	0	0	2	0	1.506004
104	1044	0	0	0	2	0	1.227653
105	1055	0	0	0	2	0	2.366132
106	1060	0	0	0	1	0	1.362995
107	1072	0	0	0	2	0	1.802664
108	1082	0	0	0	2	0	2.159588
109	1100	0	0	0	0	0	2.817368
110	1110	0	0	0	1	0	2.267716
111	1121	0	0	0	2	0	2.271960
112	1140	0	0	0	2	0	1.368715
113	1150	0	0	0	1	0	1.665412
114	1159	0	0	0	0	0	2.837780
115	1169	0	0	0	2	0	1.703639
116	1173	0	0	0	2	0	2.635737
117	1182	0	0	0	0	0	2.161683
118	1187	0	0	0	0	0	1.793546
119	1201	0	0	0	2	0	2.522720
120	1207	0	0	0	1	0	2.338605
121	1218	0	0	0	1	0	1.647983
122	1224	0	0	0	0	0	1.613031
123	1242	0	0	0	0	0	1.910882
124	1248	0	0	0	1	0	1.231265
125	1260	0	0	0	0	0	2.179435
126	1265	0	0	0	1	0	2.563928
127	1271	0	0	0	1	0	1.830926
128	1281	0	0	0	1	0	2.883812
129	1294	0	0	0	2	0	2.246045
130	1306	0	0	0	1	0	1.397150
131	1314	0	0	0	0	0	2.431271
132	1324	0	0	0	0	0	1.788656
133	1339	0	0	0	1	0	2.211761
134	1346	0	0	0	2	0	2.206590
135	1359	0	0	0	1	0	2.000796
136	1372	0	0	0	0	0	2.960510
137	1381	0	0	0	0	0	1.448727
138	1394	0	0	0	0	0	2.268112
139	1402	0	0	0	1	0	2.578253
140	1410	0	0	0	0	0	2.196518
141	1418	0	0	0	2	0	2.390622
142	1427	0	0	0	0	0	2.432527
143	1431	0	0	0	0	0	2.690946
144	1439	0	0	0	0	0	1.831292
145	1447	0	0	0	0	0	1.691346
146	1452	0	0	0	0	0	2.974746
147	1463	0	0	0	2	0	1.317230
148	1478	0	0	0	2	0	1.880480
149	1488	0	0	0	0	0	1.458043
150	1499	0	0	0	0	0	1.572640
151	1506	0	0	0	2	0	1.562874
152	1513	0	0	0	2	0	2.076730
153	1522	0	0	0	0	0	1.727239
154	1541	0	0	0	1	0	1.425282
155	1552	0	0	0	0	0	1.402125
156	1563	0	0	0	0	0	2.837201
157	1572	0	0	0	0	0	1.294439
158	1582	0	0	0	0	0	1.604764
159	1597	0	0	0	2	0	1.651988
160	1603	0	0	0	1	0	2.682157
161	1617	0	0	0	2	0	1.092420
162	1626	0	0	0	1	0	2.314048
163	1632	0	0	0	1	0	1.135697
164	1640	0	0	0	0	0	2.769128
165	1651	0	0	0	0	0	2.420931
166	1666	0	0	0	2	0	1.091900
167	1676	0	0	0	2	0	2.742547
168	1692	0	0	0	2	0	1.821597
169	1707	0	0	0	2	0	1.597162
170	1717	0	0	0	1	0	1.647497
171	1725	0	0	0	1	0	1.169118
172	1732	0	0	0	1	0	1.552648
173	1737	0	0	0	1	0	2.230614
174	1747	0	0	0	0	0	2.893960
175	1757	0	0	0	0	0	2.373981
176	1772	0	0	0	0	0	1.362020
177	1782	0	0	0	1	0	1.832826
178	1792	0	0	0	0	0	2.103626
179	1796	0	0	0	0	0	1.054901
180	1810	0	0	0	0	0	1.144695
181	1821	0	0	0	0	0	2.945645
182	1830	0	0	0	2	0	1.020628
183	1839	0	0	0	0	0	2.446372
184	1845	0	0	0	1	0	1.950118
185	1856	0	0	0	1	0	1.957145
186	1864	0	0	0	2	0	2.869581
187	1872	0	0	0	0	0	2.524624
188	1881	0	0	0	1	0	1.216715
189	1889	0	0	0	0	0	1.550617
190	1899	0	0	0	0	0	2.178317
191	1910	0	0	0	2	0	2.781973
192	1918	0	0	0	0	0	1.454004
193	1925	0	0	0	1	0	1.508459
194	1936	0	0	0	2	0	1.081035
195	1943	0	0	0	1	0	1.940860
196	1955	0	0	0	0	0	1.508864
197	1963	0	0	0	2	0	1.876950
198	1975	0	0	0	2	0	2.787662
199	1987	0	0	0	2	0	1.062598
200	1996	0	0	0	1	0	1.298920
201	2005	0	0	0	0	0	2.144124
202	2011	0	0	0	0	0	1.767329
203	2022	0	0	0	0	0	2.721183
204	2030	0	0	0	1	0	2.236299
205	2040	0	0	0	1	0	2.206637
206	2049	0	0	0	0	0	2.006179
207	2056	0	0	0	1	0	1.996945
208	2069	0	0	0	2	0	1.011760
209	2074	0	0	0	2	0	2.154251
210	2081	0	0	0	1	0	1.479318
211	2091	0	0	0	0	0	1.131656
212	2097	0	0	0	1	0	1.056911
213	2110	0	0	0	1	0	1.275710
214	2114	0	0	0	1	0	1.234427
215	2126	0	0	0	1	0	1.883178
216	2140	0	0	0	2	0	2.179109
217	2144	0	0	0	2	0	1.991801
218	2151	0	0	0	0	0	2.845879
219	2160	0	0	0	0	0	2.958056
220	2170	0	0	0	0	0	2.878951
221	2181	0	0	0	0	0	1.786880
222	2188	0	0	0	0	0	1.463816
223	2201	0	0	0	0	0	2.363762
224	2210	0	0	0	2	0	2.995179
225	2219	0	0	0	2	0	1.439100
226	2229	0	0	0	0	0	2.636386
227	2233	0	0	0	2	0	1.095900
228	2241	0	0	0	0	0	1.694593
229	2248	0	0	0	0	0	2.220126
230	2261	0	0	0	1	0	2.735096
231	2267	0	0	0	1	0	1.538423
232	2275	0	0	0	1	0	1.774232
233	2284	0	0	0	0	0	2.209852
234	2296	0	0	0	1	0	2.566465
235	2304	0	0	0	2	0	2.080371
236	2314	0	0	0	1	0	1.958207
237	2325	0	0	0	0	0	1.206152
238	2334	0	0	0	1	0	2.821151
239	2344	0	0	0	0	0	2.814965
240	2348	0	0	0	1	0	2.341845
241	2361	0	0	0	2	0	1.881107
242	2369	0	0	0	2	0	1.564407
243	2377	0	0	0	0	0	1.448657
244	2383	0	0	0	0	0	1.809566
245	2396	0	0	0	2	0	2.881561
246	2410	0	0	0	1	0	1.547821
247	2426	0	0	0	1	0	2.987455
248	2441	0	0	0	2	0	2.192263
249	2446	0	0	0	0	0	1.008125
250	2454	0	0	0	0	0	1.393096
251	2461	0	0	0	1	0	1.226128
252	2476	0	0	0	0	0	1.294102
253	2489	0	0	0	2	0	2.060833
254	2502	0	0	0	2	0	2.890083
255	2514	0	0	0	1	0	1.777031
256	2521	0	0	0	2	0	1.160778
257	2530	0	0	0	0	0	2.677710
258	2542	0	0	0	1	0	2.423727
259	2554	0	0	0	0	0	1.093421
260	2559	0	0	0	2	0	1.906918
261	2567	0	0	0	1	0	2.599315
262	2575	0	0	0	1	0	1.709034
263	2580	0	0	0	2	0	2.010308
264	2593	0	0	0	1	0	2.712987
265	2605	0	0	0	1	0	1.383539
266	2616	0	0	0	1	0	1.102332
267	2625	0	0	0	1	0	2.827574
268	2630	0	0	0	0	0	2.765417
269	2646	0	0	0	1	0	2.737012
270	2655	0	0	0	1	0	2.557324
271	2669	0	0	0	2	0	1.568199
272	2683	0	0	0	2	0	2.650742
273	2694	0	0	0	0	0	2.369360
274	2704	0	0	0	1	0	1.172711
275	2714	0	0	0	0	0	1.870359
276	2723	0	0	0	1	0	2.343868
277	2740	0	0	0	0	0	1.141057
278	2750	0	0	0	0	0	2.249382
279	2758	0	0	0	0	0	2.861106
280	2769	0	0	0	0	0	2.984354
281	2774	0	0	0	1	0	1.012221
282	2783	0	0	0	2	0	1.170837
283	2794	0	0	0	1	0	1.754301
284	2802	0	0	0	2	0	1.823448
285	2809	0	0	0	1	0	1.268360
286	2818	0	0	0	0	0	2.866068
287	2827	0	0	0	2	0	2.777350
288	2840	0	0	0	1	0	2.679917
289	2853	0	0	0	1	0	1.997496
290	2865	0	0	0	0	0	2.823507
291	2876	0	0	0	1	0	2.064868
292	2883	0	0	0	0	0	1.320895
293	2892	0	0	0	2	0	1.300622
294	2899	0	0	0	2	0	1.014357
295	2906	0	0	0	1	0	2.175086
296	2918	0	0	0	1	0	1.166348
297	2932	0	0	0	1	0	2.090476
298	2942	0	0	0	0	0	2.775044
299	2950	0	0	0	0	0	2.985469
300	2959	0	0	0	0	0	2.458763
301	2968	0	0	0	0	0	2.752251
302	2976	0	0	0	0	0	2.434131
303	2988	0	0	0	0	0	1.155145
304	3002	0	0	0	0	0	2.284654
305	3004	0	0	0	1	0	1.995368
306	3013	0	0	0	2	0	1.157647
307	3026	0	0	0	2	0	1.115358
308	3035	0	0	0	0	0	2.009558
309	3046	0	0	0	2	0	1.089629
310	3055	0	0	0	0	0	2.216678
311	3068	0	0	0	1	0	1.375058
312	3080	0	0	0	2	0	2.576991
313	3092	0	0	0	2	0	1.993314
314	3101	0	0	0	0	0	2.378328
315	3117	0	0	0	1	0	2.555481
316	3132	0	0	0	2	0	2.793135
317	3144	0	0	0	0	0	2.957356
318	3154	0	0	0	1	0	2.825495
319	3163	0	0	0	0	0	2.077470
320	3173	0	0	0	2	0	1.710776
321	3179	0	0	0	0	0	1.548920
322	3191	0	0	0	1	0	2.656771
323	3199	0	0	0	1	0	1.355223
324	3210	0	0	0	2	0	1.944898
325	3215	0	0	0	1	0	2.440154
326	3227	0	0	0	1	0	2.016076
327	3237	0	0	0	1	0	2.839013
328	3244	0	0	0	0	0	1.999439
329	3247	0	0	0	1	0	1.272400
330	3261	0	0	0	0	0	2.643363
331	3271	0	0	0	0	0	1.571091
332	3281	0	0	0	0	0	1.807835
333	3292	0	0	0	2	0	2.787725
334	3306	0	0	0	1	0	2.665908
335	3315	0	0	0	0	0	2.727036
336	3328	0	0	0	0	0	1.966480
337	3342	0	0	0	2	0	2.541884
338	3353	0	0	0	1	0	2.568607
339	3359	0	0	0	0	0	1.056208
340	3371	0	0	0	1	0	2.094314
341	3382	0	0	0	1	0	2.899603
342	3390	0	0	0	0	0	1.847134
343	3399	0	0	0	0	0	2.513896
344	3412	0	0	0	0	0	1.893205
345	3421	0	0	0	0	0	1.363387
346	3433	0	0	0	2	0	2.479924
347	3441	0	0	0	2	0	1.035951
348	3452	0	0	0	0	0	2.988823
349	3461	0	0	0	1	0	2.164035
350	3470	0	0	0	0	0	1.639057
351	3478	0	0	0	0	0	2.124665
352	3489	0	0	0	0	0	2.169779
353	3497	0	0	0	1	0	1.431169
354	3506	0	0	0	1	0	2.264060
355	3518	0	0	0	1	0	1.613349
356	3528	0	0	0	0	0	2.919190
357	3549	0	0	0	2	0	1.197660
358	3559	0	0	0	0	0	2.287772
359	3567	0	0	0	2	0	1.188965
360	3576	0	0	0	1	0	2.173639
361	3587	0	0	0	1	0	2.885156
362	3600	0	0	0	0	0	1.894607
363	3614	0	0	0	2	0	2.009826
364	3626	0	0	0	0	0	1.018540
365	3637	0	0	0	1	0	2.586655
366	3648	0	0	0	0	0	2.441208
367	3659	0	0	0	0	0	1.548678
368	3664	0	0	0	0	0	1.450950
369	3675	0	0	0	1	0	1.716631
370	3682	0	0	0	1	0	2.401929
371	3689	0	0	0	2	0	2.601157
372	3709	0	0	0	2	0	2.213919
373	3719	0	0	0	2	0	2.087348
374	3736	0	0	0	0	0	1.735341
375	3742	0	0	0	0	0	2.051103
376	3748	0	0	0	0	0	1.398021
377	3763	0	0	0	1	0	1.256018
378	3774	0	0	0	1	0	1.661047
379	3784	0	0	0	2	0	2.601930
380	3798	0	0	0	2	0	1.242703
381	3814	0	0	0	0	0	2.222422
382	3822	0	0	0	2	0	2.665754
383	3830	0	0	0	1	0	1.742475
384	3837	0	0	0	0	0	1.883757
385	3845	0	0	0	1	0	2.353658
386	3857	0	0	0	1	0	1.765527
387	3867	0	0	0	2	0	2.038554
388	3879	0	0	0	1	0	1.370399
389	3885	0	0	0	2	0	1.048834
390	3891	0	0	0	0	0	1.262824
391	3902	0	0	0	1	0	1.186010
392	3918	0	0	0	0	0	2.703546
393	3930	0	0	0	2	0	2.710039
394	3941	0	0	0	1	0	2.215317
395	3948	0	0	0	1	0	1.237920
396	3953	0	0	0	1	0	1.364501
397	3962	0	0	0	0	0	2.036268
398	3975	0	0	0	0	0	1.801901
399	3983	0	0	0	1	0	1.112349
400	3990	0	0	0	2	0	2.684244
401	3994	0	0	0	1	0	1.919515
402	4005	0	0	0	0	0	2.419320
403	4019	0	0	0	0	0	1.397576
404	4028	0	0	0	0	0	1.941633
405	4041	0	0	0	2	0	2.786831
406	4047	0	0	0	1	0	2.984274
407	4054	0	0	0	2	0	2.931982
408	4064	0	0	0	0	0	2.885973
409	4073	0	0	0	0	0	1.507296
410	4082	0	0	0	2	0	2.397879
411	4087	0	0	0	1	0	1.800427
412	4097	0	0	0	2	0	2.937360
413	4105	0	0	0	1	0	1.474434
414	4115	0	0	0	2	0	2.154122
415	4129	0	0	0	2	0	1.860183
416	4144	0	0	0	1	0	1.946273
417	4154	0	0	0	1	0	1.177920
418	4163	0	0	0	0	0	2.593678
419	4175	0	0	0	0	0	2.563945
420	4182	0	0	0	2	0	1.137555
421	4190	0	0	0	1	0	2.577333
422	4194	0	0	0	2	0	1.069287
423	4197	0	0	0	0	0	2.316965
424	4205	0	0	0	2	0	2.030406
425	4214	0	0	0	0	0	1.424926
426	4225	0	0	0	1	0	2.738445
427	4232	0	0	0	0	0	2.335464
428	4243	0	0	0	2	0	1.252251
429	4253	0	0	0	2	0	2.290708
430	4260	0	0	0	0	0	1.563182
431	4272	0	0	0	0	0	2.753919
432	4285	0	0	0	0	0	2.782434
433	4292	0	0	0	0	0	1.068046
434	4303	0	0	0	1	0	2.008332
435	4312	0	0	0	0	0	2.544924
436	4323	0	0	0	2	0	2.464653
437	4330	0	0	0	2	0	1.751794
438	4337	0	0	0	0	0	2.338328
439	4348	0	0	0	1	0	2.110227
440	4357	0	0	0	2	0	1.574788
441	4363	0	0	0	1	0	2.129889
442	4373	0	0	0	2	0	2.575958
443	4386	0	0	0	1	0	2.850354
444	4396	0	0	0	2	0	1.427511
445	4406	0	0	0	0	0	1.461552
446	4419	0	0	0	0	0	1.812660
447	4427	0	0	0	1	0	1.427108
448	4439	0	0	0	1	0	2.482817
449	4451	0	0	0	1	0	2.573464
450	4456	0	0	0	1	0	1.262994
451	4467	0	0	0	0	0	2.688963
452	4474	0	0	0	1	0	2.428702
453	4494	0	0	0	0	0	2.551500
454	4506	0	0	0	0	0	2.374321
455	4516	0	0	0	0	0	2.927571
456	4524	0	0	0	2	0	2.636176
457	4535	0	0	0	0	0	1.238580
458	4544	0	0	0	1	0	2.070248
459	4552	0	0	0	1	0	1.383432
460	4556	0	0	0	2	0	2.468838
461	4569	0	0	0	0	0	1.889649
462	4579	0	0	0	0	0	1.399785
463	4589	0	0	0	2	0	2.781680
464	4604	0	0	0	1	0	2.103380
465	4608	0	0	0	2	0	2.373216
466	4613	0	0	0	1	0	1.136112
467	4621	0	0	0	1	0	1.856723
468	4635	0	0	0	0	0	1.286842
469	4642	0	0	0	1	0	2.764796
470	4648	0	0	0	0	0	1.400813
471	4660	0	0	0	1	0	1.769680
472	4676	0	0	0	2	0	1.001287
473	4686	0	0	0	1	0	2.671590
474	4692	0	0	0	1	0	2.630945
475	4708	0	0	0	0	0	1.306862
476	4714	0	0	0	2	0	1.160894
477	4720	0	0	0	0	0	1.005701
478	4725	0	0	0	1	0	1.268390
479	4734	0	0	0	2	0	1.431780
480	4744	0	0	0	1	0	1.069334
481	4754	0	0	0	2	0	2.444045
482	4763	0	0	0	1	0	1.244878
483	4774	0	0	0	1	0	2.900533
484	4781	0	0	0	1	0	2.962511
485	4791	0	0	0	1	0	2.805131
486	4799	0	0	0	1	0	2.355965
487	4804	0	0	0	2	0	1.251190
488	4812	0	0	0	1	0	1.729384
489	4824	0	0	0	0	0	2.860798
490	4837	0	0	0	2	0	1.028861
491	4844	0	0	0	2	0	1.702412
492	4853	0	0	0	1	0	1.771100
493	4857	0	0	0	1	0	1.634710
494	4871	0	0	0	2	0	1.074921
495	4878	0	0	0	0	0	1.195113
496	4884	0	0	0	0	0	1.368502
497	4895	0	0	0	0	0	1.731200
498	4908	0	0	0	0	0	1.139931
499	4922	0	0	0	1	0	1.881535
500	4932	0	0	0	2	0	1.720809
501	4946	0	0	0	1	0	1.058565
502	4955	0	0	0	0	0	2.664484
503	4967	0	0	0	1	0	2.539851
504	4986	0	0	0	0	0	2.356258
505	4995	0	0	0	2	0	1.744649
506	5007	0	0	0	0	0	1.011888
507	5015	0	0	0	1	0	2.318868
508	5022	0	0	0	1	0	1.671290
509	5032	0	0	0	1	0	1.337543
510	5039	0	0	0	2	0	1.749408
511	5045	0	0	0	0	0	2.976219
512	5057	0	0	0	2	0	2.462021
513	5064	0	0	0	2	0	2.451691
514	5079	0	0	0	0	0	2.845763
515	5085	0	0	0	1	0	1.606748
516	5091	0	0	0	0	0	2.539777
517	5097	0	0	0	2	0	1.000815
518	5113	0	0	0	0	0	1.241051
519	5126	0	0	0	1	0	1.989871
520	5135	0	0	0	0	0	1.108071
521	5141	0	0	0	2	0	2.624514
522	5145	0	0	0	1	0	1.241610
523	5150	0	0	0	0	0	1.730461
524	5162	0	0	0	1	0	2.725776
525	5171	0	0	0	1	0	2.302478
526	5179	0	0	0	2	0	2.655678
527	5187	0	0	0	1	0	2.153880
528	5200	0	0	0	0	0	1.528283
529	5212	0	0	0	1	0	2.918818
530	5220	0	0	0	2	0	1.207021
531	5232	0	0	0	1	0	1.113700
532	5240	0	0	0	1	0	2.697420
533	5249	0	0	0	0	0	1.622665
534	5262	0	0	0	1	0	1.429285
535	5278	0	0	0	0	0	1.473539
536	5289	0	0	0	2	0	2.500076
537	5301	0	0	0	0	0	2.520785
538	5318	0	0	0	2	0	2.854532
539	5321	0	0	0	1	0	2.172609
540	5333	0	0	0	2	0	2.812557
541	5340	0	0	0	0	0	1.523786
542	5348	0	0	0	1	0	2.282514
543	5355	0	0	0	0	0	2.550763
544	5359	0	0	0	2	0	1.780224
545	5376	0	0	0	0	0	1.816659
546	5389	0	0	0	0	0	1.266818
547	5402	0	0	0	1	0	1.670477
548	5409	0	0	0	1	0	1.028451
549	5422	0	0	0	2	0	1.581791
550	5431	0	0	0	1	0	2.320368
551	5438	0	0	0	2	0	1.352254
552	5446	0	0	0	1	0	2.301963
553	5454	0	0	0	2	0	1.411104
554	5465	0	0	0	1	0	1.410139
555	5468	0	0	0	2	0	2.024844
556	5480	0	0	0	0	0	2.557696
557	5488	0	0	0	1	0	2.664374
558	5498	0	0	0	1	0	1.498757
559	5502	0	0	0	0	0	1.589128
560	5507	0	0	0	1	0	2.854305
561	5515	0	0	0	2	0	1.501309
562	5525	0	0	0	0	0	1.643840
563	5535	0	0	0	0	0	2.979319
564	5541	0	0	0	0	0	2.130409
565	5552	0	0	0	1	0	1.526397
566	5562	0	0	0	1	0	1.640820
567	5572	0	0	0	2	0	1.973756
568	5587	0	0	0	1	0	2.045989
569	5603	0	0	0	2	0	1.712052
570	5614	0	0	0	0	0	2.144552
571	5622	0	0	0	2	0	1.156047
572	5633	0	0	0	2	0	1.270323
573	5642	0	0	0	0	0	1.769895
574	5651	0	0	0	0	0	2.205524
575	5662	0	0	0	1	0	1.357436
576	5670	0	0	0	2	0	2.042289
577	5680	0	0	0	0	0	2.526901
578	5691	0	0	0	1	0	1.481749
579	5701	0	0	0	1	0	2.935284
580	5715	0	0	0	0	0	1.469296
581	5726	0	0	0	1	0	2.404154
582	5737	0	0	0	1	0	2.092110
583	5748	0	0	0	0	0	1.835130
584	5757	0	0	0	0	0	2.044316
585	5762	0	0	0	0	0	1.129808
586	5775	0	0	0	1	0	2.116450
587	5782	0	0	0	2	0	2.561937
588	5794	0	0	0	0	0	2.130645
589	5812	0	0	0	2	0	1.321330
590	5825	0	0	0	0	0	2.723118
591	5839	0	0	0	1	0	2.190316
592	5846	0	0	0	1	0	2.224232
593	5853	0	0	0	2	0	1.468705
594	5865	0	0	0	0	0	1.903054
595	5874	0	0	0	1	0	2.657689
596	5889	0	0	0	1	0	2.259006
597	5899	0	0	0	0	0	1.347825
598	5903	0	0	0	0	0	2.897903
599	5913	0	0	0	2	0	1.955228
600	5921	0	0	0	1	0	1.231852
601	5930	0	0	0	1	0	1.872328
602	5942	0	0	0	1	0	2.032702
603	5951	0	0	0	2	0	1.983298
604	5965	0	0	0	0	0	2.494010
605	5968	0	0	0	2	0	2.770363
606	5978	0	0	0	1	0	1.169791
607	5989	0	0	0	1	0	2.734585
608	5998	0	0	0	1	0	2.991645
609	6006	0	0	0	1	0	2.422720
610	6017	0	0	0	0	0	2.963096
611	6026	0	0	0	0	0	1.082067
612	6041	0	0	0	0	0	2.183788
613	6050	0	0	0	0	0	1.360368
614	6058	0	0	0	1	0	1.446938
615	6064	0	0	0	1	0	1.487813
616	6073	0	0	0	1	0	1.612801
617	6085	0	0	0	2	0	2.938351
618	6094	0	0	0	1	0	1.026401
619	6107	0	0	0	0	0	1.007596
620	6113	0	0	0	0	0	1.203266
621	6123	0	0	0	0	0	1.336528
622	6131	0	0	0	2	0	2.597700
623	6144	0	0	0	2	0	2.211013
624	6154	0	0	0	2	0	2.645170
625	6165	0	0	0	2	0	2.803228
626	6173	0	0	0	0	0	2.342873
627	6179	0	0	0	1	0	2.523113
628	6186	0	0	0	2	0	1.691772
629	6198	0	0	0	1	0	1.746754
630	6212	0	0	0	0	0	1.643287
631	6223	0	0	0	0	0	1.613223
632	6234	0	0	0	0	0	2.528890
633	6240	0	0	0	1	0	1.422991
634	6247	0	0	0	2	0	1.278822
635	6251	0	0	0	0	0	1.590395
636	6264	0	0	0	1	0	2.128071
637	6280	0	0	0	2	0	1.061643
638	6291	0	0	0	0	0	2.125694
639	6301	0	0	0	2	0	1.311871
640	6311	0	0	0	0	0	2.042893
641	6321	0	0	0	0	0	2.281856
642	6327	0	0	0	0	0	2.110828
643	6339	0	0	0	0	0	2.713594
644	6350	0	0	0	2	0	2.450524
645	6362	0	0	0	0	0	1.768555
646	6374	0	0	0	0	0	1.155501
647	6385	0	0	0	0	0	1.224161
648	6396	0	0	0	1	0	1.912886
649	6404	0	0	0	0	0	1.248077
650	6417	0	0	0	0	0	1.237330
651	6428	0	0	0	0	0	2.083910
652	6443	0	0	0	0	0	2.124346
653	6454	0	0	0	1	0	2.956337
654	6463	0	0	0	0	0	1.790897
655	6471	0	0	0	0	0	2.273195
656	6480	0	0	0	1	0	2.206460
657	6487	0	0	0	0	0	2.933564
658	6498	0	0	0	1	0	1.977620
659	6510	0	0	0	1	0	2.030400
660	6520	0	0	0	1	0	1.838660
661	6527	0	0	0	0	0	2.045685
662	6542	0	0	0	1	0	1.264700
663	6550	0	0	0	2	0	1.024594
664	6562	0	0	0	0	0	1.748358
665	6575	0	0	0	1	0	1.714814
666	6589	0	0	0	1	0	1.514357
667	6602	0	0	0	1	0	2.275057
668	6613	0	0	0	0	0	2.058559
669	6623	0	0	0	0	0	1.990555
670	6629	0	0	0	2	0	2.382918
671	6641	0	0	0	0	0	2.278539
672	6654	0	0	0	1	0	2.959276
673	6660	0	0	0	0	0	1.535956
674	6672	0	0	0	0	0	1.722173
675	6681	0	0	0	2	0	2.968451
676	6689	0	0	0	2	0	2.043346
677	6697	0	0	0	1	0	1.102359
678	6708	0	0	0	1	0	2.369650
679	6717	0	0	0	0	0	2.758106
680	6727	0	0	0	0	0	2.515802
681	6735	0	0	0	0	0	1.880069
682	6743	0	0	0	0	0	1.934817
683	6757	0	0	0	0	0	1.804393
684	6765	0	0	0	0	0	1.445133
685	6775	0	0	0	1	0	1.647934
686	6782	0	0	0	0	0	1.685992
687	6790	0	0	0	2	0	2.765767
688	6799	0	0	0	1	0	2.820822
689	6806	0	0	0	1	0	2.828777
690	6818	0	0	0	2	0	1.820032
691	6824	0	0	0	0	0	2.633246
692	6837	0	0	0	0	0	2.314105
693	6845	0	0	0	1	0	1.127308
694	6855	0	0	0	2	0	1.097449
695	6861	0	0	0	0	0	2.972886
696	6870	0	0	0	2	0	1.468433
697	6884	0	0	0	0	0	1.098447
698	6889	0	0	0	1	0	1.137984
699	6894	0	0	0	0	0	2.645604
700	6902	0	0	0	1	0	2.611862
701	6911	0	0	0	1	0	2.419676
702	6917	0	0	0	2	0	1.347585
703	6928	0	0	0	1	0	1.354864
704	6935	0	0	0	0	0	2.977469
705	6944	0	0	0	2	0	2.937573
706	6956	0	0	0	0	0	1.203627
707	6966	0	0	0	1	0	2.818978
708	6980	0	0	0	2	0	1.885985
709	6989	0	0	0	0	0	1.774298
710	7004	0	0	0	1	0	2.242023
711	7014	0	0	0	0	0	2.804962
712	7027	0	0	0	0	0	2.343183
713	7037	0	0	0	0	0	1.791504
714	7047	0	0	0	2	0	1.954317
715	7055	0	0	0	0	0	1.276756
716	7063	0	0	0	1	0	2.406753
717	7069	0	0	0	2	0	2.030302
718	7079	0	0	0	0	0	1.913169
719	7086	0	0	0	2	0	1.876176
720	7100	0	0	0	2	0	1.748101
721	7107	0	0	0	2	0	2.348975
722	7117	0	0	0	1	0	1.312043
723	7124	0	0	0	0	0	1.951412
724	7138	0	0	0	1	0	2.394387
725	7148	0	0	0	2	0	2.738420
726	7162	0	0	0	2	0	2.956396
727	7169	0	0	0	1	0	1.516748
728	7177	0	0	0	2	0	2.517923
729	7186	0	0	0	2	0	2.097905
730	7189	0	0	0	0	0	1.902298
731	7199	0	0	0	1	0	1.542964
732	7209	0	0	0	1	0	2.439579
733	7218	0	0	0	1	0	2.939727
734	7229	0	0	0	2	0	1.398273
735	7240	0	0	0	2	0	1.792685
736	7249	0	0	0	0	0	2.060537
737	7260	0	0	0	1	0	2.405455
738	7270	0	0	0	2	0	2.646419
739	7282	0	0	0	0	0	1.669412
740	7293	0	0	0	2	0	2.248733
741	7304	0	0	0	2	0	1.626405
742	7319	0	0	0	0	0	1.607389
743	7329	0	0	0	1	0	1.534869
744	7338	0	0	0	2	0	2.200347
745	7345	0	0	0	2	0	2.558142
746	7356	0	0	0	0	0	2.885008
747	7364	0	0	0	0	0	2.587700
748	7372	0	0	0	0	0	2.696519
749	7377	0	0	0	2	0	2.124634
750	7383	0	0	0	2	0	1.748221
751	7395	0	0	0	0	0	2.315381
752	7411	0	0	0	0	0	1.175090
753	7423	0	0	0	1	0	2.639390
754	7435	0	0	0	1	0	1.659693
755	7439	0	0	0	1	0	1.630386
756	7456	0	0	0	0	0	2.289891
757	7462	0	0	0	0	0	1.594601
758	7470	0	0	0	1	0	2.061267
759	7484	0	0	0	0	0	1.207810
760	7491	0	0	0	1	0	2.132137
761	7498	0	0	0	2	0	1.736545
762	7506	0	0	0	0	0	2.563998
763	7513	0	0	0	2	0	2.054075
764	7521	0	0	0	0	0	2.146503
765	7529	0	0	0	1	0	1.239554
766	7539	0	0	0	2	0	2.125914
767	7549	0	0	0	1	0	1.866119
768	7559	0	0	0	0	0	1.865624
769	7568	0	0	0	0	0	1.770848
770	7575	0	0	0	1	0	2.251202
771	7589	0	0	0	0	0	2.555419
772	7599	0	0	0	2	0	1.309906
773	7611	0	0	0	0	0	1.122050
774	7615	0	0	0	2	0	2.526721
775	7624	0	0	0	2	0	2.724265
776	7632	0	0	0	0	0	1.272824
777	7647	0	0	0	0	0	2.057406
778	7654	0	0	0	2	0	2.665712
779	7663	0	0	0	0	0	2.794260
780	7671	0	0	0	0	0	1.567685
781	7681	0	0	0	2	0	1.734207
782	7690	0	0	0	2	0	2.609207
783	7700	0	0	0	2	0	2.367775
784	7709	0	0	0	1	0	2.649302
785	7719	0	0	0	1	0	2.113478
786	7730	0	0	0	1	0	1.390692
787	7749	0	0	0	0	0	1.770834
788	7763	0	0	0	2	0	1.848505
789	7778	0	0	0	1	0	2.684971
790	7787	0	0	0	1	0	2.488044
791	7797	0	0	0	2	0	2.389860
792	7806	0	0	0	2	0	1.126964
793	7820	0	0	0	1	0	2.263353
794	7829	0	0	0	2	0	2.853103
795	7838	0	0	0	1	0	2.042716
796	7847	0	0	0	1	0	2.071746
797	7852	0	0	0	2	0	2.066108
798	7860	0	0	0	2	0	2.891920
799	7869	0	0	0	0	0	1.414807
800	7877	0	0	0	2	0	2.405616
801	7882	0	0	0	2	0	1.115548
802	7894	0	0	0	0	0	1.100024
803	7905	0	0	0	1	0	2.668949
804	7915	0	0	0	1	0	1.944373
805	7925	0	0	0	0	0	2.453017
806	7932	0	0	0	0	0	1.919145
807	7937	0	0	0	2	0	2.615581
808	7942	0	0	0	0	0	1.599731
809	7949	0	0	0	0	0	2.537308
810	7960	0	0	0	2	0	1.222571
811	7968	0	0	0	1	0	2.223205
812	7983	0	0	0	2	0	2.273418
813	7988	0	0	0	2	0	2.982417
814	8008	0	0	0	1	0	1.717975
815	8018	0	0	0	1	0	2.129396
816	8024	0	0	0	0	0	1.330158
817	8034	0	0	0	0	0	1.710952
818	8044	0	0	0	0	0	2.042613
819	8055	0	0	0	2	0	1.173646
820	8070	0	0	0	0	0	2.789021
821	8078	0	0	0	0	0	2.376783
822	8089	0	0	0	2	0	1.326793
823	8097	0	0	0	1	0	1.766014
824	8109	0	0	0	0	0	2.957801
825	8121	0	0	0	0	0	2.755255
826	8135	0	0	0	2	0	2.201094
827	8143	0	0	0	2	0	2.367063
828	8153	0	0	0	0	0	2.319272
829	8164	0	0	0	2	0	1.949640
830	8170	0	0	0	1	0	1.672974
831	8176	0	0	0	0	0	2.894889
832	8183	0	0	0	0	0	1.730935
833	8192	0	0	0	0	0	2.281134
834	8197	0	0	0	2	0	2.214435
835	8204	0	0	0	0	0	2.475212
836	8215	0	0	0	2	0	2.516480
837	8226	0	0	0	2	0	1.257385
838	8233	0	0	0	2	0	2.313507
839	8240	0	0	0	2	0	2.284578
840	8250	0	0	0	2	0	2.707904
841	8265	0	0	0	0	0	1.806058
842	8273	0	0	0	2	0	2.802243
843	8277	0	0	0	0	0	2.969880
844	8285	0	0	0	0	0	2.291384
845	8292	0	0	0	2	0	1.484730
846	8305	0	0	0	2	0	1.679315
847	8316	0	0	0	1	0	1.205297
848	8327	0	0	0	0	0	2.773627
849	8339	0	0	0	2	0	1.426918
850	8347	0	0	0	0	0	1.338816
851	8351	0	0	0	2	0	2.298341
852	8365	0	0	0	1	0	1.682278
853	8378	0	0	0	1	0	1.817418
854	8395	0	0	0	0	0	1.469777
855	8397	0	0	0	0	0	2.597154
856	8413	0	0	0	0	0	2.954804
857	8421	0	0	0	1	0	1.743822
858	8431	0	0	0	1	0	2.331271
859	8437	0	0	0	1	0	2.036421
860	8445	0	0	0	1	0	1.808913
861	8457	0	0	0	2	0	2.321720
862	8467	0	0	0	0	0	1.469733
863	8477	0	0	0	1	0	1.983884
864	8485	0	0	0	2	0	1.145310
865	8496	0	0	0	1	0	2.168443
866	8508	0	0	0	0	0	2.528498
867	8523	0	0	0	2	0	1.741954
868	8538	0	0	0	1	0	2.066196
869	8540	0	0	0	1	0	2.814732
870	8546	0	0	0	1	0	1.272140
871	8553	0	0	0	0	0	1.146324
872	8558	0	0	0	0	0	1.243343
873	8565	0	0	0	0	0	1.365438
874	8579	0	0	0	2	0	1.482491
875	8584	0	0	0	2	0	2.885884
876	8601	0	0	0	2	0	2.060349
877	8613	0	0	0	0	0	1.685199
878	8625	0	0	0	1	0	1.965732
879	8638	0	0	0	1	0	2.675574
880	8654	0	0	0	1	0	2.241643
881	8666	0	0	0	1	0	1.002754
882	8673	0	0	0	0	0	2.257250
883	8681	0	0	0	1	0	2.687406
884	8690	0	0	0	1	0	1.110643
885	8695	0	0	0	2	0	1.996735
886	8701	0	0	0	1	0	2.942838
887	8716	0	0	0	2	0	1.903754
888	8725	0	0	0	1	0	1.623307
889	8733	0	0	0	0	0	1.432768
890	8739	0	0	0	0	0	2.368556
891	8747	0	0	0	2	0	1.239586
892	8756	0	0	0	0	0	1.367578
893	8768	0	0	0	1	0	1.222264
894	8783	0	0	0	0	0	1.787529
895	8792	0	0	0	1	0	1.208682
896	8803	0	0	0	2	0	2.654166
897	8818	0	0	0	1	0	1.652480
898	8830	0	0	0	0	0	2.945578
899	8841	0	0	0	1	0	1.599657
900	8849	0	0	0	0	0	1.429447
901	8855	0	0	0	0	0	2.707091
902	8860	0	0	0	2	0	1.578911
903	8868	0	0	0	0	0	2.288252
904	8879	0	0	0	0	0	1.200550
905	8892	0	0	0	1	0	2.798297
906	8901	0	0	0	1	0	2.967376
907	8917	0	0	0	1	0	2.768138
908	8926	0	0	0	1	0	2.885781
909	8940	0	0	0	0	0	2.286036
910	8948	0	0	0	1	0	2.644478
911	8958	0	0	0	1	0	1.202750
912	8969	0	0	0	0	0	1.963605
913	8983	0	0	0	1	0	2.184293
914	8992	0	0	0	2	0	1.552222
915	8998	0	0	0	1	0	2.178033
916	9005	0	0	0	0	0	1.058462
917	9014	0	0	0	1	0	2.136348
918	9027	0	0	0	0	0	2.315443
919	9032	0	0	0	0	0	2.219056
920	9042	0	0	0	1	0	2.279955
921	9054	0	0	0	2	0	1.866695
922	9063	0	0	0	0	0	1.218863
923	9075	0	0	0	2	0	2.704038
924	9084	0	0	0	1	0	2.544484
925	9095	0	0	0	0	0	1.527729
926	9107	0	0	0	0	0	1.862455
927	9122	0	0	0	0	0	1.202827
928	9127	0	0	0	2	0	2.201328
929	9138	0	0	0	0	0	2.803534
930	9153	0	0	0	0	0	1.609102
931	9161	0	0	0	0	0	1.047480
932	9174	0	0	0	0	0	2.825758
933	9185	0	0	0	0	0	1.522848
934	9193	0	0	0	0	0	2.427001
935	9201	0	0	0	1	0	1.738768
936	9206	0	0	0	1	0	1.256444
937	9215	0	0	0	2	0	2.947406
938	9224	0	0	0	1	0	2.579792
939	9232	0	0	0	1	0	2.039384
940	9241	0	0	0	0	0	2.612218
941	9254	0	0	0	2	0	1.942771
942	9261	0	0	0	2	0	2.233794
943	9275	0	0	0	1	0	2.448892
944	9283	0	0	0	0	0	1.772357
945	9287	0	0	0	1	0	2.756413
946	9293	0	0	0	1	0	2.579092
947	9301	0	0	0	1	0	1.298856
948	9313	0	0	0	1	0	2.052052
949	9318	0	0	0	0	0	2.154125
950	9330	0	0	0	0	0	2.824130
951	9338	0	0	0	0	0	1.342022
952	9352	0	0	0	1	0	2.574496
953	9363	0	0	0	0	0	2.740414
954	9370	0	0	0	1	0	1.543816
955	9379	0	0	0	2	0	2.529185
956	9388	0	0	0	2	0	2.224250
957	9393	0	0	0	2	0	1.491466
958	9405	0	0	0	1	0	2.533661
959	9417	0	0	0	0	0	2.552161
960	9427	0	0	0	0	0	1.350501
961	9438	0	0	0	0	0	1.537782
962	9454	0	0	0	2	0	1.161485
963	9461	0	0	0	2	0	2.047366
964	9472	0	0	0	1	0	2.718274
965	9479	0	0	0	0	0	2.601209
966	9490	0	0	0	0	0	2.434940
967	9496	0	0	0	2	0	2.475910
968	9506	0	0	0	2	0	2.671525
969	9513	0	0	0	2	0	2.601577
970	9526	0	0	0	0	0	1.305450
971	9538	0	0	0	1	0	2.395362
972	9551	0	0	0	0	0	2.814084
973	9566	0	0	0	0	0	1.795410
974	9572	0	0	0	2	0	2.788231
975	9582	0	0	0	1	0	2.564905
976	9589	0	0	0	1	0	2.881845
977	9599	0	0	0	2	0	1.318143
978	9614	0	0	0	1	0	2.172653
979	9628	0	0	0	0	0	2.497429
980	9637	0	0	0	2	0	1.446596
981	9645	0	0	0	0	0	2.844284
982	9655	0	0	0	2	0	1.032516
983	9663	0	0	0	0	0	1.585786
984	9675	0	0	0	2	0	2.244510
985	9681	0	0	0	0	0	1.552502
986	9689	0	0	0	2	0	1.038948
987	9701	0	0	0	0	0	1.928097
988	9722	0	0	0	0	0	2.711417
989	9730	0	0	0	1	0	2.922567
990	9737	0	0	0	0	0	2.113708
991	9744	0	0	0	0	0	2.635343
992	9757	0	0	0	1	0	1.025253
993	9771	0	0	0	2	0	1.444922
994	9777	0	0	0	0	0	2.941717
995	9784	0	0	0	1	0	1.233910
996	9793	0	0	0	0	0	1.922712
997	9807	0	0	0	2	0	2.443063
998	9814	0	0	0	2	0	2.270872
999	9824	0	0	0	0	0	1.077666
