0	1	0	0	0	1	0	1.685243
1	11	0	0	0	0	0	2.420161
2	22	0	0	0	0	0	1.810838
3	27	0	0	0	2	0	1.329666
4	39	0	0	0	0	0	2.457440
5	54	0	0	0	0	0	1.615580
6	70	0	0	0	0	0	1.612219
7	81	0	0	0	1	0	2.118745
8	91	0	0	0	1	0	1.693754
9	98	0	0	0	0	0	1.064313
10	108	0	0	0	0	0	1.494934
11	118	0	0	0	2	0	2.005810
12	135	0	0	0	0	0	1.277400
13	143	0	0	0	0	0	2.686997
14	152	0	0	0	0	0	1.281189
15	165	0	0	0	2	0	2.608806
16	172	0	0	0	1	0	2.887527
17	182	0	0	0	0	0	2.271875
18	188	0	0	0	2	0	1.003816
19	195	0	0	0	0	0	1.587172
20	208	0	0	0	2	0	1.761620
21	228	0	0	0	1	0	2.528390
22	236	0	0	0	0	0	1.004590
23	245	0	0	0	1	0	2.807797
24	253	0	0	0	0	0	2.388568
25	260	0	0	0	1	0	2.762460
26	271	0	0	0	0	0	2.057041
27	276	0	0	0	0	0	2.021769
28	284	0	0	0	2	0	1.747314
29	303	0	0	0	2	0	1.425999
30	313	0	0	0	1	0	2.882673
31	329	0	0	0	0	0	2.802578
32	340	0	0	0	0	0	2.605875
33	349	0	0	0	0	0	1.103401
34	355	0	0	0	1	0	2.624824
35	359	0	0	0	0	0	2.627583
36	364	0	0	0	2	0	1.727258
37	368	0	0	0	1	0	2.536068
38	380	0	0	0	1	0	2.172759
39	389	0	0	0	1	0	1.331082
40	400	0	0	0	2	0	2.075354
41	408	0	0	0	1	0	2.900507
42	421	0	0	0	1	0	2.812352
43	430	0	0	0	0	0	2.088289
44	444	0	0	0	2	0	2.415315
45	449	0	0	0	2	0	2.074621
46	463	0	0	0	2	0	2.675011
47	473	0	0	0	0	0	2.104012
48	481	0	0	0	2	0	1.633500
49	485	0	0	0	1	0	1.267291
50	492	0	0	0	1	0	1.592558
51	508	0	0	0	0	0	1.370919
52	517	0	0	0	2	0	2.130767
53	526	0	0	0	1	0	1.876689
54	536	0	0	0	1	0	2.416484
55	548	0	0	0	2	0	1.138720
56	559	0	0	0	1	0	1.805855
57	571	0	0	0	0	0	1.474931
58	582	0	0	0	0	0	1.167717
59	592	0	0	0	2	0	1.631526
60	600	0	0	0	1	0	1.292358
61	611	0	0	0	2	0	2.032887
62	621	0	0	0	2	0	1.655690
63	630	0	0	0	0	0	1.766641
64	637	0	0	0	0	0	2.469143
65	649	0	0	0	1	0	1.388019
66	654	0	0	0	2	0	2.150852
67	663	0	0	0	0	0	1.484901
68	675	0	0	0	0	0	2.926235
69	683	0	0	0	1	0	1.647611
70	696	0	0	0	0	0	1.980113
71	708	0	0	0	2	0	2.999094
72	713	0	0	0	0	0	2.605061
73	718	0	0	0	0	0	2.610366
74	724	0	0	0	1	0	2.103298
75	735	0	0	0	0	0	2.499171
76	748	0	0	0	1	0	2.872607
77	761	0	0	0	0	0	2.898617
78	773	0	0	0	1	0	1.681213
79	784	0	0	0	1	0	1.853894
80	794	0	0	0	0	0	1.683951
81	808	0	0	0	1	0	1.763943
82	820	0	0	0	0	0	2.464789
83	830	0	0	0	2	0	2.917255
84	844	0	0	0	0	0	1.998030
85	851	0	0	0	0	0	1.123599
86	862	0	0	0	1	0	2.432681
87	871	0	0	0	0	0	2.731133
88	884	0	0	0	1	0	2.493885
89	897	0	0	0	0	0	1.888654
90	905	0	0	0	0	0	1.546966
91	918	0	0	0	0	0	1.761179
92	929	0	0	0	1	0	1.564181
93	936	0	0	0	1	0	1.611660
94	942	0	0	0	0	0	2.670258
95	948	0	0	0	1	0	2.209117
96	957	0	0	0	2	0	2.616256
97	966	0	0	0	1	0	1.042528
98	974	0	0	0	1	0	1.972834
99	987	0	0	0	1	0	1.333407
100	994	0	0	0	0	0	1.771859
101	1012	0	0	0	1	0	2.268304
102	1023	0	0	0	1	0	2.821834
103	1028	0	0	0	2	0	1.037511
104	1041	0	0	0	2	0	2.525700
105	1045	0	0	0	1	0	2.389700
106	1053	0	0	0	2	0	2.128681
107	1062	0	0	0	0	0	1.615250
108	1072	0	0	0	0	0	2.748026
109	1078	0	0	0	2	0	2.208221
110	1087	0	0	0	2	0	2.849728
111	1095	0	0	0	1	0	1.356498
112	1105	0	0	0	0	0	2.492476
113	1112	0	0	0	2	0	1.722451
114	1121	0	0	0	0	0	2.963676
115	1128	0	0	0	0	0	1.214182
116	1141	0	0	0	2	0	2.597568
117	1148	0	0	0	0	0	2.546515
118	1163	0	0	0	0	0	2.792157
119	1170	0	0	0	0	0	2.828379
120	1180	0	0	0	1	0	1.543834
121	1192	0	0	0	0	0	1.485488
122	1206	0	0	0	0	0	1.414522
123	1217	0	0	0	2	0	1.895116
124	1230	0	0	0	0	0	1.538929
125	1240	0	0	0	0	0	2.016220
126	1252	0	0	0	1	0	2.536106
127	1265	0	0	0	2	0	2.714842
128	1272	0	0	0	0	0	2.594957
129	1282	0	0	0	0	0	1.149284
130	1293	0	0	0	2	0	2.711231
131	1301	0	0	0	0	0	2.052657
132	1315	0	0	0	2	0	2.441865
133	1329	0	0	0	0	0	1.700690
134	1338	0	0	0	1	0	1.866642
135	1346	0	0	0	0	0	2.465420
136	1355	0	0	0	0	0	2.886726
137	1368	0	0	0	2	0	2.259238
138	1376	0	0	0	0	0	1.198208
139	1387	0	0	0	1	0	1.451661
140	1399	0	0	0	0	0	2.227819
141	1405	0	0	0	2	0	1.376409
142	1413	0	0	0	1	0	1.253929
143	1422	0	0	0	1	0	1.352855
144	1426	0	0	0	2	0	2.395639
145	1439	0	0	0	0	0	2.345956
146	1446	0	0	0	1	0	1.417988
147	1455	0	0	0	1	0	1.209303
148	1459	0	0	0	1	0	1.266416
149	1469	0	0	0	0	0	1.381485
150	1482	0	0	0	1	0	1.382889
151	1494	0	0	0	2	0	1.814460
152	1507	0	0	0	1	0	1.161687
153	1521	0	0	0	1	0	1.839094
154	1534	0	0	0	1	0	2.741794
155	1540	0	0	0	1	0	2.408719
156	1548	0	0	0	0	0	1.856088
157	1562	0	0	0	2	0	2.620006
158	1571	0	0	0	2	0	2.415317
159	1581	0	0	0	2	0	2.836976
160	1597	0	0	0	0	0	2.034268
161	1614	0	0	0	0	0	1.718424
162	1624	0	0	0	1	0	2.942101
163	1640	0	0	0	1	0	1.147165
164	1649	0	0	0	2	0	1.034304
165	1665	0	0	0	0	0	1.470162
166	1674	0	0	0	0	0	1.920158
167	1688	0	0	0	0	0	2.271017
168	1696	0	0	0	0	0	1.781979
169	1699	0	0	0	1	0	2.651250
170	1710	0	0	0	2	0	1.330493
171	1722	0	0	0	0	0	1.047526
172	1727	0	0	0	2	0	2.178758
173	1735	0	0	0	0	0	2.978118
174	1745	0	0	0	1	0	1.798461
175	1758	0	0	0	0	0	2.035427
176	1765	0	0	0	0	0	1.034972
177	1783	0	0	0	2	0	1.215084
178	1798	0	0	0	0	0	2.785066
179	1807	0	0	0	0	0	2.011335
180	1813	0	0	0	1	0	1.275375
181	1823	0	0	0	1	0	2.960076
182	1834	0	0	0	1	0	1.879897
183	1848	0	0	0	1	0	2.196526
184	1854	0	0	0	1	0	2.749056
185	1860	0	0	0	2	0	1.279282
186	1870	0	0	0	2	0	1.195922
187	1880	0	0	0	1	0	1.355064
188	1887	0	0	0	2	0	1.376715
189	1896	0	0	0	0	0	2.676192
190	1910	0	0	0	2	0	1.090470
191	1923	0	0	0	1	0	1.653818
192	1932	0	0	0	1	0	1.084659
193	1946	0	0	0	1	0	1.325095
194	1959	0	0	0	0	0	2.522290
195	1972	0	0	0	0	0	2.710548
196	1981	0	0	0	1	0	2.360032
197	1987	0	0	0	0	0	2.390899
198	1997	0	0	0	0	0	2.074168
199	2005	0	0	0	1	0	2.191817
200	2018	0	0	0	1	0	2.395095
201	2021	0	0	0	1	0	1.014496
202	2034	0	0	0	1	0	2.097546
203	2045	0	0	0	0	0	2.823001
204	2058	0	0	0	0	0	1.168981
205	2063	0	0	0	0	0	1.933946
206	2076	0	0	0	2	0	2.153325
207	2088	0	0	0	0	0	1.862088
208	2099	0	0	0	2	0	1.275321
209	2111	0	0	0	1	0	2.178090
210	2123	0	0	0	0	0	1.581729
211	2135	0	0	0	2	0	1.761613
212	2146	0	0	0	1	0	2.677820
213	2158	0	0	0	1	0	1.210246
214	2164	0	0	0	1	0	2.555417
215	2173	0	0	0	2	0	2.462390
216	2184	0	0	0	0	0	1.210446
217	2192	0	0	0	1	0	2.995508
218	2198	0	0	0	0	0	2.172638
219	2207	0	0	0	1	0	1.118553
220	2217	0	0	0	0	0	1.509444
221	2226	0	0	0	2	0	1.435781
222	2239	0	0	0	1	0	1.551381
223	2254	0	0	0	2	0	1.940905
224	2262	0	0	0	0	0	2.929446
225	2271	0	0	0	0	0	2.039295
226	2281	0	0	0	1	0	2.980999
227	2292	0	0	0	1	0	1.114590
228	2305	0	0	0	0	0	1.830968
229	2314	0	0	0	1	0	2.204300
230	2322	0	0	0	2	0	1.426402
231	2329	0	0	0	1	0	2.892371
232	2345	0	0	0	0	0	2.616702
233	2358	0	0	0	2	0	1.696942
234	2364	0	0	0	1	0	1.956090
235	2378	0	0	0	0	0	1.563127
236	2386	0	0	0	1	0	1.452001
237	2399	0	0	0	1	0	2.776035
238	2406	0	0	0	0	0	2.397317
239	2413	0	0	0	0	0	2.591170
240	2424	0	0	0	0	0	2.535682
241	2430	0	0	0	0	0	2.812584
242	2446	0	0	0	1	0	2.183487
243	2453	0	0	0	0	0	2.326213
244	2456	0	0	0	2	0	1.451006
245	2461	0	0	0	2	0	1.113285
246	2475	0	0	0	0	0	2.775438
247	2486	0	0	0	0	0	2.647914
248	2491	0	0	0	1	0	2.726219
249	2498	0	0	0	1	0	2.182992
250	2503	0	0	0	1	0	1.136785
251	2508	0	0	0	2	0	2.097043
252	2518	0	0	0	2	0	1.499546
253	2530	0	0	0	0	0	1.895676
254	2539	0	0	0	1	0	2.226336
255	2552	0	0	0	0	0	2.420972
256	2567	0	0	0	2	0	1.518879
257	2578	0	0	0	0	0	1.501057
258	2593	0	0	0	0	0	2.482095
259	2606	0	0	0	1	0	1.292960
260	2622	0	0	0	1	0	1.137953
261	2630	0	0	0	1	0	2.443476
262	2637	0	0	0	1	0	1.101900
263	2644	0	0	0	0	0	2.729928
264	2654	0	0	0	1	0	2.024501
265	2664	0	0	0	0	0	1.941709
266	2676	0	0	0	2	0	1.044680
267	2686	0	0	0	1	0	1.785414
268	2699	0	0	0	2	0	1.939946
269	2711	0	0	0	2	0	2.905594
270	2726	0	0	0	2	0	2.273527
271	2737	0	0	0	2	0	1.579427
272	2746	0	0	0	0	0	2.635877
273	2751	0	0	0	2	0	2.626366
274	2759	0	0	0	0	0	2.877106
275	2771	0	0	0	0	0	1.839102
276	2784	0	0	0	1	0	1.625641
277	2800	0	0	0	2	0	2.012159
278	2812	0	0	0	2	0	2.646571
279	2820	0	0	0	1	0	1.255096
280	2828	0	0	0	2	0	1.020726
281	2843	0	0	0	0	0	2.080246
282	2849	0	0	0	0	0	1.530699
283	2856	0	0	0	0	0	1.871632
284	2862	0	0	0	0	0	1.998721
285	2870	0	0	0	0	0	1.138301
286	2880	0	0	0	0	0	2.711344
287	2890	0	0	0	0	0	1.236729
288	2899	0	0	0	0	0	1.215513
289	2911	0	0	0	0	0	2.129791
290	2917	0	0	0	0	0	2.272524
291	2927	0	0	0	0	0	1.781664
292	2940	0	0	0	1	0	2.100688
293	2950	0	0	0	1	0	1.331497
294	2956	0	0	0	1	0	1.204018
295	2969	0	0	0	1	0	2.742753
296	2976	0	0	0	1	0	2.889411
297	2986	0	0	0	2	0	1.688672
298	3001	0	0	0	2	0	1.925951
299	3011	0	0	0	0	0	2.541194
300	3019	0	0	0	0	0	1.439995
301	3029	0	0	0	2	0	1.895881
302	3039	0	0	0	0	0	2.488278
303	3045	0	0	0	0	0	2.853064
304	3054	0	0	0	1	0	2.616605
305	3064	0	0	0	0	0	1.656006
306	3070	0	0	0	1	0	2.810372
307	3082	0	0	0	0	0	2.705341
308	3088	0	0	0	0	0	2.353072
309	3099	0	0	0	1	0	1.400137
310	3103	0	0	0	2	0	2.101631
311	3116	0	0	0	2	0	2.478280
312	3130	0	0	0	0	0	1.610330
313	3137	0	0	0	1	0	2.028479
314	3145	0	0	0	0	0	2.604359
315	3151	0	0	0	0	0	2.336692
316	3159	0	0	0	0	0	1.363779
317	3167	0	0	0	1	0	1.396962
318	3176	0	0	0	0	0	2.672970
319	3187	0	0	0	1	0	1.407317
320	3194	0	0	0	1	0	2.729794
321	3204	0	0	0	1	0	1.912925
322	3220	0	0	0	0	0	1.738374
323	3227	0	0	0	1	0	1.306831
324	3238	0	0	0	2	0	2.949790
325	3246	0	0	0	0	0	2.871271
326	3256	0	0	0	2	0	2.814025
327	3264	0	0	0	1	0	2.667465
328	3271	0	0	0	1	0	1.120262
329	3278	0	0	0	0	0	1.098367
330	3284	0	0	0	2	0	2.142975
331	3296	0	0	0	0	0	2.694081
332	3308	0	0	0	2	0	1.647565
333	3316	0	0	0	0	0	2.491705
334	3328	0	0	0	1	0	1.079566
335	3339	0	0	0	1	0	1.027750
336	3352	0	0	0	2	0	2.992266
337	3360	0	0	0	0	0	2.783484
338	3370	0	0	0	0	0	2.106745
339	3377	0	0	0	1	0	2.315122
340	3391	0	0	0	2	0	1.808751
341	3398	0	0	0	0	0	1.689264
342	3415	0	0	0	1	0	1.434942
343	3426	0	0	0	2	0	1.656113
344	3441	0	0	0	1	0	1.381257
345	3449	0	0	0	2	0	2.214733
346	3461	0	0	0	0	0	1.493234
347	3465	0	0	0	0	0	1.580538
348	3471	0	0	0	0	0	2.873606
349	3479	0	0	0	1	0	1.045409
350	3486	0	0	0	0	0	2.503264
351	3498	0	0	0	2	0	2.976964
352	3511	0	0	0	2	0	1.379435
353	3519	0	0	0	0	0	2.449052
354	3529	0	0	0	2	0	2.492644
355	3536	0	0	0	0	0	1.460001
356	3545	0	0	0	1	0	1.222395
357	3552	0	0	0	0	0	1.593851
358	3561	0	0	0	2	0	2.241833
359	3566	0	0	0	2	0	1.286604
360	3582	0	0	0	2	0	2.826529
361	3591	0	0	0	0	0	2.004585
362	3596	0	0	0	0	0	2.514851
363	3608	0	0	0	1	0	1.004892
364	3618	0	0	0	1	0	2.966415
365	3625	0	0	0	1	0	2.478984
366	3638	0	0	0	1	0	1.570350
367	3643	0	0	0	0	0	2.232780
368	3655	0	0	0	2	0	2.249756
369	3665	0	0	0	2	0	2.728026
370	3676	0	0	0	2	0	2.982710
371	3685	0	0	0	0	0	1.822560
372	3694	0	0	0	0	0	1.936840
373	3702	0	0	0	1	0	1.760493
374	3716	0	0	0	2	0	1.949631
375	3725	0	0	0	1	0	2.885510
376	3736	0	0	0	1	0	1.782866
377	3747	0	0	0	0	0	1.134930
378	3759	0	0	0	1	0	1.522240
379	3767	0	0	0	1	0	2.818404
380	3773	0	0	0	2	0	1.068830
381	3782	0	0	0	2	0	1.776782
382	3790	0	0	0	0	0	2.919225
383	3799	0	0	0	2	0	2.875594
384	3811	0	0	0	1	0	1.094941
385	3820	0	0	0	1	0	1.069910
386	3830	0	0	0	2	0	1.260502
387	3845	0	0	0	1	0	1.889112
388	3854	0	0	0	0	0	1.549591
389	3861	0	0	0	2	0	1.483774
390	3868	0	0	0	2	0	1.978263
391	3879	0	0	0	0	0	2.859588
392	3890	0	0	0	0	0	1.132334
393	3896	0	0	0	2	0	2.311352
394	3901	0	0	0	0	0	2.401533
395	3910	0	0	0	2	0	1.369293
396	3917	0	0	0	0	0	2.693615
397	3926	0	0	0	0	0	2.944850
398	3941	0	0	0	2	0	1.355777
399	3954	0	0	0	1	0	1.176154
400	3960	0	0	0	0	0	2.134005
401	3974	0	0	0	2	0	2.212041
402	3985	0	0	0	0	0	2.232821
403	3996	0	0	0	0	0	1.133186
404	4011	0	0	0	0	0	1.673629
405	4023	0	0	0	1	0	2.803779
406	4033	0	0	0	2	0	2.409148
407	4044	0	0	0	0	0	1.272602
408	4053	0	0	0	2	0	1.529069
409	4062	0	0	0	0	0	1.700790
410	4071	0	0	0	1	0	1.606169
411	4077	0	0	0	0	0	1.314037
412	4081	0	0	0	0	0	1.601175
413	4095	0	0	0	0	0	2.386810
414	4112	0	0	0	0	0	1.546534
415	4116	0	0	0	1	0	1.175290
416	4127	0	0	0	0	0	1.342988
417	4136	0	0	0	1	0	2.310128
418	4146	0	0	0	1	0	2.965823
419	4151	0	0	0	1	0	1.859664
420	4157	0	0	0	0	0	1.475425
421	4170	0	0	0	0	0	2.791368
422	4183	0	0	0	1	0	1.667081
423	4189	0	0	0	1	0	2.234900
424	4195	0	0	0	0	0	1.806175
425	4208	0	0	0	1	0	1.782440
426	4213	0	0	0	1	0	2.532987
427	4226	0	0	0	1	0	1.751432
428	4234	0	0	0	2	0	1.382625
429	4238	0	0	0	1	0	1.782342
430	4251	0	0	0	0	0	1.126737
431	4262	0	0	0	0	0	2.549816
432	4274	0	0	0	0	0	1.263619
433	4283	0	0	0	0	0	2.500969
434	4295	0	0	0	0	0	2.395052
435	4305	0	0	0	1	0	1.619496
436	4318	0	0	0	0	0	1.978080
437	4326	0	0	0	1	0	2.879954
438	4335	0	0	0	1	0	2.597718
439	4340	0	0	0	0	0	1.660442
440	4349	0	0	0	1	0	2.768915
441	4356	0	0	0	0	0	2.529306
442	4367	0	0	0	2	0	1.255653
443	4381	0	0	0	0	0	1.549131
444	4398	0	0	0	1	0	2.796548
445	4408	0	0	0	0	0	1.544441
446	4412	0	0	0	2	0	1.968097
447	4426	0	0	0	0	0	2.410507
448	4436	0	0	0	2	0	2.181796
449	4450	0	0	0	0	0	1.247790
450	4455	0	0	0	1	0	2.468152
451	4463	0	0	0	2	0	2.318307
452	4471	0	0	0	1	0	2.589623
453	4478	0	0	0	0	0	1.949180
454	4487	0	0	0	0	0	1.631879
455	4496	0	0	0	1	0	2.443893
456	4500	0	0	0	1	0	1.167663
457	4512	0	0	0	2	0	1.336177
458	4520	0	0	0	2	0	1.700866
459	4528	0	0	0	1	0	2.644356
460	4534	0	0	0	2	0	2.948988
461	4542	0	0	0	0	0	2.741498
462	4549	0	0	0	1	0	1.571704
463	4561	0	0	0	2	0	1.703224
464	4574	0	0	0	0	0	2.637027
465	4584	0	0	0	2	0	1.768165
466	4591	0	0	0	1	0	1.716134
467	4601	0	0	0	2	0	1.459015
468	4615	0	0	0	0	0	2.876760
469	4622	0	0	0	1	0	1.567088
470	4633	0	0	0	2	0	2.190441
471	4649	0	0	0	1	0	2.515735
472	4662	0	0	0	1	0	2.072274
473	4668	0	0	0	1	0	1.115714
474	4680	0	0	0	1	0	2.195184
475	4693	0	0	0	0	0	1.107233
476	4703	0	0	0	0	0	2.396302
477	4717	0	0	0	1	0	1.030487
478	4724	0	0	0	1	0	2.420296
479	4736	0	0	0	1	0	1.747524
480	4745	0	0	0	1	0	1.259962
481	4759	0	0	0	1	0	2.425762
482	4766	0	0	0	0	0	2.563230
483	4777	0	0	0	2	0	1.261990
484	4784	0	0	0	0	0	1.471222
485	4795	0	0	0	0	0	1.822805
486	4802	0	0	0	1	0	1.760631
487	4817	0	0	0	1	0	1.452364
488	4835	0	0	0	2	0	1.234179
489	4843	0	0	0	1	0	1.806944
490	4855	0	0	0	0	0	2.815013
491	4865	0	0	0	1	0	2.207375
492	4881	0	0	0	0	0	1.725527
493	4893	0	0	0	0	0	1.941175
494	4902	0	0	0	1	0	1.557540
495	4910	0	0	0	0	0	2.211652
496	4923	0	0	0	1	0	2.671674
497	4934	0	0	0	1	0	1.653740
498	4945	0	0	0	0	0	1.616867
499	4958	0	0	0	0	0	2.437813
500	4969	0	0	0	0	0	2.683667
501	4979	0	0	0	0	0	1.544871
502	4989	0	0	0	0	0	2.537158
503	4993	0	0	0	2	0	2.732803
504	5004	0	0	0	0	0	2.247520
505	5013	0	0	0	0	0	2.276494
506	5024	0	0	0	2	0	2.926959
507	5030	0	0	0	0	0	1.595215
508	5035	0	0	0	2	0	2.311751
509	5041	0	0	0	1	0	2.496861
510	5046	0	0	0	1	0	2.898071
511	5056	0	0	0	1	0	1.775343
512	5066	0	0	0	2	0	2.554437
513	5078	0	0	0	2	0	2.798583
514	5085	0	0	0	2	0	2.769773
515	5089	0	0	0	2	0	2.939227
516	5102	0	0	0	1	0	2.129753
517	5114	0	0	0	1	0	1.101979
518	5123	0	0	0	0	0	2.308271
519	5133	0	0	0	1	0	1.982807
520	5143	0	0	0	2	0	2.932532
521	5151	0	0	0	2	0	2.972457
522	5162	0	0	0	1	0	1.309958
523	5174	0	0	0	0	0	2.670562
524	5186	0	0	0	0	0	1.995443
525	5196	0	0	0	2	0	1.842141
526	5202	0	0	0	1	0	1.422309
527	5209	0	0	0	2	0	2.407620
528	5221	0	0	0	2	0	1.451814
529	5231	0	0	0	1	0	1.171758
530	5243	0	0	0	2	0	1.005265
531	5253	0	0	0	1	0	2.636003
532	5265	0	0	0	2	0	2.608843
533	5278	0	0	0	1	0	2.460941
534	5292	0	0	0	0	0	1.925101
535	5306	0	0	0	1	0	2.248842
536	5318	0	0	0	1	0	2.708660
537	5329	0	0	0	0	0	1.231513
538	5345	0	0	0	2	0	2.412615
539	5355	0	0	0	2	0	1.563717
540	5371	0	0	0	0	0	2.181680
541	5384	0	0	0	1	0	2.164577
542	5391	0	0	0	0	0	2.287748
543	5399	0	0	0	0	0	2.105632
544	5409	0	0	0	1	0	1.416810
545	5410	0	0	0	0	0	1.991056
546	5422	0	0	0	0	0	1.767597
547	5429	0	0	0	0	0	1.876186
548	5441	0	0	0	0	0	2.418801
549	5451	0	0	0	0	0	2.703714
550	5463	0	0	0	0	0	1.713733
551	5470	0	0	0	1	0	1.381390
552	5479	0	0	0	1	0	1.679141
553	5486	0	0	0	0	0	2.916945
554	5494	0	0	0	2	0	2.765364
555	5501	0	0	0	0	0	2.219841
556	5511	0	0	0	1	0	2.122518
557	5522	0	0	0	0	0	2.895702
558	5537	0	0	0	0	0	1.947015
559	5551	0	0	0	2	0	1.728269
560	5563	0	0	0	0	0	2.411222
561	5570	0	0	0	1	0	2.001140
562	5579	0	0	0	2	0	2.134027
563	5594	0	0	0	2	0	2.418723
564	5605	0	0	0	0	0	2.316171
565	5616	0	0	0	2	0	2.751471
566	5621	0	0	0	2	0	2.973466
567	5639	0	0	0	0	0	2.690816
568	5645	0	0	0	1	0	2.135034
569	5652	0	0	0	2	0	2.718733
570	5660	0	0	0	1	0	1.005632
571	5664	0	0	0	1	0	2.177410
572	5669	0	0	0	1	0	1.398644
573	5680	0	0	0	1	0	1.957083
574	5687	0	0	0	0	0	2.958358
575	5694	0	0	0	1	0	2.819280
576	5706	0	0	0	2	0	2.530904
577	5718	0	0	0	0	0	2.860828
578	5732	0	0	0	2	0	2.685236
579	5745	0	0	0	1	0	1.422931
580	5757	0	0	0	1	0	2.777626
581	5769	0	0	0	2	0	1.463055
582	5774	0	0	0	2	0	1.860606
583	5789	0	0	0	0	0	2.649422
584	5797	0	0	0	0	0	1.746446
585	5807	0	0	0	1	0	2.917043
586	5813	0	0	0	2	0	1.381054
587	5827	0	0	0	0	0	2.260996
588	5840	0	0	0	2	0	1.452572
589	5852	0	0	0	2	0	1.902796
590	5859	0	0	0	2	0	2.339938
591	5867	0	0	0	2	0	2.175218
592	5873	0	0	0	2	0	2.409779
593	5884	0	0	0	1	0	2.177645
594	5897	0	0	0	0	0	2.897541
595	5907	0	0	0	1	0	1.885638
596	5914	0	0	0	1	0	2.893406
597	5922	0	0	0	2	0	1.894313
598	5928	0	0	0	0	0	2.579174
599	5942	0	0	0	1	0	2.083023
600	5964	0	0	0	1	0	2.124593
601	5970	0	0	0	0	0	2.709517
602	5984	0	0	0	2	0	1.015204
603	6000	0	0	0	1	0	1.440300
604	6010	0	0	0	1	0	2.941886
605	6016	0	0	0	1	0	1.478322
606	6023	0	0	0	1	0	2.868888
607	6029	0	0	0	1	0	2.644487
608	6040	0	0	0	1	0	2.665948
609	6047	0	0	0	2	0	2.618505
610	6054	0	0	0	0	0	2.925091
611	6059	0	0	0	1	0	1.363331
612	6067	0	0	0	0	0	2.396280
613	6080	0	0	0	1	0	2.884543
614	6088	0	0	0	1	0	2.477544
615	6094	0	0	0	1	0	1.921728
616	6105	0	0	0	1	0	1.134138
617	6110	0	0	0	0	0	2.495827
618	6120	0	0	0	1	0	1.267793
619	6131	0	0	0	0	0	1.902606
620	6142	0	0	0	0	0	1.303064
621	6158	0	0	0	0	0	2.809102
622	6166	0	0	0	0	0	1.595941
623	6170	0	0	0	2	0	1.073358
624	6179	0	0	0	1	0	2.418998
625	6183	0	0	0	0	0	1.530403
626	6191	0	0	0	1	0	1.293211
627	6200	0	0	0	0	0	1.600828
628	6213	0	0	0	0	0	1.347567
629	6222	0	0	0	2	0	2.112600
630	6231	0	0	0	0	0	2.978952
631	6243	0	0	0	1	0	1.071214
632	6257	0	0	0	2	0	2.098904
633	6268	0	0	0	1	0	2.077226
634	6280	0	0	0	2	0	1.446480
635	6289	0	0	0	1	0	2.148552
636	6300	0	0	0	0	0	2.661764
637	6314	0	0	0	1	0	2.855006
638	6322	0	0	0	0	0	2.372763
639	6337	0	0	0	1	0	2.880983
640	6353	0	0	0	0	0	1.998173
641	6364	0	0	0	2	0	1.649423
642	6374	0	0	0	1	0	2.198063
643	6381	0	0	0	0	0	1.040375
644	6388	0	0	0	1	0	2.060901
645	6393	0	0	0	1	0	2.737185
646	6400	0	0	0	0	0	1.990955
647	6405	0	0	0	0	0	1.956347
648	6412	0	0	0	2	0	2.129190
649	6421	0	0	0	0	0	2.777277
650	6431	0	0	0	0	0	2.803214
651	6440	0	0	0	0	0	2.510064
652	6446	0	0	0	0	0	1.706931
653	6455	0	0	0	1	0	2.989755
654	6466	0	0	0	0	0	2.431893
655	6474	0	0	0	0	0	1.452344
656	6486	0	0	0	0	0	2.581512
657	6498	0	0	0	2	0	2.112606
658	6509	0	0	0	2	0	2.646457
659	6521	0	0	0	0	0	2.530630
660	6531	0	0	0	1	0	2.877725
661	6536	0	0	0	0	0	1.666695
662	6543	0	0	0	2	0	2.968754
663	6546	0	0	0	0	0	1.882804
664	6555	0	0	0	2	0	1.486073
665	6570	0	0	0	1	0	2.225040
666	6573	0	0	0	0	0	1.248257
667	6592	0	0	0	0	0	2.217489
668	6603	0	0	0	2	0	2.987740
669	6614	0	0	0	2	0	2.931775
670	6624	0	0	0	1	0	1.930575
671	6636	0	0	0	1	0	2.982315
672	6647	0	0	0	2	0	2.736417
673	6650	0	0	0	1	0	2.390943
674	6657	0	0	0	0	0	1.986270
675	6669	0	0	0	1	0	2.583298
676	6678	0	0	0	1	0	1.919213
677	6696	0	0	0	2	0	2.984969
678	6712	0	0	0	1	0	2.736913
679	6724	0	0	0	0	0	2.304236
680	6733	0	0	0	2	0	1.464214
681	6738	0	0	0	0	0	2.020062
682	6747	0	0	0	1	0	1.481842
683	6757	0	0	0	1	0	2.556487
684	6766	0	0	0	2	0	1.233751
685	6773	0	0	0	2	0	2.945526
686	6786	0	0	0	1	0	2.144157
687	6791	0	0	0	1	0	2.411157
688	6799	0	0	0	0	0	2.859130
689	6807	0	0	0	0	0	1.134536
690	6812	0	0	0	0	0	2.768002
691	6821	0	0	0	2	0	1.637255
692	6841	0	0	0	0	0	2.408989
693	6850	0	0	0	0	0	1.051958
694	6859	0	0	0	2	0	2.448968
695	6873	0	0	0	1	0	1.086090
696	6887	0	0	0	1	0	2.188366
697	6895	0	0	0	0	0	2.004053
698	6910	0	0	0	1	0	1.750639
699	6926	0	0	0	0	0	1.415865
700	6939	0	0	0	0	0	2.931506
701	6948	0	0	0	0	0	1.228137
702	6958	0	0	0	2	0	2.288074
703	6971	0	0	0	1	0	1.847734
704	6981	0	0	0	1	0	1.298059
705	6988	0	0	0	0	0	1.625320
706	6996	0	0	0	1	0	2.412816
707	7012	0	0	0	2	0	2.579758
708	7023	0	0	0	0	0	2.111117
709	7032	0	0	0	1	0	2.743804
710	7041	0	0	0	0	0	1.782055
711	7055	0	0	0	1	0	1.690084
712	7064	0	0	0	0	0	1.487953
713	7075	0	0	0	0	0	1.657504
714	7088	0	0	0	0	0	1.755225
715	7094	0	0	0	0	0	2.014865
716	7105	0	0	0	1	0	2.381951
717	7114	0	0	0	0	0	2.000640
718	7124	0	0	0	1	0	2.282089
719	7135	0	0	0	1	0	1.085427
720	7143	0	0	0	0	0	2.545191
721	7156	0	0	0	0	0	2.429382
722	7172	0	0	0	2	0	1.375255
723	7186	0	0	0	0	0	2.791800
724	7194	0	0	0	1	0	2.730974
725	7204	0	0	0	2	0	2.641745
726	7216	0	0	0	2	0	2.610205
727	7233	0	0	0	0	0	1.824718
728	7241	0	0	0	2	0	1.289337
729	7250	0	0	0	1	0	1.754701
730	7271	0	0	0	1	0	1.636676
731	7284	0	0	0	2	0	2.866767
732	7295	0	0	0	1	0	1.673111
733	7307	0	0	0	1	0	1.343784
734	7318	0	0	0	2	0	2.726518
735	7329	0	0	0	1	0	2.119373
736	7336	0	0	0	2	0	2.147669
737	7350	0	0	0	1	0	2.224220
738	7356	0	0	0	1	0	1.928786
739	7366	0	0	0	1	0	2.372484
740	7375	0	0	0	1	0	1.299117
741	7382	0	0	0	0	0	1.490742
742	7391	0	0	0	1	0	1.637441
743	7399	0	0	0	0	0	2.227169
744	7409	0	0	0	1	0	1.917430
745	7419	0	0	0	0	0	1.463449
746	7434	0	0	0	2	0	1.880092
747	7437	0	0	0	1	0	2.549309
748	7448	0	0	0	0	0	2.471741
749	7457	0	0	0	1	0	2.929476
750	7464	0	0	0	1	0	2.007943
751	7477	0	0	0	0	0	1.252330
752	7486	0	0	0	1	0	2.092019
753	7493	0	0	0	1	0	2.902267
754	7501	0	0	0	1	0	1.474872
755	7509	0	0	0	0	0	1.540809
756	7519	0	0	0	0	0	2.741823
757	7537	0	0	0	0	0	2.688118
758	7544	0	0	0	2	0	2.204412
759	7558	0	0	0	1	0	1.580041
760	7564	0	0	0	0	0	1.569708
761	7575	0	0	0	2	0	2.810088
762	7589	0	0	0	1	0	1.167947
763	7596	0	0	0	0	0	1.316397
764	7601	0	0	0	2	0	1.599222
765	7615	0	0	0	2	0	1.742940
766	7619	0	0	0	1	0	2.866925
767	7629	0	0	0	2	0	2.118845
768	7638	0	0	0	0	0	2.722920
769	7649	0	0	0	0	0	1.607936
770	7665	0	0	0	0	0	2.146378
771	7671	0	0	0	2	0	2.637363
772	7682	0	0	0	0	0	1.571633
773	7691	0	0	0	0	0	1.586629
774	7697	0	0	0	2	0	1.909520
775	7714	0	0	0	0	0	1.457736
776	7726	0	0	0	1	0	2.694726
777	7738	0	0	0	0	0	2.500583
778	7752	0	0	0	1	0	2.424615
779	7763	0	0	0	0	0	1.938563
780	7774	0	0	0	1	0	2.971905
781	7787	0	0	0	2	0	2.532581
782	7794	0	0	0	2	0	2.872923
783	7809	0	0	0	2	0	1.084949
784	7813	0	0	0	0	0	1.070925
785	7819	0	0	0	1	0	1.305725
786	7830	0	0	0	2	0	2.330157
787	7841	0	0	0	1	0	1.886044
788	7855	0	0	0	1	0	1.661502
789	7863	0	0	0	0	0	2.860945
790	7874	0	0	0	2	0	2.064413
791	7881	0	0	0	2	0	1.841614
792	7892	0	0	0	0	0	2.002636
793	7898	0	0	0	0	0	2.715426
794	7904	0	0	0	1	0	2.296379
795	7910	0	0	0	1	0	1.344718
796	7928	0	0	0	0	0	2.603383
797	7935	0	0	0	0	0	1.939298
798	7950	0	0	0	0	0	2.471308
799	7958	0	0	0	1	0	1.922333
800	7968	0	0	0	0	0	2.900310
801	7976	0	0	0	0	0	2.551615
802	7983	0	0	0	1	0	2.513613
803	7989	0	0	0	1	0	1.357938
804	7998	0	0	0	0	0	1.671218
805	8011	0	0	0	1	0	2.362973
806	8021	0	0	0	0	0	1.890939
807	8027	0	0	0	0	0	1.949842
808	8042	0	0	0	0	0	2.040264
809	8055	0	0	0	1	0	1.586821
810	8069	0	0	0	2	0	1.528075
811	8088	0	0	0	1	0	1.835931
812	8100	0	0	0	1	0	2.042971
813	8113	0	0	0	2	0	2.022117
814	8121	0	0	0	2	0	1.858319
815	8131	0	0	0	1	0	1.622501
816	8141	0	0	0	0	0	1.620387
817	8157	0	0	0	2	0	1.182136
818	8171	0	0	0	0	0	1.193791
819	8178	0	0	0	2	0	2.316854
820	8190	0	0	0	0	0	2.412270
821	8196	0	0	0	2	0	2.544452
822	8208	0	0	0	2	0	1.555015
823	8220	0	0	0	2	0	2.446594
824	8232	0	0	0	0	0	2.934616
825	8243	0	0	0	0	0	2.315460
826	8249	0	0	0	1	0	2.933843
827	8253	0	0	0	2	0	2.393147
828	8263	0	0	0	2	0	1.632672
829	8275	0	0	0	0	0	2.123723
830	8287	0	0	0	0	0	2.788636
831	8301	0	0	0	0	0	1.527718
832	8307	0	0	0	1	0	1.892586
833	8318	0	0	0	1	0	1.396853
834	8327	0	0	0	0	0	2.398456
835	8338	0	0	0	0	0	1.568613
836	8353	0	0	0	0	0	2.270296
837	8362	0	0	0	2	0	1.394446
838	8373	0	0	0	0	0	1.890904
839	8385	0	0	0	1	0	2.799934
840	8400	0	0	0	0	0	2.708356
841	8411	0	0	0	1	0	2.144246
842	8418	0	0	0	1	0	1.943533
843	8434	0	0	0	2	0	1.149190
844	8448	0	0	0	1	0	2.783333
845	8459	0	0	0	2	0	1.704281
846	8470	0	0	0	0	0	2.534535
847	8482	0	0	0	0	0	1.894482
848	8492	0	0	0	0	0	1.966258
849	8503	0	0	0	1	0	2.943654
850	8510	0	0	0	2	0	2.143524
851	8520	0	0	0	0	0	2.978138
852	8532	0	0	0	1	0	2.991947
853	8545	0	0	0	2	0	2.739965
854	8557	0	0	0	1	0	1.668788
855	8566	0	0	0	1	0	1.713032
856	8570	0	0	0	1	0	2.188156
857	8586	0	0	0	1	0	1.028003
858	8595	0	0	0	1	0	1.625720
859	8606	0	0	0	0	0	2.613980
860	8618	0	0	0	1	0	1.116506
861	8626	0	0	0	2	0	2.921932
862	8639	0	0	0	1	0	2.557978
863	8645	0	0	0	0	0	2.917229
864	8653	0	0	0	0	0	2.396539
865	8663	0	0	0	2	0	2.394364
866	8674	0	0	0	1	0	1.479316
867	8689	0	0	0	0	0	2.921692
868	8697	0	0	0	0	0	1.115938
869	8709	0	0	0	2	0	2.952958
870	8723	0	0	0	0	0	2.232686
871	8739	0	0	0	2	0	2.663477
872	8748	0	0	0	2	0	1.389577
873	8760	0	0	0	0	0	1.354520
874	8770	0	0	0	0	0	2.707495
875	8775	0	0	0	0	0	1.231837
876	8784	0	0	0	0	0	1.631826
877	8795	0	0	0	2	0	1.441998
878	8805	0	0	0	2	0	1.556834
879	8815	0	0	0	1	0	2.942593
880	8822	0	0	0	0	0	1.542927
881	8831	0	0	0	1	0	2.501363
882	8842	0	0	0	0	0	1.796037
883	8849	0	0	0	2	0	1.418896
884	8862	0	0	0	1	0	1.109905
885	8874	0	0	0	2	0	1.537853
886	8883	0	0	0	1	0	1.415771
887	8891	0	0	0	2	0	1.931815
888	8905	0	0	0	0	0	1.113987
889	8913	0	0	0	0	0	1.588009
890	8921	0	0	0	0	0	2.967859
891	8925	0	0	0	1	0	1.370045
892	8936	0	0	0	0	0	2.716498
893	8949	0	0	0	2	0	2.565196
894	8961	0	0	0	0	0	2.833368
895	8968	0	0	0	1	0	2.917552
896	8977	0	0	0	0	0	2.212113
897	8985	0	0	0	0	0	1.196367
898	9002	0	0	0	0	0	1.792006
899	9014	0	0	0	2	0	2.114969
900	9022	0	0	0	0	0	2.118214
901	9038	0	0	0	0	0	1.034428
902	9049	0	0	0	0	0	2.527086
903	9056	0	0	0	1	0	2.985766
904	9067	0	0	0	1	0	2.764988
905	9077	0	0	0	2	0	1.572248
906	9088	0	0	0	1	0	1.639383
907	9100	0	0	0	1	0	1.598218
908	9106	0	0	0	2	0	1.890752
909	9116	0	0	0	1	0	1.073819
910	9135	0	0	0	0	0	1.090011
911	9143	0	0	0	1	0	2.482257
912	9154	0	0	0	1	0	2.751918
913	9165	0	0	0	1	0	2.695032
914	9171	0	0	0	1	0	2.730495
915	9178	0	0	0	1	0	2.968210
916	9187	0	0	0	0	0	1.946032
917	9200	0	0	0	0	0	2.079730
918	9207	0	0	0	1	0	2.301121
919	9213	0	0	0	2	0	2.724190
920	9222	0	0	0	2	0	1.936948
921	9235	0	0	0	1	0	1.907252
922	9250	0	0	0	1	0	1.005149
923	9259	0	0	0	1	0	2.947137
924	9269	0	0	0	0	0	1.298411
925	9273	0	0	0	1	0	1.892341
926	9282	0	0	0	1	0	2.646476
927	9292	0	0	0	1	0	2.772931
928	9303	0	0	0	2	0	2.468071
929	9310	0	0	0	2	0	2.523904
930	9318	0	0	0	1	0	2.055398
931	9328	0	0	0	2	0	2.180768
932	9340	0	0	0	1	0	2.934441
933	9351	0	0	0	2	0	1.843504
934	9356	0	0	0	0	0	2.893721
935	9367	0	0	0	1	0	1.850082
936	9378	0	0	0	2	0	1.284835
937	9385	0	0	0	0	0	1.837361
938	9397	0	0	0	2	0	2.105880
939	9405	0	0	0	1	0	2.981143
940	9409	0	0	0	1	0	2.536969
941	9417	0	0	0	1	0	2.863370
942	9424	0	0	0	1	0	1.442602
943	9435	0	0	0	0	0	2.026584
944	9453	0	0	0	1	0	2.310348
945	9460	0	0	0	1	0	2.024389
946	9476	0	0	0	2	0	1.136916
947	9493	0	0	0	1	0	2.593962
948	9505	0	0	0	1	0	1.475256
949	9512	0	0	0	0	0	1.081920
950	9523	0	0	0	1	0	1.138143
951	9533	0	0	0	2	0	2.580874
952	9546	0	0	0	1	0	2.317364
953	9559	0	0	0	1	0	2.352762
954	9569	0	0	0	1	0	2.634204
955	9579	0	0	0	0	0	1.460103
956	9588	0	0	0	2	0	1.722799
957	9592	0	0	0	1	0	1.068768
958	9603	0	0	0	2	0	1.270941
959	9616	0	0	0	0	0	1.797390
960	9627	0	0	0	0	0	2.172017
961	9638	0	0	0	1	0	1.450222
962	9649	0	0	0	2	0	2.812771
963	9658	0	0	0	0	0	2.194108
964	9669	0	0	0	0	0	2.437735
965	9682	0	0	0	0	0	1.437375
966	9690	0	0	0	0	0	2.043109
967	9697	0	0	0	2	0	2.539772
968	9709	0	0	0	2	0	1.764726
969	9717	0	0	0	1	0	2.823850
970	9723	0	0	0	0	0	1.698288
971	9729	0	0	0	1	0	1.925009
972	9740	0	0	0	0	0	1.367383
973	9754	0	0	0	1	0	2.468012
974	9762	0	0	0	0	0	2.253480
975	9773	0	0	0	2	0	2.034134
976	9778	0	0	0	0	0	2.834364
977	9787	0	0	0	0	0	2.791086
978	9801	0	0	0	0	0	1.498261
979	9805	0	0	0	2	0	1.431146
980	9819	0	0	0	1	0	2.671661
981	9831	0	0	0	1	0	1.357949
982	9840	0	0	0	0	0	1.070883
983	9847	0	0	0	0	0	1.127829
984	9856	0	0	0	1	0	2.881547
985	9863	0	0	0	1	0	1.966240
986	9871	0	0	0	1	0	2.842014
987	9877	0	0	0	1	0	2.231666
988	9889	0	0	0	0	0	2.203965
989	9897	0	0	0	0	0	1.029853
990	9907	0	0	0	2	0	1.506718
991	9914	0	0	0	0	0	2.806579
992	9923	0	0	0	1	0	1.379656
993	9930	0	0	0	0	0	1.038721
994	9944	0	0	0	0	0	2.977882
995	9955	0	0	0	0	0	2.634876
996	9965	0	0	0	1	0	2.447075
997	9979	0	0	0	0	0	1.457590
998	9991	0	0	0	1	0	1.206192
999	10002	0	0	0	0	0	2.457607
