0	1	0	0	0	1	0	1.457128
1	9	0	0	0	0	0	2.339356
2	15	0	0	0	0	0	1.546747
3	27	0	0	0	1	0	1.078313
4	38	0	0	0	1	0	2.593048
5	54	0	0	0	0	0	2.937312
6	65	0	0	0	0	0	1.624669
7	72	0	0	0	1	0	1.953353
8	78	0	0	0	0	0	2.793002
9	89	0	0	0	2	0	2.713272
10	95	0	0	0	1	0	1.368846
11	109	0	0	0	2	0	1.812763
12	120	0	0	0	0	0	2.965143
13	131	0	0	0	0	0	2.255288
14	133	0	0	0	2	0	2.140014
15	148	0	0	0	1	0	1.943101
16	159	0	0	0	0	0	2.977035
17	171	0	0	0	1	0	2.546532
18	182	0	0	0	1	0	1.597037
19	192	0	0	0	1	0	1.919087
20	207	0	0	0	0	0	2.821605
21	213	0	0	0	0	0	1.842958
22	229	0	0	0	1	0	1.529097
23	235	0	0	0	1	0	1.368419
24	244	0	0	0	1	0	2.380873
25	251	0	0	0	1	0	2.768242
26	262	0	0	0	2	0	2.390748
27	270	0	0	0	1	0	2.447291
28	279	0	0	0	0	0	1.077949
29	285	0	0	0	0	0	2.958057
30	294	0	0	0	0	0	1.032194
31	303	0	0	0	0	0	1.757486
32	316	0	0	0	1	0	2.473291
33	325	0	0	0	0	0	1.726354
34	330	0	0	0	1	0	1.594990
35	340	0	0	0	2	0	1.672246
36	346	0	0	0	2	0	1.895435
37	353	0	0	0	0	0	2.889225
38	359	0	0	0	1	0	1.606969
39	369	0	0	0	0	0	1.841669
40	379	0	0	0	1	0	1.306598
41	389	0	0	0	2	0	2.370602
42	403	0	0	0	1	0	1.846444
43	411	0	0	0	0	0	1.699266
44	420	0	0	0	2	0	1.184358
45	431	0	0	0	0	0	1.441732
46	438	0	0	0	0	0	1.414490
47	452	0	0	0	0	0	1.079666
48	465	0	0	0	0	0	1.983795
49	477	0	0	0	1	0	2.723910
50	485	0	0	0	0	0	2.219101
51	496	0	0	0	0	0	2.290973
52	501	0	0	0	1	0	1.782483
53	509	0	0	0	1	0	1.222729
54	524	0	0	0	2	0	2.980130
55	529	0	0	0	0	0	2.435560
56	535	0	0	0	0	0	1.357262
57	539	0	0	0	1	0	1.135982
58	548	0	0	0	0	0	1.219014
59	557	0	0	0	0	0	1.684305
60	569	0	0	0	0	0	2.489912
61	575	0	0	0	2	0	1.668030
62	590	0	0	0	0	0	1.976144
63	606	0	0	0	0	0	2.887546
64	616	0	0	0	2	0	1.128590
65	625	0	0	0	0	0	1.294265
66	639	0	0	0	0	0	2.056818
67	648	0	0	0	2	0	2.311683
68	655	0	0	0	2	0	1.948085
69	667	0	0	0	1	0	1.572993
70	683	0	0	0	1	0	2.028076
71	691	0	0	0	2	0	1.619933
72	700	0	0	0	0	0	1.719164
73	710	0	0	0	0	0	1.172215
74	724	0	0	0	0	0	2.678352
75	734	0	0	0	1	0	2.421932
76	739	0	0	0	0	0	2.844687
77	752	0	0	0	2	0	2.361106
78	758	0	0	0	2	0	1.050857
79	769	0	0	0	0	0	1.897732
80	784	0	0	0	2	0	2.625644
81	795	0	0	0	1	0	2.453693
82	806	0	0	0	1	0	2.672851
83	815	0	0	0	0	0	2.065603
84	823	0	0	0	0	0	2.854675
85	834	0	0	0	1	0	1.020199
86	845	0	0	0	1	0	1.997734
87	856	0	0	0	1	0	2.144543
88	862	0	0	0	0	0	1.596608
89	872	0	0	0	1	0	2.572942
90	879	0	0	0	2	0	1.757852
91	887	0	0	0	1	0	2.641248
92	898	0	0	0	1	0	1.891162
93	911	0	0	0	1	0	2.483736
94	916	0	0	0	0	0	2.306519
95	930	0	0	0	0	0	1.488098
96	936	0	0	0	0	0	2.322740
97	943	0	0	0	2	0	1.867261
98	949	0	0	0	1	0	1.433345
99	960	0	0	0	1	0	1.969076
100	968	0	0	0	2	0	2.047449
101	980	0	0	0	1	0	2.696540
102	988	0	0	0	0	0	2.536281
103	1001	0	0	0	2	0	2.285837
104	1013	0	0	0	2	0	2.117423
105	1020	0	0	0	1	0	1.709391
106	1034	0	0	0	1	0	2.483674
107	1042	0	0	0	0	0	2.284958
108	1051	0	0	0	1	0	2.474350
109	1059	0	0	0	0	0	1.102707
110	1065	0	0	0	0	0	1.067762
111	1074	0	0	0	1	0	1.995157
112	1083	0	0	0	1	0	1.338587
113	1097	0	0	0	0	0	2.770902
114	1109	0	0	0	2	0	1.357705
115	1120	0	0	0	0	0	2.953671
116	1123	0	0	0	1	0	1.578999
117	1131	0	0	0	0	0	2.231422
118	1143	0	0	0	1	0	2.055484
119	1151	0	0	0	0	0	1.647792
120	1165	0	0	0	0	0	2.581287
121	1182	0	0	0	1	0	1.613823
122	1191	0	0	0	2	0	2.386645
123	1205	0	0	0	1	0	1.790918
124	1218	0	0	0	1	0	1.310375
125	1225	0	0	0	2	0	2.251537
126	1236	0	0	0	1	0	1.102501
127	1246	0	0	0	2	0	1.186006
128	1260	0	0	0	0	0	1.369314
129	1267	0	0	0	1	0	2.085769
130	1270	0	0	0	2	0	2.304447
131	1282	0	0	0	0	0	1.072798
132	1293	0	0	0	1	0	2.087361
133	1296	0	0	0	1	0	2.884418
134	1308	0	0	0	0	0	2.749805
135	1324	0	0	0	0	0	2.800945
136	1336	0	0	0	1	0	1.747228
137	1346	0	0	0	0	0	1.072329
138	1359	0	0	0	2	0	2.061206
139	1369	0	0	0	1	0	2.188207
140	1376	0	0	0	2	0	1.556042
141	1391	0	0	0	0	0	2.232472
142	1403	0	0	0	1	0	1.212654
143	1417	0	0	0	2	0	2.835174
144	1426	0	0	0	1	0	2.870934
145	1439	0	0	0	1	0	1.677640
146	1449	0	0	0	0	0	1.208963
147	1454	0	0	0	0	0	2.043900
148	1464	0	0	0	1	0	1.413875
149	1476	0	0	0	1	0	2.374372
150	1487	0	0	0	1	0	1.573181
151	1499	0	0	0	1	0	2.591590
152	1508	0	0	0	0	0	2.043422
153	1517	0	0	0	1	0	1.315322
154	1524	0	0	0	0	0	1.198207
155	1530	0	0	0	1	0	2.002453
156	1537	0	0	0	0	0	2.979597
157	1548	0	0	0	1	0	2.232138
158	1558	0	0	0	2	0	1.946083
159	1570	0	0	0	0	0	2.490747
160	1580	0	0	0	1	0	2.951898
161	1595	0	0	0	1	0	2.633984
162	1607	0	0	0	1	0	1.609803
163	1619	0	0	0	2	0	2.966716
164	1633	0	0	0	1	0	2.589141
165	1649	0	0	0	0	0	2.226883
166	1658	0	0	0	1	0	1.680887
167	1668	0	0	0	2	0	1.698381
168	1675	0	0	0	1	0	2.351695
169	1686	0	0	0	2	0	2.702033
170	1702	0	0	0	1	0	1.937605
171	1707	0	0	0	2	0	2.614451
172	1720	0	0	0	2	0	1.965045
173	1729	0	0	0	1	0	2.202039
174	1744	0	0	0	0	0	1.160607
175	1759	0	0	0	2	0	2.711685
176	1765	0	0	0	2	0	1.532911
177	1779	0	0	0	0	0	1.833249
178	1787	0	0	0	2	0	2.656600
179	1793	0	0	0	1	0	2.416838
180	1807	0	0	0	1	0	2.488335
181	1816	0	0	0	1	0	1.444273
182	1830	0	0	0	2	0	2.876241
183	1837	0	0	0	1	0	1.827662
184	1849	0	0	0	2	0	2.613856
185	1860	0	0	0	1	0	1.433032
186	1873	0	0	0	2	0	1.287643
187	1883	0	0	0	1	0	2.157286
188	1891	0	0	0	0	0	1.274097
189	1904	0	0	0	2	0	1.584161
190	1912	0	0	0	2	0	2.578225
191	1924	0	0	0	1	0	2.208187
192	1930	0	0	0	2	0	2.108031
193	1941	0	0	0	0	0	2.887561
194	1946	0	0	0	0	0	2.513491
195	1955	0	0	0	0	0	2.574962
196	1965	0	0	0	1	0	2.298859
197	1978	0	0	0	1	0	2.366066
198	1988	0	0	0	2	0	1.474966
199	2002	0	0	0	0	0	2.977252
200	2009	0	0	0	1	0	2.574958
201	2020	0	0	0	1	0	1.205690
202	2035	0	0	0	0	0	2.483897
203	2041	0	0	0	1	0	1.374625
204	2048	0	0	0	0	0	1.079913
205	2061	0	0	0	1	0	1.760368
206	2076	0	0	0	2	0	1.127675
207	2086	0	0	0	1	0	1.714744
208	2096	0	0	0	0	0	2.354826
209	2098	0	0	0	1	0	2.704520
210	2106	0	0	0	0	0	2.180664
211	2115	0	0	0	0	0	2.271594
212	2126	0	0	0	2	0	1.421582
213	2136	0	0	0	0	0	1.506870
214	2144	0	0	0	0	0	1.355118
215	2151	0	0	0	2	0	2.580184
216	2159	0	0	0	0	0	1.615100
217	2165	0	0	0	0	0	2.747509
218	2170	0	0	0	2	0	1.134697
219	2181	0	0	0	1	0	1.050760
220	2192	0	0	0	2	0	1.079862
221	2211	0	0	0	1	0	2.800225
222	2226	0	0	0	1	0	1.420039
223	2238	0	0	0	0	0	2.047334
224	2247	0	0	0	2	0	2.569671
225	2262	0	0	0	2	0	2.500541
226	2277	0	0	0	0	0	1.414906
227	2283	0	0	0	2	0	2.611624
228	2290	0	0	0	0	0	1.456763
229	2300	0	0	0	1	0	2.425288
230	2310	0	0	0	2	0	1.494450
231	2320	0	0	0	0	0	2.239208
232	2330	0	0	0	0	0	2.865252
233	2339	0	0	0	1	0	2.856478
234	2350	0	0	0	1	0	2.587512
235	2361	0	0	0	2	0	2.138266
236	2372	0	0	0	0	0	2.269109
237	2384	0	0	0	2	0	1.107715
238	2394	0	0	0	2	0	1.368827
239	2398	0	0	0	0	0	2.407273
240	2411	0	0	0	1	0	1.927572
241	2420	0	0	0	2	0	1.110388
242	2433	0	0	0	2	0	1.227316
243	2443	0	0	0	0	0	2.699938
244	2453	0	0	0	0	0	2.035123
245	2464	0	0	0	1	0	1.587990
246	2472	0	0	0	0	0	2.938724
247	2481	0	0	0	0	0	2.702424
248	2490	0	0	0	0	0	2.626599
249	2502	0	0	0	2	0	2.845948
250	2517	0	0	0	0	0	1.411229
251	2520	0	0	0	1	0	2.402304
252	2534	0	0	0	1	0	1.619399
253	2547	0	0	0	2	0	1.482553
254	2558	0	0	0	0	0	1.039099
255	2569	0	0	0	1	0	1.858708
256	2575	0	0	0	2	0	1.441922
257	2581	0	0	0	2	0	2.203645
258	2590	0	0	0	0	0	1.755503
259	2606	0	0	0	1	0	2.554257
260	2615	0	0	0	1	0	2.025197
261	2628	0	0	0	1	0	2.662771
262	2642	0	0	0	0	0	1.706188
263	2655	0	0	0	1	0	1.020700
264	2663	0	0	0	2	0	2.462785
265	2677	0	0	0	1	0	1.619955
266	2685	0	0	0	0	0	1.630477
267	2695	0	0	0	1	0	1.763460
268	2708	0	0	0	0	0	2.126617
269	2723	0	0	0	1	0	1.088777
270	2732	0	0	0	2	0	2.057212
271	2742	0	0	0	2	0	1.959494
272	2755	0	0	0	0	0	2.906010
273	2762	0	0	0	1	0	1.124078
274	2778	0	0	0	1	0	2.313634
275	2783	0	0	0	1	0	1.509801
276	2791	0	0	0	1	0	1.300570
277	2799	0	0	0	0	0	1.624665
278	2808	0	0	0	1	0	2.184510
279	2819	0	0	0	1	0	2.606702
280	2831	0	0	0	2	0	2.737191
281	2842	0	0	0	2	0	2.987205
282	2853	0	0	0	1	0	2.759048
283	2868	0	0	0	2	0	2.672119
284	2878	0	0	0	1	0	1.208970
285	2890	0	0	0	1	0	2.408700
286	2902	0	0	0	2	0	1.130017
287	2911	0	0	0	0	0	1.814843
288	2916	0	0	0	0	0	1.666823
289	2928	0	0	0	2	0	1.441459
290	2940	0	0	0	0	0	2.693009
291	2947	0	0	0	0	0	2.446669
292	2959	0	0	0	0	0	2.365211
293	2969	0	0	0	1	0	1.154821
294	2976	0	0	0	0	0	2.836200
295	2989	0	0	0	0	0	2.872133
296	3000	0	0	0	2	0	1.882574
297	3007	0	0	0	0	0	2.498002
298	3026	0	0	0	2	0	1.481874
299	3029	0	0	0	0	0	1.960810
300	3040	0	0	0	1	0	2.023585
301	3046	0	0	0	1	0	2.727413
302	3057	0	0	0	2	0	1.031788
303	3069	0	0	0	2	0	2.842720
304	3075	0	0	0	2	0	2.284286
305	3093	0	0	0	2	0	2.670122
306	3101	0	0	0	1	0	2.510026
307	3112	0	0	0	0	0	2.104571
308	3128	0	0	0	0	0	2.078421
309	3137	0	0	0	1	0	1.616086
310	3144	0	0	0	1	0	2.324268
311	3158	0	0	0	2	0	1.940159
312	3171	0	0	0	0	0	2.450964
313	3182	0	0	0	2	0	1.615732
314	3194	0	0	0	2	0	1.106582
315	3200	0	0	0	2	0	1.132484
316	3211	0	0	0	0	0	1.102138
317	3220	0	0	0	0	0	1.145562
318	3228	0	0	0	0	0	2.077598
319	3236	0	0	0	2	0	2.565071
320	3254	0	0	0	1	0	1.049439
321	3261	0	0	0	1	0	1.223712
322	3272	0	0	0	0	0	2.534557
323	3282	0	0	0	2	0	2.347186
324	3291	0	0	0	0	0	2.816421
325	3303	0	0	0	0	0	1.778460
326	3316	0	0	0	0	0	1.105436
327	3323	0	0	0	2	0	1.679925
328	3337	0	0	0	2	0	2.999928
329	3347	0	0	0	1	0	1.547319
330	3356	0	0	0	2	0	2.282907
331	3368	0	0	0	1	0	2.230278
332	3377	0	0	0	1	0	1.116845
333	3384	0	0	0	2	0	2.974394
334	3393	0	0	0	0	0	1.645647
335	3397	0	0	0	0	0	2.414888
336	3399	0	0	0	2	0	2.952239
337	3403	0	0	0	1	0	2.767727
338	3407	0	0	0	1	0	2.965922
339	3416	0	0	0	0	0	2.625246
340	3429	0	0	0	0	0	2.361783
341	3448	0	0	0	1	0	1.499802
342	3456	0	0	0	1	0	2.979462
343	3467	0	0	0	1	0	2.251726
344	3469	0	0	0	0	0	1.932327
345	3476	0	0	0	1	0	2.127847
346	3484	0	0	0	1	0	2.970770
347	3492	0	0	0	1	0	2.563232
348	3504	0	0	0	1	0	1.050796
349	3518	0	0	0	1	0	1.511060
350	3528	0	0	0	0	0	1.509095
351	3536	0	0	0	2	0	1.094341
352	3545	0	0	0	1	0	2.490509
353	3548	0	0	0	0	0	1.232157
354	3556	0	0	0	1	0	2.666471
355	3562	0	0	0	1	0	2.609871
356	3572	0	0	0	1	0	1.840817
357	3581	0	0	0	1	0	2.464746
358	3585	0	0	0	1	0	1.161583
359	3594	0	0	0	1	0	1.931254
360	3610	0	0	0	0	0	1.321081
361	3617	0	0	0	1	0	2.613969
362	3631	0	0	0	2	0	1.040198
363	3644	0	0	0	2	0	2.716612
364	3656	0	0	0	0	0	1.617606
365	3666	0	0	0	2	0	2.388826
366	3671	0	0	0	2	0	2.445160
367	3684	0	0	0	1	0	1.738847
368	3693	0	0	0	1	0	2.037614
369	3707	0	0	0	1	0	1.307384
370	3714	0	0	0	1	0	1.173401
371	3722	0	0	0	2	0	2.997451
372	3737	0	0	0	2	0	1.279334
373	3751	0	0	0	1	0	1.998514
374	3757	0	0	0	1	0	2.406716
375	3765	0	0	0	1	0	1.436267
376	3774	0	0	0	0	0	2.215015
377	3787	0	0	0	1	0	2.713730
378	3798	0	0	0	0	0	2.495643
379	3811	0	0	0	1	0	1.611550
380	3822	0	0	0	1	0	2.572511
381	3836	0	0	0	1	0	1.887621
382	3848	0	0	0	2	0	1.651222
383	3856	0	0	0	0	0	1.353821
384	3866	0	0	0	0	0	1.227577
385	3876	0	0	0	1	0	2.938960
386	3886	0	0	0	1	0	2.097841
387	3895	0	0	0	0	0	1.545037
388	3909	0	0	0	1	0	2.745295
389	3914	0	0	0	2	0	1.860197
390	3924	0	0	0	1	0	1.820998
391	3933	0	0	0	0	0	2.948778
392	3947	0	0	0	1	0	2.857507
393	3956	0	0	0	0	0	1.587382
394	3969	0	0	0	1	0	2.855017
395	3979	0	0	0	0	0	1.278017
396	3989	0	0	0	0	0	2.245208
397	3995	0	0	0	1	0	1.201751
398	4008	0	0	0	2	0	2.886492
399	4022	0	0	0	2	0	2.337047
400	4030	0	0	0	0	0	1.860799
401	4037	0	0	0	2	0	1.631150
402	4049	0	0	0	0	0	1.645549
403	4055	0	0	0	0	0	2.183332
404	4072	0	0	0	1	0	2.243013
405	4090	0	0	0	0	0	1.231307
406	4098	0	0	0	0	0	1.584481
407	4106	0	0	0	2	0	2.517551
408	4121	0	0	0	0	0	1.744246
409	4127	0	0	0	0	0	2.760209
410	4139	0	0	0	1	0	2.176990
411	4149	0	0	0	2	0	1.567099
412	4161	0	0	0	0	0	1.818159
413	4177	0	0	0	1	0	1.581391
414	4189	0	0	0	1	0	1.210615
415	4201	0	0	0	0	0	2.933410
416	4211	0	0	0	0	0	2.688734
417	4221	0	0	0	2	0	1.574430
418	4225	0	0	0	1	0	2.135533
419	4235	0	0	0	0	0	2.117339
420	4244	0	0	0	1	0	2.380045
421	4257	0	0	0	2	0	1.744648
422	4271	0	0	0	0	0	2.159927
423	4286	0	0	0	0	0	1.483387
424	4299	0	0	0	0	0	2.302411
425	4311	0	0	0	1	0	2.472016
426	4322	0	0	0	2	0	2.270219
427	4329	0	0	0	0	0	2.942228
428	4336	0	0	0	2	0	2.689793
429	4348	0	0	0	0	0	1.399407
430	4353	0	0	0	1	0	2.408116
431	4369	0	0	0	1	0	2.576721
432	4378	0	0	0	1	0	2.536371
433	4386	0	0	0	0	0	2.932614
434	4396	0	0	0	0	0	2.948785
435	4401	0	0	0	0	0	1.827894
436	4411	0	0	0	0	0	1.801250
437	4421	0	0	0	2	0	1.453332
438	4428	0	0	0	0	0	2.301693
439	4436	0	0	0	0	0	1.090578
440	4448	0	0	0	1	0	1.580197
441	4458	0	0	0	1	0	2.947539
442	4471	0	0	0	0	0	1.759703
443	4481	0	0	0	0	0	2.834850
444	4490	0	0	0	0	0	2.754368
445	4498	0	0	0	2	0	1.728875
446	4507	0	0	0	0	0	1.691778
447	4517	0	0	0	0	0	2.331814
448	4525	0	0	0	0	0	2.223410
449	4534	0	0	0	1	0	2.502101
450	4544	0	0	0	1	0	2.285225
451	4552	0	0	0	0	0	2.952827
452	4564	0	0	0	1	0	1.249556
453	4577	0	0	0	2	0	2.335338
454	4598	0	0	0	0	0	2.693560
455	4610	0	0	0	2	0	1.626634
456	4623	0	0	0	0	0	2.606576
457	4633	0	0	0	1	0	2.903605
458	4645	0	0	0	0	0	2.459949
459	4663	0	0	0	0	0	2.965402
460	4671	0	0	0	2	0	2.819369
461	4683	0	0	0	0	0	1.429967
462	4699	0	0	0	1	0	2.373917
463	4708	0	0	0	1	0	1.187590
464	4718	0	0	0	2	0	1.803599
465	4726	0	0	0	0	0	2.170730
466	4732	0	0	0	2	0	1.116876
467	4749	0	0	0	0	0	1.443287
468	4757	0	0	0	2	0	1.603295
469	4763	0	0	0	1	0	2.898593
470	4777	0	0	0	2	0	1.419761
471	4785	0	0	0	0	0	1.746994
472	4794	0	0	0	2	0	1.827831
473	4811	0	0	0	1	0	2.421977
474	4824	0	0	0	0	0	1.364279
475	4836	0	0	0	0	0	2.409106
476	4843	0	0	0	2	0	2.285334
477	4851	0	0	0	2	0	1.684741
478	4866	0	0	0	0	0	1.939140
479	4877	0	0	0	0	0	2.271941
480	4888	0	0	0	0	0	2.185247
481	4897	0	0	0	1	0	2.964281
482	4912	0	0	0	2	0	2.561870
483	4926	0	0	0	0	0	1.227571
484	4930	0	0	0	1	0	2.296721
485	4936	0	0	0	2	0	1.462880
486	4943	0	0	0	2	0	1.352681
487	4951	0	0	0	1	0	1.572701
488	4956	0	0	0	1	0	2.026544
489	4965	0	0	0	0	0	2.174160
490	4971	0	0	0	1	0	1.980950
491	4981	0	0	0	2	0	1.266283
492	4989	0	0	0	1	0	2.460126
493	5002	0	0	0	1	0	2.936396
494	5014	0	0	0	0	0	2.882682
495	5026	0	0	0	1	0	1.102584
496	5035	0	0	0	0	0	2.766832
497	5047	0	0	0	1	0	1.992300
498	5054	0	0	0	2	0	1.222277
499	5062	0	0	0	1	0	1.060056
500	5068	0	0	0	2	0	1.404232
501	5076	0	0	0	1	0	2.674565
502	5086	0	0	0	1	0	1.618048
503	5095	0	0	0	1	0	1.062514
504	5101	0	0	0	1	0	2.429939
505	5113	0	0	0	1	0	2.084602
506	5122	0	0	0	1	0	1.435609
507	5128	0	0	0	0	0	1.768294
508	5133	0	0	0	2	0	1.767398
509	5146	0	0	0	0	0	2.372061
510	5163	0	0	0	1	0	2.854224
511	5173	0	0	0	1	0	2.399135
512	5182	0	0	0	1	0	2.971073
513	5190	0	0	0	1	0	2.131910
514	5201	0	0	0	1	0	2.109216
515	5210	0	0	0	0	0	2.199713
516	5221	0	0	0	2	0	2.866280
517	5232	0	0	0	2	0	2.461597
518	5244	0	0	0	1	0	1.558367
519	5256	0	0	0	0	0	1.183132
520	5269	0	0	0	1	0	2.510052
521	5280	0	0	0	1	0	2.520079
522	5293	0	0	0	1	0	1.479495
523	5307	0	0	0	0	0	2.848427
524	5315	0	0	0	1	0	2.563271
525	5323	0	0	0	0	0	2.506710
526	5335	0	0	0	1	0	2.781328
527	5344	0	0	0	2	0	1.153956
528	5356	0	0	0	0	0	2.616894
529	5364	0	0	0	0	0	1.392420
530	5372	0	0	0	1	0	1.540590
531	5391	0	0	0	2	0	1.465636
532	5403	0	0	0	0	0	2.842122
533	5415	0	0	0	1	0	2.288097
534	5423	0	0	0	0	0	1.866074
535	5434	0	0	0	1	0	1.005994
536	5446	0	0	0	2	0	2.792458
537	5456	0	0	0	0	0	1.661076
538	5466	0	0	0	0	0	2.380141
539	5480	0	0	0	2	0	1.717051
540	5489	0	0	0	1	0	1.043867
541	5500	0	0	0	0	0	2.214813
542	5511	0	0	0	0	0	2.629024
543	5516	0	0	0	2	0	2.257572
544	5529	0	0	0	1	0	2.232367
545	5540	0	0	0	0	0	1.662625
546	5551	0	0	0	1	0	1.748059
547	5562	0	0	0	2	0	2.354948
548	5573	0	0	0	1	0	2.944889
549	5582	0	0	0	2	0	2.076250
550	5589	0	0	0	1	0	1.932162
551	5598	0	0	0	1	0	2.022677
552	5607	0	0	0	0	0	1.867874
553	5615	0	0	0	2	0	1.947247
554	5624	0	0	0	1	0	2.109225
555	5633	0	0	0	0	0	1.917078
556	5643	0	0	0	1	0	2.877517
557	5652	0	0	0	2	0	2.771870
558	5665	0	0	0	1	0	1.754091
559	5674	0	0	0	2	0	1.441076
560	5683	0	0	0	0	0	2.225244
561	5691	0	0	0	0	0	2.647186
562	5697	0	0	0	1	0	1.172539
563	5708	0	0	0	2	0	1.643424
564	5714	0	0	0	2	0	1.347938
565	5720	0	0	0	0	0	1.152155
566	5732	0	0	0	0	0	1.062068
567	5743	0	0	0	1	0	2.870135
568	5755	0	0	0	1	0	1.237432
569	5759	0	0	0	0	0	1.544100
570	5771	0	0	0	1	0	2.507189
571	5784	0	0	0	0	0	2.170566
572	5795	0	0	0	1	0	1.749043
573	5802	0	0	0	2	0	2.871645
574	5807	0	0	0	0	0	2.795944
575	5814	0	0	0	0	0	2.754306
576	5827	0	0	0	0	0	1.409356
577	5834	0	0	0	0	0	1.509154
578	5845	0	0	0	2	0	2.408647
579	5858	0	0	0	2	0	2.052725
580	5878	0	0	0	1	0	1.517637
581	5883	0	0	0	1	0	1.735547
582	5893	0	0	0	2	0	1.729132
583	5901	0	0	0	1	0	2.366263
584	5916	0	0	0	0	0	2.594190
585	5923	0	0	0	1	0	1.522136
586	5933	0	0	0	2	0	2.067179
587	5943	0	0	0	1	0	2.106838
588	5952	0	0	0	1	0	1.412980
589	5964	0	0	0	1	0	2.739698
590	5974	0	0	0	1	0	2.528066
591	5983	0	0	0	0	0	2.003329
592	5992	0	0	0	1	0	2.812673
593	5998	0	0	0	0	0	1.128637
594	6003	0	0	0	0	0	1.594645
595	6016	0	0	0	2	0	2.558635
596	6023	0	0	0	0	0	2.172762
597	6030	0	0	0	0	0	2.499092
598	6043	0	0	0	0	0	1.407762
599	6057	0	0	0	0	0	1.136203
600	6065	0	0	0	0	0	2.228514
601	6077	0	0	0	2	0	2.191885
602	6093	0	0	0	1	0	2.196882
603	6104	0	0	0	2	0	2.992547
604	6119	0	0	0	2	0	2.450525
605	6127	0	0	0	0	0	2.366762
606	6135	0	0	0	0	0	2.495562
607	6143	0	0	0	1	0	1.246283
608	6153	0	0	0	0	0	1.128077
609	6162	0	0	0	0	0	1.549591
610	6168	0	0	0	2	0	1.563551
611	6175	0	0	0	1	0	1.687594
612	6186	0	0	0	0	0	2.657267
613	6193	0	0	0	1	0	1.201701
614	6202	0	0	0	0	0	2.687160
615	6206	0	0	0	0	0	2.707834
616	6218	0	0	0	0	0	1.785859
617	6225	0	0	0	2	0	2.988413
618	6233	0	0	0	2	0	1.422333
619	6242	0	0	0	2	0	1.500602
620	6254	0	0	0	1	0	2.962915
621	6263	0	0	0	1	0	1.337339
622	6273	0	0	0	1	0	1.627204
623	6281	0	0	0	0	0	1.645183
624	6294	0	0	0	0	0	1.519914
625	6304	0	0	0	2	0	1.846040
626	6314	0	0	0	0	0	2.182198
627	6324	0	0	0	0	0	1.701149
628	6330	0	0	0	2	0	1.901985
629	6346	0	0	0	0	0	1.192469
630	6353	0	0	0	0	0	1.708803
631	6363	0	0	0	0	0	2.679502
632	6382	0	0	0	1	0	1.296450
633	6388	0	0	0	0	0	2.756530
634	6397	0	0	0	1	0	1.052289
635	6404	0	0	0	1	0	1.634251
636	6410	0	0	0	1	0	1.869179
637	6419	0	0	0	0	0	1.252635
638	6429	0	0	0	0	0	2.030901
639	6439	0	0	0	2	0	2.332055
640	6446	0	0	0	0	0	2.705688
641	6463	0	0	0	0	0	1.715350
642	6475	0	0	0	0	0	2.048638
643	6488	0	0	0	0	0	1.362816
644	6496	0	0	0	0	0	1.859587
645	6512	0	0	0	0	0	1.226111
646	6520	0	0	0	1	0	1.170221
647	6531	0	0	0	0	0	2.477778
648	6543	0	0	0	2	0	1.137193
649	6553	0	0	0	1	0	1.570800
650	6562	0	0	0	1	0	2.279200
651	6564	0	0	0	1	0	1.225309
652	6576	0	0	0	0	0	2.746465
653	6589	0	0	0	1	0	1.469873
654	6599	0	0	0	0	0	2.040716
655	6612	0	0	0	0	0	2.978907
656	6619	0	0	0	0	0	1.130488
657	6630	0	0	0	2	0	1.677655
658	6645	0	0	0	0	0	1.321557
659	6653	0	0	0	2	0	2.964180
660	6664	0	0	0	0	0	2.797992
661	6675	0	0	0	2	0	1.531797
662	6680	0	0	0	1	0	2.845097
663	6693	0	0	0	2	0	1.034342
664	6702	0	0	0	0	0	1.856061
665	6714	0	0	0	0	0	1.362545
666	6727	0	0	0	0	0	2.188043
667	6733	0	0	0	0	0	1.201735
668	6742	0	0	0	0	0	2.656256
669	6748	0	0	0	1	0	1.582505
670	6758	0	0	0	2	0	1.312540
671	6772	0	0	0	2	0	1.552047
672	6779	0	0	0	1	0	1.016376
673	6792	0	0	0	0	0	2.754165
674	6806	0	0	0	0	0	1.128231
675	6810	0	0	0	2	0	2.998161
676	6826	0	0	0	0	0	2.590064
677	6836	0	0	0	0	0	2.074162
678	6848	0	0	0	2	0	2.928233
679	6857	0	0	0	1	0	1.289470
680	6865	0	0	0	0	0	1.728674
681	6873	0	0	0	0	0	1.525044
682	6882	0	0	0	1	0	2.903890
683	6888	0	0	0	0	0	1.611676
684	6892	0	0	0	2	0	2.118276
685	6900	0	0	0	1	0	1.464404
686	6917	0	0	0	0	0	1.628970
687	6926	0	0	0	0	0	2.742459
688	6938	0	0	0	0	0	1.482529
689	6947	0	0	0	0	0	2.170735
690	6954	0	0	0	1	0	2.771259
691	6967	0	0	0	0	0	1.082092
692	6976	0	0	0	0	0	1.635032
693	6988	0	0	0	2	0	2.275176
694	6994	0	0	0	2	0	1.036866
695	7010	0	0	0	0	0	2.776164
696	7019	0	0	0	1	0	1.855614
697	7027	0	0	0	1	0	1.463260
698	7038	0	0	0	2	0	1.800837
699	7044	0	0	0	0	0	2.524601
700	7054	0	0	0	2	0	2.217057
701	7070	0	0	0	1	0	1.190745
702	7076	0	0	0	1	0	1.997712
703	7088	0	0	0	0	0	2.654333
704	7096	0	0	0	2	0	2.914774
705	7113	0	0	0	1	0	2.907266
706	7126	0	0	0	1	0	2.629970
707	7135	0	0	0	2	0	1.672950
708	7145	0	0	0	0	0	1.110366
709	7159	0	0	0	1	0	2.870453
710	7172	0	0	0	1	0	1.242679
711	7178	0	0	0	0	0	2.955718
712	7194	0	0	0	2	0	2.534614
713	7202	0	0	0	0	0	1.883257
714	7211	0	0	0	0	0	1.613322
715	7217	0	0	0	2	0	2.843085
716	7228	0	0	0	2	0	2.036950
717	7236	0	0	0	1	0	1.823888
718	7243	0	0	0	0	0	1.946357
719	7252	0	0	0	1	0	2.886887
720	7261	0	0	0	2	0	1.816212
721	7270	0	0	0	2	0	2.505591
722	7280	0	0	0	0	0	1.037116
723	7289	0	0	0	0	0	2.045818
724	7298	0	0	0	0	0	2.806874
725	7309	0	0	0	2	0	1.357149
726	7320	0	0	0	2	0	1.472807
727	7324	0	0	0	0	0	2.009464
728	7329	0	0	0	1	0	1.430378
729	7340	0	0	0	2	0	2.536388
730	7349	0	0	0	2	0	2.852093
731	7359	0	0	0	1	0	1.594551
732	7372	0	0	0	1	0	2.954507
733	7383	0	0	0	2	0	1.929673
734	7388	0	0	0	1	0	2.174382
735	7397	0	0	0	2	0	1.603406
736	7407	0	0	0	0	0	2.124013
737	7425	0	0	0	0	0	1.366171
738	7439	0	0	0	2	0	2.002832
739	7446	0	0	0	1	0	2.144360
740	7460	0	0	0	1	0	1.661209
741	7470	0	0	0	2	0	2.796058
742	7477	0	0	0	0	0	1.504625
743	7490	0	0	0	0	0	1.321523
744	7502	0	0	0	1	0	1.130011
745	7511	0	0	0	1	0	1.543409
746	7516	0	0	0	2	0	2.404803
747	7524	0	0	0	0	0	2.751143
748	7536	0	0	0	0	0	1.406316
749	7547	0	0	0	2	0	1.316682
750	7554	0	0	0	1	0	2.369125
751	7559	0	0	0	0	0	1.379859
752	7567	0	0	0	2	0	1.854474
753	7577	0	0	0	2	0	1.830086
754	7590	0	0	0	2	0	2.352513
755	7596	0	0	0	2	0	1.228628
756	7600	0	0	0	0	0	2.815581
757	7617	0	0	0	0	0	1.586178
758	7627	0	0	0	0	0	2.549884
759	7635	0	0	0	1	0	2.137076
760	7650	0	0	0	0	0	1.884143
761	7655	0	0	0	0	0	1.643177
762	7667	0	0	0	0	0	2.008728
763	7680	0	0	0	1	0	2.935306
764	7689	0	0	0	0	0	1.352582
765	7695	0	0	0	2	0	2.434939
766	7709	0	0	0	2	0	2.785783
767	7716	0	0	0	0	0	1.529128
768	7721	0	0	0	2	0	1.031143
769	7726	0	0	0	0	0	2.294662
770	7731	0	0	0	1	0	2.464044
771	7743	0	0	0	1	0	2.200498
772	7753	0	0	0	0	0	1.300081
773	7760	0	0	0	2	0	2.267419
774	7772	0	0	0	0	0	1.424035
775	7783	0	0	0	0	0	2.899939
776	7793	0	0	0	2	0	1.238541
777	7804	0	0	0	0	0	1.844644
778	7810	0	0	0	0	0	2.469390
779	7817	0	0	0	0	0	1.519095
780	7826	0	0	0	1	0	1.310442
781	7836	0	0	0	2	0	1.212554
782	7853	0	0	0	0	0	1.605293
783	7863	0	0	0	1	0	1.343130
784	7873	0	0	0	0	0	1.256151
785	7881	0	0	0	1	0	2.696870
786	7892	0	0	0	0	0	1.893913
787	7907	0	0	0	0	0	2.662863
788	7917	0	0	0	2	0	1.589895
789	7931	0	0	0	1	0	2.224895
790	7944	0	0	0	0	0	1.704938
791	7955	0	0	0	0	0	2.914168
792	7970	0	0	0	0	0	2.495761
793	7980	0	0	0	0	0	1.458445
794	7983	0	0	0	2	0	1.737526
795	7994	0	0	0	2	0	1.685587
796	7999	0	0	0	1	0	2.737566
797	8008	0	0	0	1	0	2.679246
798	8018	0	0	0	0	0	2.039755
799	8029	0	0	0	0	0	2.850237
800	8036	0	0	0	2	0	2.405353
801	8040	0	0	0	2	0	2.169149
802	8054	0	0	0	1	0	1.342120
803	8065	0	0	0	0	0	2.224350
804	8072	0	0	0	1	0	2.083256
805	8079	0	0	0	0	0	1.342875
806	8086	0	0	0	2	0	1.903144
807	8093	0	0	0	0	0	2.002605
808	8102	0	0	0	2	0	2.485903
809	8108	0	0	0	1	0	2.822426
810	8121	0	0	0	2	0	1.531270
811	8127	0	0	0	1	0	2.922877
812	8143	0	0	0	2	0	1.209801
813	8153	0	0	0	2	0	2.997334
814	8165	0	0	0	1	0	2.628607
815	8175	0	0	0	2	0	2.359770
816	8181	0	0	0	1	0	1.887693
817	8195	0	0	0	0	0	2.106290
818	8203	0	0	0	0	0	2.678422
819	8209	0	0	0	2	0	2.193986
820	8221	0	0	0	1	0	1.877876
821	8231	0	0	0	2	0	2.435031
822	8244	0	0	0	1	0	1.779620
823	8253	0	0	0	1	0	1.407401
824	8262	0	0	0	0	0	1.776821
825	8266	0	0	0	0	0	1.625406
826	8274	0	0	0	0	0	1.638742
827	8286	0	0	0	0	0	1.554394
828	8293	0	0	0	1	0	1.051610
829	8305	0	0	0	2	0	1.170144
830	8318	0	0	0	0	0	1.760234
831	8324	0	0	0	0	0	2.227231
832	8336	0	0	0	2	0	1.740286
833	8342	0	0	0	1	0	2.641518
834	8355	0	0	0	2	0	2.155278
835	8361	0	0	0	1	0	1.364822
836	8368	0	0	0	0	0	2.613025
837	8382	0	0	0	1	0	2.803029
838	8393	0	0	0	1	0	2.937442
839	8398	0	0	0	2	0	2.502164
840	8408	0	0	0	0	0	1.319622
841	8419	0	0	0	1	0	1.921087
842	8422	0	0	0	0	0	2.229436
843	8428	0	0	0	2	0	2.454470
844	8440	0	0	0	1	0	2.593523
845	8449	0	0	0	2	0	2.275203
846	8460	0	0	0	2	0	2.859278
847	8471	0	0	0	2	0	1.233443
848	8486	0	0	0	1	0	2.503987
849	8497	0	0	0	1	0	2.349331
850	8507	0	0	0	1	0	1.963462
851	8513	0	0	0	1	0	2.224256
852	8526	0	0	0	0	0	2.566745
853	8535	0	0	0	0	0	1.770547
854	8544	0	0	0	2	0	2.243065
855	8555	0	0	0	0	0	2.761120
856	8563	0	0	0	1	0	1.950116
857	8580	0	0	0	0	0	2.448796
858	8596	0	0	0	0	0	2.811554
859	8608	0	0	0	1	0	1.090000
860	8620	0	0	0	1	0	1.454279
861	8630	0	0	0	2	0	2.664624
862	8640	0	0	0	2	0	1.948267
863	8647	0	0	0	1	0	2.045493
864	8657	0	0	0	1	0	2.597821
865	8663	0	0	0	0	0	2.760528
866	8672	0	0	0	2	0	2.898439
867	8679	0	0	0	0	0	2.624576
868	8686	0	0	0	1	0	1.741969
869	8694	0	0	0	1	0	2.188061
870	8703	0	0	0	1	0	1.465014
871	8713	0	0	0	2	0	1.892452
872	8724	0	0	0	1	0	2.391461
873	8736	0	0	0	0	0	2.191476
874	8740	0	0	0	2	0	2.746969
875	8750	0	0	0	0	0	1.651461
876	8754	0	0	0	1	0	2.180156
877	8762	0	0	0	1	0	2.192333
878	8776	0	0	0	0	0	1.921433
879	8783	0	0	0	1	0	2.871445
880	8789	0	0	0	0	0	2.391700
881	8799	0	0	0	1	0	1.445658
882	8808	0	0	0	1	0	1.257577
883	8819	0	0	0	1	0	1.394202
884	8831	0	0	0	2	0	2.626078
885	8840	0	0	0	2	0	2.196273
886	8850	0	0	0	2	0	1.865905
887	8859	0	0	0	1	0	2.585091
888	8865	0	0	0	0	0	1.802626
889	8871	0	0	0	1	0	1.330064
890	8880	0	0	0	2	0	1.257406
891	8890	0	0	0	1	0	2.038929
892	8899	0	0	0	0	0	1.339259
893	8909	0	0	0	0	0	2.106662
894	8918	0	0	0	0	0	1.386630
895	8932	0	0	0	1	0	2.776984
896	8940	0	0	0	0	0	2.038253
897	8951	0	0	0	0	0	1.068875
898	8960	0	0	0	1	0	1.493426
899	8965	0	0	0	2	0	2.053876
900	8981	0	0	0	2	0	1.938285
901	8991	0	0	0	2	0	1.611668
902	8998	0	0	0	2	0	1.966476
903	9010	0	0	0	1	0	2.394171
904	9019	0	0	0	1	0	2.086229
905	9030	0	0	0	2	0	2.789618
906	9049	0	0	0	1	0	1.155800
907	9060	0	0	0	2	0	2.364932
908	9068	0	0	0	2	0	1.609345
909	9079	0	0	0	2	0	1.810474
910	9089	0	0	0	1	0	2.839763
911	9100	0	0	0	2	0	2.088912
912	9111	0	0	0	0	0	2.003580
913	9123	0	0	0	0	0	2.841344
914	9134	0	0	0	2	0	2.996405
915	9138	0	0	0	0	0	2.094842
916	9150	0	0	0	0	0	1.332927
917	9159	0	0	0	2	0	1.576567
918	9167	0	0	0	0	0	2.410851
919	9177	0	0	0	2	0	2.638405
920	9187	0	0	0	1	0	2.589295
921	9198	0	0	0	2	0	2.520926
922	9210	0	0	0	2	0	1.472226
923	9223	0	0	0	1	0	1.782455
924	9232	0	0	0	0	0	2.558275
925	9235	0	0	0	1	0	2.186315
926	9252	0	0	0	1	0	2.443560
927	9268	0	0	0	0	0	2.368263
928	9282	0	0	0	1	0	2.029299
929	9291	0	0	0	2	0	1.920094
930	9298	0	0	0	0	0	1.094524
931	9304	0	0	0	0	0	2.490873
932	9314	0	0	0	2	0	2.720810
933	9334	0	0	0	1	0	2.750810
934	9337	0	0	0	2	0	1.975044
935	9349	0	0	0	2	0	1.479742
936	9357	0	0	0	1	0	1.054522
937	9370	0	0	0	1	0	2.855183
938	9387	0	0	0	2	0	2.246658
939	9400	0	0	0	0	0	1.838292
940	9408	0	0	0	1	0	2.440558
941	9419	0	0	0	1	0	1.893221
942	9427	0	0	0	1	0	1.285191
943	9437	0	0	0	1	0	1.620050
944	9447	0	0	0	0	0	2.739141
945	9457	0	0	0	0	0	2.638870
946	9469	0	0	0	2	0	2.414078
947	9483	0	0	0	0	0	2.397692
948	9489	0	0	0	0	0	1.166280
949	9497	0	0	0	0	0	2.130692
950	9511	0	0	0	1	0	2.929334
951	9520	0	0	0	1	0	1.151500
952	9536	0	0	0	1	0	2.318116
953	9549	0	0	0	2	0	2.901410
954	9556	0	0	0	2	0	1.683835
955	9563	0	0	0	0	0	2.223668
956	9575	0	0	0	0	0	1.707224
957	9585	0	0	0	1	0	1.578063
958	9591	0	0	0	1	0	1.204448
959	9604	0	0	0	1	0	1.615679
960	9616	0	0	0	0	0	1.731849
961	9626	0	0	0	0	0	1.647483
962	9635	0	0	0	1	0	2.853453
963	9645	0	0	0	1	0	1.070569
964	9653	0	0	0	0	0	2.049641
965	9663	0	0	0	1	0	2.765713
966	9674	0	0	0	1	0	1.698527
967	9680	0	0	0	0	0	2.902604
968	9692	0	0	0	1	0	2.233129
969	9703	0	0	0	0	0	2.936759
970	9711	0	0	0	0	0	1.851785
971	9718	0	0	0	2	0	2.418767
972	9733	0	0	0	0	0	1.530925
973	9744	0	0	0	0	0	1.473449
974	9753	0	0	0	1	0	2.866391
975	9760	0	0	0	1	0	1.448890
976	9769	0	0	0	0	0	2.859817
977	9777	0	0	0	1	0	2.513250
978	9790	0	0	0	2	0	1.806880
979	9796	0	0	0	2	0	2.906989
980	9807	0	0	0	2	0	2.944269
981	9817	0	0	0	1	0	1.848052
982	9830	0	0	0	0	0	1.769839
983	9836	0	0	0	2	0	2.027746
984	9848	0	0	0	0	0	2.523184
985	9862	0	0	0	0	0	1.939986
986	9876	0	0	0	1	0	1.501823
987	9887	0	0	0	1	0	1.915917
988	9898	0	0	0	1	0	1.760331
989	9908	0	0	0	2	0	1.239514
990	9918	0	0	0	0	0	2.969144
991	9927	0	0	0	0	0	1.681070
992	9941	0	0	0	1	0	2.022774
993	9953	0	0	0	1	0	1.847710
994	9961	0	0	0	1	0	1.226446
995	9969	0	0	0	0	0	1.208623
996	9979	0	0	0	0	0	1.559954
997	9989	0	0	0	2	0	2.978964
998	10005	0	0	0	2	0	1.368259
999	10018	0	0	0	2	0	1.960967
