0	1	0	0	0	2	0	1.905061
1	8	0	0	0	0	0	1.095978
2	17	0	0	0	1	0	2.262638
3	25	0	0	0	2	0	2.297138
4	37	0	0	0	2	0	2.805331
5	41	0	0	0	0	0	2.780946
6	49	0	0	0	0	0	2.430302
7	53	0	0	0	2	0	1.843557
8	56	0	0	0	1	0	2.517075
9	64	0	0	0	1	0	2.221315
10	72	0	0	0	1	0	1.706709
11	82	0	0	0	2	0	2.950038
12	90	0	0	0	1	0	1.835358
13	105	0	0	0	0	0	2.016156
14	113	0	0	0	1	0	2.768622
15	122	0	0	0	1	0	2.644646
16	135	0	0	0	1	0	2.894895
17	145	0	0	0	0	0	2.533918
18	154	0	0	0	1	0	1.645735
19	164	0	0	0	2	0	2.673010
20	179	0	0	0	1	0	1.966762
21	182	0	0	0	1	0	1.467394
22	188	0	0	0	2	0	1.566141
23	197	0	0	0	1	0	2.774235
24	215	0	0	0	0	0	1.875361
25	227	0	0	0	0	0	1.553932
26	240	0	0	0	0	0	2.630807
27	250	0	0	0	0	0	2.743419
28	258	0	0	0	2	0	1.019330
29	268	0	0	0	0	0	2.931381
30	279	0	0	0	0	0	1.955008
31	289	0	0	0	0	0	2.995272
32	294	0	0	0	2	0	2.148151
33	306	0	0	0	0	0	2.676282
34	314	0	0	0	0	0	1.876805
35	327	0	0	0	2	0	1.555048
36	334	0	0	0	2	0	1.491959
37	351	0	0	0	1	0	1.117840
38	361	0	0	0	1	0	1.276247
39	366	0	0	0	2	0	1.484256
40	382	0	0	0	0	0	2.963182
41	395	0	0	0	2	0	2.419733
42	402	0	0	0	0	0	1.803949
43	418	0	0	0	0	0	1.951185
44	429	0	0	0	1	0	1.877598
45	434	0	0	0	0	0	1.351810
46	453	0	0	0	2	0	2.018467
47	463	0	0	0	1	0	1.772464
48	476	0	0	0	1	0	2.147720
49	487	0	0	0	0	0	1.789970
50	495	0	0	0	0	0	2.372223
51	508	0	0	0	1	0	2.861242
52	521	0	0	0	1	0	1.724421
53	538	0	0	0	2	0	1.527901
54	545	0	0	0	1	0	2.045917
55	554	0	0	0	1	0	2.153831
56	557	0	0	0	0	0	2.405575
57	564	0	0	0	0	0	2.431955
58	578	0	0	0	0	0	1.976392
59	591	0	0	0	2	0	1.058214
60	599	0	0	0	0	0	1.608805
61	612	0	0	0	0	0	2.583170
62	619	0	0	0	1	0	1.976582
63	634	0	0	0	0	0	2.937191
64	644	0	0	0	1	0	1.141280
65	658	0	0	0	0	0	1.465653
66	668	0	0	0	2	0	2.465359
67	677	0	0	0	0	0	2.632357
68	684	0	0	0	0	0	2.084487
69	692	0	0	0	2	0	1.097995
70	700	0	0	0	0	0	2.157137
71	708	0	0	0	0	0	1.225096
72	719	0	0	0	0	0	1.721603
73	726	0	0	0	1	0	2.450609
74	738	0	0	0	2	0	2.363297
75	748	0	0	0	1	0	2.337265
76	757	0	0	0	0	0	2.724323
77	765	0	0	0	2	0	2.542939
78	782	0	0	0	0	0	2.565576
79	791	0	0	0	2	0	1.939956
80	799	0	0	0	0	0	1.456047
81	817	0	0	0	2	0	2.486074
82	830	0	0	0	0	0	2.891277
83	840	0	0	0	0	0	1.396078
84	844	0	0	0	1	0	2.528378
85	849	0	0	0	0	0	1.334093
86	853	0	0	0	0	0	2.967054
87	858	0	0	0	0	0	2.832838
88	869	0	0	0	0	0	2.363397
89	878	0	0	0	2	0	2.535126
90	891	0	0	0	2	0	1.406237
91	900	0	0	0	2	0	1.585535
92	912	0	0	0	1	0	2.656191
93	922	0	0	0	0	0	1.594786
94	930	0	0	0	0	0	2.338510
95	941	0	0	0	0	0	1.028645
96	949	0	0	0	0	0	2.130842
97	957	0	0	0	0	0	1.110462
98	964	0	0	0	2	0	1.599859
99	973	0	0	0	0	0	2.683522
100	980	0	0	0	0	0	2.459445
101	991	0	0	0	1	0	2.084765
102	1001	0	0	0	1	0	1.784578
103	1013	0	0	0	2	0	2.280488
104	1024	0	0	0	0	0	1.023103
105	1030	0	0	0	0	0	1.375720
106	1037	0	0	0	0	0	2.675603
107	1047	0	0	0	2	0	2.647077
108	1060	0	0	0	1	0	2.833078
109	1072	0	0	0	0	0	2.799183
110	1085	0	0	0	2	0	1.485349
111	1094	0	0	0	2	0	1.347621
112	1103	0	0	0	1	0	1.872075
113	1108	0	0	0	1	0	2.949987
114	1123	0	0	0	0	0	2.977435
115	1133	0	0	0	2	0	1.482797
116	1141	0	0	0	0	0	2.800166
117	1151	0	0	0	1	0	2.896595
118	1158	0	0	0	0	0	1.604922
119	1172	0	0	0	0	0	2.288545
120	1179	0	0	0	1	0	2.482590
121	1189	0	0	0	1	0	2.593292
122	1200	0	0	0	2	0	1.206188
123	1208	0	0	0	0	0	1.977468
124	1216	0	0	0	1	0	1.501917
125	1223	0	0	0	1	0	1.118046
126	1230	0	0	0	2	0	2.854499
127	1234	0	0	0	2	0	1.842120
128	1250	0	0	0	0	0	2.191369
129	1256	0	0	0	0	0	2.502105
130	1268	0	0	0	1	0	2.457852
131	1283	0	0	0	0	0	1.518054
132	1296	0	0	0	1	0	2.767476
133	1307	0	0	0	0	0	2.990697
134	1317	0	0	0	0	0	1.468203
135	1329	0	0	0	1	0	2.223099
136	1337	0	0	0	0	0	1.631102
137	1342	0	0	0	2	0	1.367818
138	1355	0	0	0	0	0	1.080323
139	1362	0	0	0	0	0	2.601694
140	1375	0	0	0	1	0	1.731115
141	1393	0	0	0	2	0	2.953934
142	1402	0	0	0	0	0	2.617773
143	1412	0	0	0	1	0	1.594706
144	1425	0	0	0	2	0	1.834720
145	1433	0	0	0	1	0	1.315251
146	1440	0	0	0	1	0	2.519096
147	1448	0	0	0	1	0	1.246420
148	1454	0	0	0	0	0	1.393818
149	1465	0	0	0	2	0	1.566212
150	1479	0	0	0	1	0	1.052149
151	1486	0	0	0	1	0	1.334217
152	1494	0	0	0	1	0	2.005710
153	1506	0	0	0	1	0	1.272814
154	1517	0	0	0	0	0	2.112999
155	1527	0	0	0	1	0	1.028179
156	1539	0	0	0	0	0	2.136402
157	1551	0	0	0	1	0	1.292166
158	1560	0	0	0	1	0	1.337590
159	1573	0	0	0	0	0	1.464044
160	1581	0	0	0	0	0	1.173632
161	1589	0	0	0	2	0	1.924207
162	1596	0	0	0	0	0	2.233823
163	1607	0	0	0	2	0	1.869957
164	1618	0	0	0	2	0	2.823305
165	1628	0	0	0	0	0	1.562071
166	1643	0	0	0	0	0	1.309352
167	1653	0	0	0	0	0	2.696252
168	1660	0	0	0	0	0	2.090589
169	1670	0	0	0	2	0	1.572686
170	1676	0	0	0	0	0	2.744238
171	1687	0	0	0	2	0	2.336358
172	1698	0	0	0	1	0	2.302981
173	1708	0	0	0	2	0	2.261880
174	1716	0	0	0	2	0	2.807761
175	1723	0	0	0	0	0	2.775343
176	1733	0	0	0	0	0	2.479879
177	1737	0	0	0	0	0	1.440464
178	1746	0	0	0	0	0	1.903517
179	1758	0	0	0	0	0	2.262857
180	1766	0	0	0	0	0	1.084696
181	1776	0	0	0	0	0	2.421183
182	1783	0	0	0	0	0	2.606534
183	1795	0	0	0	2	0	2.646460
184	1803	0	0	0	1	0	2.813774
185	1811	0	0	0	1	0	2.221475
186	1823	0	0	0	0	0	2.897742
187	1837	0	0	0	1	0	1.978978
188	1843	0	0	0	1	0	1.757347
189	1850	0	0	0	2	0	2.570441
190	1862	0	0	0	0	0	2.882302
191	1875	0	0	0	1	0	2.866562
192	1882	0	0	0	2	0	1.447429
193	1888	0	0	0	2	0	1.858725
194	1901	0	0	0	1	0	2.970407
195	1913	0	0	0	0	0	2.605781
196	1923	0	0	0	0	0	1.326916
197	1929	0	0	0	2	0	1.443164
198	1936	0	0	0	1	0	2.650780
199	1949	0	0	0	0	0	2.040350
200	1953	0	0	0	2	0	2.184564
201	1964	0	0	0	1	0	2.827656
202	1968	0	0	0	0	0	1.305987
203	1985	0	0	0	0	0	2.922535
204	1996	0	0	0	1	0	2.939181
205	2004	0	0	0	1	0	1.163685
206	2017	0	0	0	1	0	1.371391
207	2027	0	0	0	1	0	1.042178
208	2041	0	0	0	1	0	2.616510
209	2050	0	0	0	2	0	2.997904
210	2057	0	0	0	2	0	1.449218
211	2067	0	0	0	2	0	2.055148
212	2075	0	0	0	1	0	2.236877
213	2086	0	0	0	1	0	1.600938
214	2101	0	0	0	2	0	1.793793
215	2113	0	0	0	1	0	2.629214
216	2124	0	0	0	0	0	1.328677
217	2135	0	0	0	0	0	1.789924
218	2150	0	0	0	0	0	2.991933
219	2158	0	0	0	1	0	1.692049
220	2166	0	0	0	0	0	1.460715
221	2179	0	0	0	0	0	2.180232
222	2183	0	0	0	1	0	1.717162
223	2192	0	0	0	2	0	2.518935
224	2202	0	0	0	2	0	1.444274
225	2211	0	0	0	1	0	2.463589
226	2223	0	0	0	2	0	1.182658
227	2237	0	0	0	2	0	1.928399
228	2247	0	0	0	0	0	1.143975
229	2255	0	0	0	0	0	2.480166
230	2266	0	0	0	1	0	2.977322
231	2277	0	0	0	1	0	1.820007
232	2287	0	0	0	1	0	2.835877
233	2295	0	0	0	0	0	2.330920
234	2303	0	0	0	0	0	2.227669
235	2307	0	0	0	1	0	2.465305
236	2320	0	0	0	0	0	1.207513
237	2328	0	0	0	0	0	2.825684
238	2342	0	0	0	0	0	1.361996
239	2351	0	0	0	1	0	2.432959
240	2364	0	0	0	0	0	2.036477
241	2372	0	0	0	1	0	2.621769
242	2378	0	0	0	1	0	1.243982
243	2389	0	0	0	1	0	1.139992
244	2400	0	0	0	1	0	2.910739
245	2408	0	0	0	1	0	1.350015
246	2417	0	0	0	1	0	2.087034
247	2431	0	0	0	0	0	1.450474
248	2445	0	0	0	1	0	2.230260
249	2454	0	0	0	1	0	2.418322
250	2460	0	0	0	0	0	2.706712
251	2467	0	0	0	1	0	1.556145
252	2477	0	0	0	0	0	2.146851
253	2488	0	0	0	2	0	1.195995
254	2497	0	0	0	1	0	2.222511
255	2507	0	0	0	1	0	1.670673
256	2514	0	0	0	0	0	1.004069
257	2523	0	0	0	2	0	2.405359
258	2531	0	0	0	2	0	2.802940
259	2539	0	0	0	0	0	2.340788
260	2551	0	0	0	2	0	2.499068
261	2557	0	0	0	2	0	1.255102
262	2565	0	0	0	0	0	1.428897
263	2582	0	0	0	2	0	2.856330
264	2593	0	0	0	0	0	2.868321
265	2600	0	0	0	2	0	2.692539
266	2612	0	0	0	2	0	1.794288
267	2622	0	0	0	1	0	2.381080
268	2628	0	0	0	0	0	2.278600
269	2637	0	0	0	2	0	1.848843
270	2647	0	0	0	1	0	2.524768
271	2663	0	0	0	2	0	1.342852
272	2673	0	0	0	2	0	1.924866
273	2686	0	0	0	2	0	2.514789
274	2694	0	0	0	1	0	1.252615
275	2708	0	0	0	0	0	2.049081
276	2716	0	0	0	0	0	1.254203
277	2722	0	0	0	2	0	1.955014
278	2730	0	0	0	0	0	2.601989
279	2737	0	0	0	1	0	2.425387
280	2749	0	0	0	1	0	2.843530
281	2752	0	0	0	0	0	1.563131
282	2765	0	0	0	1	0	1.140334
283	2774	0	0	0	2	0	2.721991
284	2789	0	0	0	2	0	2.504098
285	2798	0	0	0	0	0	1.709164
286	2805	0	0	0	2	0	1.007864
287	2817	0	0	0	0	0	2.404267
288	2829	0	0	0	0	0	1.303731
289	2842	0	0	0	2	0	1.509196
290	2856	0	0	0	0	0	2.361450
291	2865	0	0	0	0	0	1.359560
292	2871	0	0	0	1	0	2.758630
293	2879	0	0	0	0	0	2.987555
294	2890	0	0	0	0	0	1.902666
295	2902	0	0	0	1	0	1.372284
296	2914	0	0	0	1	0	1.088948
297	2924	0	0	0	0	0	1.846945
298	2932	0	0	0	0	0	1.027357
299	2942	0	0	0	0	0	1.908783
300	2958	0	0	0	2	0	1.340066
301	2967	0	0	0	0	0	2.845973
302	2978	0	0	0	1	0	2.769357
303	2999	0	0	0	1	0	2.035084
304	3013	0	0	0	2	0	2.157942
305	3020	0	0	0	0	0	1.390547
306	3029	0	0	0	2	0	2.781979
307	3038	0	0	0	1	0	2.586442
308	3050	0	0	0	1	0	1.758949
309	3062	0	0	0	0	0	1.901491
310	3076	0	0	0	1	0	2.439453
311	3088	0	0	0	1	0	1.216365
312	3095	0	0	0	2	0	2.795360
313	3105	0	0	0	1	0	1.316771
314	3113	0	0	0	1	0	2.502590
315	3118	0	0	0	1	0	1.856914
316	3126	0	0	0	2	0	2.088908
317	3129	0	0	0	1	0	1.206437
318	3145	0	0	0	0	0	2.613767
319	3152	0	0	0	0	0	2.614629
320	3160	0	0	0	1	0	1.718219
321	3174	0	0	0	0	0	1.285986
322	3182	0	0	0	1	0	1.677492
323	3191	0	0	0	1	0	2.651365
324	3199	0	0	0	0	0	2.195162
325	3208	0	0	0	1	0	1.211548
326	3216	0	0	0	0	0	2.072807
327	3224	0	0	0	2	0	2.867888
328	3233	0	0	0	1	0	2.443734
329	3246	0	0	0	1	0	2.827705
330	3253	0	0	0	2	0	2.928581
331	3257	0	0	0	0	0	1.086430
332	3264	0	0	0	1	0	1.147223
333	3269	0	0	0	0	0	2.880318
334	3275	0	0	0	0	0	1.320798
335	3290	0	0	0	1	0	1.626607
336	3304	0	0	0	2	0	2.188290
337	3312	0	0	0	0	0	2.787827
338	3320	0	0	0	1	0	1.011659
339	3331	0	0	0	2	0	1.618737
340	3339	0	0	0	0	0	1.510550
341	3348	0	0	0	1	0	2.126552
342	3361	0	0	0	1	0	1.683107
343	3369	0	0	0	1	0	1.975576
344	3384	0	0	0	0	0	1.320730
345	3396	0	0	0	0	0	1.221158
346	3406	0	0	0	2	0	2.533775
347	3418	0	0	0	2	0	2.347488
348	3429	0	0	0	0	0	2.868735
349	3437	0	0	0	1	0	1.711282
350	3447	0	0	0	2	0	2.489758
351	3458	0	0	0	0	0	1.922382
352	3466	0	0	0	0	0	2.295140
353	3482	0	0	0	0	0	2.285523
354	3494	0	0	0	1	0	1.544897
355	3503	0	0	0	0	0	1.268423
356	3512	0	0	0	2	0	1.667649
357	3518	0	0	0	1	0	1.815383
358	3528	0	0	0	0	0	1.579512
359	3537	0	0	0	1	0	2.403770
360	3548	0	0	0	2	0	2.115863
361	3556	0	0	0	0	0	2.644372
362	3561	0	0	0	0	0	2.075725
363	3575	0	0	0	2	0	2.557146
364	3585	0	0	0	1	0	1.968952
365	3594	0	0	0	0	0	2.631942
366	3598	0	0	0	1	0	1.172722
367	3604	0	0	0	1	0	2.779583
368	3614	0	0	0	2	0	1.240350
369	3625	0	0	0	0	0	2.566683
370	3633	0	0	0	1	0	1.377319
371	3650	0	0	0	2	0	2.182807
372	3653	0	0	0	0	0	2.109700
373	3664	0	0	0	0	0	1.841104
374	3677	0	0	0	0	0	2.352595
375	3686	0	0	0	0	0	1.964904
376	3694	0	0	0	0	0	2.899188
377	3705	0	0	0	1	0	2.689223
378	3712	0	0	0	1	0	2.682496
379	3717	0	0	0	1	0	2.747742
380	3729	0	0	0	1	0	1.596243
381	3738	0	0	0	0	0	2.717756
382	3750	0	0	0	2	0	1.034664
383	3766	0	0	0	0	0	1.842105
384	3781	0	0	0	1	0	2.425602
385	3790	0	0	0	2	0	1.330054
386	3800	0	0	0	1	0	2.823882
387	3810	0	0	0	1	0	1.574736
388	3823	0	0	0	0	0	2.398000
389	3841	0	0	0	1	0	1.873184
390	3850	0	0	0	1	0	1.404059
391	3866	0	0	0	0	0	2.106489
392	3876	0	0	0	2	0	1.624845
393	3882	0	0	0	1	0	1.034853
394	3892	0	0	0	0	0	1.893658
395	3900	0	0	0	1	0	1.170211
396	3912	0	0	0	0	0	2.496456
397	3926	0	0	0	0	0	2.045115
398	3936	0	0	0	2	0	1.595771
399	3943	0	0	0	2	0	1.388773
400	3952	0	0	0	0	0	2.990805
401	3962	0	0	0	0	0	2.779185
402	3967	0	0	0	1	0	1.936722
403	3978	0	0	0	1	0	1.573113
404	3992	0	0	0	0	0	2.529463
405	4000	0	0	0	1	0	2.158367
406	4012	0	0	0	2	0	1.424729
407	4030	0	0	0	1	0	2.227737
408	4040	0	0	0	0	0	2.256613
409	4046	0	0	0	1	0	1.193854
410	4055	0	0	0	0	0	2.787202
411	4069	0	0	0	1	0	1.632901
412	4080	0	0	0	0	0	1.448707
413	4084	0	0	0	1	0	2.269283
414	4094	0	0	0	0	0	2.936734
415	4101	0	0	0	1	0	2.876662
416	4114	0	0	0	0	0	2.419122
417	4123	0	0	0	1	0	1.387996
418	4130	0	0	0	2	0	2.358019
419	4140	0	0	0	1	0	2.727193
420	4151	0	0	0	0	0	1.368700
421	4164	0	0	0	0	0	2.686599
422	4178	0	0	0	0	0	1.787380
423	4186	0	0	0	0	0	1.295887
424	4192	0	0	0	0	0	1.246973
425	4201	0	0	0	1	0	2.534295
426	4213	0	0	0	1	0	1.328067
427	4223	0	0	0	1	0	1.124742
428	4228	0	0	0	1	0	2.969438
429	4237	0	0	0	0	0	1.457924
430	4249	0	0	0	0	0	2.978974
431	4256	0	0	0	2	0	1.523391
432	4266	0	0	0	0	0	2.870361
433	4276	0	0	0	0	0	1.956606
434	4288	0	0	0	0	0	1.355238
435	4301	0	0	0	2	0	2.595722
436	4307	0	0	0	1	0	2.836424
437	4319	0	0	0	1	0	2.502074
438	4326	0	0	0	2	0	2.820408
439	4334	0	0	0	0	0	1.048039
440	4344	0	0	0	2	0	1.378821
441	4352	0	0	0	2	0	1.599956
442	4363	0	0	0	1	0	2.344346
443	4373	0	0	0	2	0	2.060698
444	4383	0	0	0	1	0	2.018295
445	4391	0	0	0	0	0	2.153871
446	4403	0	0	0	1	0	2.344088
447	4412	0	0	0	1	0	2.008068
448	4421	0	0	0	1	0	1.533807
449	4426	0	0	0	1	0	2.279326
450	4443	0	0	0	0	0	1.971816
451	4454	0	0	0	1	0	2.979977
452	4462	0	0	0	1	0	2.990410
453	4465	0	0	0	0	0	2.790493
454	4472	0	0	0	0	0	2.676113
455	4481	0	0	0	1	0	2.894243
456	4490	0	0	0	0	0	2.979178
457	4497	0	0	0	0	0	1.258985
458	4506	0	0	0	2	0	1.858406
459	4515	0	0	0	0	0	2.746879
460	4525	0	0	0	2	0	2.382329
461	4536	0	0	0	2	0	2.743730
462	4542	0	0	0	0	0	2.354472
463	4550	0	0	0	2	0	1.084917
464	4562	0	0	0	1	0	1.891671
465	4573	0	0	0	1	0	1.129973
466	4585	0	0	0	1	0	2.395543
467	4598	0	0	0	0	0	1.524807
468	4609	0	0	0	2	0	2.019837
469	4622	0	0	0	1	0	1.701042
470	4630	0	0	0	0	0	2.616460
471	4634	0	0	0	0	0	1.144912
472	4650	0	0	0	0	0	1.886354
473	4667	0	0	0	0	0	2.185133
474	4674	0	0	0	0	0	1.101948
475	4680	0	0	0	2	0	1.655093
476	4692	0	0	0	0	0	2.998440
477	4702	0	0	0	0	0	2.476076
478	4713	0	0	0	0	0	1.096069
479	4723	0	0	0	0	0	1.392227
480	4735	0	0	0	0	0	2.643875
481	4742	0	0	0	1	0	1.822828
482	4745	0	0	0	2	0	2.909064
483	4754	0	0	0	2	0	1.892993
484	4756	0	0	0	1	0	2.565107
485	4771	0	0	0	2	0	2.601519
486	4783	0	0	0	2	0	1.896473
487	4797	0	0	0	0	0	2.429146
488	4811	0	0	0	0	0	2.458525
489	4827	0	0	0	0	0	2.843014
490	4833	0	0	0	1	0	1.329492
491	4839	0	0	0	2	0	1.300290
492	4852	0	0	0	2	0	2.499135
493	4858	0	0	0	1	0	2.280501
494	4864	0	0	0	1	0	2.729304
495	4872	0	0	0	1	0	2.737215
496	4882	0	0	0	0	0	2.434207
497	4889	0	0	0	0	0	1.215823
498	4901	0	0	0	1	0	1.606869
499	4911	0	0	0	1	0	2.627183
500	4920	0	0	0	0	0	2.977806
501	4927	0	0	0	0	0	2.275197
502	4935	0	0	0	0	0	2.664268
503	4941	0	0	0	2	0	1.031373
504	4956	0	0	0	0	0	2.561646
505	4966	0	0	0	1	0	1.357034
506	4971	0	0	0	2	0	2.072630
507	4981	0	0	0	1	0	2.706876
508	4990	0	0	0	1	0	2.735846
509	5001	0	0	0	1	0	2.255611
510	5010	0	0	0	1	0	1.658397
511	5021	0	0	0	1	0	2.588079
512	5037	0	0	0	0	0	1.867485
513	5043	0	0	0	0	0	1.405678
514	5054	0	0	0	1	0	2.095652
515	5068	0	0	0	2	0	1.502513
516	5074	0	0	0	1	0	1.227780
517	5082	0	0	0	1	0	2.167926
518	5088	0	0	0	1	0	1.752098
519	5095	0	0	0	0	0	1.438819
520	5108	0	0	0	0	0	1.071104
521	5115	0	0	0	1	0	2.978446
522	5124	0	0	0	0	0	1.461134
523	5129	0	0	0	1	0	2.018304
524	5135	0	0	0	0	0	1.930456
525	5148	0	0	0	1	0	2.926895
526	5157	0	0	0	0	0	2.744835
527	5173	0	0	0	1	0	2.818483
528	5182	0	0	0	1	0	1.363662
529	5192	0	0	0	1	0	2.987240
530	5205	0	0	0	2	0	1.316401
531	5217	0	0	0	0	0	2.328950
532	5226	0	0	0	1	0	1.300085
533	5233	0	0	0	0	0	1.894072
534	5246	0	0	0	1	0	2.142286
535	5255	0	0	0	0	0	1.606372
536	5264	0	0	0	1	0	2.643363
537	5274	0	0	0	1	0	2.325891
538	5283	0	0	0	1	0	2.360831
539	5292	0	0	0	1	0	2.484029
540	5302	0	0	0	1	0	1.951098
541	5309	0	0	0	1	0	1.420434
542	5321	0	0	0	2	0	2.480116
543	5327	0	0	0	0	0	1.997631
544	5335	0	0	0	2	0	2.378655
545	5344	0	0	0	1	0	2.718843
546	5354	0	0	0	2	0	1.520706
547	5362	0	0	0	2	0	1.012026
548	5371	0	0	0	1	0	2.360728
549	5381	0	0	0	0	0	2.318911
550	5397	0	0	0	0	0	1.325393
551	5405	0	0	0	1	0	1.451280
552	5417	0	0	0	0	0	2.675016
553	5423	0	0	0	0	0	1.457737
554	5433	0	0	0	0	0	2.817746
555	5443	0	0	0	1	0	1.685499
556	5462	0	0	0	0	0	1.987891
557	5473	0	0	0	0	0	1.469757
558	5480	0	0	0	2	0	1.949579
559	5488	0	0	0	2	0	1.791020
560	5499	0	0	0	1	0	2.981320
561	5507	0	0	0	2	0	1.836879
562	5524	0	0	0	1	0	1.686649
563	5530	0	0	0	2	0	2.830713
564	5534	0	0	0	1	0	2.163144
565	5549	0	0	0	1	0	2.826228
566	5559	0	0	0	2	0	1.426337
567	5565	0	0	0	0	0	1.606833
568	5573	0	0	0	0	0	2.693607
569	5580	0	0	0	1	0	2.047491
570	5588	0	0	0	2	0	1.152514
571	5599	0	0	0	1	0	2.959774
572	5611	0	0	0	0	0	1.889704
573	5619	0	0	0	0	0	1.422421
574	5626	0	0	0	0	0	2.555556
575	5640	0	0	0	0	0	2.667763
576	5645	0	0	0	0	0	1.477886
577	5663	0	0	0	2	0	1.506630
578	5674	0	0	0	0	0	2.766022
579	5685	0	0	0	1	0	2.616788
580	5699	0	0	0	0	0	2.377840
581	5716	0	0	0	0	0	2.374571
582	5730	0	0	0	2	0	1.058260
583	5735	0	0	0	1	0	2.103925
584	5745	0	0	0	1	0	1.969303
585	5760	0	0	0	0	0	2.472140
586	5766	0	0	0	1	0	2.297935
587	5776	0	0	0	0	0	2.434579
588	5782	0	0	0	1	0	1.351829
589	5790	0	0	0	1	0	1.999265
590	5802	0	0	0	0	0	1.167906
591	5811	0	0	0	0	0	2.839071
592	5821	0	0	0	2	0	1.849641
593	5833	0	0	0	1	0	2.886263
594	5848	0	0	0	0	0	1.779651
595	5859	0	0	0	2	0	1.692948
596	5867	0	0	0	1	0	2.452383
597	5874	0	0	0	0	0	2.484293
598	5882	0	0	0	0	0	2.395510
599	5891	0	0	0	1	0	1.879642
600	5902	0	0	0	1	0	1.984179
601	5908	0	0	0	1	0	2.861636
602	5916	0	0	0	0	0	2.471786
603	5928	0	0	0	2	0	1.704334
604	5936	0	0	0	1	0	2.981701
605	5944	0	0	0	2	0	1.859442
606	5952	0	0	0	0	0	2.005321
607	5965	0	0	0	1	0	1.897224
608	5980	0	0	0	1	0	2.041781
609	5988	0	0	0	0	0	2.205013
610	5997	0	0	0	0	0	2.003709
611	6004	0	0	0	1	0	2.815707
612	6014	0	0	0	0	0	2.015578
613	6024	0	0	0	2	0	1.661583
614	6035	0	0	0	2	0	2.857647
615	6042	0	0	0	2	0	2.573074
616	6056	0	0	0	2	0	2.280002
617	6064	0	0	0	1	0	1.276368
618	6068	0	0	0	2	0	2.996750
619	6081	0	0	0	0	0	1.792978
620	6095	0	0	0	0	0	2.664317
621	6109	0	0	0	1	0	1.778672
622	6119	0	0	0	2	0	2.975115
623	6133	0	0	0	0	0	1.103286
624	6143	0	0	0	0	0	2.049449
625	6151	0	0	0	0	0	2.593256
626	6166	0	0	0	0	0	1.427653
627	6179	0	0	0	1	0	2.005025
628	6191	0	0	0	0	0	1.809665
629	6195	0	0	0	1	0	2.237082
630	6204	0	0	0	0	0	2.166919
631	6211	0	0	0	1	0	2.583355
632	6223	0	0	0	1	0	1.348025
633	6236	0	0	0	2	0	1.932716
634	6247	0	0	0	1	0	1.041762
635	6258	0	0	0	0	0	2.656864
636	6267	0	0	0	0	0	1.637463
637	6272	0	0	0	2	0	2.988883
638	6282	0	0	0	2	0	1.608345
639	6292	0	0	0	0	0	2.537631
640	6304	0	0	0	1	0	2.981755
641	6310	0	0	0	2	0	1.944424
642	6322	0	0	0	0	0	1.241345
643	6329	0	0	0	2	0	1.888097
644	6342	0	0	0	0	0	2.546263
645	6353	0	0	0	0	0	1.073491
646	6365	0	0	0	0	0	1.042854
647	6370	0	0	0	1	0	1.734355
648	6378	0	0	0	2	0	1.424362
649	6387	0	0	0	1	0	2.109626
650	6396	0	0	0	1	0	2.583124
651	6406	0	0	0	0	0	2.509173
652	6413	0	0	0	1	0	2.666446
653	6427	0	0	0	1	0	1.030057
654	6436	0	0	0	0	0	1.703291
655	6444	0	0	0	0	0	1.735599
656	6455	0	0	0	2	0	2.720236
657	6458	0	0	0	2	0	1.084855
658	6460	0	0	0	0	0	1.834482
659	6470	0	0	0	0	0	1.778781
660	6485	0	0	0	1	0	2.154833
661	6494	0	0	0	2	0	2.129560
662	6508	0	0	0	0	0	1.286316
663	6524	0	0	0	0	0	1.973126
664	6533	0	0	0	2	0	1.122707
665	6545	0	0	0	2	0	2.776821
666	6553	0	0	0	0	0	2.592331
667	6569	0	0	0	1	0	1.206701
668	6580	0	0	0	0	0	2.608813
669	6588	0	0	0	0	0	1.407012
670	6603	0	0	0	2	0	1.138931
671	6612	0	0	0	2	0	1.786322
672	6622	0	0	0	1	0	2.293611
673	6635	0	0	0	0	0	2.902142
674	6645	0	0	0	2	0	2.500011
675	6652	0	0	0	0	0	2.633483
676	6660	0	0	0	0	0	1.376048
677	6673	0	0	0	0	0	2.770560
678	6682	0	0	0	1	0	1.551375
679	6698	0	0	0	2	0	2.142854
680	6710	0	0	0	0	0	1.654625
681	6718	0	0	0	0	0	1.669810
682	6725	0	0	0	0	0	1.697583
683	6734	0	0	0	1	0	1.404391
684	6740	0	0	0	1	0	2.820290
685	6749	0	0	0	0	0	2.648572
686	6755	0	0	0	1	0	1.624835
687	6764	0	0	0	0	0	1.469315
688	6779	0	0	0	0	0	2.266868
689	6790	0	0	0	0	0	2.851976
690	6799	0	0	0	0	0	2.003418
691	6807	0	0	0	0	0	2.876030
692	6820	0	0	0	0	0	2.599370
693	6830	0	0	0	0	0	1.459754
694	6839	0	0	0	1	0	2.430310
695	6850	0	0	0	1	0	1.633743
696	6861	0	0	0	0	0	2.846875
697	6874	0	0	0	1	0	1.662037
698	6884	0	0	0	0	0	2.285928
699	6893	0	0	0	0	0	2.327363
700	6907	0	0	0	2	0	2.193352
701	6915	0	0	0	2	0	2.022828
702	6927	0	0	0	1	0	2.602111
703	6939	0	0	0	1	0	1.224813
704	6946	0	0	0	0	0	1.793076
705	6958	0	0	0	0	0	1.806910
706	6971	0	0	0	0	0	2.899800
707	6979	0	0	0	1	0	1.447794
708	6987	0	0	0	0	0	1.221451
709	6995	0	0	0	2	0	2.772147
710	7004	0	0	0	2	0	1.242735
711	7009	0	0	0	1	0	1.287842
712	7021	0	0	0	1	0	1.577276
713	7033	0	0	0	0	0	2.808621
714	7049	0	0	0	0	0	1.386268
715	7061	0	0	0	0	0	1.130508
716	7068	0	0	0	1	0	1.689912
717	7073	0	0	0	0	0	1.689316
718	7080	0	0	0	1	0	1.598034
719	7089	0	0	0	0	0	2.682934
720	7103	0	0	0	0	0	2.795993
721	7117	0	0	0	0	0	2.940628
722	7127	0	0	0	0	0	2.992869
723	7140	0	0	0	0	0	2.552086
724	7148	0	0	0	0	0	2.078033
725	7158	0	0	0	0	0	1.001020
726	7171	0	0	0	0	0	1.954790
727	7181	0	0	0	1	0	2.786218
728	7191	0	0	0	0	0	2.157341
729	7197	0	0	0	0	0	1.354087
730	7211	0	0	0	0	0	1.703818
731	7216	0	0	0	2	0	2.399887
732	7230	0	0	0	0	0	2.465122
733	7239	0	0	0	0	0	1.501633
734	7250	0	0	0	1	0	1.734234
735	7257	0	0	0	0	0	1.956000
736	7267	0	0	0	0	0	2.973840
737	7280	0	0	0	1	0	2.687557
738	7297	0	0	0	0	0	1.544942
739	7312	0	0	0	0	0	1.767448
740	7323	0	0	0	0	0	1.127220
741	7333	0	0	0	1	0	1.866994
742	7346	0	0	0	1	0	2.274612
743	7355	0	0	0	2	0	2.927349
744	7364	0	0	0	1	0	1.633827
745	7377	0	0	0	0	0	2.780315
746	7384	0	0	0	1	0	2.497319
747	7387	0	0	0	0	0	1.474752
748	7396	0	0	0	2	0	2.401931
749	7404	0	0	0	0	0	1.876889
750	7414	0	0	0	0	0	1.582561
751	7427	0	0	0	0	0	1.314939
752	7436	0	0	0	0	0	1.014652
753	7443	0	0	0	0	0	2.674568
754	7456	0	0	0	2	0	1.846775
755	7469	0	0	0	0	0	1.609305
756	7481	0	0	0	0	0	1.963178
757	7490	0	0	0	1	0	1.863183
758	7505	0	0	0	0	0	1.095540
759	7520	0	0	0	1	0	2.817587
760	7535	0	0	0	1	0	1.383411
761	7542	0	0	0	0	0	1.496832
762	7551	0	0	0	0	0	2.557735
763	7559	0	0	0	2	0	2.031244
764	7572	0	0	0	1	0	2.418992
765	7582	0	0	0	1	0	2.455212
766	7596	0	0	0	0	0	1.095905
767	7608	0	0	0	0	0	2.314910
768	7617	0	0	0	2	0	1.799785
769	7627	0	0	0	0	0	2.095472
770	7637	0	0	0	0	0	1.969418
771	7649	0	0	0	1	0	1.548843
772	7658	0	0	0	0	0	1.700743
773	7666	0	0	0	0	0	1.699727
774	7673	0	0	0	2	0	1.473145
775	7685	0	0	0	2	0	1.654826
776	7694	0	0	0	2	0	2.025083
777	7706	0	0	0	2	0	2.081236
778	7720	0	0	0	0	0	2.298036
779	7728	0	0	0	0	0	2.077415
780	7741	0	0	0	0	0	2.296263
781	7751	0	0	0	1	0	1.537139
782	7759	0	0	0	0	0	2.114983
783	7778	0	0	0	0	0	2.044446
784	7786	0	0	0	1	0	1.000098
785	7796	0	0	0	1	0	1.828711
786	7803	0	0	0	2	0	1.139593
787	7812	0	0	0	1	0	1.895921
788	7819	0	0	0	0	0	2.960878
789	7827	0	0	0	2	0	2.430004
790	7835	0	0	0	2	0	2.120885
791	7847	0	0	0	2	0	2.416933
792	7857	0	0	0	0	0	1.814981
793	7869	0	0	0	2	0	1.872762
794	7880	0	0	0	1	0	1.621522
795	7887	0	0	0	1	0	2.480252
796	7899	0	0	0	1	0	1.904163
797	7911	0	0	0	1	0	1.989162
798	7920	0	0	0	0	0	2.050157
799	7931	0	0	0	2	0	2.886935
800	7942	0	0	0	2	0	1.594966
801	7964	0	0	0	0	0	1.143669
802	7970	0	0	0	0	0	2.081886
803	7983	0	0	0	0	0	1.110361
804	7992	0	0	0	1	0	2.928820
805	8001	0	0	0	0	0	2.010409
806	8013	0	0	0	0	0	1.009954
807	8028	0	0	0	1	0	2.952537
808	8035	0	0	0	2	0	2.919394
809	8044	0	0	0	1	0	2.208562
810	8051	0	0	0	0	0	1.897454
811	8058	0	0	0	2	0	1.282335
812	8067	0	0	0	0	0	2.900342
813	8072	0	0	0	2	0	1.866460
814	8086	0	0	0	2	0	1.225134
815	8097	0	0	0	0	0	2.976462
816	8106	0	0	0	1	0	1.949156
817	8114	0	0	0	1	0	2.282808
818	8130	0	0	0	0	0	2.873340
819	8142	0	0	0	0	0	1.681629
820	8148	0	0	0	2	0	2.137680
821	8155	0	0	0	1	0	1.362376
822	8166	0	0	0	1	0	2.772651
823	8177	0	0	0	1	0	1.183487
824	8190	0	0	0	2	0	1.467645
825	8197	0	0	0	1	0	2.246648
826	8209	0	0	0	0	0	1.000746
827	8216	0	0	0	0	0	2.634104
828	8233	0	0	0	1	0	2.135883
829	8246	0	0	0	1	0	2.556241
830	8248	0	0	0	0	0	1.782111
831	8263	0	0	0	1	0	2.408461
832	8274	0	0	0	0	0	2.578958
833	8283	0	0	0	1	0	1.375488
834	8289	0	0	0	0	0	2.908414
835	8297	0	0	0	0	0	1.106554
836	8310	0	0	0	0	0	2.980320
837	8323	0	0	0	1	0	2.539664
838	8332	0	0	0	2	0	1.737124
839	8341	0	0	0	0	0	2.492093
840	8351	0	0	0	0	0	2.013134
841	8366	0	0	0	2	0	1.197701
842	8370	0	0	0	1	0	2.328128
843	8377	0	0	0	1	0	1.304758
844	8388	0	0	0	0	0	2.994051
845	8399	0	0	0	0	0	1.621141
846	8409	0	0	0	2	0	1.162490
847	8418	0	0	0	2	0	2.567254
848	8427	0	0	0	0	0	1.118242
849	8435	0	0	0	0	0	2.688793
850	8441	0	0	0	2	0	1.960536
851	8451	0	0	0	0	0	2.071153
852	8463	0	0	0	1	0	1.383017
853	8479	0	0	0	1	0	1.668781
854	8487	0	0	0	2	0	1.111932
855	8496	0	0	0	0	0	2.180115
856	8506	0	0	0	2	0	2.119978
857	8520	0	0	0	1	0	2.932266
858	8535	0	0	0	1	0	2.251084
859	8546	0	0	0	1	0	1.212315
860	8553	0	0	0	0	0	1.372200
861	8564	0	0	0	1	0	1.512850
862	8578	0	0	0	0	0	1.042727
863	8590	0	0	0	0	0	1.540788
864	8602	0	0	0	1	0	1.382521
865	8614	0	0	0	1	0	2.476339
866	8617	0	0	0	1	0	2.928797
867	8624	0	0	0	1	0	2.720215
868	8631	0	0	0	1	0	1.390257
869	8637	0	0	0	1	0	1.676048
870	8647	0	0	0	1	0	1.069680
871	8657	0	0	0	1	0	2.584288
872	8673	0	0	0	2	0	2.417574
873	8681	0	0	0	1	0	1.897664
874	8699	0	0	0	0	0	1.329318
875	8711	0	0	0	0	0	2.706587
876	8724	0	0	0	1	0	2.650612
877	8735	0	0	0	0	0	1.323883
878	8742	0	0	0	2	0	2.293653
879	8748	0	0	0	1	0	1.678165
880	8753	0	0	0	1	0	1.166212
881	8765	0	0	0	2	0	1.718329
882	8777	0	0	0	0	0	2.405669
883	8784	0	0	0	0	0	1.611249
884	8797	0	0	0	0	0	2.003851
885	8812	0	0	0	0	0	1.695407
886	8822	0	0	0	2	0	1.866032
887	8828	0	0	0	0	0	1.635705
888	8835	0	0	0	1	0	2.936690
889	8848	0	0	0	1	0	1.020073
890	8857	0	0	0	2	0	2.098166
891	8866	0	0	0	1	0	2.543171
892	8876	0	0	0	1	0	2.867937
893	8889	0	0	0	1	0	1.115192
894	8900	0	0	0	0	0	1.825723
895	8906	0	0	0	0	0	1.382051
896	8913	0	0	0	0	0	1.260514
897	8925	0	0	0	2	0	1.389910
898	8939	0	0	0	2	0	1.490452
899	8946	0	0	0	1	0	1.952398
900	8953	0	0	0	1	0	1.451795
901	8959	0	0	0	0	0	2.058323
902	8968	0	0	0	0	0	1.356270
903	8977	0	0	0	1	0	2.763210
904	8984	0	0	0	1	0	1.176807
905	8997	0	0	0	0	0	2.926380
906	9006	0	0	0	0	0	1.718516
907	9016	0	0	0	0	0	1.203827
908	9025	0	0	0	0	0	1.706195
909	9034	0	0	0	0	0	2.519274
910	9047	0	0	0	0	0	2.321229
911	9061	0	0	0	0	0	1.278272
912	9069	0	0	0	0	0	2.108731
913	9078	0	0	0	1	0	2.218275
914	9089	0	0	0	1	0	2.218153
915	9107	0	0	0	2	0	1.112216
916	9117	0	0	0	0	0	1.595871
917	9131	0	0	0	0	0	2.535150
918	9139	0	0	0	2	0	2.565758
919	9154	0	0	0	2	0	1.624386
920	9163	0	0	0	2	0	1.731106
921	9173	0	0	0	1	0	1.984084
922	9180	0	0	0	1	0	1.926492
923	9188	0	0	0	1	0	1.426267
924	9200	0	0	0	2	0	2.598599
925	9214	0	0	0	1	0	2.269213
926	9226	0	0	0	2	0	2.820157
927	9242	0	0	0	0	0	2.511948
928	9248	0	0	0	0	0	1.734494
929	9261	0	0	0	1	0	2.978248
930	9270	0	0	0	1	0	1.195609
931	9283	0	0	0	2	0	2.838373
932	9293	0	0	0	0	0	2.964861
933	9305	0	0	0	2	0	1.931345
934	9314	0	0	0	1	0	1.501035
935	9323	0	0	0	0	0	1.850739
936	9333	0	0	0	1	0	2.906836
937	9346	0	0	0	1	0	1.387843
938	9353	0	0	0	2	0	1.497585
939	9362	0	0	0	1	0	1.942259
940	9370	0	0	0	2	0	2.241139
941	9376	0	0	0	1	0	1.715452
942	9388	0	0	0	0	0	2.643472
943	9396	0	0	0	1	0	2.133929
944	9406	0	0	0	1	0	1.405097
945	9414	0	0	0	0	0	1.675129
946	9421	0	0	0	2	0	1.056242
947	9436	0	0	0	1	0	2.144305
948	9448	0	0	0	2	0	2.474468
949	9460	0	0	0	0	0	1.612491
950	9468	0	0	0	2	0	2.182757
951	9480	0	0	0	1	0	2.916373
952	9495	0	0	0	2	0	2.797424
953	9502	0	0	0	0	0	2.752401
954	9505	0	0	0	1	0	1.207571
955	9512	0	0	0	1	0	1.761535
956	9519	0	0	0	0	0	1.683504
957	9527	0	0	0	2	0	2.793636
958	9539	0	0	0	0	0	2.603878
959	9550	0	0	0	0	0	1.848726
960	9556	0	0	0	0	0	2.506427
961	9566	0	0	0	1	0	2.772590
962	9579	0	0	0	2	0	2.485588
963	9590	0	0	0	0	0	1.610283
964	9592	0	0	0	1	0	1.078020
965	9603	0	0	0	0	0	1.389834
966	9617	0	0	0	0	0	1.396464
967	9628	0	0	0	2	0	1.004745
968	9640	0	0	0	0	0	2.602522
969	9644	0	0	0	0	0	2.687378
970	9647	0	0	0	1	0	2.201573
971	9656	0	0	0	2	0	2.386246
972	9667	0	0	0	1	0	1.956848
973	9678	0	0	0	2	0	2.556853
974	9691	0	0	0	2	0	1.320187
975	9695	0	0	0	0	0	2.651948
976	9698	0	0	0	0	0	1.227265
977	9709	0	0	0	0	0	1.102381
978	9720	0	0	0	0	0	1.421598
979	9727	0	0	0	0	0	1.659387
980	9736	0	0	0	1	0	2.428238
981	9748	0	0	0	2	0	2.910908
982	9759	0	0	0	0	0	1.023769
983	9764	0	0	0	1	0	2.564247
984	9773	0	0	0	0	0	1.284741
985	9785	0	0	0	0	0	1.392824
986	9793	0	0	0	1	0	1.650029
987	9803	0	0	0	0	0	2.739861
988	9813	0	0	0	0	0	2.455955
989	9821	0	0	0	0	0	2.402190
990	9827	0	0	0	0	0	1.427290
991	9838	0	0	0	0	0	1.037683
992	9852	0	0	0	0	0	1.005959
993	9860	0	0	0	0	0	2.817706
994	9871	0	0	0	1	0	1.083207
995	9885	0	0	0	2	0	1.880482
996	9893	0	0	0	0	0	1.599364
997	9899	0	0	0	1	0	2.636318
998	9912	0	0	0	0	0	2.996089
999	9922	0	0	0	1	0	2.281199
