0	1	0	0	0	2	0	1.856758
1	11	0	0	0	2	0	1.684522
2	22	0	0	0	0	0	2.158112
3	24	0	0	0	2	0	1.064712
4	34	0	0	0	1	0	1.978927
5	43	0	0	0	0	0	1.501434
6	59	0	0	0	1	0	1.989041
7	70	0	0	0	0	0	1.427262
8	84	0	0	0	2	0	1.328091
9	89	0	0	0	1	0	1.951232
10	98	0	0	0	1	0	2.175762
11	105	0	0	0	2	0	2.739484
12	108	0	0	0	0	0	1.725772
13	120	0	0	0	0	0	1.719345
14	130	0	0	0	1	0	1.439349
15	139	0	0	0	1	0	2.687362
16	155	0	0	0	1	0	1.706368
17	166	0	0	0	1	0	2.296606
18	179	0	0	0	2	0	2.832442
19	183	0	0	0	0	0	2.022872
20	196	0	0	0	2	0	1.317345
21	202	0	0	0	2	0	1.422984
22	211	0	0	0	0	0	2.914298
23	219	0	0	0	1	0	1.831245
24	225	0	0	0	0	0	2.626739
25	242	0	0	0	0	0	1.820918
26	256	0	0	0	0	0	2.564731
27	270	0	0	0	0	0	1.277559
28	284	0	0	0	1	0	1.582266
29	293	0	0	0	0	0	2.636735
30	304	0	0	0	1	0	2.509632
31	310	0	0	0	2	0	2.057716
32	315	0	0	0	0	0	1.965509
33	329	0	0	0	1	0	1.391121
34	342	0	0	0	0	0	2.399266
35	349	0	0	0	1	0	1.968869
36	359	0	0	0	1	0	2.601366
37	365	0	0	0	0	0	1.285795
38	378	0	0	0	0	0	2.449421
39	385	0	0	0	1	0	2.420333
40	393	0	0	0	2	0	2.149764
41	405	0	0	0	1	0	2.813477
42	420	0	0	0	2	0	2.150954
43	429	0	0	0	0	0	2.887969
44	434	0	0	0	0	0	1.743865
45	444	0	0	0	0	0	1.157993
46	452	0	0	0	1	0	2.817713
47	463	0	0	0	2	0	1.429394
48	475	0	0	0	0	0	2.289641
49	486	0	0	0	1	0	1.230897
50	494	0	0	0	1	0	1.276032
51	505	0	0	0	1	0	2.742392
52	518	0	0	0	2	0	2.052962
53	530	0	0	0	1	0	1.122038
54	536	0	0	0	0	0	2.780867
55	544	0	0	0	2	0	2.656186
56	556	0	0	0	1	0	1.568916
57	568	0	0	0	0	0	1.083786
58	583	0	0	0	0	0	1.478356
59	592	0	0	0	0	0	1.334892
60	601	0	0	0	2	0	2.290129
61	608	0	0	0	1	0	1.853700
62	620	0	0	0	1	0	1.083319
63	629	0	0	0	2	0	2.944496
64	637	0	0	0	2	0	1.828352
65	640	0	0	0	0	0	1.134153
66	648	0	0	0	0	0	1.830768
67	653	0	0	0	0	0	1.519563
68	664	0	0	0	0	0	2.486333
69	674	0	0	0	0	0	2.180499
70	684	0	0	0	0	0	2.022394
71	693	0	0	0	0	0	1.161782
72	703	0	0	0	1	0	1.412140
73	715	0	0	0	0	0	1.924422
74	724	0	0	0	0	0	2.586596
75	734	0	0	0	0	0	2.142527
76	738	0	0	0	1	0	2.750209
77	748	0	0	0	0	0	2.227355
78	758	0	0	0	0	0	1.003359
79	769	0	0	0	2	0	2.367862
80	778	0	0	0	0	0	2.551761
81	786	0	0	0	2	0	1.831088
82	794	0	0	0	1	0	1.948236
83	807	0	0	0	1	0	1.956166
84	820	0	0	0	0	0	1.976916
85	828	0	0	0	1	0	1.791353
86	835	0	0	0	1	0	1.055663
87	843	0	0	0	1	0	2.338761
88	852	0	0	0	2	0	1.724434
89	863	0	0	0	2	0	1.691038
90	871	0	0	0	0	0	2.573463
91	878	0	0	0	1	0	1.661841
92	891	0	0	0	0	0	1.809869
93	899	0	0	0	0	0	1.100868
94	908	0	0	0	1	0	1.479333
95	920	0	0	0	1	0	1.773616
96	930	0	0	0	1	0	2.117870
97	944	0	0	0	1	0	1.342863
98	955	0	0	0	2	0	1.968158
99	969	0	0	0	0	0	1.480088
100	977	0	0	0	0	0	1.059151
101	987	0	0	0	0	0	1.727741
102	1004	0	0	0	0	0	1.647641
103	1016	0	0	0	2	0	1.230991
104	1029	0	0	0	0	0	1.402212
105	1040	0	0	0	1	0	1.747900
106	1049	0	0	0	0	0	1.410581
107	1060	0	0	0	1	0	2.140466
108	1063	0	0	0	2	0	1.164908
109	1073	0	0	0	0	0	2.487266
110	1079	0	0	0	2	0	1.475402
111	1091	0	0	0	2	0	1.681077
112	1103	0	0	0	2	0	1.935379
113	1115	0	0	0	2	0	1.186544
114	1121	0	0	0	2	0	2.390739
115	1131	0	0	0	2	0	2.524880
116	1149	0	0	0	2	0	2.380321
117	1164	0	0	0	0	0	2.012724
118	1175	0	0	0	2	0	2.760851
119	1187	0	0	0	0	0	1.349135
120	1203	0	0	0	1	0	2.468616
121	1214	0	0	0	1	0	1.692755
122	1227	0	0	0	1	0	1.683393
123	1236	0	0	0	0	0	1.250401
124	1249	0	0	0	0	0	2.494645
125	1258	0	0	0	0	0	1.895458
126	1266	0	0	0	2	0	2.226455
127	1279	0	0	0	1	0	2.605507
128	1289	0	0	0	0	0	1.375477
129	1297	0	0	0	2	0	1.504522
130	1304	0	0	0	0	0	1.472731
131	1313	0	0	0	1	0	1.339255
132	1319	0	0	0	1	0	1.831834
133	1327	0	0	0	2	0	1.598109
134	1345	0	0	0	2	0	2.869073
135	1351	0	0	0	1	0	2.046936
136	1360	0	0	0	1	0	1.879599
137	1369	0	0	0	1	0	2.777642
138	1380	0	0	0	0	0	1.881531
139	1392	0	0	0	0	0	1.356174
140	1402	0	0	0	0	0	2.688838
141	1410	0	0	0	1	0	2.354922
142	1419	0	0	0	0	0	1.035506
143	1427	0	0	0	2	0	1.665967
144	1438	0	0	0	1	0	2.432849
145	1444	0	0	0	1	0	2.726892
146	1451	0	0	0	1	0	2.072976
147	1456	0	0	0	1	0	1.851422
148	1466	0	0	0	2	0	1.074953
149	1472	0	0	0	0	0	1.504422
150	1477	0	0	0	1	0	1.488962
151	1489	0	0	0	0	0	2.497190
152	1500	0	0	0	1	0	1.221860
153	1514	0	0	0	2	0	2.346366
154	1527	0	0	0	0	0	2.121109
155	1539	0	0	0	0	0	2.040733
156	1548	0	0	0	2	0	1.000696
157	1554	0	0	0	0	0	2.227453
158	1565	0	0	0	0	0	1.326511
159	1577	0	0	0	0	0	2.673346
160	1590	0	0	0	0	0	2.772480
161	1596	0	0	0	1	0	2.096645
162	1602	0	0	0	1	0	2.985095
163	1616	0	0	0	0	0	2.269663
164	1629	0	0	0	1	0	2.548460
165	1635	0	0	0	0	0	1.690557
166	1644	0	0	0	2	0	2.742891
167	1651	0	0	0	2	0	2.585061
168	1658	0	0	0	0	0	2.994708
169	1669	0	0	0	0	0	2.853363
170	1680	0	0	0	1	0	2.517201
171	1688	0	0	0	0	0	1.675060
172	1701	0	0	0	0	0	1.681862
173	1717	0	0	0	0	0	2.573113
174	1721	0	0	0	0	0	1.014779
175	1731	0	0	0	2	0	2.439711
176	1743	0	0	0	0	0	2.574800
177	1754	0	0	0	0	0	2.493022
178	1766	0	0	0	2	0	1.045800
179	1778	0	0	0	1	0	2.308086
180	1788	0	0	0	1	0	2.784303
181	1792	0	0	0	0	0	2.963411
182	1801	0	0	0	0	0	2.342601
183	1814	0	0	0	0	0	1.143733
184	1829	0	0	0	0	0	2.713172
185	1839	0	0	0	2	0	2.172027
186	1850	0	0	0	2	0	2.561031
187	1859	0	0	0	0	0	1.880880
188	1870	0	0	0	2	0	1.359026
189	1880	0	0	0	0	0	1.321980
190	1885	0	0	0	1	0	1.443088
191	1896	0	0	0	0	0	1.494830
192	1902	0	0	0	2	0	2.573852
193	1921	0	0	0	0	0	2.665246
194	1931	0	0	0	1	0	1.038678
195	1938	0	0	0	2	0	1.242607
196	1946	0	0	0	0	0	1.967589
197	1952	0	0	0	0	0	2.956516
198	1959	0	0	0	0	0	1.794450
199	1970	0	0	0	1	0	2.476097
200	1982	0	0	0	2	0	2.854821
201	1987	0	0	0	2	0	2.447823
202	1992	0	0	0	0	0	1.930164
203	2003	0	0	0	1	0	1.983705
204	2012	0	0	0	0	0	2.181559
205	2020	0	0	0	1	0	2.538506
206	2032	0	0	0	2	0	2.494256
207	2039	0	0	0	0	0	1.623610
208	2052	0	0	0	0	0	1.419589
209	2061	0	0	0	0	0	1.927993
210	2071	0	0	0	1	0	2.456910
211	2083	0	0	0	1	0	2.790642
212	2092	0	0	0	1	0	2.892599
213	2102	0	0	0	0	0	2.105383
214	2110	0	0	0	0	0	2.572727
215	2120	0	0	0	0	0	2.007803
216	2128	0	0	0	1	0	1.582640
217	2146	0	0	0	0	0	2.858267
218	2154	0	0	0	1	0	2.715564
219	2160	0	0	0	2	0	1.513558
220	2173	0	0	0	0	0	1.574228
221	2184	0	0	0	0	0	1.340661
222	2191	0	0	0	2	0	1.307689
223	2204	0	0	0	2	0	1.049163
224	2213	0	0	0	0	0	2.230330
225	2222	0	0	0	1	0	2.889867
226	2227	0	0	0	0	0	1.270381
227	2236	0	0	0	0	0	2.339461
228	2245	0	0	0	0	0	2.053624
229	2262	0	0	0	1	0	1.207318
230	2275	0	0	0	0	0	1.276642
231	2283	0	0	0	2	0	2.116416
232	2291	0	0	0	2	0	1.174464
233	2301	0	0	0	1	0	1.380949
234	2311	0	0	0	1	0	1.719577
235	2320	0	0	0	2	0	1.371907
236	2328	0	0	0	1	0	1.876446
237	2339	0	0	0	1	0	2.727449
238	2347	0	0	0	2	0	2.548526
239	2356	0	0	0	1	0	1.759266
240	2367	0	0	0	0	0	1.287663
241	2378	0	0	0	0	0	2.590627
242	2390	0	0	0	2	0	1.458798
243	2400	0	0	0	2	0	1.784777
244	2416	0	0	0	2	0	2.673945
245	2434	0	0	0	0	0	1.699029
246	2441	0	0	0	0	0	1.867833
247	2449	0	0	0	0	0	1.762995
248	2457	0	0	0	2	0	1.242784
249	2464	0	0	0	1	0	2.022763
250	2476	0	0	0	0	0	2.616489
251	2486	0	0	0	1	0	1.598192
252	2505	0	0	0	1	0	1.308531
253	2514	0	0	0	0	0	2.055197
254	2526	0	0	0	0	0	1.887352
255	2538	0	0	0	0	0	2.035328
256	2548	0	0	0	0	0	2.388990
257	2562	0	0	0	2	0	1.218720
258	2568	0	0	0	0	0	1.863980
259	2576	0	0	0	2	0	1.378392
260	2590	0	0	0	2	0	1.969275
261	2599	0	0	0	1	0	1.913272
262	2609	0	0	0	1	0	2.326799
263	2621	0	0	0	2	0	1.384319
264	2634	0	0	0	2	0	1.466782
265	2644	0	0	0	2	0	1.293765
266	2654	0	0	0	1	0	1.237175
267	2660	0	0	0	0	0	2.173458
268	2672	0	0	0	0	0	1.830062
269	2680	0	0	0	2	0	1.755514
270	2691	0	0	0	0	0	2.709079
271	2703	0	0	0	0	0	2.978421
272	2710	0	0	0	1	0	2.154167
273	2715	0	0	0	0	0	2.695114
274	2725	0	0	0	1	0	1.386041
275	2734	0	0	0	1	0	1.900891
276	2747	0	0	0	0	0	2.938694
277	2756	0	0	0	0	0	1.367282
278	2771	0	0	0	1	0	1.949650
279	2781	0	0	0	1	0	2.928582
280	2792	0	0	0	0	0	1.326842
281	2806	0	0	0	2	0	2.760917
282	2812	0	0	0	0	0	1.829001
283	2818	0	0	0	1	0	2.839624
284	2829	0	0	0	0	0	2.847983
285	2836	0	0	0	2	0	2.741430
286	2848	0	0	0	0	0	1.555293
287	2863	0	0	0	0	0	2.678563
288	2873	0	0	0	2	0	2.329959
289	2887	0	0	0	2	0	1.373462
290	2895	0	0	0	0	0	2.187463
291	2906	0	0	0	0	0	1.741238
292	2921	0	0	0	0	0	2.948058
293	2932	0	0	0	2	0	1.134723
294	2943	0	0	0	1	0	2.685551
295	2947	0	0	0	1	0	2.067324
296	2958	0	0	0	0	0	1.573807
297	2970	0	0	0	1	0	1.442174
298	2976	0	0	0	0	0	2.845886
299	2990	0	0	0	2	0	2.615003
300	3007	0	0	0	2	0	1.505039
301	3019	0	0	0	0	0	1.225075
302	3029	0	0	0	2	0	1.753530
303	3038	0	0	0	0	0	2.244571
304	3046	0	0	0	0	0	2.393312
305	3057	0	0	0	2	0	2.585795
306	3067	0	0	0	1	0	1.722910
307	3074	0	0	0	0	0	1.743352
308	3090	0	0	0	0	0	1.014400
309	3103	0	0	0	1	0	2.485706
310	3112	0	0	0	0	0	2.085851
311	3125	0	0	0	0	0	2.141678
312	3135	0	0	0	2	0	2.414103
313	3145	0	0	0	1	0	1.732128
314	3158	0	0	0	1	0	1.935376
315	3163	0	0	0	1	0	2.871831
316	3176	0	0	0	0	0	2.282922
317	3183	0	0	0	2	0	2.723942
318	3193	0	0	0	0	0	1.873454
319	3204	0	0	0	1	0	1.061417
320	3214	0	0	0	2	0	2.661293
321	3223	0	0	0	2	0	1.860545
322	3227	0	0	0	0	0	1.400410
323	3235	0	0	0	0	0	1.228946
324	3244	0	0	0	0	0	1.480877
325	3255	0	0	0	2	0	1.841753
326	3268	0	0	0	0	0	1.378898
327	3277	0	0	0	2	0	2.666119
328	3287	0	0	0	1	0	2.145589
329	3291	0	0	0	0	0	1.663195
330	3303	0	0	0	1	0	2.833939
331	3310	0	0	0	2	0	2.162861
332	3330	0	0	0	0	0	1.875035
333	3340	0	0	0	2	0	2.723990
334	3355	0	0	0	1	0	1.954297
335	3367	0	0	0	0	0	2.959269
336	3375	0	0	0	0	0	1.324701
337	3390	0	0	0	2	0	1.773504
338	3402	0	0	0	2	0	1.049028
339	3405	0	0	0	0	0	1.165675
340	3415	0	0	0	1	0	1.609151
341	3422	0	0	0	1	0	1.465306
342	3431	0	0	0	1	0	1.875820
343	3443	0	0	0	0	0	2.254794
344	3456	0	0	0	1	0	1.334356
345	3464	0	0	0	1	0	2.049883
346	3471	0	0	0	2	0	2.273206
347	3478	0	0	0	2	0	1.287245
348	3487	0	0	0	1	0	2.815944
349	3495	0	0	0	1	0	1.732756
350	3506	0	0	0	1	0	2.099098
351	3519	0	0	0	1	0	1.576264
352	3525	0	0	0	0	0	1.024799
353	3536	0	0	0	2	0	2.845114
354	3543	0	0	0	2	0	1.266154
355	3555	0	0	0	1	0	2.768798
356	3566	0	0	0	0	0	2.194797
357	3579	0	0	0	0	0	1.923050
358	3589	0	0	0	2	0	1.619676
359	3596	0	0	0	1	0	2.430264
360	3609	0	0	0	0	0	1.018008
361	3623	0	0	0	1	0	1.216848
362	3632	0	0	0	1	0	2.189646
363	3640	0	0	0	1	0	2.811435
364	3653	0	0	0	0	0	2.806205
365	3668	0	0	0	0	0	1.128254
366	3673	0	0	0	0	0	1.736851
367	3686	0	0	0	1	0	2.956697
368	3697	0	0	0	2	0	1.561296
369	3709	0	0	0	2	0	1.599675
370	3720	0	0	0	0	0	1.237512
371	3731	0	0	0	1	0	1.083956
372	3744	0	0	0	0	0	1.604314
373	3755	0	0	0	2	0	1.674406
374	3765	0	0	0	1	0	2.549024
375	3773	0	0	0	0	0	2.562526
376	3785	0	0	0	0	0	2.764795
377	3802	0	0	0	1	0	2.429035
378	3810	0	0	0	1	0	1.842494
379	3819	0	0	0	1	0	2.821114
380	3828	0	0	0	2	0	2.097651
381	3838	0	0	0	1	0	2.771203
382	3850	0	0	0	0	0	1.418034
383	3857	0	0	0	0	0	2.062944
384	3863	0	0	0	2	0	2.551045
385	3871	0	0	0	1	0	1.148493
386	3880	0	0	0	0	0	1.624086
387	3887	0	0	0	2	0	1.172620
388	3897	0	0	0	0	0	2.717146
389	3904	0	0	0	0	0	2.877339
390	3916	0	0	0	1	0	1.083464
391	3927	0	0	0	1	0	1.353527
392	3937	0	0	0	1	0	1.904379
393	3946	0	0	0	1	0	1.925664
394	3961	0	0	0	0	0	1.228816
395	3971	0	0	0	2	0	1.620043
396	3982	0	0	0	1	0	1.227597
397	3991	0	0	0	1	0	2.788330
398	4002	0	0	0	1	0	2.258938
399	4009	0	0	0	1	0	2.200719
400	4020	0	0	0	1	0	1.213346
401	4026	0	0	0	1	0	1.534331
402	4036	0	0	0	1	0	1.247631
403	4050	0	0	0	0	0	2.957559
404	4057	0	0	0	2	0	1.338521
405	4064	0	0	0	2	0	1.939541
406	4075	0	0	0	0	0	2.323146
407	4085	0	0	0	0	0	2.254129
408	4094	0	0	0	2	0	1.161528
409	4100	0	0	0	0	0	1.887835
410	4104	0	0	0	2	0	2.254165
411	4113	0	0	0	2	0	1.358169
412	4125	0	0	0	0	0	2.971051
413	4134	0	0	0	2	0	1.510843
414	4149	0	0	0	1	0	2.040492
415	4163	0	0	0	1	0	2.111041
416	4172	0	0	0	1	0	1.870983
417	4185	0	0	0	0	0	1.944405
418	4199	0	0	0	0	0	2.503927
419	4207	0	0	0	1	0	1.266694
420	4220	0	0	0	0	0	2.110045
421	4233	0	0	0	2	0	1.117443
422	4237	0	0	0	1	0	2.642417
423	4250	0	0	0	0	0	1.589344
424	4262	0	0	0	0	0	2.883889
425	4274	0	0	0	1	0	2.754867
426	4283	0	0	0	0	0	1.822323
427	4295	0	0	0	0	0	2.313851
428	4307	0	0	0	1	0	2.017782
429	4318	0	0	0	2	0	2.193055
430	4337	0	0	0	1	0	2.040387
431	4350	0	0	0	0	0	1.773125
432	4360	0	0	0	1	0	1.925600
433	4373	0	0	0	2	0	2.745441
434	4382	0	0	0	0	0	2.190209
435	4390	0	0	0	0	0	2.598423
436	4398	0	0	0	0	0	2.909624
437	4407	0	0	0	1	0	2.446959
438	4416	0	0	0	0	0	2.464556
439	4423	0	0	0	1	0	1.123944
440	4429	0	0	0	0	0	1.312957
441	4438	0	0	0	1	0	2.285762
442	4447	0	0	0	1	0	2.400528
443	4453	0	0	0	2	0	1.628304
444	4470	0	0	0	1	0	2.479936
445	4483	0	0	0	2	0	1.995913
446	4492	0	0	0	0	0	1.287278
447	4503	0	0	0	2	0	1.225012
448	4513	0	0	0	0	0	2.753522
449	4520	0	0	0	0	0	1.376734
450	4526	0	0	0	1	0	1.361342
451	4538	0	0	0	1	0	1.817392
452	4545	0	0	0	0	0	2.862326
453	4551	0	0	0	1	0	2.138562
454	4565	0	0	0	2	0	2.235443
455	4572	0	0	0	0	0	1.036858
456	4581	0	0	0	1	0	2.297674
457	4591	0	0	0	1	0	2.840214
458	4604	0	0	0	2	0	1.978328
459	4622	0	0	0	0	0	2.729799
460	4630	0	0	0	0	0	2.287683
461	4639	0	0	0	0	0	1.692367
462	4652	0	0	0	0	0	1.716975
463	4661	0	0	0	1	0	1.287108
464	4668	0	0	0	0	0	2.148206
465	4678	0	0	0	0	0	1.490479
466	4684	0	0	0	2	0	2.912347
467	4700	0	0	0	1	0	2.323437
468	4712	0	0	0	2	0	1.170707
469	4720	0	0	0	1	0	2.918712
470	4729	0	0	0	1	0	1.691398
471	4739	0	0	0	0	0	1.801721
472	4752	0	0	0	2	0	2.535443
473	4762	0	0	0	1	0	1.293092
474	4781	0	0	0	0	0	2.702974
475	4793	0	0	0	0	0	2.245023
476	4802	0	0	0	2	0	2.915153
477	4814	0	0	0	0	0	1.000643
478	4824	0	0	0	2	0	2.726503
479	4835	0	0	0	1	0	1.846255
480	4843	0	0	0	0	0	2.736635
481	4854	0	0	0	1	0	1.758983
482	4861	0	0	0	1	0	1.730691
483	4865	0	0	0	1	0	2.514086
484	4880	0	0	0	0	0	1.247729
485	4886	0	0	0	0	0	1.167063
486	4896	0	0	0	1	0	2.308947
487	4906	0	0	0	0	0	1.971055
488	4912	0	0	0	0	0	1.993600
489	4927	0	0	0	0	0	1.354909
490	4939	0	0	0	2	0	1.784784
491	4950	0	0	0	0	0	2.570906
492	4960	0	0	0	0	0	2.405643
493	4973	0	0	0	1	0	2.005970
494	4985	0	0	0	2	0	1.658995
495	4994	0	0	0	0	0	2.512926
496	5010	0	0	0	0	0	1.058240
497	5017	0	0	0	0	0	1.207285
498	5026	0	0	0	1	0	2.283498
499	5036	0	0	0	2	0	2.457587
500	5047	0	0	0	1	0	1.648263
501	5051	0	0	0	1	0	2.546925
502	5064	0	0	0	2	0	1.955292
503	5074	0	0	0	0	0	1.408809
504	5085	0	0	0	0	0	1.200567
505	5096	0	0	0	0	0	1.033540
506	5105	0	0	0	2	0	2.152752
507	5116	0	0	0	1	0	2.473355
508	5130	0	0	0	0	0	1.995994
509	5137	0	0	0	1	0	2.447169
510	5144	0	0	0	0	0	2.673137
511	5154	0	0	0	1	0	2.410533
512	5166	0	0	0	2	0	2.418339
513	5174	0	0	0	2	0	1.427246
514	5184	0	0	0	0	0	2.951340
515	5195	0	0	0	1	0	1.238349
516	5204	0	0	0	2	0	2.455337
517	5216	0	0	0	2	0	1.911251
518	5227	0	0	0	2	0	2.577145
519	5235	0	0	0	0	0	1.446620
520	5242	0	0	0	2	0	2.874585
521	5251	0	0	0	0	0	1.645823
522	5265	0	0	0	2	0	1.331241
523	5274	0	0	0	1	0	1.336481
524	5282	0	0	0	1	0	2.667514
525	5293	0	0	0	1	0	1.983334
526	5308	0	0	0	0	0	2.796867
527	5324	0	0	0	2	0	1.166353
528	5333	0	0	0	1	0	1.299077
529	5345	0	0	0	0	0	2.478538
530	5358	0	0	0	1	0	2.162322
531	5364	0	0	0	0	0	2.998693
532	5379	0	0	0	1	0	2.534576
533	5388	0	0	0	1	0	1.725262
534	5397	0	0	0	1	0	2.979561
535	5411	0	0	0	2	0	2.498040
536	5420	0	0	0	0	0	2.314239
537	5428	0	0	0	0	0	1.580908
538	5434	0	0	0	2	0	1.771404
539	5445	0	0	0	0	0	1.881719
540	5451	0	0	0	0	0	1.359023
541	5461	0	0	0	0	0	1.876454
542	5473	0	0	0	0	0	2.844543
543	5477	0	0	0	1	0	1.681630
544	5482	0	0	0	0	0	2.814960
545	5492	0	0	0	1	0	2.195874
546	5504	0	0	0	1	0	2.062720
547	5512	0	0	0	1	0	1.870837
548	5520	0	0	0	1	0	2.531473
549	5529	0	0	0	1	0	1.621774
550	5541	0	0	0	1	0	1.588360
551	5554	0	0	0	0	0	2.305816
552	5561	0	0	0	1	0	2.419963
553	5568	0	0	0	2	0	2.262044
554	5578	0	0	0	0	0	2.168540
555	5589	0	0	0	1	0	1.806965
556	5599	0	0	0	1	0	2.160651
557	5608	0	0	0	0	0	1.026466
558	5615	0	0	0	0	0	2.570763
559	5630	0	0	0	0	0	1.092619
560	5642	0	0	0	0	0	2.070571
561	5655	0	0	0	0	0	2.666943
562	5669	0	0	0	0	0	2.880428
563	5683	0	0	0	2	0	2.245601
564	5692	0	0	0	0	0	1.487724
565	5701	0	0	0	1	0	2.586360
566	5711	0	0	0	1	0	1.039548
567	5724	0	0	0	0	0	2.161526
568	5737	0	0	0	1	0	2.533203
569	5749	0	0	0	0	0	2.925982
570	5754	0	0	0	0	0	2.221583
571	5762	0	0	0	2	0	2.779028
572	5773	0	0	0	0	0	1.474772
573	5780	0	0	0	0	0	2.153357
574	5789	0	0	0	0	0	1.496412
575	5797	0	0	0	1	0	1.318898
576	5805	0	0	0	0	0	2.816689
577	5819	0	0	0	0	0	1.052504
578	5826	0	0	0	2	0	2.897181
579	5834	0	0	0	0	0	1.882193
580	5841	0	0	0	1	0	2.629314
581	5857	0	0	0	2	0	1.726904
582	5867	0	0	0	0	0	2.480779
583	5878	0	0	0	0	0	2.310902
584	5886	0	0	0	0	0	2.479319
585	5901	0	0	0	1	0	2.154568
586	5908	0	0	0	1	0	2.143616
587	5920	0	0	0	0	0	1.607114
588	5924	0	0	0	1	0	2.571527
589	5933	0	0	0	2	0	2.607619
590	5940	0	0	0	2	0	1.808009
591	5951	0	0	0	1	0	1.243268
592	5963	0	0	0	2	0	2.580340
593	5968	0	0	0	0	0	1.699653
594	5975	0	0	0	1	0	1.846807
595	5982	0	0	0	1	0	1.509527
596	5994	0	0	0	0	0	2.274173
597	6002	0	0	0	1	0	2.180292
598	6009	0	0	0	2	0	2.389410
599	6015	0	0	0	0	0	2.434730
600	6026	0	0	0	1	0	2.242234
601	6037	0	0	0	1	0	1.033504
602	6041	0	0	0	1	0	2.587570
603	6046	0	0	0	1	0	1.379201
604	6054	0	0	0	1	0	2.561756
605	6066	0	0	0	0	0	2.631646
606	6078	0	0	0	1	0	1.907769
607	6086	0	0	0	1	0	2.206813
608	6096	0	0	0	0	0	1.581283
609	6104	0	0	0	0	0	1.928360
610	6112	0	0	0	2	0	2.130238
611	6123	0	0	0	1	0	1.816229
612	6134	0	0	0	0	0	1.713238
613	6141	0	0	0	0	0	1.302044
614	6152	0	0	0	0	0	1.893549
615	6165	0	0	0	0	0	2.967071
616	6172	0	0	0	1	0	1.677180
617	6181	0	0	0	2	0	1.167490
618	6193	0	0	0	0	0	2.045117
619	6208	0	0	0	2	0	1.881587
620	6219	0	0	0	1	0	2.284517
621	6229	0	0	0	2	0	2.061918
622	6238	0	0	0	1	0	1.457056
623	6252	0	0	0	1	0	2.050272
624	6259	0	0	0	0	0	2.541220
625	6272	0	0	0	1	0	1.776705
626	6283	0	0	0	0	0	2.266255
627	6293	0	0	0	1	0	1.284042
628	6299	0	0	0	1	0	2.010358
629	6319	0	0	0	1	0	1.834613
630	6331	0	0	0	1	0	2.191537
631	6336	0	0	0	0	0	2.323364
632	6350	0	0	0	2	0	2.263597
633	6362	0	0	0	1	0	1.599806
634	6378	0	0	0	0	0	2.711193
635	6391	0	0	0	0	0	1.159514
636	6404	0	0	0	1	0	2.576415
637	6416	0	0	0	1	0	1.869665
638	6425	0	0	0	0	0	2.246078
639	6431	0	0	0	1	0	2.286935
640	6438	0	0	0	1	0	2.920598
641	6447	0	0	0	0	0	1.277305
642	6454	0	0	0	1	0	2.173283
643	6465	0	0	0	0	0	2.321772
644	6472	0	0	0	0	0	2.024815
645	6480	0	0	0	0	0	2.175960
646	6488	0	0	0	0	0	2.742280
647	6493	0	0	0	0	0	2.400953
648	6499	0	0	0	0	0	1.319471
649	6511	0	0	0	2	0	2.542949
650	6521	0	0	0	0	0	2.952976
651	6524	0	0	0	0	0	1.834068
652	6531	0	0	0	2	0	2.248143
653	6538	0	0	0	0	0	2.652257
654	6546	0	0	0	2	0	2.096682
655	6554	0	0	0	0	0	2.122638
656	6568	0	0	0	0	0	1.506830
657	6581	0	0	0	2	0	1.515511
658	6594	0	0	0	1	0	2.432724
659	6604	0	0	0	2	0	1.268828
660	6612	0	0	0	1	0	2.858435
661	6621	0	0	0	0	0	2.393084
662	6633	0	0	0	1	0	1.196137
663	6645	0	0	0	0	0	2.531191
664	6656	0	0	0	0	0	2.998053
665	6669	0	0	0	1	0	2.307915
666	6675	0	0	0	0	0	2.620293
667	6682	0	0	0	0	0	1.511600
668	6695	0	0	0	2	0	1.851503
669	6706	0	0	0	2	0	2.886079
670	6716	0	0	0	1	0	1.902263
671	6727	0	0	0	2	0	2.820653
672	6738	0	0	0	0	0	1.918555
673	6750	0	0	0	0	0	2.369251
674	6760	0	0	0	1	0	1.494514
675	6771	0	0	0	2	0	2.319157
676	6781	0	0	0	0	0	2.019141
677	6789	0	0	0	0	0	2.336746
678	6801	0	0	0	0	0	2.672926
679	6809	0	0	0	0	0	1.347150
680	6813	0	0	0	1	0	1.902368
681	6827	0	0	0	1	0	2.291557
682	6839	0	0	0	2	0	1.348785
683	6853	0	0	0	1	0	2.322196
684	6859	0	0	0	2	0	2.864045
685	6869	0	0	0	2	0	2.071017
686	6885	0	0	0	1	0	1.065749
687	6889	0	0	0	1	0	2.355071
688	6899	0	0	0	0	0	2.454493
689	6911	0	0	0	0	0	2.796740
690	6923	0	0	0	2	0	1.650641
691	6930	0	0	0	0	0	2.874629
692	6942	0	0	0	2	0	1.861790
693	6957	0	0	0	0	0	2.808260
694	6969	0	0	0	1	0	1.245229
695	6978	0	0	0	0	0	1.170750
696	6989	0	0	0	0	0	1.892739
697	7000	0	0	0	0	0	1.031489
698	7010	0	0	0	1	0	1.098600
699	7016	0	0	0	1	0	2.945575
700	7020	0	0	0	0	0	2.458493
701	7028	0	0	0	1	0	2.539618
702	7033	0	0	0	0	0	1.009603
703	7048	0	0	0	2	0	2.787002
704	7061	0	0	0	0	0	1.241068
705	7072	0	0	0	0	0	2.866315
706	7085	0	0	0	1	0	2.981900
707	7090	0	0	0	0	0	2.606963
708	7102	0	0	0	1	0	1.078252
709	7110	0	0	0	2	0	2.068692
710	7121	0	0	0	2	0	1.925433
711	7131	0	0	0	1	0	1.550844
712	7138	0	0	0	2	0	2.236482
713	7147	0	0	0	2	0	2.331132
714	7154	0	0	0	2	0	1.156989
715	7167	0	0	0	0	0	2.578100
716	7175	0	0	0	1	0	1.665481
717	7189	0	0	0	0	0	2.484881
718	7196	0	0	0	1	0	2.391372
719	7209	0	0	0	1	0	2.839446
720	7223	0	0	0	0	0	1.625843
721	7235	0	0	0	0	0	1.401205
722	7241	0	0	0	0	0	2.040160
723	7251	0	0	0	0	0	2.404499
724	7261	0	0	0	0	0	2.302481
725	7271	0	0	0	1	0	1.979335
726	7287	0	0	0	1	0	1.605812
727	7297	0	0	0	2	0	2.074651
728	7304	0	0	0	2	0	1.417342
729	7311	0	0	0	1	0	1.732483
730	7319	0	0	0	2	0	2.965650
731	7325	0	0	0	1	0	2.575337
732	7336	0	0	0	2	0	2.101161
733	7343	0	0	0	0	0	1.552724
734	7349	0	0	0	1	0	2.717030
735	7357	0	0	0	0	0	1.835146
736	7364	0	0	0	0	0	2.773388
737	7375	0	0	0	1	0	1.513655
738	7387	0	0	0	1	0	1.662911
739	7395	0	0	0	0	0	1.299407
740	7413	0	0	0	1	0	1.491836
741	7422	0	0	0	2	0	1.165630
742	7435	0	0	0	0	0	2.871635
743	7443	0	0	0	1	0	1.846332
744	7459	0	0	0	2	0	1.420852
745	7466	0	0	0	2	0	1.752186
746	7476	0	0	0	1	0	2.418433
747	7488	0	0	0	2	0	2.085072
748	7493	0	0	0	0	0	2.236987
749	7504	0	0	0	1	0	2.265547
750	7517	0	0	0	1	0	2.010199
751	7529	0	0	0	2	0	2.096785
752	7541	0	0	0	1	0	2.926512
753	7552	0	0	0	0	0	1.539538
754	7559	0	0	0	0	0	1.340363
755	7568	0	0	0	0	0	1.631467
756	7582	0	0	0	1	0	1.392186
757	7592	0	0	0	0	0	1.228330
758	7602	0	0	0	2	0	2.214553
759	7613	0	0	0	0	0	2.768195
760	7622	0	0	0	0	0	1.621739
761	7633	0	0	0	2	0	2.740835
762	7639	0	0	0	1	0	1.700820
763	7652	0	0	0	0	0	1.602855
764	7664	0	0	0	1	0	2.999663
765	7681	0	0	0	2	0	1.608275
766	7688	0	0	0	0	0	2.263836
767	7699	0	0	0	0	0	2.739735
768	7710	0	0	0	0	0	1.549627
769	7721	0	0	0	0	0	1.356423
770	7728	0	0	0	2	0	2.459531
771	7743	0	0	0	0	0	1.350785
772	7754	0	0	0	1	0	2.195817
773	7763	0	0	0	2	0	2.866261
774	7777	0	0	0	1	0	2.208449
775	7782	0	0	0	1	0	2.643233
776	7794	0	0	0	0	0	2.922799
777	7804	0	0	0	0	0	2.465580
778	7814	0	0	0	0	0	2.356648
779	7822	0	0	0	2	0	1.832991
780	7830	0	0	0	1	0	2.160153
781	7837	0	0	0	0	0	2.348336
782	7848	0	0	0	0	0	1.494323
783	7853	0	0	0	0	0	1.524626
784	7866	0	0	0	2	0	2.978785
785	7880	0	0	0	0	0	2.197162
786	7889	0	0	0	0	0	1.811226
787	7897	0	0	0	1	0	2.213161
788	7907	0	0	0	0	0	1.631298
789	7920	0	0	0	0	0	1.280191
790	7927	0	0	0	0	0	2.928033
791	7935	0	0	0	0	0	1.196564
792	7941	0	0	0	0	0	1.826619
793	7945	0	0	0	1	0	1.519017
794	7958	0	0	0	0	0	2.876613
795	7963	0	0	0	1	0	1.899071
796	7973	0	0	0	1	0	1.194664
797	7978	0	0	0	0	0	2.027230
798	7988	0	0	0	0	0	2.136503
799	7998	0	0	0	1	0	2.072111
800	8009	0	0	0	2	0	2.190476
801	8016	0	0	0	0	0	1.951130
802	8022	0	0	0	2	0	1.704856
803	8034	0	0	0	2	0	2.647473
804	8048	0	0	0	2	0	2.645242
805	8059	0	0	0	0	0	2.906611
806	8071	0	0	0	1	0	1.074813
807	8084	0	0	0	2	0	1.072648
808	8095	0	0	0	1	0	2.365697
809	8107	0	0	0	1	0	2.310606
810	8119	0	0	0	0	0	1.740368
811	8129	0	0	0	1	0	1.815135
812	8135	0	0	0	1	0	1.883244
813	8142	0	0	0	2	0	2.439016
814	8152	0	0	0	1	0	2.007077
815	8159	0	0	0	0	0	2.566214
816	8174	0	0	0	0	0	1.313587
817	8181	0	0	0	0	0	1.060424
818	8191	0	0	0	0	0	1.019884
819	8208	0	0	0	2	0	1.823266
820	8220	0	0	0	1	0	1.750761
821	8235	0	0	0	2	0	2.730401
822	8244	0	0	0	0	0	2.958752
823	8248	0	0	0	0	0	1.262432
824	8258	0	0	0	0	0	2.160458
825	8271	0	0	0	0	0	1.529445
826	8275	0	0	0	2	0	2.268461
827	8285	0	0	0	0	0	2.572172
828	8294	0	0	0	1	0	1.467808
829	8304	0	0	0	0	0	2.091870
830	8317	0	0	0	0	0	1.516471
831	8327	0	0	0	2	0	2.932084
832	8342	0	0	0	2	0	1.289842
833	8351	0	0	0	0	0	1.294598
834	8361	0	0	0	1	0	2.593828
835	8369	0	0	0	0	0	2.832772
836	8383	0	0	0	1	0	1.918042
837	8391	0	0	0	1	0	1.924451
838	8403	0	0	0	1	0	2.924648
839	8414	0	0	0	1	0	2.284328
840	8418	0	0	0	2	0	1.314099
841	8428	0	0	0	0	0	2.754328
842	8444	0	0	0	1	0	1.420152
843	8460	0	0	0	0	0	2.194813
844	8468	0	0	0	2	0	2.517328
845	8481	0	0	0	1	0	1.394773
846	8485	0	0	0	1	0	2.393363
847	8492	0	0	0	1	0	1.826685
848	8498	0	0	0	2	0	1.755163
849	8512	0	0	0	1	0	2.198681
850	8521	0	0	0	2	0	1.980504
851	8532	0	0	0	1	0	1.851395
852	8539	0	0	0	2	0	1.541753
853	8549	0	0	0	0	0	1.010331
854	8559	0	0	0	1	0	2.519559
855	8567	0	0	0	2	0	1.229897
856	8579	0	0	0	1	0	1.670788
857	8586	0	0	0	1	0	1.110694
858	8593	0	0	0	1	0	1.121788
859	8602	0	0	0	1	0	2.171878
860	8617	0	0	0	2	0	1.352833
861	8623	0	0	0	0	0	1.181125
862	8632	0	0	0	1	0	1.588837
863	8639	0	0	0	1	0	2.865812
864	8645	0	0	0	0	0	1.306647
865	8658	0	0	0	2	0	2.505171
866	8663	0	0	0	1	0	2.294155
867	8670	0	0	0	2	0	1.591641
868	8675	0	0	0	0	0	1.322082
869	8681	0	0	0	1	0	1.410124
870	8692	0	0	0	1	0	1.140095
871	8705	0	0	0	0	0	2.826095
872	8719	0	0	0	2	0	2.222451
873	8727	0	0	0	2	0	1.749315
874	8739	0	0	0	0	0	2.601501
875	8748	0	0	0	0	0	2.296337
876	8751	0	0	0	0	0	1.228596
877	8759	0	0	0	0	0	2.791642
878	8766	0	0	0	1	0	1.812160
879	8782	0	0	0	1	0	1.045313
880	8790	0	0	0	0	0	1.689781
881	8799	0	0	0	1	0	2.726068
882	8808	0	0	0	0	0	1.005571
883	8824	0	0	0	0	0	1.070041
884	8839	0	0	0	0	0	2.929810
885	8846	0	0	0	1	0	2.104437
886	8862	0	0	0	1	0	2.823818
887	8873	0	0	0	1	0	1.758740
888	8886	0	0	0	1	0	1.019899
889	8898	0	0	0	1	0	2.729083
890	8912	0	0	0	0	0	2.058170
891	8918	0	0	0	1	0	1.359992
892	8926	0	0	0	2	0	2.815676
893	8935	0	0	0	1	0	1.014057
894	8938	0	0	0	2	0	1.820947
895	8943	0	0	0	1	0	1.542995
896	8951	0	0	0	1	0	1.685370
897	8961	0	0	0	2	0	1.542227
898	8969	0	0	0	1	0	1.705207
899	8982	0	0	0	0	0	2.496393
900	8989	0	0	0	2	0	2.325907
901	8997	0	0	0	0	0	1.333846
902	9010	0	0	0	2	0	1.346303
903	9019	0	0	0	1	0	1.585731
904	9031	0	0	0	0	0	2.801442
905	9038	0	0	0	0	0	2.594939
906	9048	0	0	0	2	0	2.262558
907	9053	0	0	0	1	0	2.032896
908	9062	0	0	0	2	0	1.697594
909	9071	0	0	0	1	0	2.068813
910	9078	0	0	0	2	0	1.191866
911	9089	0	0	0	1	0	1.756534
912	9097	0	0	0	1	0	1.488885
913	9111	0	0	0	2	0	2.394489
914	9118	0	0	0	1	0	2.543389
915	9126	0	0	0	2	0	1.865395
916	9136	0	0	0	2	0	1.464944
917	9145	0	0	0	2	0	1.165853
918	9154	0	0	0	2	0	1.726863
919	9160	0	0	0	1	0	1.167872
920	9168	0	0	0	2	0	1.217964
921	9177	0	0	0	0	0	2.935309
922	9186	0	0	0	1	0	2.679898
923	9191	0	0	0	2	0	2.267408
924	9199	0	0	0	0	0	1.711894
925	9213	0	0	0	1	0	1.834305
926	9224	0	0	0	1	0	1.177634
927	9232	0	0	0	0	0	2.427252
928	9247	0	0	0	2	0	2.125386
929	9261	0	0	0	0	0	2.977243
930	9270	0	0	0	1	0	2.479215
931	9274	0	0	0	0	0	1.957211
932	9281	0	0	0	1	0	1.745076
933	9290	0	0	0	0	0	2.189113
934	9299	0	0	0	0	0	1.875053
935	9313	0	0	0	1	0	2.604338
936	9321	0	0	0	0	0	1.971908
937	9332	0	0	0	0	0	1.240320
938	9339	0	0	0	1	0	1.442471
939	9352	0	0	0	1	0	1.275955
940	9358	0	0	0	0	0	1.809584
941	9365	0	0	0	0	0	1.235225
942	9374	0	0	0	1	0	2.309412
943	9381	0	0	0	1	0	1.521030
944	9388	0	0	0	0	0	2.264568
945	9394	0	0	0	2	0	2.083415
946	9407	0	0	0	2	0	1.842968
947	9411	0	0	0	0	0	2.008169
948	9421	0	0	0	1	0	2.744874
949	9438	0	0	0	2	0	2.779943
950	9446	0	0	0	2	0	2.281251
951	9456	0	0	0	0	0	1.466760
952	9463	0	0	0	1	0	2.271781
953	9471	0	0	0	0	0	2.376211
954	9482	0	0	0	0	0	1.047458
955	9490	0	0	0	1	0	2.997417
956	9503	0	0	0	1	0	1.060392
957	9513	0	0	0	1	0	1.414019
958	9519	0	0	0	1	0	1.485549
959	9526	0	0	0	0	0	2.400368
960	9533	0	0	0	2	0	2.135721
961	9541	0	0	0	0	0	2.170820
962	9555	0	0	0	0	0	1.462879
963	9563	0	0	0	0	0	2.756972
964	9579	0	0	0	2	0	1.242211
965	9588	0	0	0	0	0	1.793651
966	9598	0	0	0	1	0	2.015627
967	9610	0	0	0	2	0	2.880049
968	9615	0	0	0	2	0	2.627236
969	9626	0	0	0	1	0	1.699660
970	9633	0	0	0	0	0	2.373275
971	9641	0	0	0	2	0	1.457665
972	9651	0	0	0	0	0	1.188054
973	9665	0	0	0	1	0	2.873854
974	9673	0	0	0	1	0	1.036095
975	9678	0	0	0	0	0	2.939344
976	9688	0	0	0	0	0	1.667016
977	9707	0	0	0	0	0	2.062079
978	9716	0	0	0	2	0	1.132703
979	9726	0	0	0	0	0	2.623762
980	9730	0	0	0	1	0	2.315197
981	9734	0	0	0	2	0	1.488262
982	9742	0	0	0	2	0	2.609714
983	9753	0	0	0	2	0	2.951336
984	9768	0	0	0	2	0	1.889339
985	9776	0	0	0	1	0	1.471179
986	9790	0	0	0	0	0	1.694275
987	9800	0	0	0	2	0	2.619017
988	9806	0	0	0	2	0	2.659426
989	9816	0	0	0	0	0	2.301049
990	9830	0	0	0	0	0	2.944255
991	9843	0	0	0	2	0	1.724764
992	9859	0	0	0	0	0	1.813397
993	9865	0	0	0	0	0	1.673034
994	9873	0	0	0	0	0	1.060644
995	9879	0	0	0	1	0	2.218442
996	9889	0	0	0	1	0	1.940075
997	9904	0	0	0	0	0	1.241173
998	9915	0	0	0	1	0	2.001783
999	9927	0	0	0	2	0	1.849141
