0	1	0	0	0	0	0	1.455511
1	14	0	0	0	0	0	2.899980
2	30	0	0	0	2	0	2.976754
3	45	0	0	0	0	0	1.682142
4	55	0	0	0	2	0	1.312579
5	67	0	0	0	0	0	2.101621
6	79	0	0	0	1	0	1.619160
7	86	0	0	0	2	0	2.358837
8	96	0	0	0	0	0	2.671762
9	103	0	0	0	0	0	1.409691
10	115	0	0	0	2	0	1.850170
11	127	0	0	0	1	0	2.263304
12	142	0	0	0	0	0	1.255526
13	148	0	0	0	1	0	2.980299
14	157	0	0	0	0	0	2.729967
15	167	0	0	0	0	0	1.133284
16	182	0	0	0	0	0	2.764418
17	194	0	0	0	1	0	2.160942
18	201	0	0	0	0	0	1.066775
19	210	0	0	0	2	0	1.454531
20	221	0	0	0	1	0	2.892593
21	232	0	0	0	1	0	2.101205
22	241	0	0	0	0	0	1.844047
23	250	0	0	0	1	0	1.603650
24	254	0	0	0	0	0	1.528230
25	263	0	0	0	0	0	2.684654
26	270	0	0	0	0	0	2.443356
27	276	0	0	0	1	0	2.881747
28	288	0	0	0	2	0	1.799413
29	304	0	0	0	0	0	1.691720
30	313	0	0	0	2	0	1.423548
31	329	0	0	0	0	0	1.450406
32	339	0	0	0	0	0	1.672275
33	344	0	0	0	0	0	2.065909
34	359	0	0	0	1	0	1.313450
35	362	0	0	0	2	0	1.727477
36	370	0	0	0	1	0	2.409611
37	381	0	0	0	0	0	1.979012
38	391	0	0	0	0	0	1.794517
39	404	0	0	0	0	0	1.527889
40	413	0	0	0	1	0	1.588820
41	422	0	0	0	0	0	2.827478
42	427	0	0	0	1	0	2.507169
43	434	0	0	0	0	0	2.883419
44	447	0	0	0	1	0	1.936528
45	456	0	0	0	0	0	1.396461
46	463	0	0	0	0	0	1.396504
47	472	0	0	0	0	0	1.701074
48	482	0	0	0	2	0	1.471113
49	489	0	0	0	2	0	2.773396
50	502	0	0	0	0	0	2.062454
51	518	0	0	0	2	0	1.230880
52	529	0	0	0	2	0	1.379879
53	543	0	0	0	1	0	1.353498
54	551	0	0	0	0	0	1.755386
55	560	0	0	0	1	0	1.113774
56	569	0	0	0	0	0	1.113316
57	584	0	0	0	1	0	1.197367
58	592	0	0	0	2	0	1.247676
59	600	0	0	0	1	0	2.063656
60	606	0	0	0	2	0	2.337025
61	618	0	0	0	2	0	2.491333
62	634	0	0	0	1	0	2.976984
63	640	0	0	0	1	0	2.466254
64	651	0	0	0	2	0	2.025053
65	661	0	0	0	2	0	1.966828
66	668	0	0	0	0	0	1.019058
67	683	0	0	0	1	0	2.591352
68	700	0	0	0	1	0	1.662723
69	710	0	0	0	0	0	1.027689
70	717	0	0	0	1	0	1.214138
71	725	0	0	0	1	0	2.810890
72	737	0	0	0	2	0	1.645423
73	745	0	0	0	1	0	1.224906
74	752	0	0	0	1	0	1.432759
75	763	0	0	0	1	0	1.205510
76	772	0	0	0	1	0	2.939619
77	783	0	0	0	2	0	1.031591
78	793	0	0	0	2	0	2.182499
79	800	0	0	0	1	0	2.863457
80	809	0	0	0	1	0	2.847861
81	817	0	0	0	1	0	1.198165
82	826	0	0	0	2	0	2.145250
83	837	0	0	0	2	0	2.068994
84	849	0	0	0	0	0	1.322895
85	854	0	0	0	1	0	2.662340
86	866	0	0	0	0	0	2.201102
87	876	0	0	0	0	0	2.052497
88	891	0	0	0	1	0	2.413892
89	899	0	0	0	2	0	1.532964
90	909	0	0	0	1	0	2.473368
91	920	0	0	0	0	0	2.572130
92	931	0	0	0	0	0	1.320582
93	940	0	0	0	0	0	2.695708
94	951	0	0	0	1	0	2.163763
95	960	0	0	0	2	0	2.749799
96	971	0	0	0	0	0	1.420644
97	984	0	0	0	1	0	2.195357
98	994	0	0	0	2	0	2.665289
99	1005	0	0	0	1	0	1.493165
100	1011	0	0	0	0	0	2.706672
101	1023	0	0	0	2	0	2.519948
102	1040	0	0	0	0	0	2.743883
103	1051	0	0	0	1	0	2.023899
104	1055	0	0	0	0	0	2.584903
105	1062	0	0	0	2	0	2.859654
106	1071	0	0	0	2	0	1.053663
107	1079	0	0	0	0	0	1.106548
108	1089	0	0	0	2	0	1.049901
109	1097	0	0	0	0	0	2.066221
110	1100	0	0	0	0	0	2.018965
111	1115	0	0	0	1	0	2.755994
112	1121	0	0	0	1	0	2.475473
113	1137	0	0	0	0	0	2.322652
114	1147	0	0	0	0	0	1.366524
115	1155	0	0	0	2	0	1.929985
116	1162	0	0	0	2	0	1.675375
117	1174	0	0	0	0	0	1.803795
118	1186	0	0	0	1	0	1.367744
119	1194	0	0	0	2	0	1.781113
120	1208	0	0	0	0	0	1.576865
121	1214	0	0	0	1	0	2.228371
122	1229	0	0	0	2	0	1.307759
123	1243	0	0	0	0	0	1.135611
124	1250	0	0	0	0	0	1.407637
125	1255	0	0	0	1	0	1.287600
126	1265	0	0	0	1	0	2.525297
127	1275	0	0	0	2	0	1.541375
128	1288	0	0	0	0	0	1.531189
129	1297	0	0	0	0	0	2.160029
130	1310	0	0	0	1	0	1.921059
131	1318	0	0	0	0	0	2.520952
132	1322	0	0	0	1	0	1.479654
133	1329	0	0	0	2	0	2.541049
134	1334	0	0	0	1	0	2.729034
135	1345	0	0	0	0	0	1.628514
136	1360	0	0	0	2	0	1.099142
137	1362	0	0	0	1	0	1.194582
138	1372	0	0	0	1	0	2.021383
139	1378	0	0	0	1	0	1.629444
140	1382	0	0	0	0	0	1.084988
141	1390	0	0	0	0	0	1.406980
142	1401	0	0	0	0	0	2.351413
143	1414	0	0	0	2	0	1.393761
144	1422	0	0	0	0	0	1.856675
145	1435	0	0	0	2	0	2.106680
146	1445	0	0	0	0	0	1.073761
147	1457	0	0	0	0	0	1.433292
148	1462	0	0	0	1	0	1.989069
149	1477	0	0	0	2	0	1.108835
150	1487	0	0	0	1	0	1.573704
151	1495	0	0	0	0	0	1.960541
152	1504	0	0	0	1	0	1.497716
153	1515	0	0	0	2	0	2.492988
154	1523	0	0	0	0	0	1.081969
155	1536	0	0	0	1	0	1.672295
156	1542	0	0	0	2	0	2.551567
157	1549	0	0	0	1	0	1.245082
158	1555	0	0	0	2	0	2.294215
159	1560	0	0	0	2	0	2.230154
160	1566	0	0	0	0	0	2.212928
161	1579	0	0	0	0	0	1.163597
162	1587	0	0	0	0	0	2.603113
163	1598	0	0	0	1	0	1.011129
164	1617	0	0	0	2	0	1.928695
165	1621	0	0	0	0	0	1.084843
166	1623	0	0	0	0	0	1.108089
167	1633	0	0	0	0	0	2.097574
168	1646	0	0	0	1	0	2.247881
169	1662	0	0	0	2	0	2.580392
170	1679	0	0	0	2	0	1.724552
171	1694	0	0	0	0	0	1.765350
172	1701	0	0	0	0	0	1.109765
173	1710	0	0	0	1	0	1.109211
174	1720	0	0	0	0	0	2.157447
175	1728	0	0	0	1	0	1.111149
176	1735	0	0	0	2	0	1.076997
177	1744	0	0	0	0	0	2.128752
178	1749	0	0	0	1	0	2.699705
179	1763	0	0	0	1	0	1.778926
180	1769	0	0	0	0	0	1.475249
181	1779	0	0	0	2	0	2.362379
182	1787	0	0	0	1	0	1.400857
183	1795	0	0	0	0	0	1.088397
184	1804	0	0	0	0	0	2.917990
185	1814	0	0	0	0	0	2.971603
186	1826	0	0	0	2	0	1.921531
187	1835	0	0	0	2	0	1.319343
188	1845	0	0	0	0	0	1.410119
189	1854	0	0	0	0	0	1.488075
190	1872	0	0	0	1	0	2.783364
191	1891	0	0	0	0	0	2.508915
192	1898	0	0	0	2	0	2.828325
193	1911	0	0	0	1	0	1.344707
194	1919	0	0	0	1	0	2.069191
195	1924	0	0	0	0	0	1.930470
196	1929	0	0	0	0	0	1.013389
197	1937	0	0	0	1	0	1.426035
198	1945	0	0	0	0	0	2.265982
199	1955	0	0	0	1	0	2.781111
200	1967	0	0	0	2	0	2.551814
201	1982	0	0	0	0	0	2.302643
202	1988	0	0	0	2	0	2.798948
203	1996	0	0	0	1	0	2.150495
204	2009	0	0	0	2	0	2.466494
205	2019	0	0	0	0	0	2.904392
206	2039	0	0	0	1	0	1.575340
207	2048	0	0	0	1	0	2.556333
208	2059	0	0	0	0	0	2.976125
209	2070	0	0	0	1	0	2.534420
210	2079	0	0	0	1	0	2.010144
211	2090	0	0	0	2	0	1.878547
212	2097	0	0	0	1	0	1.502008
213	2105	0	0	0	0	0	1.281383
214	2121	0	0	0	1	0	1.305070
215	2131	0	0	0	0	0	1.491058
216	2141	0	0	0	0	0	1.810950
217	2156	0	0	0	1	0	1.186278
218	2166	0	0	0	1	0	1.936384
219	2179	0	0	0	1	0	2.471386
220	2190	0	0	0	0	0	1.279361
221	2200	0	0	0	1	0	2.143670
222	2214	0	0	0	0	0	2.573231
223	2224	0	0	0	1	0	2.396367
224	2238	0	0	0	0	0	1.957786
225	2243	0	0	0	0	0	2.326678
226	2254	0	0	0	2	0	2.433515
227	2260	0	0	0	1	0	2.291684
228	2270	0	0	0	0	0	2.327221
229	2279	0	0	0	2	0	1.806108
230	2288	0	0	0	0	0	2.509456
231	2295	0	0	0	0	0	1.989078
232	2304	0	0	0	0	0	1.547617
233	2313	0	0	0	1	0	2.984021
234	2323	0	0	0	1	0	1.448784
235	2338	0	0	0	0	0	2.408401
236	2351	0	0	0	1	0	1.767263
237	2367	0	0	0	1	0	2.100710
238	2379	0	0	0	2	0	2.965077
239	2392	0	0	0	2	0	2.336486
240	2410	0	0	0	2	0	1.749359
241	2416	0	0	0	1	0	2.213839
242	2424	0	0	0	0	0	2.608473
243	2431	0	0	0	0	0	1.435269
244	2441	0	0	0	2	0	2.975610
245	2450	0	0	0	0	0	1.534565
246	2456	0	0	0	2	0	1.603193
247	2471	0	0	0	0	0	1.992445
248	2485	0	0	0	2	0	2.888598
249	2494	0	0	0	0	0	1.228035
250	2508	0	0	0	0	0	2.482144
251	2524	0	0	0	0	0	2.930285
252	2536	0	0	0	2	0	1.716127
253	2547	0	0	0	2	0	2.412903
254	2558	0	0	0	2	0	2.416978
255	2568	0	0	0	1	0	2.686139
256	2576	0	0	0	0	0	2.547064
257	2589	0	0	0	2	0	1.433267
258	2604	0	0	0	2	0	2.636432
259	2613	0	0	0	0	0	1.483782
260	2627	0	0	0	2	0	2.781425
261	2632	0	0	0	1	0	2.038815
262	2646	0	0	0	2	0	2.245032
263	2655	0	0	0	2	0	1.947691
264	2669	0	0	0	2	0	1.130813
265	2673	0	0	0	0	0	2.243182
266	2683	0	0	0	1	0	2.693200
267	2694	0	0	0	2	0	1.248129
268	2704	0	0	0	2	0	1.008679
269	2714	0	0	0	0	0	1.939927
270	2720	0	0	0	2	0	1.378360
271	2734	0	0	0	0	0	2.073335
272	2744	0	0	0	0	0	1.238693
273	2753	0	0	0	0	0	2.482904
274	2760	0	0	0	0	0	2.241239
275	2767	0	0	0	1	0	2.489307
276	2776	0	0	0	2	0	1.761673
277	2783	0	0	0	1	0	2.661530
278	2795	0	0	0	2	0	2.181323
279	2800	0	0	0	1	0	2.209650
280	2812	0	0	0	0	0	2.974547
281	2824	0	0	0	1	0	1.958157
282	2833	0	0	0	1	0	1.090765
283	2843	0	0	0	0	0	1.088497
284	2857	0	0	0	1	0	1.364258
285	2867	0	0	0	2	0	1.335025
286	2877	0	0	0	0	0	2.686938
287	2889	0	0	0	0	0	2.967060
288	2903	0	0	0	0	0	2.608658
289	2909	0	0	0	1	0	1.248164
290	2918	0	0	0	1	0	1.369360
291	2934	0	0	0	0	0	2.753671
292	2942	0	0	0	0	0	2.439913
293	2949	0	0	0	0	0	1.673117
294	2955	0	0	0	0	0	1.400974
295	2966	0	0	0	0	0	1.754296
296	2981	0	0	0	0	0	1.976267
297	2989	0	0	0	1	0	1.760084
298	2999	0	0	0	2	0	1.353879
299	3004	0	0	0	2	0	2.766330
300	3012	0	0	0	1	0	2.937363
301	3021	0	0	0	1	0	2.245340
302	3028	0	0	0	2	0	1.763596
303	3046	0	0	0	0	0	1.730823
304	3049	0	0	0	0	0	1.629925
305	3061	0	0	0	2	0	2.702142
306	3065	0	0	0	0	0	2.436781
307	3074	0	0	0	0	0	1.595514
308	3084	0	0	0	0	0	1.839872
309	3099	0	0	0	1	0	2.351177
310	3112	0	0	0	2	0	2.339080
311	3123	0	0	0	2	0	1.778128
312	3135	0	0	0	2	0	1.626478
313	3143	0	0	0	0	0	1.974894
314	3148	0	0	0	2	0	2.911875
315	3155	0	0	0	2	0	2.801677
316	3171	0	0	0	0	0	1.979326
317	3180	0	0	0	2	0	2.131761
318	3188	0	0	0	2	0	1.226040
319	3198	0	0	0	0	0	2.870822
320	3206	0	0	0	0	0	1.314270
321	3215	0	0	0	1	0	2.925744
322	3224	0	0	0	1	0	1.458916
323	3231	0	0	0	0	0	2.353698
324	3238	0	0	0	0	0	2.283209
325	3250	0	0	0	2	0	1.648421
326	3256	0	0	0	1	0	1.203633
327	3273	0	0	0	2	0	1.925110
328	3282	0	0	0	2	0	2.572937
329	3293	0	0	0	0	0	1.500993
330	3300	0	0	0	0	0	2.475608
331	3305	0	0	0	1	0	1.434144
332	3315	0	0	0	1	0	1.621943
333	3323	0	0	0	0	0	1.802600
334	3329	0	0	0	1	0	2.706938
335	3342	0	0	0	1	0	2.964881
336	3352	0	0	0	0	0	2.278571
337	3361	0	0	0	0	0	2.084790
338	3370	0	0	0	1	0	2.979050
339	3378	0	0	0	2	0	1.801225
340	3385	0	0	0	0	0	1.902490
341	3391	0	0	0	0	0	2.621928
342	3400	0	0	0	1	0	2.737665
343	3413	0	0	0	2	0	2.876180
344	3420	0	0	0	0	0	2.012367
345	3430	0	0	0	1	0	2.058101
346	3438	0	0	0	0	0	2.815059
347	3455	0	0	0	1	0	1.262566
348	3467	0	0	0	2	0	2.532384
349	3479	0	0	0	1	0	2.850553
350	3495	0	0	0	0	0	2.087895
351	3506	0	0	0	1	0	2.558681
352	3510	0	0	0	0	0	2.188654
353	3522	0	0	0	2	0	1.436730
354	3527	0	0	0	1	0	1.656608
355	3534	0	0	0	0	0	2.131497
356	3545	0	0	0	2	0	1.509817
357	3557	0	0	0	2	0	1.995202
358	3562	0	0	0	1	0	2.512762
359	3572	0	0	0	0	0	2.635434
360	3579	0	0	0	1	0	2.864212
361	3587	0	0	0	2	0	2.674702
362	3599	0	0	0	1	0	2.501050
363	3609	0	0	0	0	0	2.965198
364	3621	0	0	0	2	0	2.869746
365	3629	0	0	0	0	0	1.921631
366	3639	0	0	0	0	0	2.085736
367	3642	0	0	0	1	0	2.640630
368	3651	0	0	0	0	0	2.671103
369	3662	0	0	0	0	0	2.156206
370	3672	0	0	0	0	0	1.897164
371	3682	0	0	0	2	0	2.796466
372	3691	0	0	0	0	0	2.476040
373	3703	0	0	0	0	0	2.673551
374	3713	0	0	0	2	0	1.265179
375	3727	0	0	0	0	0	1.263291
376	3741	0	0	0	0	0	1.725988
377	3746	0	0	0	0	0	2.468328
378	3756	0	0	0	0	0	1.752878
379	3767	0	0	0	0	0	1.112023
380	3777	0	0	0	1	0	2.396314
381	3787	0	0	0	0	0	2.693649
382	3796	0	0	0	2	0	1.562708
383	3810	0	0	0	0	0	2.192143
384	3819	0	0	0	0	0	1.018687
385	3830	0	0	0	0	0	2.698945
386	3839	0	0	0	0	0	2.364416
387	3847	0	0	0	0	0	2.524916
388	3859	0	0	0	1	0	2.175647
389	3870	0	0	0	2	0	2.829369
390	3878	0	0	0	1	0	2.121518
391	3885	0	0	0	2	0	1.916304
392	3894	0	0	0	1	0	1.888430
393	3902	0	0	0	0	0	1.538945
394	3912	0	0	0	2	0	2.833049
395	3925	0	0	0	0	0	1.640486
396	3939	0	0	0	2	0	2.882889
397	3944	0	0	0	0	0	1.645992
398	3952	0	0	0	0	0	1.570426
399	3965	0	0	0	1	0	2.327294
400	3971	0	0	0	2	0	1.072802
401	3984	0	0	0	0	0	2.704114
402	3997	0	0	0	1	0	1.017696
403	4005	0	0	0	1	0	1.489587
404	4016	0	0	0	1	0	1.793339
405	4023	0	0	0	1	0	2.194132
406	4030	0	0	0	1	0	2.955255
407	4035	0	0	0	1	0	2.802696
408	4039	0	0	0	1	0	1.204785
409	4052	0	0	0	1	0	2.914399
410	4058	0	0	0	1	0	2.043560
411	4067	0	0	0	0	0	1.988584
412	4081	0	0	0	1	0	2.443119
413	4088	0	0	0	0	0	1.969872
414	4106	0	0	0	1	0	1.760988
415	4120	0	0	0	2	0	1.835153
416	4129	0	0	0	2	0	1.891312
417	4139	0	0	0	1	0	1.293882
418	4152	0	0	0	0	0	1.567779
419	4158	0	0	0	1	0	1.888650
420	4170	0	0	0	0	0	2.085864
421	4182	0	0	0	2	0	1.280940
422	4191	0	0	0	1	0	2.390181
423	4201	0	0	0	1	0	2.302018
424	4207	0	0	0	1	0	1.555395
425	4217	0	0	0	0	0	1.983362
426	4227	0	0	0	0	0	2.226404
427	4233	0	0	0	0	0	2.167411
428	4246	0	0	0	0	0	2.452376
429	4255	0	0	0	1	0	1.651723
430	4267	0	0	0	1	0	1.092748
431	4272	0	0	0	1	0	2.848253
432	4283	0	0	0	2	0	2.622352
433	4290	0	0	0	1	0	2.432741
434	4298	0	0	0	0	0	2.769006
435	4307	0	0	0	0	0	2.424488
436	4320	0	0	0	2	0	2.593317
437	4335	0	0	0	0	0	1.230749
438	4343	0	0	0	2	0	2.139480
439	4349	0	0	0	1	0	1.524295
440	4356	0	0	0	1	0	1.299593
441	4366	0	0	0	0	0	2.508934
442	4387	0	0	0	1	0	2.140902
443	4403	0	0	0	1	0	1.638617
444	4413	0	0	0	0	0	1.971949
445	4421	0	0	0	0	0	1.901889
446	4427	0	0	0	2	0	2.263588
447	4441	0	0	0	0	0	1.948360
448	4448	0	0	0	2	0	1.250086
449	4458	0	0	0	2	0	2.736546
450	4466	0	0	0	1	0	1.296390
451	4475	0	0	0	1	0	2.015481
452	4484	0	0	0	2	0	1.174760
453	4494	0	0	0	2	0	2.164409
454	4503	0	0	0	0	0	2.286445
455	4513	0	0	0	2	0	2.096263
456	4526	0	0	0	0	0	2.577226
457	4530	0	0	0	1	0	2.955737
458	4540	0	0	0	2	0	2.399209
459	4550	0	0	0	0	0	2.360017
460	4555	0	0	0	0	0	1.489884
461	4559	0	0	0	2	0	1.881558
462	4568	0	0	0	1	0	1.383294
463	4577	0	0	0	2	0	1.617442
464	4585	0	0	0	0	0	2.016744
465	4593	0	0	0	2	0	2.350206
466	4602	0	0	0	0	0	2.042315
467	4610	0	0	0	0	0	2.686389
468	4616	0	0	0	2	0	2.513176
469	4623	0	0	0	0	0	2.662159
470	4633	0	0	0	1	0	1.657631
471	4641	0	0	0	2	0	1.799185
472	4652	0	0	0	0	0	2.595756
473	4663	0	0	0	2	0	1.188246
474	4674	0	0	0	0	0	2.215271
475	4681	0	0	0	1	0	2.648781
476	4688	0	0	0	0	0	1.390665
477	4700	0	0	0	1	0	1.704510
478	4713	0	0	0	2	0	2.538676
479	4720	0	0	0	0	0	2.143250
480	4733	0	0	0	0	0	2.254777
481	4746	0	0	0	1	0	1.169648
482	4755	0	0	0	1	0	1.903344
483	4768	0	0	0	2	0	2.630626
484	4777	0	0	0	2	0	2.515901
485	4785	0	0	0	2	0	2.845616
486	4796	0	0	0	0	0	2.716033
487	4806	0	0	0	0	0	1.704379
488	4816	0	0	0	1	0	1.766389
489	4824	0	0	0	2	0	2.301275
490	4827	0	0	0	0	0	2.669053
491	4837	0	0	0	1	0	1.359606
492	4846	0	0	0	0	0	1.254494
493	4851	0	0	0	2	0	2.737009
494	4861	0	0	0	2	0	2.424595
495	4869	0	0	0	1	0	1.333994
496	4883	0	0	0	0	0	2.815413
497	4896	0	0	0	0	0	1.911166
498	4904	0	0	0	0	0	2.307643
499	4909	0	0	0	1	0	1.518019
500	4917	0	0	0	1	0	1.204453
501	4931	0	0	0	0	0	2.024576
502	4939	0	0	0	1	0	2.777573
503	4949	0	0	0	0	0	1.059200
504	4962	0	0	0	0	0	1.057702
505	4967	0	0	0	0	0	1.988351
506	4974	0	0	0	2	0	1.499927
507	4985	0	0	0	2	0	1.983097
508	4996	0	0	0	0	0	2.142370
509	5001	0	0	0	2	0	1.516422
510	5011	0	0	0	2	0	1.248504
511	5019	0	0	0	2	0	2.593393
512	5030	0	0	0	2	0	1.720737
513	5047	0	0	0	1	0	1.533880
514	5059	0	0	0	1	0	1.663448
515	5070	0	0	0	1	0	1.625342
516	5080	0	0	0	2	0	1.265178
517	5088	0	0	0	0	0	2.298991
518	5098	0	0	0	0	0	1.431157
519	5106	0	0	0	2	0	1.428068
520	5116	0	0	0	2	0	1.590997
521	5127	0	0	0	2	0	1.588998
522	5134	0	0	0	2	0	1.781677
523	5144	0	0	0	1	0	2.423528
524	5160	0	0	0	2	0	1.251559
525	5169	0	0	0	2	0	1.690367
526	5176	0	0	0	0	0	2.073945
527	5185	0	0	0	2	0	2.217706
528	5198	0	0	0	1	0	1.032817
529	5204	0	0	0	0	0	1.826920
530	5215	0	0	0	1	0	1.118034
531	5222	0	0	0	2	0	1.110612
532	5230	0	0	0	2	0	2.829231
533	5236	0	0	0	0	0	2.051463
534	5245	0	0	0	0	0	2.836510
535	5255	0	0	0	0	0	1.242073
536	5263	0	0	0	2	0	2.256503
537	5273	0	0	0	0	0	2.379728
538	5282	0	0	0	0	0	2.594843
539	5295	0	0	0	1	0	2.044218
540	5303	0	0	0	0	0	1.244277
541	5315	0	0	0	0	0	2.443522
542	5327	0	0	0	2	0	1.235347
543	5339	0	0	0	1	0	2.340489
544	5348	0	0	0	0	0	2.292827
545	5354	0	0	0	2	0	1.755811
546	5361	0	0	0	1	0	1.354782
547	5369	0	0	0	2	0	1.354918
548	5385	0	0	0	0	0	1.055210
549	5396	0	0	0	1	0	2.886815
550	5410	0	0	0	2	0	1.277802
551	5418	0	0	0	1	0	2.819167
552	5432	0	0	0	0	0	2.099909
553	5446	0	0	0	1	0	1.901705
554	5457	0	0	0	2	0	1.648083
555	5464	0	0	0	1	0	1.590602
556	5477	0	0	0	1	0	2.419629
557	5481	0	0	0	0	0	1.209109
558	5496	0	0	0	0	0	1.176749
559	5506	0	0	0	0	0	2.355365
560	5515	0	0	0	1	0	1.571877
561	5525	0	0	0	1	0	2.944319
562	5535	0	0	0	1	0	2.583302
563	5546	0	0	0	0	0	2.318056
564	5558	0	0	0	0	0	1.200046
565	5566	0	0	0	1	0	1.065781
566	5578	0	0	0	1	0	2.157335
567	5586	0	0	0	2	0	1.731210
568	5596	0	0	0	0	0	1.167136
569	5610	0	0	0	0	0	2.059954
570	5622	0	0	0	0	0	1.453882
571	5627	0	0	0	2	0	1.593199
572	5642	0	0	0	0	0	1.921425
573	5648	0	0	0	1	0	2.673907
574	5657	0	0	0	2	0	1.191134
575	5666	0	0	0	0	0	2.765933
576	5679	0	0	0	2	0	2.154116
577	5688	0	0	0	2	0	1.710464
578	5697	0	0	0	2	0	1.789895
579	5704	0	0	0	1	0	2.447620
580	5715	0	0	0	2	0	1.570453
581	5724	0	0	0	2	0	1.436196
582	5729	0	0	0	0	0	1.864018
583	5739	0	0	0	1	0	1.953827
584	5747	0	0	0	0	0	2.607329
585	5761	0	0	0	1	0	2.472606
586	5769	0	0	0	2	0	2.140260
587	5778	0	0	0	0	0	1.029921
588	5789	0	0	0	0	0	1.350697
589	5799	0	0	0	2	0	1.279338
590	5811	0	0	0	1	0	2.171210
591	5826	0	0	0	0	0	2.598189
592	5841	0	0	0	1	0	2.504595
593	5854	0	0	0	0	0	1.473730
594	5865	0	0	0	2	0	2.823651
595	5871	0	0	0	2	0	2.754402
596	5878	0	0	0	0	0	1.331765
597	5890	0	0	0	0	0	1.713076
598	5897	0	0	0	1	0	2.629544
599	5909	0	0	0	2	0	2.248305
600	5915	0	0	0	2	0	1.629313
601	5930	0	0	0	2	0	1.226450
602	5935	0	0	0	1	0	1.632916
603	5945	0	0	0	0	0	1.770134
604	5958	0	0	0	1	0	1.312012
605	5963	0	0	0	2	0	2.449683
606	5973	0	0	0	1	0	2.949080
607	5980	0	0	0	0	0	1.964320
608	5992	0	0	0	0	0	2.205867
609	6005	0	0	0	0	0	2.463616
610	6011	0	0	0	2	0	2.185187
611	6018	0	0	0	0	0	1.941033
612	6034	0	0	0	0	0	2.167350
613	6048	0	0	0	0	0	1.728157
614	6057	0	0	0	2	0	1.577281
615	6068	0	0	0	0	0	1.322050
616	6077	0	0	0	1	0	2.435071
617	6087	0	0	0	0	0	2.056602
618	6097	0	0	0	0	0	2.216565
619	6103	0	0	0	2	0	1.265657
620	6116	0	0	0	1	0	1.483216
621	6124	0	0	0	0	0	2.040452
622	6132	0	0	0	1	0	2.535553
623	6141	0	0	0	2	0	2.473116
624	6152	0	0	0	1	0	2.326871
625	6168	0	0	0	2	0	1.920468
626	6179	0	0	0	2	0	1.008309
627	6190	0	0	0	1	0	1.922160
628	6199	0	0	0	1	0	1.375096
629	6210	0	0	0	2	0	2.996661
630	6218	0	0	0	1	0	2.035160
631	6234	0	0	0	1	0	1.119904
632	6245	0	0	0	0	0	2.477345
633	6253	0	0	0	1	0	2.740398
634	6267	0	0	0	2	0	2.679198
635	6281	0	0	0	1	0	2.605755
636	6287	0	0	0	1	0	1.969754
637	6297	0	0	0	0	0	2.720273
638	6304	0	0	0	0	0	1.821634
639	6311	0	0	0	1	0	2.479703
640	6324	0	0	0	1	0	2.158094
641	6332	0	0	0	2	0	2.041995
642	6342	0	0	0	1	0	1.072439
643	6353	0	0	0	0	0	2.416776
644	6364	0	0	0	0	0	2.803162
645	6374	0	0	0	0	0	2.808880
646	6385	0	0	0	2	0	2.755978
647	6395	0	0	0	1	0	2.079529
648	6410	0	0	0	2	0	1.836135
649	6422	0	0	0	1	0	1.242360
650	6434	0	0	0	0	0	2.563863
651	6448	0	0	0	0	0	2.283859
652	6454	0	0	0	2	0	1.442800
653	6462	0	0	0	1	0	1.576240
654	6470	0	0	0	1	0	2.157294
655	6477	0	0	0	2	0	2.512834
656	6487	0	0	0	1	0	1.563326
657	6497	0	0	0	1	0	1.317081
658	6500	0	0	0	1	0	2.696258
659	6509	0	0	0	0	0	2.075954
660	6515	0	0	0	1	0	1.452831
661	6532	0	0	0	0	0	1.862048
662	6543	0	0	0	1	0	1.423509
663	6553	0	0	0	1	0	1.614561
664	6566	0	0	0	1	0	2.175601
665	6579	0	0	0	0	0	2.785827
666	6589	0	0	0	2	0	1.050995
667	6600	0	0	0	2	0	1.940858
668	6610	0	0	0	0	0	1.175690
669	6621	0	0	0	1	0	1.577125
670	6634	0	0	0	0	0	2.624865
671	6642	0	0	0	2	0	1.477005
672	6651	0	0	0	2	0	1.175539
673	6658	0	0	0	0	0	1.792908
674	6666	0	0	0	1	0	2.745887
675	6675	0	0	0	1	0	1.837638
676	6683	0	0	0	0	0	2.877040
677	6694	0	0	0	0	0	1.620073
678	6706	0	0	0	2	0	1.146265
679	6719	0	0	0	1	0	2.291752
680	6728	0	0	0	0	0	1.298892
681	6736	0	0	0	1	0	1.731549
682	6755	0	0	0	0	0	2.873582
683	6765	0	0	0	1	0	1.167789
684	6770	0	0	0	1	0	1.190412
685	6784	0	0	0	0	0	2.098744
686	6789	0	0	0	0	0	1.405619
687	6794	0	0	0	1	0	1.674362
688	6806	0	0	0	2	0	1.222056
689	6814	0	0	0	2	0	1.744957
690	6822	0	0	0	2	0	2.319021
691	6831	0	0	0	1	0	1.397078
692	6841	0	0	0	2	0	1.841176
693	6852	0	0	0	1	0	2.074825
694	6865	0	0	0	0	0	2.712583
695	6872	0	0	0	2	0	2.930054
696	6882	0	0	0	0	0	2.513063
697	6892	0	0	0	1	0	1.512605
698	6902	0	0	0	2	0	2.869538
699	6915	0	0	0	2	0	2.759553
700	6929	0	0	0	2	0	1.759773
701	6941	0	0	0	1	0	1.495064
702	6956	0	0	0	0	0	2.442429
703	6963	0	0	0	1	0	2.777409
704	6968	0	0	0	2	0	1.292911
705	6978	0	0	0	2	0	1.734822
706	6992	0	0	0	0	0	2.940779
707	7002	0	0	0	1	0	2.787823
708	7016	0	0	0	1	0	1.896027
709	7028	0	0	0	2	0	2.411656
710	7041	0	0	0	1	0	1.626462
711	7048	0	0	0	0	0	1.839338
712	7061	0	0	0	0	0	1.781832
713	7076	0	0	0	0	0	1.327527
714	7085	0	0	0	2	0	2.644212
715	7093	0	0	0	0	0	1.922299
716	7100	0	0	0	2	0	2.260532
717	7108	0	0	0	2	0	2.064529
718	7124	0	0	0	2	0	2.008653
719	7136	0	0	0	2	0	2.314960
720	7150	0	0	0	1	0	1.728406
721	7158	0	0	0	0	0	1.568012
722	7164	0	0	0	2	0	2.230857
723	7180	0	0	0	0	0	2.558117
724	7189	0	0	0	2	0	1.624616
725	7196	0	0	0	1	0	1.142938
726	7209	0	0	0	1	0	1.043137
727	7219	0	0	0	2	0	2.838275
728	7229	0	0	0	0	0	1.040957
729	7239	0	0	0	1	0	1.520722
730	7245	0	0	0	0	0	2.037121
731	7254	0	0	0	0	0	1.349928
732	7267	0	0	0	2	0	1.954206
733	7275	0	0	0	2	0	1.292386
734	7283	0	0	0	0	0	1.141876
735	7291	0	0	0	2	0	1.795586
736	7305	0	0	0	2	0	1.988340
737	7311	0	0	0	0	0	1.660915
738	7321	0	0	0	1	0	2.601136
739	7334	0	0	0	2	0	1.705027
740	7340	0	0	0	2	0	2.384246
741	7346	0	0	0	2	0	1.265254
742	7359	0	0	0	0	0	1.187389
743	7368	0	0	0	0	0	2.932482
744	7377	0	0	0	2	0	2.828061
745	7383	0	0	0	0	0	2.518338
746	7388	0	0	0	2	0	2.925610
747	7403	0	0	0	2	0	1.310411
748	7413	0	0	0	0	0	2.737269
749	7421	0	0	0	1	0	2.214837
750	7429	0	0	0	1	0	1.058076
751	7445	0	0	0	1	0	1.995392
752	7456	0	0	0	0	0	1.594795
753	7460	0	0	0	0	0	1.087143
754	7468	0	0	0	0	0	2.030553
755	7478	0	0	0	0	0	1.049640
756	7491	0	0	0	0	0	2.287343
757	7500	0	0	0	2	0	1.786799
758	7511	0	0	0	1	0	1.386284
759	7519	0	0	0	0	0	1.126753
760	7530	0	0	0	0	0	1.528931
761	7542	0	0	0	2	0	1.629935
762	7554	0	0	0	1	0	1.779696
763	7564	0	0	0	0	0	2.932418
764	7574	0	0	0	2	0	1.380488
765	7586	0	0	0	2	0	1.265782
766	7594	0	0	0	0	0	1.383886
767	7602	0	0	0	2	0	2.723139
768	7611	0	0	0	0	0	1.944458
769	7618	0	0	0	2	0	2.648978
770	7628	0	0	0	0	0	1.541727
771	7640	0	0	0	0	0	2.006950
772	7653	0	0	0	0	0	2.309901
773	7660	0	0	0	1	0	2.637970
774	7670	0	0	0	0	0	2.923639
775	7677	0	0	0	2	0	2.994970
776	7686	0	0	0	0	0	2.370300
777	7695	0	0	0	2	0	2.975239
778	7705	0	0	0	1	0	1.120198
779	7717	0	0	0	2	0	2.542446
780	7725	0	0	0	0	0	2.456821
781	7734	0	0	0	1	0	2.921398
782	7745	0	0	0	0	0	2.931570
783	7756	0	0	0	0	0	1.082130
784	7762	0	0	0	1	0	1.460224
785	7773	0	0	0	1	0	1.096403
786	7783	0	0	0	0	0	2.040308
787	7792	0	0	0	1	0	1.579282
788	7801	0	0	0	1	0	2.500124
789	7813	0	0	0	0	0	1.189119
790	7825	0	0	0	0	0	1.773019
791	7838	0	0	0	0	0	2.780755
792	7846	0	0	0	0	0	2.842262
793	7857	0	0	0	1	0	2.737236
794	7867	0	0	0	0	0	2.398095
795	7873	0	0	0	2	0	2.205329
796	7887	0	0	0	1	0	2.424718
797	7896	0	0	0	1	0	1.440148
798	7904	0	0	0	2	0	2.974759
799	7914	0	0	0	1	0	1.973009
800	7921	0	0	0	1	0	2.083878
801	7932	0	0	0	0	0	1.849090
802	7940	0	0	0	2	0	2.275597
803	7950	0	0	0	0	0	2.673299
804	7962	0	0	0	0	0	2.680166
805	7973	0	0	0	0	0	2.219837
806	7982	0	0	0	1	0	1.287282
807	7991	0	0	0	1	0	1.252801
808	8002	0	0	0	1	0	2.091632
809	8010	0	0	0	0	0	1.923975
810	8017	0	0	0	2	0	2.292274
811	8027	0	0	0	0	0	2.653352
812	8041	0	0	0	1	0	2.928606
813	8054	0	0	0	0	0	1.049606
814	8071	0	0	0	1	0	1.098482
815	8076	0	0	0	0	0	1.535458
816	8085	0	0	0	1	0	2.456936
817	8094	0	0	0	2	0	2.903225
818	8105	0	0	0	2	0	1.453605
819	8119	0	0	0	2	0	1.608203
820	8123	0	0	0	0	0	1.556136
821	8129	0	0	0	1	0	2.070423
822	8139	0	0	0	1	0	2.931820
823	8155	0	0	0	2	0	1.982587
824	8168	0	0	0	0	0	2.959961
825	8176	0	0	0	2	0	1.262038
826	8183	0	0	0	0	0	2.094145
827	8189	0	0	0	1	0	2.881001
828	8195	0	0	0	0	0	2.062754
829	8204	0	0	0	0	0	1.614161
830	8211	0	0	0	1	0	2.508233
831	8218	0	0	0	0	0	1.828847
832	8231	0	0	0	0	0	2.425094
833	8239	0	0	0	0	0	1.572570
834	8250	0	0	0	0	0	2.944575
835	8259	0	0	0	1	0	2.221275
836	8267	0	0	0	0	0	2.622506
837	8271	0	0	0	0	0	2.435550
838	8279	0	0	0	0	0	1.913209
839	8286	0	0	0	2	0	2.147114
840	8296	0	0	0	2	0	2.061240
841	8304	0	0	0	0	0	2.947862
842	8311	0	0	0	0	0	2.460332
843	8319	0	0	0	1	0	2.527255
844	8325	0	0	0	2	0	1.198238
845	8328	0	0	0	1	0	2.571762
846	8338	0	0	0	2	0	1.183285
847	8345	0	0	0	1	0	2.489743
848	8350	0	0	0	1	0	2.394360
849	8357	0	0	0	1	0	1.350742
850	8367	0	0	0	1	0	1.967091
851	8374	0	0	0	1	0	2.799544
852	8389	0	0	0	0	0	2.918523
853	8394	0	0	0	0	0	2.255847
854	8405	0	0	0	0	0	1.794105
855	8410	0	0	0	0	0	1.493258
856	8418	0	0	0	1	0	1.615343
857	8432	0	0	0	0	0	1.254506
858	8440	0	0	0	0	0	2.291748
859	8448	0	0	0	2	0	1.789824
860	8457	0	0	0	0	0	2.362893
861	8464	0	0	0	2	0	1.519189
862	8472	0	0	0	0	0	2.087559
863	8485	0	0	0	0	0	1.493098
864	8492	0	0	0	1	0	2.308375
865	8506	0	0	0	2	0	2.477967
866	8522	0	0	0	2	0	1.223147
867	8534	0	0	0	1	0	2.166423
868	8543	0	0	0	1	0	2.743343
869	8557	0	0	0	0	0	1.867117
870	8562	0	0	0	1	0	2.684858
871	8566	0	0	0	0	0	2.257807
872	8576	0	0	0	2	0	2.533826
873	8589	0	0	0	1	0	2.973247
874	8598	0	0	0	1	0	1.103326
875	8613	0	0	0	2	0	1.122300
876	8625	0	0	0	0	0	2.601932
877	8632	0	0	0	0	0	1.725506
878	8641	0	0	0	0	0	1.982765
879	8651	0	0	0	1	0	2.768069
880	8662	0	0	0	0	0	2.432161
881	8670	0	0	0	1	0	1.942131
882	8679	0	0	0	0	0	1.097523
883	8685	0	0	0	1	0	1.816860
884	8694	0	0	0	0	0	1.355990
885	8705	0	0	0	0	0	2.509017
886	8715	0	0	0	0	0	1.769200
887	8724	0	0	0	1	0	1.751882
888	8732	0	0	0	0	0	2.711567
889	8739	0	0	0	2	0	1.940005
890	8747	0	0	0	0	0	2.227018
891	8759	0	0	0	2	0	2.935501
892	8769	0	0	0	1	0	2.584642
893	8780	0	0	0	0	0	2.262001
894	8784	0	0	0	0	0	2.460676
895	8796	0	0	0	1	0	2.489042
896	8805	0	0	0	1	0	1.825065
897	8807	0	0	0	1	0	2.691894
898	8818	0	0	0	1	0	2.255951
899	8831	0	0	0	2	0	2.260579
900	8844	0	0	0	0	0	1.572895
901	8849	0	0	0	0	0	1.877757
902	8860	0	0	0	0	0	2.432972
903	8869	0	0	0	2	0	2.772365
904	8873	0	0	0	2	0	2.869183
905	8884	0	0	0	0	0	2.826752
906	8895	0	0	0	1	0	2.767372
907	8907	0	0	0	0	0	2.292975
908	8912	0	0	0	0	0	2.129065
909	8925	0	0	0	1	0	1.258408
910	8932	0	0	0	1	0	1.449074
911	8940	0	0	0	0	0	2.133222
912	8955	0	0	0	1	0	2.252985
913	8964	0	0	0	0	0	1.905883
914	8977	0	0	0	1	0	1.908779
915	8991	0	0	0	0	0	2.617661
916	9000	0	0	0	2	0	1.541547
917	9007	0	0	0	0	0	1.449638
918	9017	0	0	0	1	0	1.093815
919	9026	0	0	0	1	0	2.185644
920	9031	0	0	0	1	0	1.665131
921	9039	0	0	0	2	0	2.759293
922	9046	0	0	0	1	0	1.403633
923	9055	0	0	0	2	0	1.182792
924	9067	0	0	0	0	0	1.358771
925	9076	0	0	0	0	0	1.392247
926	9089	0	0	0	0	0	2.772261
927	9098	0	0	0	1	0	2.323879
928	9107	0	0	0	0	0	1.738995
929	9114	0	0	0	0	0	2.273561
930	9121	0	0	0	2	0	1.188155
931	9132	0	0	0	0	0	1.055674
932	9139	0	0	0	1	0	2.753873
933	9152	0	0	0	1	0	1.715726
934	9163	0	0	0	1	0	1.713595
935	9172	0	0	0	1	0	2.616665
936	9181	0	0	0	2	0	2.251687
937	9184	0	0	0	0	0	2.386034
938	9201	0	0	0	0	0	2.312680
939	9214	0	0	0	1	0	1.160691
940	9226	0	0	0	2	0	1.188474
941	9235	0	0	0	0	0	2.845104
942	9248	0	0	0	2	0	1.263802
943	9257	0	0	0	0	0	1.697554
944	9268	0	0	0	1	0	1.052242
945	9280	0	0	0	2	0	2.236646
946	9288	0	0	0	2	0	2.868427
947	9300	0	0	0	2	0	1.489131
948	9310	0	0	0	1	0	2.548398
949	9317	0	0	0	1	0	2.140042
950	9326	0	0	0	0	0	1.449707
951	9333	0	0	0	1	0	1.142523
952	9345	0	0	0	1	0	2.977785
953	9353	0	0	0	0	0	1.359125
954	9361	0	0	0	1	0	2.469335
955	9369	0	0	0	0	0	2.667185
956	9378	0	0	0	2	0	2.344924
957	9388	0	0	0	0	0	1.274812
958	9392	0	0	0	2	0	2.780728
959	9397	0	0	0	1	0	1.601668
960	9403	0	0	0	1	0	1.011192
961	9417	0	0	0	1	0	1.197456
962	9426	0	0	0	2	0	2.216134
963	9437	0	0	0	2	0	1.821098
964	9445	0	0	0	1	0	2.728076
965	9461	0	0	0	0	0	1.650660
966	9473	0	0	0	1	0	2.205518
967	9488	0	0	0	1	0	1.644334
968	9494	0	0	0	0	0	1.353144
969	9500	0	0	0	0	0	2.644628
970	9509	0	0	0	1	0	1.679477
971	9519	0	0	0	0	0	2.646165
972	9527	0	0	0	1	0	1.389796
973	9538	0	0	0	1	0	2.174173
974	9546	0	0	0	2	0	1.696850
975	9560	0	0	0	0	0	2.010068
976	9569	0	0	0	1	0	2.350474
977	9576	0	0	0	0	0	2.586494
978	9585	0	0	0	0	0	1.207259
979	9592	0	0	0	0	0	1.761168
980	9596	0	0	0	1	0	1.388263
981	9603	0	0	0	0	0	2.538251
982	9614	0	0	0	2	0	1.353655
983	9623	0	0	0	0	0	1.812260
984	9631	0	0	0	1	0	2.273192
985	9642	0	0	0	0	0	2.205784
986	9655	0	0	0	2	0	1.277222
987	9669	0	0	0	0	0	2.832431
988	9675	0	0	0	2	0	1.146223
989	9689	0	0	0	0	0	1.999324
990	9696	0	0	0	2	0	1.993404
991	9711	0	0	0	1	0	1.139655
992	9716	0	0	0	0	0	1.635532
993	9734	0	0	0	2	0	2.697170
994	9747	0	0	0	2	0	1.145666
995	9760	0	0	0	0	0	2.709097
996	9771	0	0	0	1	0	2.038123
997	9781	0	0	0	2	0	2.338262
998	9793	0	0	0	0	0	2.253848
999	9810	0	0	0	0	0	2.138025
