0	1	0	0	0	2	0	1.177591
1	10	0	0	0	2	0	1.843924
2	18	0	0	0	1	0	2.174965
3	32	0	0	0	0	0	1.591437
4	40	0	0	0	1	0	2.899279
5	45	0	0	0	1	0	2.976731
6	54	0	0	0	1	0	2.193253
7	66	0	0	0	1	0	1.369247
8	77	0	0	0	1	0	2.700961
9	90	0	0	0	0	0	1.089801
10	102	0	0	0	0	0	2.709154
11	117	0	0	0	0	0	1.405767
12	129	0	0	0	1	0	1.538536
13	140	0	0	0	2	0	1.519742
14	147	0	0	0	0	0	1.659054
15	159	0	0	0	1	0	2.304475
16	168	0	0	0	2	0	2.855103
17	186	0	0	0	1	0	2.550919
18	196	0	0	0	1	0	2.330445
19	212	0	0	0	0	0	2.536381
20	226	0	0	0	2	0	2.144270
21	233	0	0	0	0	0	1.995117
22	235	0	0	0	0	0	1.245576
23	243	0	0	0	2	0	1.781967
24	253	0	0	0	0	0	2.861031
25	259	0	0	0	1	0	2.704446
26	270	0	0	0	0	0	2.232905
27	276	0	0	0	0	0	2.874204
28	284	0	0	0	2	0	2.310443
29	288	0	0	0	1	0	2.382142
30	295	0	0	0	0	0	1.743823
31	309	0	0	0	1	0	2.573077
32	318	0	0	0	1	0	1.713829
33	324	0	0	0	1	0	2.341043
34	340	0	0	0	2	0	1.046155
35	345	0	0	0	2	0	1.728444
36	354	0	0	0	0	0	2.364642
37	369	0	0	0	1	0	2.148002
38	377	0	0	0	2	0	1.447770
39	390	0	0	0	2	0	1.964909
40	399	0	0	0	2	0	1.789219
41	409	0	0	0	1	0	2.629854
42	423	0	0	0	2	0	2.892580
43	432	0	0	0	1	0	1.115935
44	435	0	0	0	1	0	1.819660
45	445	0	0	0	2	0	1.662810
46	457	0	0	0	0	0	1.949859
47	467	0	0	0	2	0	2.535910
48	476	0	0	0	0	0	2.971883
49	486	0	0	0	0	0	2.588221
50	496	0	0	0	0	0	2.921307
51	510	0	0	0	0	0	1.115410
52	521	0	0	0	2	0	2.165648
53	526	0	0	0	2	0	2.317595
54	537	0	0	0	0	0	2.353219
55	543	0	0	0	2	0	2.133551
56	550	0	0	0	0	0	1.363035
57	559	0	0	0	2	0	1.274577
58	569	0	0	0	0	0	1.742381
59	583	0	0	0	0	0	2.076890
60	592	0	0	0	2	0	1.660245
61	601	0	0	0	1	0	1.236271
62	608	0	0	0	0	0	2.378044
63	619	0	0	0	1	0	1.799394
64	631	0	0	0	0	0	2.841363
65	644	0	0	0	0	0	1.550107
66	649	0	0	0	1	0	2.654070
67	662	0	0	0	1	0	1.517893
68	666	0	0	0	0	0	1.289580
69	680	0	0	0	0	0	2.416899
70	686	0	0	0	1	0	1.864761
71	699	0	0	0	0	0	2.422383
72	709	0	0	0	1	0	1.719620
73	720	0	0	0	0	0	1.649051
74	725	0	0	0	1	0	2.326612
75	737	0	0	0	1	0	2.571962
76	746	0	0	0	1	0	1.047913
77	756	0	0	0	1	0	2.704321
78	765	0	0	0	0	0	1.077099
79	776	0	0	0	1	0	2.138129
80	791	0	0	0	1	0	1.475631
81	803	0	0	0	1	0	1.010914
82	813	0	0	0	1	0	2.859388
83	821	0	0	0	0	0	2.186701
84	831	0	0	0	2	0	2.310447
85	845	0	0	0	0	0	2.583846
86	854	0	0	0	0	0	2.140449
87	865	0	0	0	0	0	1.343291
88	871	0	0	0	0	0	2.466949
89	879	0	0	0	1	0	2.253804
90	887	0	0	0	1	0	1.780746
91	896	0	0	0	2	0	1.708021
92	907	0	0	0	0	0	2.271899
93	922	0	0	0	2	0	2.850425
94	932	0	0	0	2	0	2.242993
95	945	0	0	0	0	0	2.290966
96	951	0	0	0	1	0	1.544452
97	959	0	0	0	2	0	1.657519
98	968	0	0	0	2	0	1.148062
99	974	0	0	0	1	0	2.305661
100	979	0	0	0	1	0	2.547213
101	985	0	0	0	0	0	2.737481
102	995	0	0	0	1	0	2.298848
103	1003	0	0	0	0	0	1.950933
104	1015	0	0	0	1	0	2.342786
105	1022	0	0	0	0	0	2.801020
106	1031	0	0	0	1	0	2.897597
107	1042	0	0	0	2	0	2.680429
108	1053	0	0	0	2	0	1.853838
109	1059	0	0	0	2	0	2.494923
110	1075	0	0	0	1	0	1.741812
111	1091	0	0	0	1	0	2.070138
112	1100	0	0	0	0	0	1.490815
113	1115	0	0	0	1	0	1.863230
114	1124	0	0	0	2	0	2.374086
115	1133	0	0	0	0	0	2.333827
116	1143	0	0	0	0	0	1.326301
117	1150	0	0	0	2	0	2.491957
118	1159	0	0	0	1	0	2.174084
119	1173	0	0	0	2	0	1.839632
120	1180	0	0	0	0	0	2.742405
121	1189	0	0	0	2	0	1.663149
122	1195	0	0	0	0	0	1.309885
123	1198	0	0	0	0	0	2.954513
124	1214	0	0	0	0	0	2.447457
125	1225	0	0	0	2	0	1.031711
126	1238	0	0	0	2	0	1.998241
127	1252	0	0	0	2	0	1.891497
128	1261	0	0	0	2	0	1.369000
129	1269	0	0	0	1	0	2.578812
130	1271	0	0	0	1	0	2.826593
131	1277	0	0	0	1	0	1.659557
132	1284	0	0	0	0	0	2.815185
133	1298	0	0	0	1	0	1.592325
134	1304	0	0	0	2	0	2.941911
135	1312	0	0	0	0	0	2.206727
136	1320	0	0	0	0	0	1.187795
137	1332	0	0	0	1	0	1.782711
138	1339	0	0	0	0	0	1.671905
139	1351	0	0	0	1	0	1.709215
140	1365	0	0	0	1	0	1.389563
141	1376	0	0	0	1	0	1.454761
142	1383	0	0	0	2	0	2.974948
143	1390	0	0	0	0	0	2.440940
144	1398	0	0	0	1	0	2.715965
145	1416	0	0	0	0	0	1.174110
146	1431	0	0	0	1	0	1.149202
147	1442	0	0	0	0	0	2.967543
148	1451	0	0	0	2	0	2.121089
149	1464	0	0	0	2	0	1.783925
150	1473	0	0	0	0	0	2.795681
151	1481	0	0	0	1	0	2.898763
152	1493	0	0	0	0	0	2.756320
153	1500	0	0	0	2	0	2.678235
154	1515	0	0	0	2	0	2.619023
155	1529	0	0	0	2	0	2.026139
156	1536	0	0	0	1	0	2.931297
157	1543	0	0	0	0	0	2.332735
158	1554	0	0	0	2	0	1.121953
159	1561	0	0	0	0	0	1.667950
160	1569	0	0	0	0	0	1.549537
161	1577	0	0	0	1	0	2.593308
162	1584	0	0	0	0	0	1.458819
163	1593	0	0	0	0	0	1.961256
164	1604	0	0	0	1	0	2.692943
165	1610	0	0	0	1	0	1.595790
166	1618	0	0	0	1	0	1.876526
167	1622	0	0	0	1	0	1.722945
168	1629	0	0	0	0	0	1.917759
169	1642	0	0	0	0	0	1.132872
170	1655	0	0	0	1	0	2.077501
171	1665	0	0	0	0	0	1.141206
172	1678	0	0	0	2	0	2.778750
173	1687	0	0	0	0	0	2.965080
174	1699	0	0	0	2	0	1.141136
175	1715	0	0	0	2	0	1.022884
176	1729	0	0	0	2	0	2.784432
177	1741	0	0	0	1	0	2.574983
178	1749	0	0	0	0	0	2.362081
179	1760	0	0	0	1	0	1.266814
180	1770	0	0	0	0	0	2.073108
181	1776	0	0	0	2	0	2.576643
182	1782	0	0	0	2	0	2.676184
183	1789	0	0	0	0	0	2.128049
184	1803	0	0	0	1	0	2.610474
185	1818	0	0	0	0	0	1.742482
186	1830	0	0	0	2	0	2.550212
187	1840	0	0	0	1	0	2.964960
188	1850	0	0	0	0	0	2.319461
189	1863	0	0	0	1	0	2.735670
190	1871	0	0	0	1	0	2.881535
191	1885	0	0	0	1	0	1.306594
192	1892	0	0	0	0	0	1.604154
193	1901	0	0	0	2	0	2.233035
194	1912	0	0	0	1	0	2.154492
195	1924	0	0	0	0	0	1.061468
196	1928	0	0	0	1	0	1.549754
197	1934	0	0	0	2	0	2.495875
198	1944	0	0	0	0	0	2.622777
199	1955	0	0	0	1	0	2.848219
200	1967	0	0	0	0	0	1.305074
201	1973	0	0	0	1	0	1.070842
202	1980	0	0	0	0	0	2.286728
203	1993	0	0	0	2	0	2.731484
204	2007	0	0	0	0	0	2.370189
205	2019	0	0	0	0	0	1.343979
206	2025	0	0	0	0	0	1.675739
207	2032	0	0	0	0	0	1.149900
208	2048	0	0	0	1	0	1.341444
209	2057	0	0	0	2	0	1.612454
210	2065	0	0	0	0	0	2.229743
211	2078	0	0	0	0	0	2.266419
212	2095	0	0	0	1	0	1.299126
213	2108	0	0	0	0	0	1.004046
214	2112	0	0	0	0	0	2.509229
215	2125	0	0	0	2	0	1.425150
216	2132	0	0	0	0	0	2.494290
217	2147	0	0	0	0	0	1.266860
218	2152	0	0	0	0	0	1.707821
219	2157	0	0	0	1	0	1.136634
220	2172	0	0	0	0	0	1.288968
221	2186	0	0	0	1	0	2.046360
222	2196	0	0	0	1	0	1.715404
223	2209	0	0	0	0	0	2.900253
224	2221	0	0	0	2	0	2.833943
225	2231	0	0	0	0	0	2.670966
226	2239	0	0	0	2	0	2.472791
227	2260	0	0	0	1	0	2.789171
228	2277	0	0	0	1	0	1.115981
229	2283	0	0	0	0	0	1.075998
230	2292	0	0	0	0	0	2.517441
231	2303	0	0	0	0	0	1.745384
232	2310	0	0	0	1	0	2.830670
233	2320	0	0	0	1	0	1.060025
234	2330	0	0	0	0	0	2.164934
235	2339	0	0	0	2	0	1.515587
236	2351	0	0	0	0	0	1.455963
237	2358	0	0	0	0	0	2.661801
238	2367	0	0	0	2	0	1.283000
239	2378	0	0	0	1	0	1.661004
240	2392	0	0	0	0	0	2.408269
241	2400	0	0	0	2	0	2.754537
242	2408	0	0	0	1	0	1.966226
243	2417	0	0	0	0	0	2.342464
244	2425	0	0	0	1	0	1.887295
245	2438	0	0	0	1	0	2.109949
246	2450	0	0	0	0	0	1.435577
247	2457	0	0	0	0	0	1.358467
248	2463	0	0	0	2	0	2.145480
249	2474	0	0	0	1	0	2.504437
250	2486	0	0	0	1	0	2.571972
251	2492	0	0	0	1	0	2.637053
252	2498	0	0	0	2	0	1.746041
253	2509	0	0	0	0	0	2.614339
254	2518	0	0	0	0	0	1.142199
255	2530	0	0	0	2	0	1.163566
256	2540	0	0	0	2	0	2.349405
257	2545	0	0	0	0	0	2.172506
258	2556	0	0	0	0	0	2.422042
259	2566	0	0	0	0	0	1.213992
260	2574	0	0	0	2	0	2.624355
261	2582	0	0	0	1	0	2.170571
262	2590	0	0	0	0	0	2.598026
263	2598	0	0	0	1	0	1.737388
264	2612	0	0	0	0	0	1.648682
265	2620	0	0	0	0	0	1.496843
266	2626	0	0	0	2	0	1.797457
267	2641	0	0	0	1	0	1.006488
268	2645	0	0	0	2	0	2.785736
269	2655	0	0	0	1	0	1.418201
270	2664	0	0	0	2	0	1.564888
271	2672	0	0	0	1	0	2.634065
272	2679	0	0	0	0	0	2.380268
273	2691	0	0	0	0	0	1.769725
274	2701	0	0	0	0	0	2.144899
275	2717	0	0	0	0	0	2.393084
276	2727	0	0	0	1	0	1.624231
277	2734	0	0	0	2	0	2.273915
278	2743	0	0	0	0	0	2.700603
279	2754	0	0	0	1	0	2.049776
280	2762	0	0	0	0	0	1.825870
281	2769	0	0	0	1	0	1.600856
282	2775	0	0	0	1	0	1.011789
283	2785	0	0	0	1	0	2.804709
284	2794	0	0	0	0	0	2.593954
285	2806	0	0	0	2	0	2.521724
286	2812	0	0	0	2	0	2.751586
287	2825	0	0	0	1	0	2.632944
288	2831	0	0	0	2	0	1.338304
289	2838	0	0	0	0	0	2.289708
290	2849	0	0	0	1	0	1.701149
291	2863	0	0	0	2	0	1.196982
292	2870	0	0	0	2	0	1.947777
293	2884	0	0	0	0	0	1.551561
294	2893	0	0	0	1	0	2.745721
295	2903	0	0	0	1	0	2.178939
296	2914	0	0	0	2	0	2.348058
297	2925	0	0	0	1	0	2.050535
298	2934	0	0	0	2	0	1.292858
299	2942	0	0	0	2	0	1.860763
300	2959	0	0	0	0	0	2.172452
301	2971	0	0	0	2	0	2.792812
302	2981	0	0	0	0	0	1.355908
303	2991	0	0	0	0	0	1.242009
304	3003	0	0	0	2	0	1.220840
305	3014	0	0	0	1	0	2.437298
306	3026	0	0	0	1	0	2.284468
307	3031	0	0	0	1	0	1.386582
308	3045	0	0	0	2	0	1.017552
309	3054	0	0	0	1	0	2.877983
310	3060	0	0	0	2	0	2.017651
311	3067	0	0	0	1	0	1.262424
312	3070	0	0	0	2	0	1.213160
313	3081	0	0	0	0	0	1.881647
314	3087	0	0	0	1	0	1.072593
315	3093	0	0	0	0	0	2.379953
316	3106	0	0	0	0	0	1.325451
317	3119	0	0	0	0	0	1.660672
318	3126	0	0	0	1	0	1.018561
319	3137	0	0	0	0	0	1.737421
320	3152	0	0	0	0	0	1.106961
321	3161	0	0	0	1	0	1.828329
322	3175	0	0	0	0	0	2.098508
323	3187	0	0	0	0	0	2.865275
324	3199	0	0	0	1	0	2.680190
325	3207	0	0	0	0	0	1.288975
326	3216	0	0	0	0	0	1.870569
327	3232	0	0	0	1	0	1.773029
328	3240	0	0	0	0	0	2.046891
329	3247	0	0	0	0	0	2.985012
330	3256	0	0	0	2	0	1.448155
331	3264	0	0	0	1	0	2.608772
332	3271	0	0	0	0	0	2.259674
333	3284	0	0	0	2	0	2.756769
334	3296	0	0	0	0	0	2.342068
335	3307	0	0	0	0	0	1.236409
336	3317	0	0	0	2	0	2.877090
337	3322	0	0	0	0	0	2.548581
338	3330	0	0	0	1	0	2.637462
339	3338	0	0	0	1	0	1.161287
340	3347	0	0	0	0	0	1.998038
341	3357	0	0	0	0	0	2.165366
342	3365	0	0	0	1	0	1.925696
343	3373	0	0	0	1	0	1.492187
344	3383	0	0	0	1	0	1.746488
345	3395	0	0	0	0	0	2.761190
346	3408	0	0	0	0	0	1.916247
347	3420	0	0	0	0	0	1.537109
348	3426	0	0	0	0	0	2.284450
349	3434	0	0	0	0	0	2.176829
350	3442	0	0	0	0	0	1.951670
351	3450	0	0	0	1	0	1.715931
352	3456	0	0	0	1	0	2.297943
353	3466	0	0	0	1	0	2.796213
354	3476	0	0	0	0	0	1.076015
355	3484	0	0	0	1	0	2.817541
356	3491	0	0	0	1	0	2.309765
357	3497	0	0	0	1	0	2.423255
358	3504	0	0	0	2	0	1.931041
359	3519	0	0	0	2	0	1.880014
360	3527	0	0	0	2	0	2.255185
361	3540	0	0	0	2	0	1.504712
362	3548	0	0	0	1	0	1.237365
363	3557	0	0	0	1	0	2.712819
364	3563	0	0	0	1	0	1.687842
365	3571	0	0	0	2	0	1.504503
366	3578	0	0	0	1	0	2.399209
367	3588	0	0	0	2	0	2.249052
368	3597	0	0	0	0	0	2.602611
369	3608	0	0	0	0	0	1.097350
370	3616	0	0	0	0	0	1.894556
371	3638	0	0	0	1	0	1.992266
372	3645	0	0	0	0	0	2.555846
373	3649	0	0	0	2	0	2.510993
374	3661	0	0	0	0	0	2.349893
375	3670	0	0	0	0	0	2.819035
376	3676	0	0	0	2	0	1.679607
377	3685	0	0	0	2	0	1.847858
378	3694	0	0	0	1	0	1.860895
379	3707	0	0	0	1	0	1.003168
380	3717	0	0	0	2	0	2.451507
381	3728	0	0	0	2	0	1.157581
382	3737	0	0	0	0	0	1.837322
383	3745	0	0	0	1	0	1.788671
384	3756	0	0	0	1	0	2.807842
385	3763	0	0	0	1	0	2.970850
386	3770	0	0	0	0	0	2.095236
387	3777	0	0	0	2	0	1.490764
388	3785	0	0	0	2	0	2.580692
389	3795	0	0	0	0	0	2.296058
390	3808	0	0	0	2	0	1.516876
391	3821	0	0	0	1	0	1.498333
392	3830	0	0	0	0	0	2.745140
393	3837	0	0	0	0	0	1.494661
394	3845	0	0	0	2	0	1.459716
395	3861	0	0	0	2	0	1.328148
396	3873	0	0	0	1	0	1.604458
397	3878	0	0	0	2	0	1.687857
398	3893	0	0	0	2	0	2.827396
399	3901	0	0	0	0	0	2.625686
400	3906	0	0	0	0	0	1.180078
401	3915	0	0	0	1	0	1.385128
402	3931	0	0	0	0	0	2.233101
403	3940	0	0	0	0	0	1.279843
404	3947	0	0	0	0	0	2.036348
405	3958	0	0	0	2	0	1.852507
406	3967	0	0	0	0	0	2.547356
407	3978	0	0	0	0	0	2.800501
408	3987	0	0	0	1	0	1.459802
409	4005	0	0	0	2	0	1.386151
410	4013	0	0	0	2	0	2.582719
411	4023	0	0	0	2	0	2.501011
412	4035	0	0	0	0	0	1.298609
413	4043	0	0	0	1	0	1.812835
414	4050	0	0	0	1	0	2.832361
415	4066	0	0	0	2	0	2.165029
416	4078	0	0	0	0	0	1.781688
417	4094	0	0	0	1	0	2.777575
418	4100	0	0	0	2	0	1.643453
419	4106	0	0	0	0	0	1.960015
420	4121	0	0	0	0	0	1.023317
421	4132	0	0	0	2	0	1.350236
422	4139	0	0	0	1	0	1.439106
423	4150	0	0	0	0	0	1.035066
424	4162	0	0	0	0	0	2.632777
425	4168	0	0	0	2	0	2.691955
426	4179	0	0	0	1	0	1.540749
427	4192	0	0	0	0	0	1.783617
428	4202	0	0	0	2	0	2.108415
429	4209	0	0	0	1	0	2.342538
430	4219	0	0	0	0	0	2.111674
431	4226	0	0	0	0	0	1.595899
432	4232	0	0	0	1	0	1.180342
433	4240	0	0	0	1	0	2.098103
434	4246	0	0	0	1	0	2.629025
435	4253	0	0	0	1	0	1.809457
436	4261	0	0	0	0	0	2.491906
437	4275	0	0	0	2	0	2.223727
438	4282	0	0	0	1	0	2.805422
439	4288	0	0	0	2	0	2.696791
440	4299	0	0	0	0	0	2.283987
441	4311	0	0	0	2	0	1.149728
442	4323	0	0	0	0	0	2.795024
443	4331	0	0	0	1	0	1.518484
444	4345	0	0	0	2	0	2.132944
445	4355	0	0	0	1	0	2.470763
446	4372	0	0	0	0	0	1.696972
447	4390	0	0	0	1	0	2.593259
448	4399	0	0	0	2	0	2.937198
449	4407	0	0	0	1	0	1.372243
450	4417	0	0	0	1	0	2.858409
451	4429	0	0	0	2	0	1.419012
452	4439	0	0	0	1	0	1.404289
453	4452	0	0	0	0	0	1.253346
454	4465	0	0	0	1	0	1.001247
455	4475	0	0	0	0	0	2.280770
456	4486	0	0	0	1	0	2.783869
457	4499	0	0	0	2	0	1.051294
458	4507	0	0	0	2	0	1.866661
459	4518	0	0	0	1	0	2.338385
460	4523	0	0	0	1	0	1.809004
461	4533	0	0	0	0	0	1.390191
462	4540	0	0	0	1	0	1.677847
463	4551	0	0	0	2	0	2.852313
464	4561	0	0	0	2	0	2.011690
465	4568	0	0	0	0	0	2.785005
466	4576	0	0	0	1	0	1.981715
467	4591	0	0	0	0	0	1.093726
468	4602	0	0	0	0	0	1.344765
469	4610	0	0	0	0	0	2.540254
470	4629	0	0	0	0	0	2.376985
471	4643	0	0	0	1	0	2.138945
472	4657	0	0	0	2	0	1.975861
473	4660	0	0	0	1	0	1.682757
474	4670	0	0	0	0	0	1.778118
475	4685	0	0	0	2	0	1.394888
476	4702	0	0	0	1	0	2.003828
477	4709	0	0	0	1	0	2.301912
478	4716	0	0	0	0	0	1.882397
479	4726	0	0	0	1	0	2.682483
480	4735	0	0	0	1	0	1.074411
481	4743	0	0	0	1	0	2.916591
482	4751	0	0	0	1	0	2.628035
483	4762	0	0	0	0	0	2.613032
484	4777	0	0	0	2	0	1.124929
485	4787	0	0	0	1	0	2.164972
486	4798	0	0	0	0	0	1.013930
487	4806	0	0	0	0	0	1.455674
488	4811	0	0	0	0	0	1.541495
489	4822	0	0	0	0	0	2.138057
490	4836	0	0	0	1	0	2.583742
491	4842	0	0	0	1	0	1.687556
492	4853	0	0	0	0	0	1.839689
493	4871	0	0	0	1	0	1.717989
494	4879	0	0	0	1	0	1.174769
495	4884	0	0	0	0	0	1.221718
496	4898	0	0	0	0	0	1.643842
497	4909	0	0	0	0	0	1.422856
498	4915	0	0	0	0	0	2.652485
499	4920	0	0	0	1	0	1.677494
500	4931	0	0	0	0	0	2.038137
501	4939	0	0	0	2	0	1.111400
502	4945	0	0	0	1	0	2.036227
503	4953	0	0	0	1	0	1.788478
504	4966	0	0	0	1	0	1.050910
505	4971	0	0	0	2	0	2.601643
506	4981	0	0	0	1	0	2.835563
507	4995	0	0	0	0	0	2.756499
508	5006	0	0	0	1	0	1.666362
509	5018	0	0	0	1	0	2.447551
510	5023	0	0	0	2	0	2.782547
511	5035	0	0	0	0	0	2.745762
512	5040	0	0	0	1	0	2.253787
513	5051	0	0	0	1	0	2.934655
514	5056	0	0	0	2	0	2.401399
515	5064	0	0	0	1	0	2.778949
516	5077	0	0	0	1	0	1.232275
517	5092	0	0	0	0	0	1.775308
518	5099	0	0	0	0	0	2.863723
519	5110	0	0	0	1	0	1.039013
520	5116	0	0	0	1	0	1.439237
521	5128	0	0	0	0	0	1.648136
522	5135	0	0	0	0	0	2.353266
523	5142	0	0	0	0	0	2.394318
524	5149	0	0	0	2	0	2.489279
525	5164	0	0	0	2	0	2.812918
526	5177	0	0	0	2	0	1.586954
527	5191	0	0	0	1	0	1.455229
528	5196	0	0	0	0	0	2.840597
529	5208	0	0	0	0	0	1.395543
530	5217	0	0	0	1	0	1.797562
531	5228	0	0	0	2	0	1.084790
532	5235	0	0	0	2	0	1.368628
533	5247	0	0	0	1	0	1.685302
534	5257	0	0	0	2	0	2.823291
535	5267	0	0	0	1	0	2.833504
536	5279	0	0	0	2	0	1.317585
537	5288	0	0	0	1	0	2.111095
538	5297	0	0	0	2	0	2.970535
539	5312	0	0	0	0	0	2.562267
540	5323	0	0	0	1	0	2.333842
541	5327	0	0	0	1	0	2.067806
542	5335	0	0	0	2	0	1.509924
543	5345	0	0	0	1	0	1.913980
544	5355	0	0	0	0	0	1.214631
545	5360	0	0	0	2	0	2.813275
546	5366	0	0	0	1	0	2.488861
547	5375	0	0	0	2	0	2.473664
548	5383	0	0	0	0	0	1.542992
549	5396	0	0	0	0	0	1.560569
550	5401	0	0	0	1	0	2.565408
551	5415	0	0	0	1	0	2.996745
552	5430	0	0	0	1	0	1.502717
553	5444	0	0	0	2	0	1.436591
554	5447	0	0	0	1	0	2.192683
555	5453	0	0	0	2	0	1.260273
556	5467	0	0	0	2	0	2.452279
557	5475	0	0	0	2	0	2.355655
558	5483	0	0	0	2	0	1.425629
559	5491	0	0	0	2	0	1.502799
560	5505	0	0	0	1	0	2.982708
561	5519	0	0	0	1	0	2.662916
562	5526	0	0	0	0	0	2.628214
563	5538	0	0	0	1	0	1.247229
564	5547	0	0	0	1	0	1.205263
565	5555	0	0	0	1	0	2.325608
566	5562	0	0	0	1	0	2.441767
567	5566	0	0	0	1	0	1.871326
568	5576	0	0	0	2	0	1.725379
569	5586	0	0	0	0	0	1.974461
570	5598	0	0	0	0	0	2.180841
571	5611	0	0	0	0	0	1.678360
572	5624	0	0	0	0	0	1.534825
573	5635	0	0	0	2	0	2.260158
574	5646	0	0	0	0	0	2.768341
575	5655	0	0	0	0	0	1.274003
576	5669	0	0	0	2	0	1.590421
577	5681	0	0	0	0	0	1.206454
578	5686	0	0	0	0	0	1.595767
579	5698	0	0	0	1	0	1.301352
580	5702	0	0	0	0	0	2.883779
581	5710	0	0	0	0	0	1.908454
582	5724	0	0	0	0	0	2.372124
583	5730	0	0	0	1	0	2.777505
584	5746	0	0	0	0	0	1.561189
585	5753	0	0	0	0	0	1.915858
586	5761	0	0	0	0	0	2.101787
587	5770	0	0	0	2	0	1.571254
588	5784	0	0	0	2	0	1.679913
589	5790	0	0	0	1	0	2.853394
590	5797	0	0	0	0	0	1.594497
591	5810	0	0	0	2	0	1.885928
592	5818	0	0	0	2	0	1.390605
593	5830	0	0	0	1	0	1.736739
594	5844	0	0	0	2	0	1.171560
595	5856	0	0	0	2	0	1.900331
596	5867	0	0	0	0	0	1.248661
597	5878	0	0	0	0	0	2.658315
598	5888	0	0	0	0	0	1.000621
599	5902	0	0	0	2	0	1.000957
600	5915	0	0	0	1	0	1.633785
601	5925	0	0	0	2	0	2.079945
602	5931	0	0	0	1	0	1.017798
603	5938	0	0	0	1	0	2.982169
604	5945	0	0	0	0	0	1.233216
605	5956	0	0	0	0	0	1.539278
606	5962	0	0	0	1	0	2.174361
607	5970	0	0	0	0	0	1.728884
608	5980	0	0	0	2	0	2.409303
609	5983	0	0	0	0	0	2.811382
610	5995	0	0	0	0	0	1.236476
611	6005	0	0	0	0	0	1.568362
612	6014	0	0	0	1	0	2.715495
613	6018	0	0	0	1	0	2.049999
614	6032	0	0	0	0	0	1.349379
615	6039	0	0	0	0	0	1.174823
616	6045	0	0	0	2	0	2.442190
617	6055	0	0	0	0	0	2.253267
618	6069	0	0	0	1	0	1.179307
619	6079	0	0	0	0	0	1.900224
620	6087	0	0	0	0	0	2.269412
621	6094	0	0	0	1	0	2.881368
622	6105	0	0	0	0	0	2.622020
623	6117	0	0	0	1	0	1.881973
624	6134	0	0	0	2	0	1.397966
625	6149	0	0	0	1	0	1.341559
626	6161	0	0	0	2	0	2.613083
627	6169	0	0	0	1	0	1.461200
628	6176	0	0	0	2	0	1.544223
629	6189	0	0	0	0	0	2.862775
630	6196	0	0	0	1	0	1.417813
631	6203	0	0	0	2	0	1.843122
632	6217	0	0	0	0	0	1.218647
633	6229	0	0	0	2	0	1.562186
634	6238	0	0	0	0	0	2.855908
635	6243	0	0	0	0	0	1.333030
636	6254	0	0	0	2	0	1.532829
637	6268	0	0	0	0	0	2.629666
638	6277	0	0	0	1	0	1.352427
639	6287	0	0	0	2	0	1.110414
640	6298	0	0	0	0	0	1.715008
641	6307	0	0	0	0	0	1.402687
642	6317	0	0	0	1	0	2.741812
643	6325	0	0	0	0	0	1.447880
644	6334	0	0	0	0	0	2.570889
645	6345	0	0	0	1	0	2.460218
646	6357	0	0	0	0	0	1.290690
647	6369	0	0	0	2	0	2.504493
648	6377	0	0	0	2	0	1.354896
649	6387	0	0	0	2	0	2.021204
650	6399	0	0	0	0	0	1.403643
651	6420	0	0	0	0	0	2.771625
652	6432	0	0	0	0	0	2.006517
653	6438	0	0	0	1	0	2.730340
654	6445	0	0	0	2	0	1.825067
655	6454	0	0	0	0	0	1.688664
656	6463	0	0	0	0	0	2.662690
657	6470	0	0	0	2	0	2.360229
658	6476	0	0	0	2	0	1.242481
659	6481	0	0	0	1	0	1.853668
660	6492	0	0	0	1	0	2.056565
661	6500	0	0	0	2	0	2.268987
662	6512	0	0	0	2	0	1.334055
663	6528	0	0	0	0	0	1.470416
664	6535	0	0	0	0	0	1.240256
665	6544	0	0	0	1	0	2.499485
666	6552	0	0	0	0	0	1.581131
667	6562	0	0	0	0	0	1.018024
668	6566	0	0	0	0	0	2.439829
669	6577	0	0	0	2	0	2.198976
670	6585	0	0	0	0	0	2.405875
671	6589	0	0	0	0	0	1.775537
672	6598	0	0	0	1	0	2.710647
673	6605	0	0	0	1	0	2.953018
674	6615	0	0	0	2	0	2.950529
675	6620	0	0	0	1	0	2.274071
676	6631	0	0	0	1	0	2.383860
677	6643	0	0	0	2	0	1.570587
678	6649	0	0	0	2	0	1.338744
679	6657	0	0	0	2	0	2.043229
680	6668	0	0	0	2	0	2.705244
681	6679	0	0	0	2	0	1.728435
682	6688	0	0	0	0	0	2.884424
683	6692	0	0	0	1	0	1.179730
684	6700	0	0	0	0	0	2.344691
685	6713	0	0	0	1	0	1.204374
686	6724	0	0	0	0	0	2.447443
687	6732	0	0	0	0	0	1.736588
688	6740	0	0	0	1	0	2.432039
689	6751	0	0	0	2	0	2.776275
690	6768	0	0	0	0	0	1.622965
691	6775	0	0	0	0	0	2.028674
692	6783	0	0	0	1	0	1.262388
693	6790	0	0	0	2	0	1.658162
694	6803	0	0	0	2	0	1.686412
695	6814	0	0	0	1	0	1.587393
696	6823	0	0	0	2	0	2.860591
697	6831	0	0	0	0	0	2.087135
698	6843	0	0	0	0	0	1.285050
699	6855	0	0	0	0	0	1.894165
700	6869	0	0	0	0	0	1.113455
701	6879	0	0	0	0	0	2.348796
702	6887	0	0	0	2	0	2.375724
703	6898	0	0	0	0	0	2.904887
704	6910	0	0	0	1	0	1.889302
705	6920	0	0	0	0	0	1.279500
706	6928	0	0	0	1	0	2.349549
707	6941	0	0	0	0	0	2.483311
708	6955	0	0	0	1	0	2.251372
709	6967	0	0	0	0	0	1.992476
710	6979	0	0	0	1	0	2.749852
711	6994	0	0	0	1	0	2.228745
712	7007	0	0	0	1	0	1.157589
713	7014	0	0	0	1	0	1.420809
714	7029	0	0	0	1	0	1.198134
715	7037	0	0	0	1	0	1.834254
716	7045	0	0	0	1	0	1.533545
717	7052	0	0	0	1	0	1.743449
718	7060	0	0	0	1	0	1.200554
719	7070	0	0	0	0	0	1.336899
720	7080	0	0	0	2	0	1.928759
721	7090	0	0	0	2	0	1.599099
722	7096	0	0	0	1	0	1.376593
723	7108	0	0	0	0	0	1.523628
724	7119	0	0	0	1	0	2.698367
725	7124	0	0	0	0	0	1.587221
726	7130	0	0	0	2	0	2.777583
727	7146	0	0	0	0	0	2.130043
728	7158	0	0	0	2	0	2.731738
729	7169	0	0	0	0	0	2.867716
730	7173	0	0	0	0	0	1.432142
731	7181	0	0	0	0	0	2.538472
732	7187	0	0	0	0	0	1.535500
733	7193	0	0	0	0	0	1.798951
734	7199	0	0	0	0	0	1.233713
735	7213	0	0	0	2	0	2.729086
736	7221	0	0	0	0	0	2.564572
737	7230	0	0	0	2	0	2.089718
738	7237	0	0	0	2	0	2.787836
739	7251	0	0	0	0	0	1.910298
740	7268	0	0	0	1	0	2.449580
741	7284	0	0	0	2	0	2.155533
742	7291	0	0	0	2	0	2.256904
743	7301	0	0	0	1	0	2.911282
744	7317	0	0	0	0	0	2.539475
745	7331	0	0	0	2	0	1.339617
746	7337	0	0	0	1	0	2.145962
747	7350	0	0	0	0	0	1.492056
748	7360	0	0	0	2	0	2.121348
749	7370	0	0	0	2	0	2.234392
750	7379	0	0	0	2	0	2.168087
751	7392	0	0	0	1	0	2.851193
752	7399	0	0	0	0	0	2.882809
753	7402	0	0	0	0	0	2.639529
754	7411	0	0	0	0	0	2.644981
755	7418	0	0	0	1	0	2.597531
756	7431	0	0	0	1	0	1.084400
757	7444	0	0	0	1	0	1.883172
758	7459	0	0	0	0	0	2.123889
759	7466	0	0	0	2	0	1.538290
760	7475	0	0	0	1	0	1.994090
761	7490	0	0	0	1	0	1.923431
762	7495	0	0	0	1	0	2.864785
763	7508	0	0	0	1	0	1.353652
764	7520	0	0	0	2	0	2.188984
765	7538	0	0	0	1	0	1.604493
766	7546	0	0	0	1	0	1.329265
767	7552	0	0	0	1	0	2.927873
768	7562	0	0	0	2	0	1.490034
769	7572	0	0	0	1	0	2.803584
770	7580	0	0	0	1	0	1.778822
771	7584	0	0	0	0	0	1.865326
772	7594	0	0	0	0	0	2.218630
773	7601	0	0	0	0	0	2.095639
774	7613	0	0	0	1	0	1.407635
775	7617	0	0	0	0	0	1.694092
776	7622	0	0	0	2	0	1.294627
777	7633	0	0	0	2	0	1.355203
778	7638	0	0	0	2	0	2.367876
779	7645	0	0	0	1	0	1.453993
780	7659	0	0	0	0	0	1.847947
781	7674	0	0	0	2	0	2.717824
782	7687	0	0	0	2	0	1.914817
783	7698	0	0	0	0	0	1.321736
784	7708	0	0	0	1	0	2.578110
785	7718	0	0	0	2	0	1.328919
786	7730	0	0	0	1	0	1.171694
787	7735	0	0	0	0	0	2.190834
788	7744	0	0	0	2	0	1.269513
789	7749	0	0	0	1	0	1.531617
790	7754	0	0	0	0	0	1.515438
791	7763	0	0	0	0	0	2.215064
792	7775	0	0	0	1	0	2.553927
793	7780	0	0	0	1	0	2.396812
794	7784	0	0	0	0	0	2.097371
795	7792	0	0	0	1	0	2.844588
796	7804	0	0	0	2	0	1.242956
797	7812	0	0	0	1	0	1.621740
798	7825	0	0	0	2	0	1.908813
799	7836	0	0	0	1	0	2.594211
800	7850	0	0	0	1	0	1.481516
801	7864	0	0	0	0	0	1.349551
802	7875	0	0	0	1	0	1.063643
803	7887	0	0	0	2	0	1.842421
804	7896	0	0	0	0	0	2.781525
805	7903	0	0	0	0	0	2.288589
806	7914	0	0	0	1	0	1.057705
807	7928	0	0	0	0	0	1.383499
808	7941	0	0	0	0	0	1.621176
809	7948	0	0	0	0	0	1.138610
810	7959	0	0	0	0	0	2.389796
811	7972	0	0	0	2	0	2.222679
812	7980	0	0	0	0	0	2.355085
813	7988	0	0	0	1	0	1.701830
814	7998	0	0	0	0	0	2.584651
815	8011	0	0	0	1	0	2.581656
816	8020	0	0	0	0	0	2.021766
817	8029	0	0	0	1	0	1.076673
818	8037	0	0	0	0	0	2.937212
819	8046	0	0	0	0	0	1.872895
820	8056	0	0	0	1	0	2.415340
821	8062	0	0	0	0	0	1.079984
822	8075	0	0	0	1	0	1.081890
823	8089	0	0	0	0	0	1.974987
824	8103	0	0	0	1	0	1.156084
825	8114	0	0	0	2	0	1.722554
826	8127	0	0	0	0	0	1.518983
827	8139	0	0	0	1	0	2.788328
828	8148	0	0	0	0	0	2.152328
829	8153	0	0	0	0	0	2.519796
830	8166	0	0	0	2	0	1.484943
831	8175	0	0	0	0	0	1.529285
832	8186	0	0	0	2	0	1.002374
833	8198	0	0	0	2	0	1.967853
834	8211	0	0	0	0	0	1.268142
835	8219	0	0	0	1	0	2.684767
836	8227	0	0	0	0	0	1.506317
837	8236	0	0	0	2	0	1.790495
838	8246	0	0	0	1	0	1.920803
839	8253	0	0	0	0	0	2.518415
840	8264	0	0	0	1	0	1.721942
841	8273	0	0	0	2	0	2.921179
842	8284	0	0	0	1	0	1.338808
843	8294	0	0	0	1	0	2.329912
844	8300	0	0	0	0	0	2.596322
845	8309	0	0	0	0	0	1.722689
846	8316	0	0	0	0	0	1.290669
847	8329	0	0	0	0	0	2.322028
848	8338	0	0	0	2	0	2.893440
849	8345	0	0	0	0	0	2.942115
850	8360	0	0	0	0	0	1.340950
851	8370	0	0	0	0	0	1.505285
852	8379	0	0	0	2	0	1.515103
853	8388	0	0	0	0	0	1.452295
854	8393	0	0	0	2	0	2.291847
855	8400	0	0	0	1	0	2.189844
856	8408	0	0	0	2	0	1.868839
857	8415	0	0	0	2	0	1.847816
858	8422	0	0	0	1	0	1.915102
859	8436	0	0	0	0	0	1.223025
860	8448	0	0	0	0	0	1.291380
861	8461	0	0	0	0	0	2.605111
862	8475	0	0	0	1	0	1.693503
863	8484	0	0	0	1	0	2.558929
864	8490	0	0	0	1	0	2.169244
865	8501	0	0	0	1	0	2.792590
866	8513	0	0	0	0	0	2.113732
867	8527	0	0	0	1	0	2.638989
868	8533	0	0	0	2	0	1.158855
869	8541	0	0	0	1	0	2.594134
870	8553	0	0	0	0	0	2.463238
871	8559	0	0	0	2	0	1.488111
872	8571	0	0	0	1	0	1.589931
873	8579	0	0	0	2	0	1.107506
874	8585	0	0	0	0	0	1.370748
875	8597	0	0	0	0	0	1.975980
876	8608	0	0	0	0	0	1.645889
877	8616	0	0	0	2	0	2.671145
878	8625	0	0	0	2	0	2.373776
879	8630	0	0	0	1	0	2.647221
880	8646	0	0	0	0	0	1.433596
881	8652	0	0	0	0	0	1.073850
882	8656	0	0	0	1	0	2.073269
883	8664	0	0	0	0	0	2.946954
884	8669	0	0	0	2	0	2.147201
885	8676	0	0	0	1	0	2.965857
886	8688	0	0	0	1	0	2.592765
887	8698	0	0	0	0	0	1.896764
888	8703	0	0	0	0	0	1.725672
889	8717	0	0	0	2	0	2.994590
890	8725	0	0	0	0	0	1.926544
891	8731	0	0	0	2	0	2.812913
892	8741	0	0	0	1	0	1.258808
893	8746	0	0	0	2	0	1.957733
894	8753	0	0	0	0	0	2.468615
895	8763	0	0	0	2	0	1.960701
896	8768	0	0	0	1	0	2.226579
897	8777	0	0	0	2	0	2.379982
898	8787	0	0	0	2	0	2.059900
899	8801	0	0	0	1	0	1.425187
900	8810	0	0	0	2	0	2.069978
901	8820	0	0	0	1	0	1.457510
902	8837	0	0	0	2	0	2.075895
903	8847	0	0	0	1	0	2.515063
904	8858	0	0	0	1	0	2.882520
905	8872	0	0	0	0	0	1.549015
906	8882	0	0	0	0	0	1.490527
907	8892	0	0	0	0	0	1.352946
908	8901	0	0	0	0	0	2.807418
909	8908	0	0	0	1	0	1.227717
910	8920	0	0	0	0	0	2.261065
911	8933	0	0	0	0	0	2.341057
912	8949	0	0	0	0	0	1.541545
913	8958	0	0	0	0	0	2.935795
914	8968	0	0	0	2	0	2.470764
915	8976	0	0	0	1	0	1.293652
916	8981	0	0	0	2	0	1.370317
917	8997	0	0	0	0	0	2.293522
918	9014	0	0	0	0	0	2.960033
919	9018	0	0	0	2	0	2.095520
920	9025	0	0	0	0	0	1.694576
921	9031	0	0	0	2	0	2.683743
922	9044	0	0	0	0	0	2.875934
923	9058	0	0	0	0	0	2.529958
924	9067	0	0	0	2	0	2.603546
925	9075	0	0	0	2	0	2.565315
926	9085	0	0	0	2	0	1.375965
927	9097	0	0	0	0	0	2.262076
928	9108	0	0	0	0	0	2.603630
929	9113	0	0	0	1	0	1.460526
930	9119	0	0	0	2	0	1.257953
931	9127	0	0	0	0	0	1.065888
932	9135	0	0	0	0	0	1.341841
933	9140	0	0	0	0	0	1.161707
934	9155	0	0	0	1	0	2.040551
935	9163	0	0	0	0	0	1.860890
936	9174	0	0	0	0	0	1.171741
937	9186	0	0	0	2	0	2.463629
938	9194	0	0	0	1	0	2.089503
939	9202	0	0	0	2	0	1.856778
940	9217	0	0	0	1	0	1.993172
941	9227	0	0	0	1	0	1.759749
942	9237	0	0	0	2	0	2.497567
943	9247	0	0	0	2	0	2.748171
944	9254	0	0	0	0	0	2.447355
945	9267	0	0	0	0	0	1.065884
946	9280	0	0	0	2	0	2.897410
947	9294	0	0	0	2	0	2.312250
948	9303	0	0	0	0	0	2.603926
949	9315	0	0	0	0	0	1.732471
950	9323	0	0	0	0	0	2.793405
951	9330	0	0	0	2	0	2.481303
952	9341	0	0	0	2	0	2.479910
953	9348	0	0	0	0	0	2.665158
954	9360	0	0	0	0	0	2.567007
955	9367	0	0	0	0	0	1.789003
956	9373	0	0	0	0	0	1.896460
957	9385	0	0	0	1	0	1.265344
958	9400	0	0	0	0	0	1.157732
959	9413	0	0	0	2	0	1.177253
960	9421	0	0	0	2	0	1.784434
961	9430	0	0	0	0	0	1.237228
962	9438	0	0	0	0	0	1.601521
963	9448	0	0	0	1	0	1.219156
964	9453	0	0	0	2	0	2.251838
965	9466	0	0	0	0	0	1.740120
966	9476	0	0	0	0	0	2.544890
967	9491	0	0	0	1	0	2.837890
968	9498	0	0	0	0	0	2.082749
969	9509	0	0	0	2	0	1.368969
970	9519	0	0	0	2	0	1.553329
971	9525	0	0	0	1	0	1.629001
972	9533	0	0	0	1	0	2.355733
973	9542	0	0	0	0	0	1.231093
974	9549	0	0	0	0	0	2.003252
975	9558	0	0	0	1	0	2.119566
976	9569	0	0	0	1	0	1.645916
977	9573	0	0	0	0	0	2.479715
978	9583	0	0	0	1	0	1.933212
979	9593	0	0	0	0	0	1.610333
980	9605	0	0	0	1	0	2.243550
981	9613	0	0	0	0	0	1.626267
982	9624	0	0	0	2	0	1.239787
983	9632	0	0	0	2	0	2.564020
984	9644	0	0	0	0	0	1.264124
985	9651	0	0	0	0	0	2.907106
986	9663	0	0	0	0	0	2.281970
987	9671	0	0	0	0	0	2.285174
988	9685	0	0	0	1	0	1.182064
989	9695	0	0	0	0	0	1.130372
990	9702	0	0	0	1	0	2.307350
991	9710	0	0	0	2	0	1.497434
992	9724	0	0	0	2	0	2.937851
993	9733	0	0	0	2	0	1.230121
994	9740	0	0	0	0	0	2.593402
995	9753	0	0	0	2	0	2.279530
996	9767	0	0	0	1	0	1.028626
997	9780	0	0	0	0	0	2.385580
998	9790	0	0	0	1	0	2.188282
999	9797	0	0	0	2	0	1.519481
