0	1	0	0	0	1	0	2.545621
1	8	0	0	0	1	0	1.975161
2	14	0	0	0	0	0	1.725120
3	26	0	0	0	1	0	1.951947
4	39	0	0	0	1	0	2.361585
5	51	0	0	0	1	0	2.890072
6	56	0	0	0	1	0	2.825360
7	77	0	0	0	0	0	2.122803
8	85	0	0	0	2	0	1.128794
9	95	0	0	0	1	0	2.179364
10	101	0	0	0	2	0	2.236540
11	109	0	0	0	0	0	2.712219
12	118	0	0	0	1	0	1.728032
13	131	0	0	0	0	0	2.317044
14	141	0	0	0	0	0	2.772394
15	153	0	0	0	2	0	2.044271
16	161	0	0	0	0	0	1.957846
17	179	0	0	0	2	0	2.640714
18	189	0	0	0	1	0	1.104542
19	204	0	0	0	2	0	2.242476
20	222	0	0	0	0	0	1.718350
21	229	0	0	0	2	0	1.923525
22	235	0	0	0	2	0	2.632730
23	241	0	0	0	1	0	1.045683
24	246	0	0	0	0	0	2.683730
25	255	0	0	0	1	0	2.501280
26	259	0	0	0	1	0	1.370755
27	267	0	0	0	2	0	2.826760
28	281	0	0	0	1	0	1.776537
29	290	0	0	0	0	0	1.879686
30	299	0	0	0	2	0	1.704726
31	300	0	0	0	1	0	2.797280
32	308	0	0	0	1	0	2.132508
33	315	0	0	0	0	0	2.435530
34	324	0	0	0	0	0	2.658293
35	334	0	0	0	2	0	2.162382
36	343	0	0	0	2	0	2.837869
37	352	0	0	0	2	0	2.510115
38	364	0	0	0	0	0	2.301921
39	380	0	0	0	2	0	2.342083
40	385	0	0	0	0	0	1.809965
41	393	0	0	0	0	0	1.942105
42	399	0	0	0	0	0	2.450724
43	406	0	0	0	0	0	2.063853
44	424	0	0	0	0	0	2.098535
45	434	0	0	0	0	0	2.327166
46	445	0	0	0	2	0	1.794017
47	451	0	0	0	2	0	1.456933
48	461	0	0	0	1	0	2.956629
49	471	0	0	0	0	0	2.397646
50	483	0	0	0	1	0	1.022462
51	492	0	0	0	0	0	1.549426
52	503	0	0	0	1	0	2.902063
53	514	0	0	0	0	0	2.713103
54	525	0	0	0	2	0	1.028229
55	534	0	0	0	1	0	1.531171
56	543	0	0	0	0	0	1.723210
57	550	0	0	0	1	0	1.975101
58	565	0	0	0	1	0	2.113603
59	580	0	0	0	0	0	2.915253
60	585	0	0	0	0	0	1.259738
61	594	0	0	0	1	0	1.851784
62	606	0	0	0	1	0	2.488670
63	615	0	0	0	1	0	2.302904
64	618	0	0	0	0	0	2.730018
65	625	0	0	0	0	0	1.428303
66	634	0	0	0	0	0	1.560141
67	641	0	0	0	0	0	2.963403
68	651	0	0	0	0	0	1.148202
69	660	0	0	0	2	0	1.416461
70	670	0	0	0	1	0	1.110262
71	679	0	0	0	1	0	1.039569
72	694	0	0	0	2	0	2.146488
73	704	0	0	0	0	0	1.881743
74	710	0	0	0	0	0	1.309188
75	722	0	0	0	2	0	1.527357
76	729	0	0	0	0	0	1.863417
77	738	0	0	0	0	0	1.111384
78	749	0	0	0	2	0	1.728191
79	756	0	0	0	1	0	1.670467
80	762	0	0	0	2	0	2.335859
81	772	0	0	0	0	0	1.746828
82	776	0	0	0	1	0	2.452800
83	782	0	0	0	0	0	2.355840
84	787	0	0	0	1	0	1.169049
85	802	0	0	0	0	0	2.920657
86	819	0	0	0	0	0	2.141835
87	828	0	0	0	1	0	1.555794
88	840	0	0	0	0	0	2.137632
89	852	0	0	0	2	0	1.000954
90	864	0	0	0	2	0	2.061013
91	874	0	0	0	1	0	1.577546
92	887	0	0	0	2	0	2.402338
93	895	0	0	0	0	0	2.024057
94	904	0	0	0	1	0	1.745609
95	915	0	0	0	0	0	1.297011
96	928	0	0	0	1	0	1.106566
97	939	0	0	0	2	0	1.734414
98	950	0	0	0	0	0	1.143959
99	955	0	0	0	0	0	1.483404
100	962	0	0	0	1	0	1.169208
101	973	0	0	0	0	0	2.311635
102	981	0	0	0	2	0	2.950252
103	988	0	0	0	1	0	2.231547
104	996	0	0	0	2	0	1.037263
105	1008	0	0	0	1	0	1.676589
106	1019	0	0	0	1	0	2.676880
107	1027	0	0	0	2	0	2.901555
108	1031	0	0	0	2	0	2.461995
109	1047	0	0	0	2	0	2.086393
110	1061	0	0	0	2	0	2.445216
111	1074	0	0	0	1	0	2.874321
112	1085	0	0	0	1	0	2.120538
113	1091	0	0	0	1	0	1.636665
114	1101	0	0	0	1	0	2.778544
115	1110	0	0	0	0	0	1.715223
116	1120	0	0	0	2	0	2.367361
117	1132	0	0	0	1	0	1.876792
118	1143	0	0	0	0	0	2.799309
119	1153	0	0	0	0	0	2.272547
120	1162	0	0	0	0	0	2.297458
121	1170	0	0	0	1	0	1.935056
122	1180	0	0	0	0	0	1.762887
123	1193	0	0	0	0	0	1.183288
124	1204	0	0	0	1	0	1.220318
125	1212	0	0	0	2	0	2.619583
126	1221	0	0	0	1	0	1.678096
127	1230	0	0	0	0	0	2.502422
128	1247	0	0	0	1	0	1.826974
129	1256	0	0	0	1	0	1.795713
130	1266	0	0	0	0	0	2.892041
131	1276	0	0	0	0	0	1.285168
132	1288	0	0	0	2	0	2.286728
133	1300	0	0	0	1	0	1.846973
134	1311	0	0	0	1	0	1.197450
135	1323	0	0	0	0	0	2.375422
136	1336	0	0	0	1	0	2.057478
137	1349	0	0	0	0	0	1.920498
138	1359	0	0	0	2	0	1.866038
139	1369	0	0	0	2	0	1.356092
140	1382	0	0	0	1	0	1.477053
141	1389	0	0	0	2	0	1.674137
142	1407	0	0	0	2	0	1.821665
143	1419	0	0	0	0	0	1.040174
144	1428	0	0	0	0	0	1.966330
145	1434	0	0	0	0	0	2.378677
146	1445	0	0	0	0	0	2.992438
147	1453	0	0	0	1	0	1.174974
148	1458	0	0	0	2	0	1.803076
149	1464	0	0	0	1	0	2.676055
150	1468	0	0	0	0	0	1.066455
151	1475	0	0	0	0	0	2.271736
152	1483	0	0	0	1	0	1.226954
153	1495	0	0	0	0	0	2.694994
154	1508	0	0	0	0	0	2.859147
155	1518	0	0	0	0	0	1.939728
156	1524	0	0	0	0	0	1.556322
157	1539	0	0	0	2	0	2.387024
158	1549	0	0	0	1	0	1.934256
159	1560	0	0	0	2	0	1.024992
160	1574	0	0	0	0	0	2.454945
161	1582	0	0	0	2	0	2.116156
162	1586	0	0	0	1	0	2.293793
163	1594	0	0	0	0	0	2.274584
164	1601	0	0	0	1	0	2.905502
165	1610	0	0	0	0	0	2.383998
166	1615	0	0	0	2	0	2.085493
167	1622	0	0	0	2	0	1.067465
168	1637	0	0	0	1	0	2.250412
169	1647	0	0	0	2	0	2.500373
170	1656	0	0	0	2	0	2.173438
171	1663	0	0	0	0	0	1.746662
172	1678	0	0	0	2	0	1.894181
173	1689	0	0	0	0	0	1.437659
174	1699	0	0	0	0	0	2.417270
175	1708	0	0	0	0	0	1.799346
176	1714	0	0	0	1	0	2.962564
177	1722	0	0	0	1	0	1.899362
178	1732	0	0	0	0	0	2.784713
179	1741	0	0	0	0	0	2.421695
180	1755	0	0	0	1	0	2.486362
181	1765	0	0	0	1	0	1.045170
182	1783	0	0	0	0	0	1.369855
183	1795	0	0	0	2	0	1.687370
184	1807	0	0	0	0	0	1.692710
185	1818	0	0	0	0	0	1.245022
186	1830	0	0	0	1	0	1.284033
187	1842	0	0	0	1	0	2.366066
188	1849	0	0	0	0	0	1.878146
189	1858	0	0	0	1	0	2.754527
190	1870	0	0	0	1	0	1.020202
191	1876	0	0	0	0	0	2.130116
192	1885	0	0	0	0	0	1.200424
193	1895	0	0	0	0	0	1.524920
194	1900	0	0	0	0	0	2.378186
195	1913	0	0	0	0	0	1.665726
196	1926	0	0	0	2	0	2.771537
197	1933	0	0	0	1	0	2.781113
198	1949	0	0	0	0	0	1.761917
199	1960	0	0	0	0	0	2.964363
200	1973	0	0	0	0	0	1.888821
201	1988	0	0	0	2	0	1.708732
202	1996	0	0	0	0	0	1.170756
203	2009	0	0	0	1	0	1.169074
204	2019	0	0	0	0	0	2.141345
205	2028	0	0	0	0	0	1.504840
206	2036	0	0	0	1	0	2.058904
207	2041	0	0	0	1	0	1.766103
208	2055	0	0	0	0	0	1.525796
209	2067	0	0	0	2	0	1.122699
210	2074	0	0	0	1	0	1.978505
211	2083	0	0	0	1	0	1.579578
212	2097	0	0	0	0	0	1.971087
213	2106	0	0	0	1	0	1.522888
214	2111	0	0	0	0	0	2.922349
215	2123	0	0	0	2	0	2.862182
216	2131	0	0	0	1	0	1.587407
217	2136	0	0	0	2	0	1.382058
218	2145	0	0	0	2	0	1.612201
219	2150	0	0	0	1	0	1.155982
220	2157	0	0	0	1	0	1.767928
221	2169	0	0	0	1	0	1.468240
222	2176	0	0	0	0	0	1.387035
223	2189	0	0	0	1	0	1.724736
224	2204	0	0	0	1	0	1.006263
225	2210	0	0	0	0	0	2.609802
226	2223	0	0	0	2	0	1.201079
227	2236	0	0	0	0	0	2.551630
228	2241	0	0	0	0	0	2.442570
229	2253	0	0	0	2	0	1.635815
230	2265	0	0	0	0	0	2.095728
231	2276	0	0	0	0	0	2.711131
232	2290	0	0	0	1	0	2.190754
233	2300	0	0	0	0	0	2.705355
234	2309	0	0	0	1	0	2.424007
235	2321	0	0	0	1	0	2.488055
236	2326	0	0	0	2	0	1.402340
237	2338	0	0	0	2	0	2.225765
238	2345	0	0	0	0	0	1.724433
239	2356	0	0	0	0	0	2.424140
240	2363	0	0	0	2	0	2.447586
241	2377	0	0	0	1	0	2.773275
242	2390	0	0	0	1	0	1.980786
243	2397	0	0	0	0	0	1.041206
244	2409	0	0	0	1	0	2.477422
245	2416	0	0	0	0	0	2.211785
246	2423	0	0	0	1	0	2.106477
247	2436	0	0	0	1	0	2.748903
248	2447	0	0	0	0	0	2.521122
249	2454	0	0	0	2	0	2.035334
250	2472	0	0	0	0	0	1.447522
251	2482	0	0	0	0	0	1.525612
252	2494	0	0	0	2	0	2.737845
253	2501	0	0	0	2	0	1.471254
254	2504	0	0	0	1	0	2.450577
255	2514	0	0	0	2	0	1.682075
256	2521	0	0	0	2	0	2.775550
257	2530	0	0	0	1	0	1.932081
258	2537	0	0	0	0	0	2.703298
259	2550	0	0	0	2	0	2.531772
260	2562	0	0	0	1	0	2.053317
261	2567	0	0	0	2	0	2.363661
262	2582	0	0	0	0	0	1.173935
263	2595	0	0	0	1	0	1.674893
264	2604	0	0	0	0	0	1.571890
265	2613	0	0	0	0	0	2.288934
266	2623	0	0	0	0	0	1.314080
267	2632	0	0	0	0	0	1.049668
268	2639	0	0	0	0	0	2.721462
269	2648	0	0	0	0	0	1.053895
270	2655	0	0	0	2	0	1.471108
271	2660	0	0	0	1	0	1.420687
272	2671	0	0	0	2	0	2.675907
273	2681	0	0	0	0	0	2.217554
274	2695	0	0	0	1	0	2.086835
275	2706	0	0	0	0	0	1.761170
276	2725	0	0	0	2	0	2.452346
277	2732	0	0	0	1	0	1.266839
278	2743	0	0	0	0	0	1.953552
279	2761	0	0	0	0	0	2.033607
280	2768	0	0	0	2	0	2.542339
281	2776	0	0	0	1	0	1.927270
282	2788	0	0	0	2	0	2.714011
283	2796	0	0	0	1	0	2.640407
284	2805	0	0	0	2	0	2.177714
285	2814	0	0	0	2	0	2.776506
286	2824	0	0	0	0	0	1.118859
287	2840	0	0	0	2	0	2.980323
288	2846	0	0	0	2	0	1.292978
289	2860	0	0	0	0	0	1.760123
290	2869	0	0	0	1	0	1.913529
291	2881	0	0	0	1	0	2.806513
292	2892	0	0	0	1	0	1.802736
293	2900	0	0	0	2	0	1.076134
294	2916	0	0	0	0	0	1.301598
295	2932	0	0	0	0	0	1.051019
296	2943	0	0	0	1	0	1.613331
297	2950	0	0	0	0	0	1.302616
298	2956	0	0	0	2	0	2.168540
299	2967	0	0	0	0	0	1.932566
300	2976	0	0	0	1	0	2.648589
301	2987	0	0	0	1	0	2.787716
302	2997	0	0	0	1	0	2.770635
303	3009	0	0	0	0	0	2.273253
304	3026	0	0	0	1	0	2.513123
305	3033	0	0	0	1	0	2.577080
306	3045	0	0	0	0	0	1.226295
307	3054	0	0	0	1	0	1.913113
308	3062	0	0	0	1	0	2.904375
309	3070	0	0	0	1	0	1.153631
310	3081	0	0	0	1	0	1.694490
311	3091	0	0	0	2	0	2.069290
312	3105	0	0	0	1	0	1.205302
313	3115	0	0	0	1	0	2.816536
314	3125	0	0	0	2	0	2.543400
315	3134	0	0	0	1	0	1.563608
316	3142	0	0	0	0	0	1.653665
317	3154	0	0	0	1	0	2.932430
318	3162	0	0	0	1	0	1.380227
319	3178	0	0	0	2	0	1.290033
320	3190	0	0	0	0	0	1.421972
321	3201	0	0	0	0	0	2.689572
322	3209	0	0	0	1	0	2.899346
323	3217	0	0	0	2	0	2.854030
324	3225	0	0	0	1	0	2.629758
325	3235	0	0	0	1	0	2.528128
326	3250	0	0	0	0	0	2.600157
327	3257	0	0	0	2	0	1.459179
328	3268	0	0	0	0	0	1.407807
329	3275	0	0	0	0	0	1.614582
330	3285	0	0	0	2	0	1.012070
331	3296	0	0	0	2	0	1.248859
332	3314	0	0	0	0	0	2.112666
333	3323	0	0	0	0	0	1.374126
334	3330	0	0	0	0	0	2.306491
335	3336	0	0	0	1	0	2.422885
336	3350	0	0	0	1	0	1.300386
337	3359	0	0	0	1	0	1.165290
338	3373	0	0	0	2	0	2.930710
339	3384	0	0	0	0	0	2.501020
340	3399	0	0	0	2	0	2.029851
341	3409	0	0	0	2	0	2.211694
342	3417	0	0	0	1	0	2.115837
343	3420	0	0	0	0	0	1.947584
344	3431	0	0	0	0	0	1.523471
345	3441	0	0	0	1	0	2.386897
346	3453	0	0	0	0	0	1.101471
347	3462	0	0	0	1	0	2.320857
348	3474	0	0	0	0	0	1.977486
349	3483	0	0	0	0	0	2.451585
350	3495	0	0	0	1	0	2.033186
351	3507	0	0	0	2	0	1.144263
352	3517	0	0	0	2	0	1.474387
353	3530	0	0	0	0	0	2.922903
354	3541	0	0	0	0	0	1.343842
355	3548	0	0	0	0	0	2.366961
356	3557	0	0	0	1	0	1.520388
357	3565	0	0	0	1	0	2.404280
358	3572	0	0	0	1	0	1.477816
359	3581	0	0	0	0	0	1.148802
360	3594	0	0	0	1	0	2.031821
361	3606	0	0	0	0	0	2.138942
362	3616	0	0	0	1	0	1.719024
363	3623	0	0	0	0	0	1.884732
364	3633	0	0	0	0	0	1.010192
365	3644	0	0	0	0	0	2.401895
366	3654	0	0	0	2	0	1.482727
367	3663	0	0	0	2	0	2.553073
368	3678	0	0	0	1	0	1.778222
369	3687	0	0	0	1	0	1.088886
370	3692	0	0	0	2	0	1.986084
371	3702	0	0	0	1	0	1.499665
372	3709	0	0	0	1	0	2.841326
373	3714	0	0	0	2	0	1.126901
374	3722	0	0	0	0	0	1.303977
375	3727	0	0	0	1	0	1.896023
376	3739	0	0	0	0	0	2.289936
377	3756	0	0	0	0	0	2.587187
378	3767	0	0	0	2	0	2.108632
379	3779	0	0	0	0	0	1.831759
380	3790	0	0	0	2	0	1.208151
381	3804	0	0	0	1	0	1.270995
382	3813	0	0	0	2	0	2.164554
383	3825	0	0	0	1	0	2.363215
384	3836	0	0	0	0	0	1.789881
385	3845	0	0	0	1	0	2.788394
386	3853	0	0	0	0	0	2.725716
387	3862	0	0	0	2	0	2.122232
388	3865	0	0	0	2	0	2.382224
389	3878	0	0	0	1	0	1.983508
390	3892	0	0	0	1	0	1.074885
391	3903	0	0	0	0	0	2.688176
392	3916	0	0	0	0	0	1.962323
393	3925	0	0	0	2	0	1.616351
394	3937	0	0	0	0	0	2.534990
395	3948	0	0	0	0	0	2.728433
396	3958	0	0	0	0	0	1.598574
397	3967	0	0	0	0	0	1.628141
398	3979	0	0	0	0	0	2.370206
399	3990	0	0	0	0	0	2.602993
400	3997	0	0	0	2	0	2.415386
401	4005	0	0	0	1	0	2.793470
402	4013	0	0	0	0	0	2.236910
403	4025	0	0	0	0	0	2.587032
404	4035	0	0	0	0	0	1.970737
405	4044	0	0	0	0	0	2.692003
406	4057	0	0	0	1	0	1.646851
407	4068	0	0	0	0	0	2.125219
408	4079	0	0	0	0	0	1.714293
409	4086	0	0	0	2	0	1.522705
410	4099	0	0	0	1	0	2.382214
411	4111	0	0	0	0	0	2.500971
412	4119	0	0	0	1	0	2.149970
413	4129	0	0	0	1	0	2.493765
414	4140	0	0	0	2	0	2.895572
415	4157	0	0	0	0	0	2.145272
416	4171	0	0	0	2	0	2.031259
417	4181	0	0	0	2	0	2.279249
418	4192	0	0	0	0	0	2.011474
419	4201	0	0	0	2	0	2.610158
420	4207	0	0	0	1	0	1.058810
421	4211	0	0	0	1	0	1.432314
422	4220	0	0	0	2	0	1.418845
423	4233	0	0	0	2	0	1.980728
424	4241	0	0	0	0	0	1.734312
425	4251	0	0	0	1	0	2.214588
426	4260	0	0	0	0	0	1.149989
427	4276	0	0	0	2	0	1.139087
428	4288	0	0	0	0	0	2.810025
429	4302	0	0	0	1	0	1.533008
430	4315	0	0	0	0	0	2.911030
431	4323	0	0	0	0	0	2.359476
432	4334	0	0	0	1	0	1.671816
433	4345	0	0	0	1	0	2.084961
434	4355	0	0	0	1	0	1.185942
435	4367	0	0	0	1	0	1.945497
436	4384	0	0	0	2	0	2.055629
437	4393	0	0	0	0	0	2.163188
438	4412	0	0	0	0	0	1.393395
439	4425	0	0	0	0	0	2.460543
440	4435	0	0	0	2	0	1.887337
441	4443	0	0	0	0	0	1.055992
442	4455	0	0	0	0	0	1.467478
443	4464	0	0	0	0	0	2.271765
444	4472	0	0	0	2	0	2.962617
445	4480	0	0	0	0	0	1.435608
446	4484	0	0	0	1	0	2.836008
447	4496	0	0	0	1	0	2.195077
448	4508	0	0	0	2	0	2.792063
449	4522	0	0	0	2	0	1.638440
450	4532	0	0	0	1	0	2.344366
451	4538	0	0	0	0	0	2.968651
452	4550	0	0	0	1	0	1.943611
453	4568	0	0	0	0	0	1.688089
454	4578	0	0	0	2	0	1.182814
455	4590	0	0	0	1	0	1.162098
456	4600	0	0	0	0	0	2.840529
457	4606	0	0	0	1	0	2.368096
458	4613	0	0	0	0	0	1.883886
459	4623	0	0	0	2	0	1.197924
460	4634	0	0	0	0	0	2.843218
461	4641	0	0	0	1	0	2.730798
462	4646	0	0	0	2	0	2.220141
463	4660	0	0	0	2	0	1.983061
464	4673	0	0	0	2	0	1.104519
465	4681	0	0	0	0	0	1.770459
466	4695	0	0	0	2	0	2.926375
467	4701	0	0	0	0	0	1.627898
468	4711	0	0	0	1	0	1.038216
469	4725	0	0	0	0	0	1.550724
470	4735	0	0	0	0	0	2.625965
471	4746	0	0	0	0	0	1.151277
472	4758	0	0	0	2	0	1.182652
473	4769	0	0	0	0	0	1.187567
474	4774	0	0	0	2	0	2.437788
475	4784	0	0	0	2	0	2.895930
476	4796	0	0	0	2	0	2.997604
477	4799	0	0	0	2	0	2.578816
478	4809	0	0	0	1	0	2.834644
479	4816	0	0	0	1	0	1.557151
480	4829	0	0	0	2	0	1.384777
481	4837	0	0	0	1	0	1.661888
482	4845	0	0	0	1	0	2.357135
483	4852	0	0	0	0	0	2.414129
484	4862	0	0	0	0	0	2.520958
485	4875	0	0	0	0	0	2.860436
486	4886	0	0	0	2	0	1.594660
487	4892	0	0	0	0	0	2.564160
488	4905	0	0	0	1	0	1.137031
489	4915	0	0	0	2	0	2.197158
490	4923	0	0	0	0	0	1.942466
491	4933	0	0	0	1	0	2.216171
492	4948	0	0	0	0	0	2.749072
493	4961	0	0	0	1	0	2.761311
494	4970	0	0	0	0	0	1.235947
495	4985	0	0	0	0	0	2.277500
496	4995	0	0	0	0	0	2.656429
497	5006	0	0	0	2	0	2.299108
498	5015	0	0	0	1	0	1.833437
499	5023	0	0	0	1	0	1.297632
500	5030	0	0	0	0	0	1.242416
501	5036	0	0	0	2	0	1.293755
502	5045	0	0	0	0	0	1.602926
503	5058	0	0	0	0	0	2.352580
504	5067	0	0	0	0	0	1.730286
505	5081	0	0	0	1	0	1.173830
506	5088	0	0	0	1	0	2.579142
507	5102	0	0	0	1	0	1.943828
508	5111	0	0	0	2	0	2.846702
509	5124	0	0	0	1	0	1.122408
510	5130	0	0	0	0	0	1.328099
511	5137	0	0	0	0	0	1.848550
512	5145	0	0	0	2	0	1.345651
513	5154	0	0	0	1	0	1.176537
514	5164	0	0	0	0	0	2.755335
515	5174	0	0	0	2	0	1.603004
516	5187	0	0	0	0	0	1.579980
517	5194	0	0	0	0	0	1.280923
518	5203	0	0	0	1	0	2.269992
519	5209	0	0	0	1	0	2.684220
520	5216	0	0	0	1	0	1.720763
521	5221	0	0	0	0	0	2.322088
522	5230	0	0	0	1	0	1.704366
523	5242	0	0	0	1	0	1.616668
524	5252	0	0	0	0	0	1.820307
525	5261	0	0	0	0	0	2.551228
526	5278	0	0	0	1	0	1.086931
527	5287	0	0	0	1	0	1.083845
528	5295	0	0	0	0	0	1.841079
529	5310	0	0	0	1	0	2.192069
530	5318	0	0	0	1	0	2.434448
531	5326	0	0	0	0	0	2.810632
532	5334	0	0	0	0	0	1.614376
533	5347	0	0	0	0	0	1.448605
534	5359	0	0	0	1	0	1.665902
535	5369	0	0	0	0	0	2.996550
536	5376	0	0	0	0	0	1.614380
537	5386	0	0	0	0	0	1.098535
538	5393	0	0	0	0	0	2.392842
539	5401	0	0	0	1	0	1.344004
540	5411	0	0	0	2	0	2.074427
541	5424	0	0	0	0	0	2.912212
542	5431	0	0	0	1	0	2.705908
543	5443	0	0	0	1	0	1.801167
544	5451	0	0	0	0	0	2.374525
545	5458	0	0	0	1	0	2.181318
546	5471	0	0	0	1	0	1.824548
547	5479	0	0	0	1	0	1.884197
548	5486	0	0	0	2	0	2.641187
549	5493	0	0	0	0	0	1.365511
550	5507	0	0	0	1	0	1.741387
551	5517	0	0	0	0	0	2.489580
552	5533	0	0	0	0	0	2.932177
553	5545	0	0	0	2	0	1.773545
554	5557	0	0	0	1	0	1.630351
555	5566	0	0	0	0	0	1.322902
556	5580	0	0	0	1	0	2.402426
557	5594	0	0	0	2	0	2.955855
558	5603	0	0	0	1	0	1.067033
559	5619	0	0	0	2	0	1.577039
560	5626	0	0	0	0	0	1.677943
561	5638	0	0	0	1	0	2.804192
562	5659	0	0	0	0	0	2.766419
563	5673	0	0	0	2	0	2.178999
564	5684	0	0	0	0	0	1.490537
565	5694	0	0	0	0	0	1.366936
566	5705	0	0	0	2	0	1.804744
567	5714	0	0	0	0	0	1.418342
568	5729	0	0	0	0	0	2.306266
569	5736	0	0	0	1	0	1.861357
570	5752	0	0	0	2	0	2.427620
571	5759	0	0	0	0	0	1.079482
572	5773	0	0	0	0	0	1.729154
573	5781	0	0	0	2	0	2.082546
574	5795	0	0	0	0	0	2.940824
575	5808	0	0	0	0	0	1.678514
576	5818	0	0	0	2	0	1.476934
577	5822	0	0	0	1	0	1.160631
578	5836	0	0	0	0	0	1.613803
579	5843	0	0	0	0	0	2.477637
580	5853	0	0	0	2	0	2.117644
581	5864	0	0	0	1	0	1.275210
582	5874	0	0	0	0	0	1.439916
583	5878	0	0	0	0	0	2.543940
584	5887	0	0	0	0	0	1.360825
585	5895	0	0	0	2	0	2.520923
586	5906	0	0	0	0	0	2.347136
587	5922	0	0	0	0	0	2.241891
588	5931	0	0	0	0	0	2.161041
589	5941	0	0	0	0	0	2.171621
590	5947	0	0	0	1	0	2.850668
591	5955	0	0	0	1	0	2.876126
592	5966	0	0	0	2	0	2.052186
593	5979	0	0	0	0	0	2.145268
594	5988	0	0	0	2	0	2.334370
595	5996	0	0	0	1	0	1.110029
596	6013	0	0	0	0	0	2.839182
597	6023	0	0	0	2	0	2.326573
598	6033	0	0	0	2	0	1.990543
599	6042	0	0	0	1	0	1.137359
600	6057	0	0	0	0	0	2.628378
601	6066	0	0	0	1	0	1.891221
602	6075	0	0	0	2	0	1.005369
603	6083	0	0	0	1	0	2.699976
604	6096	0	0	0	0	0	2.057587
605	6116	0	0	0	1	0	1.019026
606	6127	0	0	0	0	0	2.262808
607	6138	0	0	0	1	0	2.265865
608	6146	0	0	0	2	0	1.188829
609	6158	0	0	0	0	0	1.645503
610	6171	0	0	0	2	0	1.113525
611	6186	0	0	0	1	0	2.710537
612	6196	0	0	0	0	0	2.711752
613	6201	0	0	0	1	0	1.557084
614	6211	0	0	0	2	0	2.790475
615	6214	0	0	0	0	0	2.772748
616	6222	0	0	0	0	0	1.024827
617	6234	0	0	0	0	0	2.893849
618	6242	0	0	0	2	0	1.621703
619	6250	0	0	0	0	0	2.369431
620	6267	0	0	0	1	0	2.308654
621	6279	0	0	0	1	0	1.290041
622	6288	0	0	0	2	0	1.189717
623	6293	0	0	0	0	0	1.059870
624	6302	0	0	0	0	0	2.045766
625	6307	0	0	0	2	0	1.481776
626	6319	0	0	0	2	0	1.477930
627	6329	0	0	0	1	0	1.873409
628	6339	0	0	0	1	0	1.994786
629	6345	0	0	0	0	0	2.832604
630	6357	0	0	0	2	0	2.524223
631	6364	0	0	0	1	0	2.698020
632	6375	0	0	0	2	0	2.245217
633	6381	0	0	0	0	0	1.171183
634	6391	0	0	0	1	0	1.175893
635	6397	0	0	0	0	0	1.316935
636	6411	0	0	0	2	0	1.613335
637	6421	0	0	0	1	0	1.327900
638	6432	0	0	0	1	0	1.726496
639	6445	0	0	0	2	0	2.997952
640	6454	0	0	0	0	0	1.787771
641	6471	0	0	0	0	0	2.209478
642	6485	0	0	0	1	0	1.973611
643	6497	0	0	0	0	0	2.791920
644	6507	0	0	0	0	0	1.221491
645	6516	0	0	0	2	0	1.052798
646	6529	0	0	0	1	0	2.058589
647	6540	0	0	0	2	0	2.263691
648	6550	0	0	0	2	0	1.561954
649	6562	0	0	0	0	0	2.575079
650	6574	0	0	0	0	0	2.672500
651	6580	0	0	0	0	0	1.162869
652	6585	0	0	0	0	0	2.336228
653	6599	0	0	0	1	0	2.382295
654	6617	0	0	0	0	0	1.360939
655	6630	0	0	0	1	0	2.317925
656	6645	0	0	0	0	0	1.735031
657	6651	0	0	0	0	0	2.090186
658	6662	0	0	0	2	0	2.256798
659	6671	0	0	0	1	0	1.229653
660	6683	0	0	0	0	0	2.841355
661	6694	0	0	0	0	0	2.616129
662	6706	0	0	0	2	0	2.251993
663	6716	0	0	0	2	0	2.994166
664	6725	0	0	0	2	0	1.013830
665	6733	0	0	0	1	0	2.486880
666	6740	0	0	0	0	0	1.730250
667	6747	0	0	0	0	0	1.357274
668	6752	0	0	0	0	0	1.695854
669	6764	0	0	0	1	0	1.472484
670	6775	0	0	0	1	0	2.685117
671	6782	0	0	0	2	0	2.121524
672	6800	0	0	0	0	0	2.991184
673	6813	0	0	0	2	0	2.267708
674	6823	0	0	0	1	0	1.743015
675	6834	0	0	0	0	0	1.638598
676	6843	0	0	0	2	0	2.007254
677	6850	0	0	0	1	0	1.907572
678	6859	0	0	0	0	0	2.603243
679	6872	0	0	0	1	0	2.656221
680	6877	0	0	0	2	0	1.641585
681	6888	0	0	0	1	0	1.231834
682	6898	0	0	0	2	0	1.589838
683	6906	0	0	0	1	0	2.051825
684	6918	0	0	0	0	0	2.000089
685	6926	0	0	0	1	0	1.795569
686	6933	0	0	0	0	0	2.756191
687	6939	0	0	0	1	0	1.616985
688	6947	0	0	0	0	0	1.468137
689	6958	0	0	0	1	0	1.566446
690	6968	0	0	0	0	0	2.141563
691	6973	0	0	0	2	0	1.034844
692	6985	0	0	0	1	0	1.862417
693	7003	0	0	0	0	0	1.876276
694	7010	0	0	0	2	0	1.070586
695	7017	0	0	0	1	0	1.459178
696	7030	0	0	0	0	0	2.528931
697	7040	0	0	0	2	0	1.010097
698	7049	0	0	0	1	0	1.259948
699	7063	0	0	0	1	0	1.974339
700	7068	0	0	0	0	0	1.625753
701	7079	0	0	0	1	0	1.899307
702	7093	0	0	0	0	0	1.916525
703	7110	0	0	0	1	0	1.668591
704	7122	0	0	0	2	0	2.423212
705	7136	0	0	0	2	0	2.923403
706	7149	0	0	0	1	0	1.807763
707	7160	0	0	0	1	0	2.083545
708	7170	0	0	0	0	0	2.658321
709	7181	0	0	0	2	0	1.135335
710	7196	0	0	0	1	0	1.170805
711	7206	0	0	0	0	0	1.406318
712	7217	0	0	0	0	0	2.073707
713	7223	0	0	0	1	0	1.762811
714	7233	0	0	0	2	0	1.525454
715	7246	0	0	0	1	0	2.361726
716	7257	0	0	0	0	0	1.067195
717	7262	0	0	0	1	0	1.398053
718	7276	0	0	0	0	0	1.971285
719	7285	0	0	0	0	0	1.255029
720	7297	0	0	0	0	0	1.815729
721	7308	0	0	0	1	0	2.794948
722	7316	0	0	0	0	0	2.227531
723	7322	0	0	0	1	0	2.975894
724	7329	0	0	0	0	0	1.916312
725	7346	0	0	0	1	0	1.119371
726	7357	0	0	0	1	0	1.044250
727	7367	0	0	0	1	0	1.219878
728	7372	0	0	0	1	0	1.656354
729	7384	0	0	0	0	0	2.613624
730	7393	0	0	0	2	0	1.066030
731	7398	0	0	0	0	0	1.639323
732	7408	0	0	0	1	0	1.232811
733	7422	0	0	0	2	0	2.763019
734	7434	0	0	0	2	0	2.898539
735	7444	0	0	0	0	0	1.062582
736	7458	0	0	0	1	0	1.178550
737	7466	0	0	0	0	0	2.054206
738	7475	0	0	0	1	0	2.773096
739	7483	0	0	0	1	0	2.993542
740	7491	0	0	0	2	0	2.850876
741	7501	0	0	0	0	0	2.515907
742	7515	0	0	0	1	0	2.394950
743	7523	0	0	0	0	0	1.561714
744	7527	0	0	0	0	0	2.779009
745	7539	0	0	0	2	0	2.572290
746	7549	0	0	0	1	0	2.303283
747	7562	0	0	0	0	0	2.039181
748	7575	0	0	0	1	0	2.178040
749	7593	0	0	0	2	0	1.691143
750	7602	0	0	0	1	0	2.833520
751	7613	0	0	0	2	0	2.420900
752	7621	0	0	0	2	0	2.248231
753	7626	0	0	0	0	0	1.543043
754	7635	0	0	0	0	0	2.281231
755	7650	0	0	0	0	0	1.379106
756	7658	0	0	0	0	0	2.956040
757	7667	0	0	0	0	0	1.056284
758	7674	0	0	0	0	0	1.899714
759	7685	0	0	0	0	0	2.142685
760	7697	0	0	0	2	0	1.398821
761	7711	0	0	0	0	0	1.734153
762	7726	0	0	0	0	0	1.788001
763	7735	0	0	0	2	0	1.793178
764	7746	0	0	0	1	0	1.512703
765	7756	0	0	0	2	0	2.845115
766	7765	0	0	0	2	0	1.852995
767	7778	0	0	0	0	0	2.714894
768	7791	0	0	0	2	0	2.485017
769	7799	0	0	0	0	0	2.936462
770	7808	0	0	0	1	0	2.062770
771	7815	0	0	0	0	0	1.714816
772	7824	0	0	0	0	0	1.408508
773	7835	0	0	0	0	0	2.538796
774	7840	0	0	0	0	0	1.667393
775	7849	0	0	0	1	0	2.573309
776	7858	0	0	0	1	0	2.828835
777	7870	0	0	0	1	0	1.737251
778	7878	0	0	0	2	0	2.337741
779	7888	0	0	0	0	0	1.808344
780	7898	0	0	0	2	0	2.840202
781	7911	0	0	0	1	0	1.266836
782	7923	0	0	0	2	0	2.509147
783	7932	0	0	0	1	0	1.815364
784	7941	0	0	0	0	0	1.728531
785	7950	0	0	0	0	0	1.529880
786	7957	0	0	0	1	0	1.598515
787	7968	0	0	0	1	0	1.890477
788	7979	0	0	0	2	0	2.462051
789	7986	0	0	0	1	0	2.212950
790	7999	0	0	0	0	0	2.285858
791	8010	0	0	0	1	0	1.079597
792	8025	0	0	0	1	0	1.328319
793	8034	0	0	0	0	0	1.820027
794	8045	0	0	0	2	0	1.347897
795	8052	0	0	0	2	0	2.424634
796	8066	0	0	0	0	0	2.895350
797	8081	0	0	0	1	0	1.613043
798	8093	0	0	0	1	0	2.292604
799	8100	0	0	0	1	0	2.419052
800	8113	0	0	0	0	0	1.928848
801	8123	0	0	0	0	0	1.884763
802	8131	0	0	0	1	0	1.001612
803	8142	0	0	0	1	0	1.687904
804	8153	0	0	0	0	0	1.482435
805	8159	0	0	0	0	0	1.052598
806	8167	0	0	0	1	0	1.971704
807	8176	0	0	0	0	0	2.068585
808	8187	0	0	0	1	0	2.080495
809	8197	0	0	0	1	0	1.345174
810	8207	0	0	0	0	0	2.670965
811	8215	0	0	0	2	0	1.898072
812	8225	0	0	0	1	0	1.293331
813	8235	0	0	0	1	0	2.365887
814	8245	0	0	0	1	0	1.931105
815	8252	0	0	0	2	0	2.717517
816	8260	0	0	0	2	0	1.255001
817	8272	0	0	0	2	0	2.142074
818	8278	0	0	0	0	0	2.269212
819	8286	0	0	0	1	0	1.098466
820	8290	0	0	0	0	0	1.842786
821	8296	0	0	0	0	0	1.788030
822	8304	0	0	0	1	0	1.013794
823	8308	0	0	0	0	0	1.848398
824	8320	0	0	0	1	0	1.111869
825	8332	0	0	0	0	0	1.152104
826	8340	0	0	0	2	0	1.393736
827	8346	0	0	0	2	0	1.732116
828	8356	0	0	0	1	0	2.780287
829	8363	0	0	0	1	0	1.830853
830	8369	0	0	0	2	0	2.302865
831	8378	0	0	0	0	0	1.125171
832	8389	0	0	0	0	0	1.182535
833	8395	0	0	0	0	0	2.476567
834	8410	0	0	0	2	0	1.695173
835	8425	0	0	0	1	0	1.320786
836	8434	0	0	0	2	0	1.406005
837	8441	0	0	0	0	0	2.922534
838	8447	0	0	0	0	0	2.938958
839	8456	0	0	0	1	0	2.535771
840	8471	0	0	0	0	0	2.058147
841	8479	0	0	0	2	0	1.177052
842	8497	0	0	0	0	0	2.790558
843	8510	0	0	0	1	0	1.191996
844	8518	0	0	0	2	0	1.747252
845	8533	0	0	0	1	0	1.387432
846	8541	0	0	0	1	0	1.830051
847	8552	0	0	0	2	0	1.330112
848	8564	0	0	0	1	0	1.029688
849	8572	0	0	0	2	0	2.197991
850	8578	0	0	0	0	0	2.933488
851	8597	0	0	0	2	0	2.078964
852	8606	0	0	0	2	0	2.422450
853	8613	0	0	0	1	0	1.977740
854	8626	0	0	0	2	0	1.593233
855	8633	0	0	0	1	0	1.380796
856	8641	0	0	0	1	0	1.492534
857	8655	0	0	0	2	0	2.322183
858	8663	0	0	0	1	0	2.601860
859	8670	0	0	0	2	0	2.111850
860	8685	0	0	0	1	0	1.683008
861	8692	0	0	0	1	0	2.618197
862	8707	0	0	0	0	0	1.042590
863	8725	0	0	0	2	0	1.138720
864	8734	0	0	0	1	0	2.383155
865	8748	0	0	0	1	0	1.471068
866	8756	0	0	0	2	0	2.723246
867	8771	0	0	0	0	0	2.545692
868	8777	0	0	0	2	0	2.860942
869	8782	0	0	0	0	0	1.607952
870	8790	0	0	0	2	0	2.322494
871	8802	0	0	0	0	0	2.062715
872	8811	0	0	0	0	0	1.005668
873	8820	0	0	0	1	0	2.941910
874	8837	0	0	0	0	0	2.063439
875	8847	0	0	0	0	0	1.117505
876	8856	0	0	0	1	0	2.491542
877	8864	0	0	0	2	0	1.015599
878	8873	0	0	0	2	0	1.019788
879	8881	0	0	0	0	0	2.533798
880	8893	0	0	0	0	0	2.755619
881	8899	0	0	0	0	0	1.618739
882	8907	0	0	0	1	0	2.202123
883	8914	0	0	0	0	0	1.928221
884	8924	0	0	0	1	0	1.774772
885	8942	0	0	0	1	0	2.335011
886	8953	0	0	0	0	0	1.989732
887	8959	0	0	0	2	0	1.231469
888	8973	0	0	0	0	0	1.382408
889	8986	0	0	0	1	0	2.044406
890	8997	0	0	0	1	0	2.329315
891	9004	0	0	0	0	0	2.920142
892	9013	0	0	0	0	0	1.435084
893	9023	0	0	0	0	0	1.916732
894	9037	0	0	0	0	0	2.503804
895	9048	0	0	0	1	0	2.579455
896	9054	0	0	0	1	0	2.614755
897	9063	0	0	0	1	0	2.332947
898	9076	0	0	0	2	0	1.279725
899	9084	0	0	0	1	0	1.316030
900	9092	0	0	0	2	0	1.049814
901	9098	0	0	0	1	0	1.803570
902	9114	0	0	0	0	0	2.640015
903	9125	0	0	0	1	0	1.564816
904	9137	0	0	0	1	0	2.519882
905	9147	0	0	0	0	0	2.568653
906	9162	0	0	0	0	0	1.828635
907	9174	0	0	0	1	0	1.791369
908	9180	0	0	0	1	0	2.472453
909	9188	0	0	0	0	0	1.891678
910	9199	0	0	0	2	0	1.582840
911	9216	0	0	0	1	0	1.301560
912	9228	0	0	0	1	0	1.666576
913	9235	0	0	0	0	0	1.880012
914	9242	0	0	0	2	0	2.870088
915	9248	0	0	0	2	0	1.411576
916	9258	0	0	0	0	0	2.839488
917	9267	0	0	0	1	0	2.143554
918	9281	0	0	0	1	0	1.555244
919	9287	0	0	0	0	0	1.456965
920	9302	0	0	0	0	0	2.893124
921	9314	0	0	0	0	0	1.193036
922	9324	0	0	0	0	0	2.276841
923	9336	0	0	0	2	0	2.579625
924	9347	0	0	0	2	0	1.018120
925	9358	0	0	0	1	0	1.096128
926	9369	0	0	0	2	0	2.393106
927	9381	0	0	0	0	0	2.523808
928	9389	0	0	0	0	0	2.821180
929	9397	0	0	0	2	0	1.564950
930	9403	0	0	0	1	0	1.071145
931	9414	0	0	0	2	0	1.389581
932	9424	0	0	0	0	0	1.323826
933	9435	0	0	0	2	0	2.513897
934	9451	0	0	0	2	0	1.524608
935	9461	0	0	0	2	0	1.875843
936	9478	0	0	0	0	0	1.136253
937	9488	0	0	0	0	0	2.134474
938	9493	0	0	0	2	0	1.661875
939	9503	0	0	0	0	0	1.190909
940	9510	0	0	0	0	0	1.613254
941	9516	0	0	0	1	0	1.511751
942	9526	0	0	0	0	0	1.187960
943	9535	0	0	0	1	0	1.308456
944	9541	0	0	0	2	0	2.753251
945	9551	0	0	0	1	0	1.392434
946	9557	0	0	0	0	0	1.637581
947	9563	0	0	0	1	0	1.328179
948	9571	0	0	0	1	0	1.607783
949	9582	0	0	0	0	0	1.031635
950	9593	0	0	0	0	0	2.056702
951	9601	0	0	0	2	0	2.576106
952	9609	0	0	0	0	0	2.782885
953	9621	0	0	0	1	0	1.953879
954	9635	0	0	0	2	0	1.668713
955	9644	0	0	0	0	0	1.945507
956	9656	0	0	0	1	0	2.880390
957	9667	0	0	0	1	0	1.866467
958	9676	0	0	0	0	0	2.427546
959	9687	0	0	0	0	0	2.384808
960	9696	0	0	0	0	0	2.303202
961	9703	0	0	0	1	0	2.253873
962	9712	0	0	0	1	0	2.626403
963	9724	0	0	0	0	0	1.744617
964	9732	0	0	0	1	0	1.122411
965	9740	0	0	0	0	0	1.284395
966	9746	0	0	0	2	0	1.106411
967	9752	0	0	0	1	0	2.724712
968	9755	0	0	0	1	0	1.273771
969	9758	0	0	0	0	0	1.415465
970	9767	0	0	0	0	0	1.340703
971	9774	0	0	0	1	0	1.662738
972	9784	0	0	0	0	0	2.893323
973	9792	0	0	0	2	0	1.220417
974	9806	0	0	0	2	0	2.952475
975	9812	0	0	0	2	0	1.842750
976	9825	0	0	0	2	0	2.283675
977	9833	0	0	0	2	0	2.912831
978	9837	0	0	0	0	0	2.058398
979	9843	0	0	0	0	0	2.328158
980	9857	0	0	0	0	0	1.753746
981	9869	0	0	0	0	0	1.391863
982	9878	0	0	0	1	0	2.818617
983	9888	0	0	0	0	0	1.816891
984	9904	0	0	0	0	0	1.340566
985	9918	0	0	0	1	0	2.058352
986	9929	0	0	0	2	0	2.915758
987	9939	0	0	0	0	0	1.793172
988	9950	0	0	0	0	0	1.557062
989	9966	0	0	0	0	0	1.634974
990	9976	0	0	0	2	0	1.411716
991	9990	0	0	0	1	0	2.190489
992	9999	0	0	0	1	0	1.225167
993	10011	0	0	0	0	0	2.142153
994	10021	0	0	0	1	0	1.686064
995	10028	0	0	0	0	0	1.979310
996	10037	0	0	0	1	0	1.306288
997	10047	0	0	0	2	0	1.773408
998	10058	0	0	0	2	0	1.105382
999	10071	0	0	0	1	0	1.575982
