0	1	0	0	0	1	0	1.230238
1	9	0	0	0	0	0	1.259851
2	15	0	0	0	0	0	2.284016
3	27	0	0	0	1	0	1.828363
4	40	0	0	0	1	0	1.730075
5	50	0	0	0	0	0	1.260451
6	58	0	0	0	2	0	2.638480
7	68	0	0	0	1	0	2.789238
8	82	0	0	0	0	0	2.893408
9	91	0	0	0	1	0	2.363236
10	98	0	0	0	0	0	1.243591
11	103	0	0	0	0	0	2.620380
12	111	0	0	0	0	0	1.653417
13	124	0	0	0	0	0	1.824067
14	136	0	0	0	0	0	1.999448
15	146	0	0	0	2	0	1.278389
16	157	0	0	0	1	0	1.068316
17	164	0	0	0	2	0	1.824305
18	174	0	0	0	1	0	2.195494
19	180	0	0	0	0	0	2.259402
20	192	0	0	0	1	0	1.894509
21	204	0	0	0	0	0	1.176705
22	211	0	0	0	0	0	1.081231
23	220	0	0	0	1	0	1.967826
24	229	0	0	0	1	0	1.426436
25	238	0	0	0	0	0	1.845753
26	245	0	0	0	2	0	1.819432
27	247	0	0	0	1	0	2.996679
28	260	0	0	0	0	0	2.567939
29	276	0	0	0	1	0	1.692612
30	279	0	0	0	1	0	2.436147
31	292	0	0	0	0	0	1.028782
32	303	0	0	0	2	0	1.730367
33	311	0	0	0	1	0	1.824918
34	319	0	0	0	0	0	2.140799
35	328	0	0	0	1	0	1.408085
36	334	0	0	0	0	0	1.887227
37	347	0	0	0	0	0	1.216706
38	364	0	0	0	0	0	1.185758
39	370	0	0	0	0	0	1.687793
40	381	0	0	0	0	0	2.086047
41	394	0	0	0	1	0	2.624110
42	406	0	0	0	0	0	2.922363
43	417	0	0	0	0	0	1.634222
44	428	0	0	0	2	0	1.583755
45	437	0	0	0	2	0	1.770409
46	446	0	0	0	1	0	2.472574
47	459	0	0	0	0	0	1.758566
48	468	0	0	0	0	0	2.452688
49	475	0	0	0	0	0	1.750437
50	482	0	0	0	0	0	2.911212
51	494	0	0	0	0	0	2.829523
52	506	0	0	0	0	0	1.682077
53	517	0	0	0	0	0	1.550102
54	526	0	0	0	2	0	1.401425
55	535	0	0	0	0	0	1.662483
56	544	0	0	0	1	0	1.179028
57	558	0	0	0	1	0	2.770493
58	570	0	0	0	0	0	2.433558
59	576	0	0	0	0	0	1.736159
60	584	0	0	0	1	0	1.370911
61	597	0	0	0	1	0	2.773958
62	607	0	0	0	0	0	1.974084
63	615	0	0	0	2	0	1.701653
64	623	0	0	0	0	0	2.781586
65	629	0	0	0	1	0	2.354681
66	637	0	0	0	0	0	2.829024
67	647	0	0	0	0	0	1.091841
68	659	0	0	0	0	0	1.359839
69	676	0	0	0	2	0	1.818776
70	685	0	0	0	2	0	1.156445
71	694	0	0	0	0	0	2.458893
72	703	0	0	0	1	0	1.350229
73	716	0	0	0	1	0	1.752816
74	725	0	0	0	1	0	2.300876
75	743	0	0	0	0	0	1.578163
76	751	0	0	0	2	0	2.355086
77	764	0	0	0	0	0	2.104220
78	773	0	0	0	2	0	1.584130
79	783	0	0	0	0	0	2.247504
80	795	0	0	0	1	0	2.844779
81	806	0	0	0	0	0	1.287167
82	819	0	0	0	1	0	1.404191
83	831	0	0	0	1	0	1.877928
84	839	0	0	0	0	0	1.258479
85	846	0	0	0	1	0	1.947271
86	856	0	0	0	0	0	2.606785
87	864	0	0	0	1	0	1.416049
88	872	0	0	0	2	0	2.145558
89	879	0	0	0	1	0	2.228869
90	883	0	0	0	0	0	2.402141
91	893	0	0	0	1	0	1.036285
92	903	0	0	0	1	0	1.905259
93	914	0	0	0	1	0	1.983146
94	924	0	0	0	2	0	1.971600
95	939	0	0	0	0	0	1.652208
96	948	0	0	0	0	0	2.379650
97	961	0	0	0	0	0	1.982951
98	975	0	0	0	0	0	2.553952
99	987	0	0	0	1	0	2.452493
100	998	0	0	0	0	0	2.497349
101	1008	0	0	0	1	0	2.844965
102	1017	0	0	0	2	0	2.954235
103	1026	0	0	0	0	0	1.175388
104	1039	0	0	0	0	0	2.261239
105	1049	0	0	0	1	0	1.512665
106	1061	0	0	0	1	0	1.507828
107	1071	0	0	0	1	0	1.601817
108	1084	0	0	0	1	0	2.898849
109	1095	0	0	0	0	0	1.983056
110	1103	0	0	0	2	0	2.101942
111	1109	0	0	0	0	0	1.100284
112	1119	0	0	0	0	0	1.265251
113	1130	0	0	0	1	0	1.001034
114	1138	0	0	0	2	0	1.185559
115	1146	0	0	0	0	0	2.077307
116	1158	0	0	0	0	0	2.623549
117	1172	0	0	0	1	0	2.431069
118	1185	0	0	0	0	0	1.915917
119	1198	0	0	0	1	0	2.223650
120	1208	0	0	0	2	0	2.583138
121	1212	0	0	0	0	0	2.396523
122	1225	0	0	0	0	0	1.700087
123	1237	0	0	0	1	0	1.399091
124	1245	0	0	0	0	0	2.476680
125	1250	0	0	0	1	0	1.904454
126	1260	0	0	0	1	0	2.334622
127	1274	0	0	0	1	0	1.146832
128	1287	0	0	0	1	0	1.324038
129	1296	0	0	0	1	0	2.420190
130	1301	0	0	0	2	0	1.887783
131	1310	0	0	0	0	0	1.224164
132	1319	0	0	0	2	0	2.274299
133	1332	0	0	0	2	0	2.992424
134	1343	0	0	0	2	0	1.553926
135	1357	0	0	0	0	0	1.220043
136	1366	0	0	0	1	0	2.503442
137	1383	0	0	0	2	0	1.911949
138	1392	0	0	0	1	0	2.047382
139	1404	0	0	0	1	0	2.808590
140	1414	0	0	0	1	0	1.178629
141	1426	0	0	0	0	0	2.259441
142	1436	0	0	0	2	0	2.151310
143	1443	0	0	0	1	0	1.119488
144	1452	0	0	0	1	0	1.165008
145	1462	0	0	0	1	0	2.473429
146	1475	0	0	0	1	0	2.122058
147	1488	0	0	0	1	0	1.734445
148	1500	0	0	0	2	0	2.741658
149	1509	0	0	0	1	0	2.059614
150	1518	0	0	0	2	0	2.911964
151	1537	0	0	0	0	0	2.881845
152	1553	0	0	0	2	0	1.365780
153	1555	0	0	0	1	0	1.063857
154	1564	0	0	0	1	0	2.375166
155	1573	0	0	0	2	0	2.776387
156	1585	0	0	0	0	0	1.171974
157	1598	0	0	0	1	0	2.896548
158	1605	0	0	0	0	0	2.096943
159	1618	0	0	0	2	0	1.097196
160	1626	0	0	0	1	0	1.317497
161	1636	0	0	0	2	0	1.645629
162	1645	0	0	0	2	0	2.305757
163	1656	0	0	0	2	0	2.572179
164	1667	0	0	0	0	0	2.437320
165	1684	0	0	0	2	0	2.455106
166	1693	0	0	0	1	0	2.845579
167	1705	0	0	0	1	0	1.112181
168	1717	0	0	0	0	0	2.166861
169	1724	0	0	0	1	0	1.057001
170	1733	0	0	0	2	0	1.591191
171	1737	0	0	0	0	0	1.948060
172	1745	0	0	0	1	0	1.387049
173	1755	0	0	0	2	0	1.059468
174	1766	0	0	0	0	0	1.084806
175	1772	0	0	0	0	0	1.628071
176	1787	0	0	0	0	0	2.162691
177	1797	0	0	0	0	0	1.810725
178	1807	0	0	0	1	0	1.306617
179	1815	0	0	0	0	0	2.392026
180	1828	0	0	0	1	0	2.126566
181	1839	0	0	0	0	0	2.422200
182	1855	0	0	0	2	0	1.160774
183	1861	0	0	0	1	0	2.708068
184	1872	0	0	0	0	0	1.127940
185	1882	0	0	0	0	0	1.795553
186	1892	0	0	0	1	0	2.487297
187	1902	0	0	0	1	0	1.375143
188	1915	0	0	0	2	0	2.355640
189	1925	0	0	0	1	0	2.525732
190	1941	0	0	0	1	0	1.982614
191	1948	0	0	0	0	0	1.043784
192	1960	0	0	0	2	0	2.354871
193	1976	0	0	0	0	0	1.221631
194	1985	0	0	0	0	0	1.216245
195	1993	0	0	0	1	0	1.776033
196	2001	0	0	0	0	0	2.356101
197	2014	0	0	0	2	0	2.802027
198	2028	0	0	0	0	0	1.225992
199	2036	0	0	0	2	0	2.794858
200	2052	0	0	0	0	0	1.565624
201	2062	0	0	0	1	0	2.129482
202	2074	0	0	0	1	0	1.434492
203	2082	0	0	0	0	0	1.867703
204	2094	0	0	0	2	0	1.488583
205	2110	0	0	0	2	0	2.381938
206	2115	0	0	0	2	0	1.175840
207	2126	0	0	0	2	0	1.032979
208	2137	0	0	0	0	0	2.764081
209	2146	0	0	0	2	0	2.675761
210	2160	0	0	0	0	0	2.160047
211	2176	0	0	0	2	0	2.343504
212	2184	0	0	0	1	0	2.648330
213	2196	0	0	0	0	0	1.235302
214	2206	0	0	0	1	0	1.812487
215	2218	0	0	0	1	0	2.507825
216	2231	0	0	0	2	0	2.116870
217	2245	0	0	0	2	0	2.126917
218	2255	0	0	0	1	0	2.913110
219	2262	0	0	0	0	0	1.831088
220	2270	0	0	0	2	0	2.406584
221	2277	0	0	0	1	0	1.622212
222	2290	0	0	0	2	0	1.521756
223	2300	0	0	0	2	0	1.460086
224	2311	0	0	0	0	0	1.658835
225	2326	0	0	0	0	0	2.334246
226	2337	0	0	0	0	0	2.262354
227	2345	0	0	0	2	0	2.799260
228	2355	0	0	0	1	0	1.746990
229	2364	0	0	0	1	0	1.331537
230	2370	0	0	0	1	0	1.347758
231	2381	0	0	0	2	0	2.361278
232	2393	0	0	0	1	0	1.501579
233	2400	0	0	0	0	0	1.203154
234	2406	0	0	0	1	0	2.333704
235	2421	0	0	0	0	0	1.381814
236	2429	0	0	0	1	0	1.729421
237	2440	0	0	0	0	0	1.552365
238	2452	0	0	0	2	0	2.883624
239	2467	0	0	0	1	0	1.487280
240	2476	0	0	0	1	0	1.039094
241	2485	0	0	0	0	0	2.699113
242	2489	0	0	0	2	0	1.810841
243	2500	0	0	0	0	0	2.022607
244	2513	0	0	0	1	0	1.569716
245	2526	0	0	0	2	0	1.264652
246	2534	0	0	0	2	0	2.615243
247	2545	0	0	0	0	0	2.738358
248	2560	0	0	0	0	0	2.760913
249	2574	0	0	0	1	0	2.596020
250	2582	0	0	0	1	0	1.074766
251	2592	0	0	0	0	0	1.603736
252	2605	0	0	0	1	0	2.805141
253	2621	0	0	0	1	0	1.200739
254	2631	0	0	0	0	0	1.250615
255	2644	0	0	0	2	0	1.613604
256	2659	0	0	0	0	0	1.623952
257	2667	0	0	0	0	0	2.544014
258	2675	0	0	0	1	0	2.173049
259	2689	0	0	0	1	0	1.258047
260	2697	0	0	0	2	0	2.130544
261	2707	0	0	0	0	0	1.138298
262	2716	0	0	0	1	0	1.642589
263	2725	0	0	0	2	0	2.144994
264	2735	0	0	0	1	0	2.848669
265	2741	0	0	0	0	0	1.087316
266	2750	0	0	0	0	0	1.242752
267	2758	0	0	0	0	0	2.044396
268	2766	0	0	0	1	0	2.044613
269	2777	0	0	0	2	0	1.127027
270	2787	0	0	0	2	0	1.778919
271	2794	0	0	0	1	0	2.039381
272	2802	0	0	0	0	0	1.607528
273	2810	0	0	0	0	0	1.294200
274	2817	0	0	0	0	0	2.122004
275	2825	0	0	0	2	0	2.660656
276	2839	0	0	0	1	0	1.174808
277	2844	0	0	0	1	0	1.279704
278	2857	0	0	0	0	0	2.713700
279	2872	0	0	0	1	0	1.237711
280	2881	0	0	0	1	0	2.447756
281	2890	0	0	0	0	0	2.418603
282	2900	0	0	0	2	0	1.753985
283	2913	0	0	0	1	0	2.259046
284	2915	0	0	0	2	0	2.134524
285	2921	0	0	0	0	0	1.631032
286	2933	0	0	0	1	0	1.362176
287	2944	0	0	0	0	0	1.951907
288	2951	0	0	0	0	0	2.944238
289	2962	0	0	0	2	0	1.512220
290	2971	0	0	0	0	0	1.913897
291	2985	0	0	0	1	0	1.279815
292	2985	0	0	0	0	0	1.748272
293	2994	0	0	0	1	0	1.961856
294	3002	0	0	0	0	0	1.065562
295	3009	0	0	0	1	0	2.908058
296	3023	0	0	0	1	0	1.576661
297	3040	0	0	0	0	0	1.314123
298	3048	0	0	0	1	0	1.164839
299	3057	0	0	0	1	0	2.173423
300	3070	0	0	0	1	0	2.466902
301	3074	0	0	0	2	0	2.824195
302	3079	0	0	0	2	0	2.284682
303	3088	0	0	0	1	0	1.455892
304	3097	0	0	0	0	0	2.632026
305	3112	0	0	0	0	0	2.935086
306	3121	0	0	0	0	0	2.025730
307	3128	0	0	0	2	0	2.078766
308	3135	0	0	0	2	0	1.373897
309	3145	0	0	0	1	0	1.624824
310	3156	0	0	0	1	0	1.069256
311	3166	0	0	0	0	0	1.154951
312	3171	0	0	0	1	0	1.300511
313	3177	0	0	0	2	0	2.259921
314	3188	0	0	0	1	0	1.292227
315	3194	0	0	0	1	0	1.531954
316	3201	0	0	0	0	0	1.610133
317	3215	0	0	0	0	0	1.888940
318	3228	0	0	0	0	0	1.320282
319	3239	0	0	0	1	0	1.848399
320	3247	0	0	0	1	0	1.985509
321	3256	0	0	0	0	0	2.645509
322	3267	0	0	0	2	0	2.108215
323	3272	0	0	0	1	0	1.121898
324	3277	0	0	0	2	0	2.648414
325	3286	0	0	0	1	0	2.753324
326	3295	0	0	0	0	0	1.344687
327	3307	0	0	0	2	0	2.999162
328	3313	0	0	0	1	0	2.030873
329	3326	0	0	0	1	0	2.604659
330	3338	0	0	0	2	0	1.893942
331	3349	0	0	0	1	0	1.365626
332	3357	0	0	0	1	0	2.843906
333	3378	0	0	0	0	0	1.613462
334	3387	0	0	0	2	0	2.130189
335	3399	0	0	0	2	0	2.026111
336	3407	0	0	0	1	0	1.236315
337	3419	0	0	0	0	0	2.786531
338	3432	0	0	0	1	0	1.755526
339	3443	0	0	0	2	0	2.517197
340	3452	0	0	0	1	0	1.696366
341	3459	0	0	0	0	0	1.362291
342	3472	0	0	0	1	0	1.669922
343	3476	0	0	0	1	0	2.919770
344	3486	0	0	0	1	0	2.371755
345	3496	0	0	0	2	0	2.318105
346	3504	0	0	0	1	0	1.290774
347	3516	0	0	0	2	0	1.899894
348	3525	0	0	0	0	0	1.034406
349	3532	0	0	0	2	0	1.014592
350	3541	0	0	0	2	0	2.688850
351	3547	0	0	0	0	0	1.042689
352	3556	0	0	0	0	0	1.721619
353	3563	0	0	0	2	0	1.833854
354	3573	0	0	0	0	0	1.501293
355	3585	0	0	0	0	0	2.372350
356	3593	0	0	0	2	0	2.200349
357	3605	0	0	0	2	0	1.329977
358	3620	0	0	0	2	0	1.760395
359	3625	0	0	0	1	0	2.522476
360	3632	0	0	0	2	0	1.220879
361	3644	0	0	0	2	0	2.749546
362	3655	0	0	0	1	0	1.474104
363	3661	0	0	0	2	0	1.238458
364	3670	0	0	0	1	0	2.656070
365	3681	0	0	0	0	0	2.857129
366	3693	0	0	0	0	0	2.867746
367	3698	0	0	0	2	0	2.924236
368	3708	0	0	0	1	0	2.813131
369	3716	0	0	0	1	0	1.289955
370	3728	0	0	0	2	0	1.871906
371	3737	0	0	0	0	0	1.255350
372	3745	0	0	0	2	0	1.802578
373	3753	0	0	0	0	0	2.183513
374	3765	0	0	0	0	0	2.317925
375	3774	0	0	0	0	0	1.577569
376	3781	0	0	0	1	0	1.280551
377	3793	0	0	0	0	0	1.717644
378	3805	0	0	0	1	0	1.788742
379	3816	0	0	0	1	0	1.528253
380	3829	0	0	0	0	0	2.950767
381	3838	0	0	0	0	0	1.745134
382	3849	0	0	0	1	0	1.954042
383	3860	0	0	0	0	0	2.299111
384	3871	0	0	0	1	0	1.614195
385	3880	0	0	0	0	0	2.400586
386	3890	0	0	0	0	0	2.030635
387	3902	0	0	0	1	0	1.704692
388	3906	0	0	0	1	0	1.752733
389	3916	0	0	0	0	0	2.935154
390	3924	0	0	0	1	0	2.774431
391	3934	0	0	0	0	0	1.491443
392	3947	0	0	0	2	0	2.835738
393	3958	0	0	0	1	0	1.281418
394	3965	0	0	0	2	0	1.066941
395	3968	0	0	0	0	0	1.848377
396	3978	0	0	0	1	0	1.482855
397	3990	0	0	0	0	0	1.838121
398	3996	0	0	0	2	0	2.838411
399	4008	0	0	0	2	0	2.296856
400	4012	0	0	0	2	0	2.503411
401	4020	0	0	0	2	0	2.329981
402	4027	0	0	0	0	0	2.031917
403	4034	0	0	0	0	0	2.411795
404	4044	0	0	0	0	0	2.653131
405	4055	0	0	0	0	0	2.073848
406	4064	0	0	0	1	0	1.251517
407	4069	0	0	0	2	0	2.466689
408	4077	0	0	0	0	0	2.437006
409	4089	0	0	0	1	0	1.951212
410	4098	0	0	0	1	0	1.537558
411	4117	0	0	0	1	0	1.146813
412	4127	0	0	0	2	0	1.524109
413	4130	0	0	0	2	0	1.623488
414	4141	0	0	0	0	0	2.744063
415	4151	0	0	0	0	0	1.500028
416	4156	0	0	0	1	0	1.291969
417	4162	0	0	0	0	0	1.150522
418	4176	0	0	0	1	0	1.780378
419	4190	0	0	0	0	0	1.934270
420	4202	0	0	0	1	0	1.547354
421	4217	0	0	0	0	0	2.394059
422	4224	0	0	0	2	0	2.965830
423	4232	0	0	0	1	0	1.098404
424	4245	0	0	0	2	0	1.073199
425	4256	0	0	0	2	0	2.957155
426	4262	0	0	0	0	0	1.598650
427	4271	0	0	0	1	0	1.480538
428	4279	0	0	0	0	0	1.440942
429	4285	0	0	0	0	0	1.318271
430	4292	0	0	0	2	0	2.409382
431	4301	0	0	0	1	0	2.217686
432	4306	0	0	0	1	0	2.073164
433	4314	0	0	0	1	0	1.007731
434	4325	0	0	0	1	0	2.433185
435	4333	0	0	0	1	0	2.002654
436	4341	0	0	0	0	0	2.789988
437	4351	0	0	0	0	0	1.046704
438	4358	0	0	0	2	0	2.239490
439	4366	0	0	0	1	0	1.805353
440	4375	0	0	0	0	0	2.695503
441	4383	0	0	0	0	0	1.447500
442	4396	0	0	0	0	0	2.208155
443	4403	0	0	0	1	0	1.501579
444	4412	0	0	0	1	0	1.951258
445	4416	0	0	0	0	0	1.301256
446	4430	0	0	0	2	0	2.051602
447	4439	0	0	0	1	0	2.494263
448	4449	0	0	0	0	0	2.779762
449	4458	0	0	0	2	0	1.688476
450	4472	0	0	0	0	0	2.154675
451	4487	0	0	0	0	0	2.725713
452	4495	0	0	0	0	0	2.795650
453	4508	0	0	0	2	0	2.330315
454	4519	0	0	0	0	0	1.428114
455	4529	0	0	0	2	0	2.162244
456	4536	0	0	0	0	0	2.489861
457	4545	0	0	0	0	0	1.009614
458	4556	0	0	0	2	0	2.202042
459	4564	0	0	0	0	0	2.508085
460	4569	0	0	0	0	0	2.246015
461	4582	0	0	0	2	0	2.825214
462	4590	0	0	0	1	0	1.463369
463	4602	0	0	0	1	0	1.233643
464	4614	0	0	0	0	0	2.143766
465	4621	0	0	0	0	0	1.626925
466	4634	0	0	0	1	0	2.685772
467	4649	0	0	0	0	0	1.110298
468	4658	0	0	0	1	0	2.947204
469	4672	0	0	0	1	0	1.435982
470	4686	0	0	0	0	0	1.381985
471	4693	0	0	0	2	0	2.480716
472	4700	0	0	0	2	0	1.179673
473	4712	0	0	0	0	0	2.687013
474	4720	0	0	0	1	0	1.504314
475	4736	0	0	0	0	0	2.582834
476	4747	0	0	0	1	0	2.223830
477	4754	0	0	0	2	0	1.478903
478	4761	0	0	0	1	0	1.842316
479	4776	0	0	0	1	0	1.093832
480	4790	0	0	0	1	0	1.921924
481	4793	0	0	0	2	0	1.481269
482	4799	0	0	0	0	0	1.497578
483	4811	0	0	0	0	0	1.766502
484	4817	0	0	0	1	0	1.618355
485	4824	0	0	0	2	0	1.481252
486	4839	0	0	0	0	0	2.517437
487	4851	0	0	0	0	0	2.216770
488	4857	0	0	0	2	0	2.588867
489	4870	0	0	0	0	0	2.835769
490	4885	0	0	0	1	0	2.465561
491	4894	0	0	0	0	0	2.724258
492	4903	0	0	0	0	0	1.437073
493	4917	0	0	0	1	0	1.067377
494	4928	0	0	0	0	0	1.848811
495	4936	0	0	0	1	0	2.925142
496	4945	0	0	0	0	0	2.923295
497	4957	0	0	0	2	0	1.529042
498	4965	0	0	0	2	0	2.852681
499	4974	0	0	0	0	0	2.841415
500	4987	0	0	0	0	0	1.931227
501	4999	0	0	0	0	0	2.504103
502	5009	0	0	0	0	0	2.040758
503	5021	0	0	0	2	0	2.720865
504	5027	0	0	0	1	0	2.231436
505	5042	0	0	0	0	0	1.076786
506	5054	0	0	0	2	0	2.839749
507	5062	0	0	0	2	0	2.744156
508	5071	0	0	0	2	0	1.268909
509	5082	0	0	0	1	0	1.256325
510	5090	0	0	0	1	0	2.800235
511	5101	0	0	0	1	0	2.822565
512	5113	0	0	0	0	0	1.804581
513	5122	0	0	0	2	0	2.243864
514	5136	0	0	0	0	0	2.906913
515	5148	0	0	0	2	0	2.412085
516	5158	0	0	0	2	0	1.240632
517	5163	0	0	0	1	0	2.909989
518	5171	0	0	0	1	0	2.636929
519	5178	0	0	0	0	0	2.010317
520	5191	0	0	0	0	0	2.865924
521	5199	0	0	0	2	0	2.669311
522	5211	0	0	0	1	0	1.144734
523	5223	0	0	0	2	0	2.729268
524	5233	0	0	0	2	0	1.490290
525	5242	0	0	0	1	0	2.276609
526	5253	0	0	0	0	0	1.013369
527	5261	0	0	0	0	0	1.623864
528	5274	0	0	0	2	0	2.637138
529	5288	0	0	0	1	0	1.905870
530	5297	0	0	0	2	0	1.271476
531	5309	0	0	0	2	0	1.665184
532	5316	0	0	0	0	0	2.591096
533	5324	0	0	0	0	0	1.089970
534	5334	0	0	0	0	0	2.882673
535	5346	0	0	0	1	0	1.200638
536	5354	0	0	0	0	0	2.120653
537	5367	0	0	0	0	0	1.482467
538	5375	0	0	0	1	0	1.030236
539	5383	0	0	0	0	0	1.032869
540	5395	0	0	0	1	0	1.746691
541	5404	0	0	0	1	0	2.971937
542	5415	0	0	0	0	0	2.531171
543	5421	0	0	0	1	0	1.228976
544	5430	0	0	0	0	0	2.309214
545	5442	0	0	0	1	0	1.678799
546	5449	0	0	0	1	0	2.749816
547	5459	0	0	0	1	0	1.762897
548	5473	0	0	0	0	0	2.628030
549	5481	0	0	0	2	0	2.982144
550	5493	0	0	0	1	0	1.835557
551	5507	0	0	0	2	0	1.054193
552	5519	0	0	0	1	0	2.307362
553	5531	0	0	0	0	0	1.739799
554	5545	0	0	0	2	0	1.080773
555	5559	0	0	0	0	0	2.820572
556	5571	0	0	0	2	0	2.235806
557	5581	0	0	0	2	0	1.339842
558	5592	0	0	0	1	0	2.756547
559	5601	0	0	0	0	0	2.123056
560	5610	0	0	0	2	0	2.345241
561	5628	0	0	0	1	0	1.694577
562	5635	0	0	0	0	0	2.836248
563	5648	0	0	0	0	0	1.361350
564	5654	0	0	0	1	0	1.359854
565	5662	0	0	0	1	0	2.714431
566	5672	0	0	0	0	0	1.625720
567	5679	0	0	0	0	0	1.214375
568	5684	0	0	0	1	0	1.962861
569	5695	0	0	0	2	0	1.901416
570	5705	0	0	0	0	0	1.062909
571	5713	0	0	0	0	0	2.194031
572	5725	0	0	0	2	0	1.266719
573	5739	0	0	0	0	0	1.812144
574	5748	0	0	0	2	0	2.059282
575	5754	0	0	0	0	0	1.317347
576	5766	0	0	0	1	0	2.265138
577	5777	0	0	0	2	0	2.652472
578	5785	0	0	0	0	0	1.242245
579	5796	0	0	0	1	0	1.662487
580	5803	0	0	0	2	0	1.895342
581	5809	0	0	0	1	0	2.776367
582	5819	0	0	0	0	0	2.359756
583	5832	0	0	0	0	0	1.952872
584	5844	0	0	0	0	0	2.295512
585	5856	0	0	0	0	0	1.468451
586	5867	0	0	0	2	0	1.292260
587	5881	0	0	0	0	0	1.002745
588	5889	0	0	0	0	0	2.939748
589	5896	0	0	0	2	0	2.859816
590	5906	0	0	0	0	0	1.886005
591	5915	0	0	0	1	0	1.363555
592	5923	0	0	0	0	0	1.987043
593	5933	0	0	0	2	0	1.592718
594	5945	0	0	0	1	0	2.541928
595	5957	0	0	0	0	0	1.194529
596	5966	0	0	0	1	0	1.264950
597	5974	0	0	0	0	0	1.378912
598	5985	0	0	0	2	0	1.750790
599	5989	0	0	0	1	0	1.343444
600	5995	0	0	0	1	0	1.058292
601	5995	0	0	0	1	0	2.958240
602	6005	0	0	0	0	0	2.237321
603	6019	0	0	0	2	0	1.162253
604	6029	0	0	0	1	0	2.545179
605	6035	0	0	0	1	0	1.445382
606	6050	0	0	0	1	0	2.180207
607	6061	0	0	0	1	0	2.014793
608	6064	0	0	0	2	0	2.601611
609	6075	0	0	0	0	0	2.182908
610	6086	0	0	0	1	0	1.421169
611	6091	0	0	0	0	0	1.211738
612	6106	0	0	0	2	0	1.330981
613	6113	0	0	0	0	0	1.138655
614	6124	0	0	0	0	0	1.587632
615	6141	0	0	0	1	0	1.973423
616	6158	0	0	0	1	0	2.764480
617	6174	0	0	0	0	0	2.253064
618	6183	0	0	0	2	0	2.441920
619	6197	0	0	0	1	0	1.270795
620	6205	0	0	0	0	0	2.599507
621	6218	0	0	0	0	0	1.314060
622	6233	0	0	0	2	0	1.778009
623	6238	0	0	0	0	0	2.978396
624	6250	0	0	0	1	0	1.507941
625	6261	0	0	0	2	0	2.908569
626	6269	0	0	0	2	0	1.374812
627	6281	0	0	0	1	0	1.171617
628	6289	0	0	0	0	0	2.677897
629	6299	0	0	0	1	0	2.644443
630	6306	0	0	0	1	0	1.414698
631	6319	0	0	0	2	0	1.046953
632	6336	0	0	0	2	0	1.499450
633	6345	0	0	0	1	0	2.009509
634	6353	0	0	0	1	0	2.739382
635	6364	0	0	0	0	0	1.234249
636	6372	0	0	0	1	0	1.939492
637	6381	0	0	0	0	0	2.035318
638	6392	0	0	0	0	0	2.536519
639	6403	0	0	0	1	0	1.044706
640	6413	0	0	0	0	0	2.742788
641	6423	0	0	0	0	0	2.051933
642	6433	0	0	0	2	0	1.183879
643	6440	0	0	0	0	0	2.469607
644	6448	0	0	0	0	0	2.047771
645	6460	0	0	0	1	0	2.506004
646	6472	0	0	0	0	0	2.817728
647	6485	0	0	0	0	0	2.747423
648	6494	0	0	0	0	0	1.548154
649	6503	0	0	0	1	0	2.661840
650	6512	0	0	0	2	0	2.359276
651	6522	0	0	0	2	0	2.239972
652	6533	0	0	0	1	0	2.617985
653	6546	0	0	0	1	0	2.271326
654	6562	0	0	0	2	0	1.178390
655	6575	0	0	0	2	0	1.847119
656	6583	0	0	0	1	0	2.186081
657	6593	0	0	0	0	0	2.570088
658	6599	0	0	0	1	0	1.170758
659	6607	0	0	0	1	0	1.665987
660	6614	0	0	0	1	0	1.700219
661	6623	0	0	0	0	0	1.688150
662	6634	0	0	0	0	0	1.676735
663	6645	0	0	0	0	0	2.165422
664	6651	0	0	0	0	0	2.163721
665	6657	0	0	0	0	0	1.411014
666	6663	0	0	0	2	0	2.141549
667	6668	0	0	0	2	0	1.294820
668	6673	0	0	0	2	0	1.906144
669	6684	0	0	0	0	0	1.512041
670	6692	0	0	0	2	0	2.157216
671	6699	0	0	0	0	0	1.584458
672	6709	0	0	0	2	0	2.845700
673	6727	0	0	0	2	0	2.124822
674	6737	0	0	0	1	0	2.891429
675	6743	0	0	0	2	0	2.193294
676	6750	0	0	0	2	0	1.536421
677	6760	0	0	0	1	0	2.738537
678	6771	0	0	0	0	0	1.547066
679	6779	0	0	0	1	0	2.510161
680	6785	0	0	0	1	0	1.289661
681	6795	0	0	0	1	0	1.244844
682	6811	0	0	0	1	0	1.615680
683	6821	0	0	0	0	0	2.020155
684	6827	0	0	0	1	0	1.729595
685	6836	0	0	0	0	0	2.922389
686	6845	0	0	0	2	0	2.445656
687	6857	0	0	0	0	0	1.485478
688	6862	0	0	0	0	0	1.611942
689	6875	0	0	0	1	0	2.995808
690	6879	0	0	0	1	0	2.303061
691	6893	0	0	0	1	0	2.233921
692	6901	0	0	0	1	0	1.476538
693	6910	0	0	0	1	0	2.707647
694	6923	0	0	0	2	0	1.092669
695	6934	0	0	0	1	0	1.795326
696	6941	0	0	0	0	0	1.226632
697	6945	0	0	0	2	0	2.528136
698	6955	0	0	0	2	0	1.994658
699	6965	0	0	0	0	0	2.532342
700	6973	0	0	0	1	0	2.653228
701	6978	0	0	0	2	0	1.514534
702	6990	0	0	0	2	0	1.700718
703	7000	0	0	0	0	0	1.057479
704	7014	0	0	0	1	0	2.709640
705	7024	0	0	0	2	0	2.548629
706	7038	0	0	0	0	0	1.767741
707	7049	0	0	0	2	0	2.903396
708	7056	0	0	0	1	0	1.694132
709	7071	0	0	0	1	0	2.687015
710	7078	0	0	0	2	0	1.392205
711	7093	0	0	0	1	0	2.099363
712	7105	0	0	0	1	0	1.053334
713	7120	0	0	0	2	0	2.869799
714	7132	0	0	0	0	0	2.568911
715	7138	0	0	0	0	0	2.880267
716	7149	0	0	0	1	0	1.726254
717	7156	0	0	0	1	0	2.552528
718	7172	0	0	0	0	0	1.844567
719	7187	0	0	0	0	0	2.214314
720	7194	0	0	0	1	0	1.657575
721	7202	0	0	0	0	0	1.477411
722	7210	0	0	0	0	0	2.907744
723	7223	0	0	0	1	0	2.425112
724	7239	0	0	0	1	0	1.737162
725	7249	0	0	0	2	0	2.936563
726	7263	0	0	0	2	0	2.818641
727	7273	0	0	0	2	0	1.610028
728	7283	0	0	0	2	0	2.838860
729	7291	0	0	0	0	0	1.499794
730	7303	0	0	0	2	0	1.125173
731	7310	0	0	0	1	0	1.368223
732	7320	0	0	0	0	0	2.743481
733	7328	0	0	0	0	0	1.951663
734	7335	0	0	0	2	0	1.050249
735	7345	0	0	0	0	0	1.748879
736	7356	0	0	0	2	0	1.596182
737	7367	0	0	0	0	0	1.359897
738	7381	0	0	0	2	0	2.943423
739	7392	0	0	0	0	0	1.040890
740	7405	0	0	0	0	0	1.339313
741	7412	0	0	0	0	0	2.230898
742	7423	0	0	0	1	0	2.815006
743	7439	0	0	0	1	0	1.144973
744	7455	0	0	0	1	0	1.090597
745	7466	0	0	0	2	0	2.220790
746	7469	0	0	0	0	0	2.415817
747	7488	0	0	0	1	0	2.401934
748	7497	0	0	0	2	0	1.731667
749	7509	0	0	0	0	0	1.249584
750	7517	0	0	0	0	0	2.169999
751	7527	0	0	0	0	0	1.150487
752	7537	0	0	0	1	0	2.668457
753	7547	0	0	0	2	0	2.631655
754	7556	0	0	0	1	0	2.465193
755	7568	0	0	0	0	0	2.906233
756	7586	0	0	0	0	0	1.891338
757	7593	0	0	0	0	0	1.239149
758	7605	0	0	0	0	0	1.559694
759	7613	0	0	0	1	0	2.691834
760	7623	0	0	0	1	0	1.135362
761	7635	0	0	0	1	0	1.015452
762	7648	0	0	0	2	0	2.700325
763	7656	0	0	0	2	0	1.933464
764	7671	0	0	0	0	0	1.666530
765	7679	0	0	0	0	0	1.949774
766	7690	0	0	0	0	0	1.532074
767	7701	0	0	0	1	0	1.009611
768	7710	0	0	0	2	0	2.742284
769	7724	0	0	0	1	0	2.673515
770	7739	0	0	0	2	0	2.844194
771	7745	0	0	0	1	0	1.593634
772	7753	0	0	0	1	0	2.152734
773	7761	0	0	0	2	0	2.336499
774	7771	0	0	0	2	0	2.289902
775	7783	0	0	0	1	0	2.103541
776	7789	0	0	0	0	0	2.998204
777	7802	0	0	0	1	0	2.389710
778	7811	0	0	0	0	0	1.679992
779	7817	0	0	0	0	0	1.600717
780	7824	0	0	0	2	0	2.401470
781	7833	0	0	0	0	0	1.252250
782	7841	0	0	0	2	0	2.303543
783	7851	0	0	0	0	0	1.223806
784	7866	0	0	0	0	0	1.644696
785	7880	0	0	0	1	0	1.031404
786	7887	0	0	0	2	0	1.290164
787	7897	0	0	0	2	0	1.312314
788	7906	0	0	0	0	0	1.337002
789	7917	0	0	0	0	0	1.923922
790	7928	0	0	0	1	0	2.764910
791	7939	0	0	0	1	0	1.995326
792	7948	0	0	0	2	0	1.630624
793	7962	0	0	0	1	0	1.371128
794	7973	0	0	0	2	0	2.150301
795	7980	0	0	0	0	0	2.634675
796	7991	0	0	0	0	0	1.774023
797	8005	0	0	0	1	0	2.100420
798	8014	0	0	0	1	0	1.623476
799	8023	0	0	0	0	0	2.085476
800	8029	0	0	0	0	0	1.159933
801	8040	0	0	0	0	0	2.691043
802	8049	0	0	0	1	0	1.272439
803	8060	0	0	0	0	0	2.056854
804	8069	0	0	0	0	0	2.380787
805	8074	0	0	0	1	0	1.534141
806	8084	0	0	0	0	0	2.620456
807	8091	0	0	0	1	0	1.637936
808	8101	0	0	0	0	0	1.976292
809	8110	0	0	0	0	0	2.315515
810	8122	0	0	0	1	0	1.256322
811	8130	0	0	0	0	0	2.200185
812	8136	0	0	0	1	0	1.399353
813	8145	0	0	0	1	0	2.157368
814	8155	0	0	0	2	0	2.698038
815	8168	0	0	0	1	0	1.666058
816	8179	0	0	0	1	0	1.092832
817	8186	0	0	0	2	0	1.268524
818	8197	0	0	0	1	0	2.505448
819	8206	0	0	0	2	0	1.140606
820	8215	0	0	0	0	0	2.097919
821	8227	0	0	0	1	0	1.142297
822	8234	0	0	0	1	0	1.269068
823	8246	0	0	0	1	0	1.108854
824	8258	0	0	0	1	0	1.032784
825	8265	0	0	0	2	0	2.191158
826	8277	0	0	0	2	0	2.218651
827	8287	0	0	0	1	0	1.889287
828	8299	0	0	0	1	0	2.303486
829	8304	0	0	0	0	0	2.084723
830	8307	0	0	0	0	0	2.318474
831	8311	0	0	0	2	0	1.164672
832	8322	0	0	0	1	0	2.314361
833	8328	0	0	0	2	0	2.039980
834	8334	0	0	0	2	0	1.398380
835	8345	0	0	0	2	0	1.770351
836	8359	0	0	0	0	0	1.690032
837	8372	0	0	0	1	0	2.777879
838	8384	0	0	0	1	0	1.671829
839	8387	0	0	0	0	0	1.348173
840	8398	0	0	0	0	0	1.122426
841	8406	0	0	0	2	0	1.250910
842	8423	0	0	0	1	0	2.933811
843	8436	0	0	0	1	0	2.570481
844	8449	0	0	0	0	0	1.318289
845	8462	0	0	0	1	0	2.875273
846	8467	0	0	0	0	0	1.907490
847	8473	0	0	0	1	0	2.507773
848	8483	0	0	0	1	0	2.944646
849	8497	0	0	0	0	0	2.723556
850	8506	0	0	0	0	0	1.985109
851	8516	0	0	0	0	0	1.827224
852	8528	0	0	0	1	0	2.392198
853	8542	0	0	0	1	0	1.949099
854	8552	0	0	0	1	0	2.606781
855	8561	0	0	0	0	0	2.398027
856	8570	0	0	0	0	0	2.513997
857	8584	0	0	0	1	0	2.173341
858	8597	0	0	0	0	0	2.265346
859	8605	0	0	0	0	0	2.093499
860	8615	0	0	0	2	0	2.742523
861	8624	0	0	0	1	0	1.530890
862	8632	0	0	0	1	0	2.623274
863	8644	0	0	0	2	0	1.334036
864	8651	0	0	0	1	0	2.703156
865	8661	0	0	0	1	0	1.129013
866	8670	0	0	0	0	0	1.381959
867	8674	0	0	0	2	0	2.152026
868	8683	0	0	0	0	0	1.217092
869	8689	0	0	0	1	0	1.248986
870	8699	0	0	0	2	0	2.595881
871	8703	0	0	0	2	0	1.380203
872	8710	0	0	0	2	0	1.852861
873	8721	0	0	0	2	0	1.947668
874	8731	0	0	0	0	0	1.235103
875	8741	0	0	0	0	0	2.033456
876	8750	0	0	0	1	0	2.218000
877	8760	0	0	0	1	0	2.696225
878	8771	0	0	0	2	0	2.975905
879	8781	0	0	0	1	0	1.001686
880	8790	0	0	0	2	0	2.497123
881	8801	0	0	0	0	0	2.447327
882	8806	0	0	0	2	0	1.679522
883	8818	0	0	0	2	0	1.585905
884	8828	0	0	0	0	0	1.115575
885	8835	0	0	0	0	0	1.875314
886	8847	0	0	0	0	0	1.263147
887	8857	0	0	0	1	0	2.793074
888	8865	0	0	0	1	0	1.638433
889	8869	0	0	0	2	0	1.064572
890	8886	0	0	0	0	0	2.164989
891	8892	0	0	0	2	0	2.682208
892	8897	0	0	0	0	0	1.147119
893	8911	0	0	0	0	0	1.182996
894	8920	0	0	0	0	0	1.123874
895	8929	0	0	0	0	0	2.672911
896	8937	0	0	0	0	0	1.959119
897	8948	0	0	0	2	0	1.364457
898	8958	0	0	0	2	0	2.040951
899	8966	0	0	0	0	0	2.205695
900	8978	0	0	0	2	0	2.107673
901	8991	0	0	0	1	0	1.342768
902	9001	0	0	0	2	0	2.291182
903	9008	0	0	0	0	0	1.805777
904	9022	0	0	0	0	0	2.834220
905	9034	0	0	0	0	0	1.611615
906	9044	0	0	0	1	0	1.171417
907	9056	0	0	0	1	0	2.731626
908	9066	0	0	0	0	0	1.988468
909	9074	0	0	0	0	0	2.917848
910	9087	0	0	0	2	0	1.521451
911	9094	0	0	0	0	0	1.296400
912	9103	0	0	0	0	0	1.690024
913	9111	0	0	0	1	0	1.381842
914	9120	0	0	0	2	0	2.957761
915	9131	0	0	0	2	0	2.533355
916	9143	0	0	0	2	0	2.983938
917	9154	0	0	0	0	0	2.572657
918	9163	0	0	0	2	0	1.092586
919	9166	0	0	0	2	0	1.182157
920	9176	0	0	0	1	0	2.905942
921	9187	0	0	0	1	0	1.428932
922	9196	0	0	0	0	0	2.433333
923	9207	0	0	0	1	0	2.066265
924	9219	0	0	0	2	0	2.510723
925	9231	0	0	0	0	0	1.890583
926	9241	0	0	0	1	0	1.878756
927	9247	0	0	0	2	0	1.434359
928	9253	0	0	0	0	0	2.921850
929	9261	0	0	0	0	0	1.382180
930	9273	0	0	0	1	0	2.021043
931	9288	0	0	0	2	0	1.946113
932	9299	0	0	0	0	0	1.500158
933	9307	0	0	0	1	0	1.974360
934	9318	0	0	0	0	0	2.174496
935	9327	0	0	0	0	0	1.934787
936	9338	0	0	0	0	0	1.866848
937	9348	0	0	0	0	0	2.142095
938	9356	0	0	0	1	0	2.492154
939	9364	0	0	0	2	0	1.905494
940	9370	0	0	0	0	0	2.299963
941	9380	0	0	0	1	0	2.197011
942	9395	0	0	0	1	0	1.893039
943	9401	0	0	0	2	0	2.078071
944	9415	0	0	0	1	0	1.133949
945	9429	0	0	0	1	0	1.018434
946	9443	0	0	0	2	0	1.264881
947	9447	0	0	0	1	0	1.857227
948	9456	0	0	0	1	0	2.368131
949	9465	0	0	0	0	0	2.890176
950	9473	0	0	0	0	0	1.605521
951	9483	0	0	0	2	0	2.420107
952	9494	0	0	0	0	0	1.762867
953	9506	0	0	0	2	0	1.067132
954	9516	0	0	0	1	0	1.399168
955	9532	0	0	0	1	0	2.269697
956	9542	0	0	0	1	0	2.569305
957	9555	0	0	0	0	0	1.176745
958	9562	0	0	0	1	0	2.526378
959	9570	0	0	0	1	0	2.540053
960	9578	0	0	0	0	0	1.599949
961	9583	0	0	0	1	0	2.727110
962	9589	0	0	0	1	0	2.867649
963	9603	0	0	0	1	0	2.521723
964	9615	0	0	0	0	0	2.663693
965	9625	0	0	0	1	0	2.468055
966	9631	0	0	0	0	0	2.869597
967	9641	0	0	0	2	0	2.735165
968	9649	0	0	0	1	0	1.206854
969	9659	0	0	0	2	0	1.776820
970	9669	0	0	0	1	0	1.350556
971	9675	0	0	0	2	0	1.228025
972	9684	0	0	0	0	0	2.606238
973	9695	0	0	0	0	0	2.378236
974	9708	0	0	0	0	0	1.622089
975	9715	0	0	0	2	0	2.471746
976	9727	0	0	0	0	0	2.945640
977	9736	0	0	0	2	0	1.308652
978	9749	0	0	0	1	0	2.418009
979	9753	0	0	0	0	0	1.641842
980	9759	0	0	0	0	0	2.870328
981	9768	0	0	0	0	0	2.708988
982	9776	0	0	0	2	0	2.577929
983	9791	0	0	0	0	0	1.240017
984	9799	0	0	0	0	0	2.762385
985	9807	0	0	0	1	0	1.544200
986	9818	0	0	0	2	0	2.855160
987	9829	0	0	0	0	0	2.264569
988	9842	0	0	0	0	0	1.949173
989	9847	0	0	0	2	0	1.435349
990	9861	0	0	0	1	0	2.263149
991	9871	0	0	0	0	0	1.032524
992	9881	0	0	0	0	0	1.470582
993	9898	0	0	0	2	0	1.444973
994	9910	0	0	0	0	0	2.477421
995	9921	0	0	0	0	0	2.231619
996	9933	0	0	0	0	0	2.175622
997	9939	0	0	0	0	0	2.179026
998	9952	0	0	0	0	0	1.976998
999	9959	0	0	0	2	0	1.776390
