0	1	0	0	0	0	0	1.344041
1	13	0	0	0	2	0	2.060435
2	27	0	0	0	0	0	1.749223
3	35	0	0	0	1	0	1.196894
4	44	0	0	0	1	0	1.637393
5	58	0	0	0	2	0	1.518172
6	68	0	0	0	0	0	2.710089
7	81	0	0	0	0	0	1.497467
8	91	0	0	0	1	0	2.262607
9	98	0	0	0	0	0	2.835659
10	111	0	0	0	1	0	1.751305
11	123	0	0	0	1	0	1.801462
12	133	0	0	0	2	0	2.990877
13	142	0	0	0	0	0	2.335033
14	151	0	0	0	2	0	1.011591
15	158	0	0	0	0	0	1.147887
16	172	0	0	0	0	0	2.301698
17	181	0	0	0	1	0	2.580664
18	187	0	0	0	2	0	2.307730
19	198	0	0	0	1	0	1.986098
20	201	0	0	0	2	0	2.378433
21	205	0	0	0	1	0	1.735274
22	214	0	0	0	1	0	2.183029
23	224	0	0	0	2	0	1.257086
24	232	0	0	0	2	0	2.438653
25	246	0	0	0	1	0	2.459585
26	261	0	0	0	1	0	2.342921
27	274	0	0	0	0	0	2.721164
28	287	0	0	0	1	0	2.374359
29	293	0	0	0	0	0	2.156339
30	306	0	0	0	0	0	1.105257
31	313	0	0	0	1	0	1.565153
32	322	0	0	0	1	0	2.596462
33	332	0	0	0	1	0	2.948407
34	343	0	0	0	2	0	2.817883
35	356	0	0	0	0	0	2.842282
36	365	0	0	0	1	0	1.539778
37	373	0	0	0	1	0	2.620458
38	381	0	0	0	0	0	2.581789
39	387	0	0	0	1	0	2.686378
40	398	0	0	0	1	0	2.769884
41	403	0	0	0	1	0	1.583612
42	413	0	0	0	1	0	1.929023
43	419	0	0	0	2	0	1.796995
44	430	0	0	0	0	0	2.522559
45	443	0	0	0	1	0	2.117308
46	452	0	0	0	0	0	2.729127
47	460	0	0	0	1	0	1.659715
48	468	0	0	0	0	0	2.489736
49	480	0	0	0	1	0	2.526921
50	491	0	0	0	1	0	2.757368
51	509	0	0	0	1	0	2.559509
52	521	0	0	0	0	0	2.668619
53	536	0	0	0	0	0	2.267726
54	556	0	0	0	0	0	1.613917
55	561	0	0	0	0	0	2.145845
56	572	0	0	0	2	0	1.323094
57	579	0	0	0	1	0	2.488586
58	597	0	0	0	2	0	1.363484
59	603	0	0	0	0	0	1.322147
60	613	0	0	0	1	0	1.520916
61	621	0	0	0	2	0	2.065046
62	629	0	0	0	0	0	1.519691
63	638	0	0	0	2	0	1.481312
64	652	0	0	0	1	0	1.898317
65	663	0	0	0	0	0	2.588588
66	671	0	0	0	0	0	1.394408
67	676	0	0	0	1	0	2.855555
68	684	0	0	0	0	0	2.592487
69	696	0	0	0	0	0	2.186991
70	706	0	0	0	2	0	1.325447
71	723	0	0	0	0	0	1.777737
72	731	0	0	0	1	0	2.127474
73	743	0	0	0	1	0	1.303681
74	750	0	0	0	1	0	2.103353
75	763	0	0	0	0	0	2.049049
76	774	0	0	0	0	0	2.258076
77	784	0	0	0	0	0	2.459561
78	796	0	0	0	2	0	1.313219
79	804	0	0	0	1	0	2.308787
80	812	0	0	0	0	0	2.973186
81	820	0	0	0	0	0	1.063783
82	835	0	0	0	0	0	2.140086
83	845	0	0	0	1	0	1.870715
84	856	0	0	0	0	0	1.523396
85	870	0	0	0	0	0	1.712045
86	879	0	0	0	2	0	1.582507
87	888	0	0	0	0	0	1.457877
88	898	0	0	0	0	0	2.826739
89	906	0	0	0	1	0	2.052578
90	911	0	0	0	0	0	1.457541
91	926	0	0	0	0	0	1.562543
92	937	0	0	0	0	0	1.432631
93	944	0	0	0	0	0	1.587496
94	953	0	0	0	0	0	2.508450
95	968	0	0	0	0	0	1.093809
96	978	0	0	0	0	0	2.932161
97	985	0	0	0	1	0	2.417915
98	1001	0	0	0	1	0	1.406626
99	1011	0	0	0	1	0	1.490781
100	1026	0	0	0	0	0	1.857371
101	1040	0	0	0	2	0	2.831843
102	1050	0	0	0	0	0	1.191933
103	1057	0	0	0	0	0	2.065117
104	1064	0	0	0	1	0	1.755074
105	1074	0	0	0	1	0	1.365158
106	1086	0	0	0	2	0	1.944417
107	1093	0	0	0	0	0	2.750927
108	1102	0	0	0	0	0	1.244249
109	1108	0	0	0	0	0	1.737603
110	1125	0	0	0	0	0	1.539775
111	1137	0	0	0	2	0	2.623952
112	1149	0	0	0	2	0	1.053916
113	1163	0	0	0	2	0	1.969754
114	1167	0	0	0	0	0	2.242182
115	1177	0	0	0	0	0	2.394595
116	1190	0	0	0	1	0	1.139038
117	1197	0	0	0	1	0	1.058018
118	1202	0	0	0	0	0	2.609412
119	1213	0	0	0	2	0	1.619958
120	1223	0	0	0	1	0	1.142236
121	1233	0	0	0	1	0	1.633784
122	1242	0	0	0	1	0	1.657147
123	1250	0	0	0	2	0	1.644956
124	1257	0	0	0	2	0	2.184706
125	1266	0	0	0	0	0	2.784849
126	1278	0	0	0	2	0	1.539193
127	1286	0	0	0	1	0	2.379899
128	1293	0	0	0	1	0	2.724882
129	1304	0	0	0	1	0	2.980770
130	1310	0	0	0	1	0	1.638342
131	1317	0	0	0	0	0	1.554969
132	1328	0	0	0	1	0	2.562494
133	1340	0	0	0	0	0	2.852850
134	1354	0	0	0	0	0	1.491154
135	1361	0	0	0	1	0	1.232480
136	1371	0	0	0	2	0	2.441986
137	1374	0	0	0	1	0	2.064088
138	1384	0	0	0	1	0	1.849715
139	1390	0	0	0	0	0	2.043115
140	1396	0	0	0	0	0	1.381892
141	1408	0	0	0	2	0	2.405819
142	1419	0	0	0	2	0	2.738849
143	1432	0	0	0	1	0	2.434898
144	1443	0	0	0	0	0	2.463719
145	1452	0	0	0	0	0	2.067496
146	1457	0	0	0	2	0	2.640822
147	1466	0	0	0	2	0	2.322735
148	1473	0	0	0	1	0	1.171254
149	1489	0	0	0	0	0	2.795790
150	1496	0	0	0	2	0	1.816301
151	1507	0	0	0	2	0	2.375024
152	1521	0	0	0	2	0	1.105742
153	1528	0	0	0	2	0	2.665601
154	1539	0	0	0	0	0	1.699559
155	1550	0	0	0	0	0	1.392321
156	1565	0	0	0	1	0	1.528737
157	1578	0	0	0	0	0	2.647999
158	1594	0	0	0	2	0	2.130006
159	1609	0	0	0	0	0	1.699640
160	1622	0	0	0	0	0	1.337671
161	1633	0	0	0	2	0	1.682442
162	1641	0	0	0	0	0	1.288920
163	1654	0	0	0	2	0	1.719600
164	1660	0	0	0	2	0	2.827331
165	1666	0	0	0	2	0	1.103268
166	1677	0	0	0	1	0	2.779890
167	1683	0	0	0	0	0	1.299183
168	1692	0	0	0	1	0	1.725236
169	1703	0	0	0	0	0	2.907764
170	1721	0	0	0	0	0	1.889882
171	1727	0	0	0	0	0	1.053481
172	1737	0	0	0	0	0	1.804380
173	1753	0	0	0	2	0	1.881429
174	1764	0	0	0	0	0	2.719525
175	1772	0	0	0	2	0	1.782387
176	1776	0	0	0	2	0	2.137511
177	1782	0	0	0	2	0	1.425718
178	1791	0	0	0	1	0	2.969744
179	1800	0	0	0	2	0	2.940842
180	1809	0	0	0	2	0	1.134803
181	1821	0	0	0	0	0	2.367928
182	1831	0	0	0	0	0	2.015241
183	1838	0	0	0	0	0	2.182483
184	1847	0	0	0	0	0	2.535257
185	1851	0	0	0	0	0	1.773121
186	1867	0	0	0	2	0	2.288397
187	1870	0	0	0	0	0	2.609821
188	1882	0	0	0	0	0	2.385392
189	1891	0	0	0	1	0	2.745116
190	1907	0	0	0	1	0	2.388632
191	1917	0	0	0	0	0	1.653613
192	1925	0	0	0	2	0	1.222499
193	1934	0	0	0	2	0	1.384210
194	1944	0	0	0	1	0	2.858347
195	1957	0	0	0	2	0	1.472240
196	1964	0	0	0	1	0	1.329157
197	1980	0	0	0	0	0	2.208988
198	1987	0	0	0	0	0	2.410917
199	1995	0	0	0	0	0	2.660179
200	2000	0	0	0	0	0	2.864539
201	2013	0	0	0	1	0	1.913879
202	2021	0	0	0	2	0	1.861679
203	2029	0	0	0	0	0	1.512319
204	2042	0	0	0	1	0	1.747229
205	2049	0	0	0	0	0	2.285934
206	2055	0	0	0	2	0	1.910821
207	2062	0	0	0	0	0	1.759401
208	2077	0	0	0	1	0	2.257393
209	2087	0	0	0	0	0	1.374540
210	2098	0	0	0	1	0	1.051683
211	2104	0	0	0	2	0	1.423627
212	2113	0	0	0	1	0	1.858298
213	2125	0	0	0	2	0	1.370936
214	2138	0	0	0	1	0	1.144026
215	2146	0	0	0	2	0	2.712823
216	2153	0	0	0	2	0	2.850451
217	2162	0	0	0	2	0	2.845305
218	2178	0	0	0	1	0	2.307206
219	2188	0	0	0	1	0	2.621546
220	2199	0	0	0	0	0	1.533441
221	2203	0	0	0	1	0	2.431524
222	2206	0	0	0	0	0	1.969407
223	2211	0	0	0	0	0	2.369590
224	2221	0	0	0	0	0	2.016282
225	2235	0	0	0	1	0	2.767829
226	2247	0	0	0	1	0	1.096473
227	2251	0	0	0	0	0	1.331369
228	2260	0	0	0	2	0	2.681506
229	2273	0	0	0	2	0	2.557801
230	2282	0	0	0	2	0	2.620432
231	2294	0	0	0	0	0	2.733938
232	2302	0	0	0	1	0	1.812200
233	2311	0	0	0	2	0	2.716896
234	2319	0	0	0	0	0	1.960345
235	2335	0	0	0	0	0	2.289776
236	2352	0	0	0	1	0	2.991123
237	2357	0	0	0	0	0	2.975206
238	2369	0	0	0	0	0	1.001427
239	2381	0	0	0	0	0	2.327177
240	2390	0	0	0	1	0	1.326997
241	2402	0	0	0	0	0	2.052570
242	2411	0	0	0	2	0	2.927523
243	2422	0	0	0	0	0	2.810153
244	2430	0	0	0	1	0	2.071397
245	2439	0	0	0	1	0	2.855281
246	2450	0	0	0	1	0	2.874627
247	2461	0	0	0	2	0	1.979887
248	2471	0	0	0	1	0	2.016365
249	2481	0	0	0	1	0	2.291268
250	2492	0	0	0	2	0	2.426139
251	2501	0	0	0	1	0	2.954422
252	2517	0	0	0	2	0	1.307639
253	2529	0	0	0	1	0	2.455197
254	2536	0	0	0	0	0	1.766688
255	2546	0	0	0	1	0	2.258392
256	2555	0	0	0	0	0	1.698138
257	2565	0	0	0	0	0	2.182401
258	2577	0	0	0	0	0	2.042548
259	2590	0	0	0	2	0	2.960087
260	2601	0	0	0	0	0	2.492819
261	2610	0	0	0	1	0	2.261174
262	2618	0	0	0	1	0	1.999092
263	2627	0	0	0	0	0	2.518773
264	2632	0	0	0	0	0	1.537112
265	2636	0	0	0	2	0	2.014455
266	2648	0	0	0	1	0	1.240577
267	2659	0	0	0	0	0	1.206602
268	2667	0	0	0	0	0	1.887736
269	2677	0	0	0	0	0	1.285407
270	2685	0	0	0	1	0	2.726791
271	2698	0	0	0	1	0	2.538886
272	2711	0	0	0	2	0	1.774261
273	2728	0	0	0	2	0	2.360440
274	2731	0	0	0	0	0	2.107575
275	2739	0	0	0	1	0	2.087063
276	2749	0	0	0	1	0	2.154185
277	2757	0	0	0	0	0	2.183569
278	2766	0	0	0	0	0	1.155099
279	2780	0	0	0	0	0	2.085143
280	2787	0	0	0	0	0	2.264968
281	2795	0	0	0	2	0	1.120713
282	2802	0	0	0	2	0	2.606799
283	2813	0	0	0	1	0	1.030867
284	2819	0	0	0	2	0	1.848112
285	2832	0	0	0	0	0	1.825223
286	2843	0	0	0	1	0	2.220592
287	2857	0	0	0	1	0	1.732356
288	2867	0	0	0	1	0	1.542917
289	2877	0	0	0	1	0	2.694823
290	2884	0	0	0	0	0	1.148161
291	2891	0	0	0	2	0	2.395749
292	2910	0	0	0	1	0	1.698763
293	2920	0	0	0	2	0	2.056293
294	2925	0	0	0	0	0	2.987113
295	2938	0	0	0	0	0	1.028336
296	2951	0	0	0	0	0	1.194416
297	2959	0	0	0	2	0	1.725931
298	2969	0	0	0	1	0	2.829482
299	2976	0	0	0	1	0	1.392806
300	2987	0	0	0	2	0	1.701310
301	2995	0	0	0	0	0	1.481785
302	3011	0	0	0	0	0	2.273117
303	3019	0	0	0	0	0	2.849567
304	3032	0	0	0	1	0	2.571575
305	3038	0	0	0	0	0	2.546716
306	3046	0	0	0	0	0	1.862053
307	3054	0	0	0	2	0	1.671772
308	3067	0	0	0	0	0	1.159442
309	3075	0	0	0	1	0	2.480161
310	3084	0	0	0	1	0	2.719073
311	3092	0	0	0	0	0	1.141146
312	3102	0	0	0	1	0	1.867093
313	3110	0	0	0	1	0	2.503712
314	3120	0	0	0	1	0	1.081871
315	3126	0	0	0	1	0	2.449681
316	3140	0	0	0	0	0	1.432366
317	3146	0	0	0	1	0	1.250516
318	3162	0	0	0	0	0	2.636490
319	3171	0	0	0	2	0	2.133202
320	3185	0	0	0	0	0	1.435477
321	3197	0	0	0	0	0	2.691476
322	3207	0	0	0	1	0	1.296947
323	3223	0	0	0	2	0	1.950653
324	3232	0	0	0	0	0	1.708887
325	3237	0	0	0	2	0	2.558762
326	3245	0	0	0	0	0	2.528615
327	3256	0	0	0	2	0	1.812861
328	3263	0	0	0	2	0	1.137432
329	3270	0	0	0	1	0	2.331810
330	3280	0	0	0	0	0	1.788801
331	3289	0	0	0	1	0	2.209716
332	3295	0	0	0	1	0	2.076338
333	3301	0	0	0	1	0	2.661786
334	3308	0	0	0	1	0	1.815625
335	3316	0	0	0	2	0	1.109431
336	3324	0	0	0	0	0	2.089920
337	3332	0	0	0	1	0	1.619144
338	3336	0	0	0	0	0	2.368876
339	3348	0	0	0	2	0	2.498558
340	3355	0	0	0	2	0	1.488351
341	3364	0	0	0	0	0	1.057327
342	3374	0	0	0	2	0	1.346633
343	3387	0	0	0	1	0	1.223362
344	3397	0	0	0	0	0	2.191225
345	3408	0	0	0	0	0	2.332092
346	3414	0	0	0	0	0	1.095645
347	3425	0	0	0	0	0	2.914250
348	3430	0	0	0	1	0	2.038421
349	3443	0	0	0	2	0	2.104650
350	3457	0	0	0	0	0	2.246139
351	3464	0	0	0	0	0	2.898364
352	3472	0	0	0	2	0	1.752802
353	3479	0	0	0	0	0	1.106400
354	3486	0	0	0	2	0	1.909809
355	3489	0	0	0	1	0	2.871918
356	3494	0	0	0	0	0	1.551488
357	3502	0	0	0	1	0	1.477134
358	3515	0	0	0	0	0	1.461718
359	3521	0	0	0	1	0	1.642672
360	3532	0	0	0	0	0	1.351806
361	3535	0	0	0	0	0	1.377922
362	3539	0	0	0	1	0	2.930734
363	3552	0	0	0	2	0	1.086582
364	3564	0	0	0	0	0	1.507251
365	3567	0	0	0	1	0	1.008367
366	3575	0	0	0	1	0	1.699361
367	3580	0	0	0	2	0	2.670152
368	3591	0	0	0	1	0	2.539885
369	3605	0	0	0	1	0	2.677436
370	3615	0	0	0	2	0	2.581364
371	3620	0	0	0	0	0	2.740018
372	3634	0	0	0	1	0	1.210727
373	3638	0	0	0	2	0	2.340123
374	3644	0	0	0	1	0	2.351570
375	3656	0	0	0	1	0	2.436291
376	3666	0	0	0	2	0	1.926379
377	3679	0	0	0	0	0	2.917479
378	3689	0	0	0	0	0	1.323842
379	3699	0	0	0	2	0	2.183888
380	3709	0	0	0	1	0	2.602268
381	3720	0	0	0	2	0	1.825120
382	3726	0	0	0	1	0	1.750810
383	3736	0	0	0	2	0	1.132139
384	3746	0	0	0	0	0	2.075506
385	3761	0	0	0	2	0	1.490722
386	3768	0	0	0	1	0	1.249704
387	3779	0	0	0	0	0	1.903940
388	3792	0	0	0	0	0	1.930564
389	3800	0	0	0	0	0	1.791294
390	3814	0	0	0	0	0	2.128802
391	3823	0	0	0	0	0	1.294894
392	3832	0	0	0	0	0	1.667492
393	3843	0	0	0	0	0	1.177330
394	3852	0	0	0	1	0	1.910991
395	3860	0	0	0	0	0	2.375724
396	3872	0	0	0	2	0	2.579899
397	3881	0	0	0	1	0	1.222875
398	3890	0	0	0	0	0	1.974806
399	3904	0	0	0	2	0	2.375575
400	3908	0	0	0	1	0	2.102620
401	3918	0	0	0	2	0	2.737304
402	3926	0	0	0	2	0	2.019646
403	3930	0	0	0	1	0	2.160372
404	3936	0	0	0	0	0	2.499606
405	3953	0	0	0	0	0	2.388917
406	3969	0	0	0	0	0	1.264596
407	3977	0	0	0	1	0	2.053021
408	3983	0	0	0	0	0	2.671672
409	3996	0	0	0	0	0	1.444390
410	4006	0	0	0	1	0	1.555063
411	4017	0	0	0	0	0	2.605958
412	4023	0	0	0	1	0	1.422195
413	4039	0	0	0	2	0	2.754585
414	4054	0	0	0	0	0	2.735266
415	4061	0	0	0	0	0	2.439744
416	4066	0	0	0	1	0	2.358741
417	4072	0	0	0	0	0	2.741962
418	4079	0	0	0	0	0	2.493347
419	4092	0	0	0	0	0	2.543460
420	4098	0	0	0	2	0	1.683593
421	4111	0	0	0	2	0	1.042549
422	4124	0	0	0	2	0	2.915223
423	4131	0	0	0	0	0	1.969105
424	4146	0	0	0	2	0	2.381527
425	4152	0	0	0	0	0	1.063479
426	4165	0	0	0	1	0	1.390685
427	4173	0	0	0	1	0	2.943045
428	4182	0	0	0	1	0	1.943434
429	4191	0	0	0	2	0	1.366658
430	4201	0	0	0	2	0	2.588291
431	4207	0	0	0	1	0	2.710954
432	4217	0	0	0	1	0	1.471952
433	4236	0	0	0	0	0	1.890930
434	4244	0	0	0	1	0	1.128261
435	4256	0	0	0	0	0	2.683552
436	4264	0	0	0	1	0	1.945718
437	4270	0	0	0	0	0	1.179355
438	4282	0	0	0	1	0	1.437485
439	4296	0	0	0	0	0	2.391780
440	4304	0	0	0	0	0	2.486629
441	4312	0	0	0	0	0	2.277095
442	4322	0	0	0	2	0	1.369136
443	4338	0	0	0	0	0	2.184948
444	4345	0	0	0	2	0	2.479115
445	4354	0	0	0	2	0	1.986905
446	4364	0	0	0	2	0	2.148059
447	4372	0	0	0	0	0	2.321319
448	4384	0	0	0	0	0	2.248649
449	4392	0	0	0	0	0	1.423394
450	4400	0	0	0	2	0	1.389016
451	4409	0	0	0	2	0	2.829106
452	4413	0	0	0	0	0	1.786215
453	4420	0	0	0	0	0	2.175566
454	4426	0	0	0	1	0	2.966262
455	4442	0	0	0	1	0	1.539832
456	4450	0	0	0	0	0	1.959754
457	4455	0	0	0	0	0	2.616714
458	4459	0	0	0	1	0	1.453757
459	4467	0	0	0	1	0	1.414317
460	4476	0	0	0	0	0	2.865052
461	4485	0	0	0	2	0	1.394253
462	4495	0	0	0	1	0	2.712875
463	4503	0	0	0	0	0	1.292869
464	4512	0	0	0	0	0	2.025165
465	4526	0	0	0	1	0	1.038025
466	4536	0	0	0	2	0	2.015000
467	4545	0	0	0	0	0	1.901808
468	4555	0	0	0	0	0	2.877804
469	4564	0	0	0	1	0	1.380472
470	4574	0	0	0	2	0	2.801594
471	4580	0	0	0	2	0	2.627797
472	4590	0	0	0	0	0	2.136177
473	4603	0	0	0	1	0	1.695869
474	4609	0	0	0	2	0	2.491822
475	4618	0	0	0	2	0	2.003151
476	4626	0	0	0	2	0	1.216761
477	4634	0	0	0	2	0	1.280710
478	4644	0	0	0	0	0	1.516317
479	4652	0	0	0	0	0	1.172232
480	4662	0	0	0	0	0	2.671848
481	4675	0	0	0	1	0	2.404182
482	4685	0	0	0	1	0	2.198338
483	4696	0	0	0	0	0	2.840533
484	4703	0	0	0	2	0	1.506333
485	4709	0	0	0	2	0	2.161998
486	4719	0	0	0	2	0	1.347363
487	4739	0	0	0	2	0	2.022182
488	4748	0	0	0	0	0	1.803167
489	4754	0	0	0	1	0	1.144078
490	4761	0	0	0	0	0	2.459229
491	4768	0	0	0	2	0	1.613673
492	4779	0	0	0	0	0	1.001663
493	4787	0	0	0	0	0	2.336073
494	4796	0	0	0	1	0	1.909773
495	4805	0	0	0	2	0	2.747926
496	4816	0	0	0	2	0	2.888558
497	4822	0	0	0	0	0	1.346668
498	4830	0	0	0	0	0	1.024063
499	4839	0	0	0	1	0	1.798548
500	4852	0	0	0	2	0	2.050595
501	4858	0	0	0	2	0	1.581797
502	4864	0	0	0	1	0	2.019953
503	4882	0	0	0	1	0	2.501239
504	4892	0	0	0	0	0	1.721525
505	4910	0	0	0	2	0	1.172633
506	4921	0	0	0	0	0	1.857715
507	4929	0	0	0	0	0	1.993531
508	4939	0	0	0	1	0	1.860790
509	4947	0	0	0	0	0	1.975811
510	4957	0	0	0	2	0	2.510825
511	4966	0	0	0	2	0	1.137681
512	4974	0	0	0	1	0	1.260560
513	4982	0	0	0	0	0	2.077800
514	4994	0	0	0	1	0	1.429936
515	5002	0	0	0	1	0	1.823300
516	5011	0	0	0	2	0	2.419891
517	5029	0	0	0	1	0	1.567071
518	5034	0	0	0	1	0	2.287023
519	5048	0	0	0	0	0	1.382913
520	5063	0	0	0	1	0	2.998820
521	5073	0	0	0	2	0	2.593972
522	5077	0	0	0	0	0	2.782042
523	5089	0	0	0	0	0	1.564692
524	5100	0	0	0	0	0	2.277997
525	5107	0	0	0	2	0	1.831728
526	5115	0	0	0	2	0	1.973811
527	5125	0	0	0	0	0	2.592805
528	5131	0	0	0	1	0	2.035378
529	5139	0	0	0	1	0	2.325592
530	5154	0	0	0	0	0	2.261995
531	5168	0	0	0	1	0	2.895182
532	5182	0	0	0	1	0	2.806950
533	5192	0	0	0	0	0	1.017251
534	5198	0	0	0	0	0	1.027324
535	5203	0	0	0	0	0	1.558694
536	5213	0	0	0	2	0	2.783993
537	5224	0	0	0	0	0	1.560936
538	5237	0	0	0	2	0	2.883053
539	5248	0	0	0	1	0	1.611135
540	5257	0	0	0	0	0	2.720994
541	5268	0	0	0	0	0	1.723453
542	5283	0	0	0	0	0	2.756195
543	5299	0	0	0	0	0	2.079778
544	5308	0	0	0	2	0	2.772003
545	5318	0	0	0	0	0	1.262806
546	5328	0	0	0	0	0	2.375489
547	5341	0	0	0	0	0	1.529941
548	5347	0	0	0	2	0	1.293233
549	5355	0	0	0	2	0	2.952390
550	5363	0	0	0	0	0	2.890322
551	5373	0	0	0	0	0	1.105852
552	5383	0	0	0	1	0	1.192950
553	5390	0	0	0	0	0	2.933658
554	5399	0	0	0	2	0	2.892670
555	5402	0	0	0	2	0	2.347981
556	5409	0	0	0	2	0	2.131319
557	5417	0	0	0	0	0	1.216495
558	5423	0	0	0	1	0	1.196316
559	5427	0	0	0	0	0	1.106157
560	5437	0	0	0	1	0	2.271613
561	5450	0	0	0	1	0	1.954676
562	5457	0	0	0	0	0	2.050529
563	5474	0	0	0	0	0	2.366121
564	5481	0	0	0	2	0	2.918703
565	5491	0	0	0	0	0	1.735600
566	5506	0	0	0	2	0	1.375504
567	5516	0	0	0	1	0	1.622408
568	5524	0	0	0	1	0	1.037249
569	5536	0	0	0	0	0	1.503079
570	5548	0	0	0	0	0	1.631033
571	5554	0	0	0	2	0	1.142106
572	5564	0	0	0	0	0	2.759751
573	5573	0	0	0	2	0	2.240163
574	5582	0	0	0	0	0	2.663119
575	5594	0	0	0	0	0	1.800623
576	5601	0	0	0	0	0	1.915482
577	5609	0	0	0	0	0	2.383184
578	5625	0	0	0	1	0	1.733669
579	5631	0	0	0	0	0	2.260171
580	5641	0	0	0	0	0	1.915080
581	5652	0	0	0	1	0	2.588717
582	5669	0	0	0	1	0	2.386935
583	5676	0	0	0	2	0	1.502684
584	5689	0	0	0	1	0	1.869622
585	5701	0	0	0	2	0	1.380418
586	5711	0	0	0	0	0	1.383054
587	5722	0	0	0	1	0	1.008849
588	5739	0	0	0	0	0	2.474296
589	5746	0	0	0	2	0	1.975713
590	5758	0	0	0	0	0	1.619256
591	5773	0	0	0	1	0	2.676538
592	5783	0	0	0	1	0	2.102236
593	5792	0	0	0	0	0	2.946876
594	5796	0	0	0	0	0	2.576581
595	5803	0	0	0	1	0	2.910054
596	5810	0	0	0	0	0	2.682894
597	5817	0	0	0	0	0	2.270605
598	5825	0	0	0	0	0	2.295595
599	5838	0	0	0	1	0	2.795113
600	5852	0	0	0	0	0	2.272237
601	5858	0	0	0	1	0	1.358001
602	5875	0	0	0	2	0	2.194511
603	5883	0	0	0	2	0	2.541517
604	5889	0	0	0	0	0	1.639183
605	5897	0	0	0	0	0	1.150627
606	5905	0	0	0	0	0	1.876473
607	5917	0	0	0	2	0	2.732202
608	5927	0	0	0	0	0	1.100998
609	5940	0	0	0	0	0	1.716530
610	5954	0	0	0	2	0	1.838969
611	5969	0	0	0	1	0	2.383394
612	5979	0	0	0	1	0	2.938524
613	5984	0	0	0	1	0	2.891293
614	5996	0	0	0	0	0	2.744385
615	6006	0	0	0	0	0	1.367423
616	6016	0	0	0	0	0	1.140824
617	6027	0	0	0	1	0	2.447643
618	6035	0	0	0	1	0	1.296729
619	6047	0	0	0	1	0	1.162378
620	6061	0	0	0	2	0	1.020303
621	6070	0	0	0	0	0	1.489761
622	6084	0	0	0	2	0	2.247290
623	6092	0	0	0	1	0	2.395125
624	6103	0	0	0	0	0	1.880142
625	6115	0	0	0	1	0	2.278924
626	6124	0	0	0	2	0	1.501523
627	6127	0	0	0	2	0	1.230834
628	6141	0	0	0	0	0	2.737462
629	6150	0	0	0	0	0	1.317001
630	6157	0	0	0	0	0	2.764565
631	6165	0	0	0	1	0	2.352392
632	6177	0	0	0	0	0	2.438482
633	6183	0	0	0	1	0	2.217347
634	6192	0	0	0	1	0	1.230503
635	6199	0	0	0	2	0	2.117134
636	6212	0	0	0	2	0	1.027866
637	6224	0	0	0	0	0	2.839173
638	6227	0	0	0	0	0	1.283256
639	6240	0	0	0	0	0	2.461112
640	6253	0	0	0	1	0	1.089271
641	6256	0	0	0	0	0	2.006702
642	6265	0	0	0	0	0	2.596800
643	6278	0	0	0	0	0	2.798087
644	6285	0	0	0	0	0	2.501858
645	6296	0	0	0	1	0	1.452496
646	6299	0	0	0	1	0	2.017427
647	6304	0	0	0	0	0	2.337472
648	6309	0	0	0	0	0	1.860274
649	6319	0	0	0	2	0	2.882564
650	6329	0	0	0	0	0	1.566718
651	6341	0	0	0	0	0	1.933040
652	6354	0	0	0	1	0	2.471291
653	6363	0	0	0	1	0	2.428761
654	6370	0	0	0	1	0	1.200574
655	6376	0	0	0	0	0	1.666872
656	6384	0	0	0	0	0	1.106580
657	6397	0	0	0	1	0	2.021221
658	6407	0	0	0	1	0	2.641629
659	6422	0	0	0	0	0	2.705265
660	6433	0	0	0	1	0	2.529130
661	6441	0	0	0	1	0	1.877791
662	6449	0	0	0	2	0	2.103638
663	6458	0	0	0	1	0	2.645155
664	6465	0	0	0	2	0	2.719687
665	6474	0	0	0	1	0	2.557739
666	6486	0	0	0	2	0	1.276444
667	6497	0	0	0	0	0	2.903668
668	6510	0	0	0	1	0	1.278585
669	6520	0	0	0	0	0	2.684450
670	6534	0	0	0	0	0	2.582375
671	6545	0	0	0	2	0	1.061631
672	6553	0	0	0	1	0	1.128920
673	6563	0	0	0	0	0	2.381043
674	6572	0	0	0	1	0	2.616086
675	6586	0	0	0	0	0	1.335906
676	6593	0	0	0	2	0	2.993000
677	6604	0	0	0	0	0	2.604794
678	6615	0	0	0	1	0	1.508760
679	6623	0	0	0	0	0	2.565173
680	6636	0	0	0	1	0	1.656597
681	6643	0	0	0	1	0	1.349749
682	6655	0	0	0	2	0	2.577670
683	6664	0	0	0	0	0	2.811652
684	6673	0	0	0	1	0	1.480455
685	6681	0	0	0	1	0	2.784654
686	6694	0	0	0	2	0	1.391120
687	6704	0	0	0	0	0	1.406434
688	6712	0	0	0	1	0	1.851817
689	6724	0	0	0	1	0	2.368897
690	6731	0	0	0	1	0	2.662939
691	6744	0	0	0	2	0	2.263073
692	6757	0	0	0	1	0	2.047090
693	6768	0	0	0	1	0	1.118628
694	6780	0	0	0	1	0	1.122843
695	6792	0	0	0	2	0	1.779421
696	6801	0	0	0	0	0	2.646102
697	6816	0	0	0	0	0	1.999330
698	6828	0	0	0	2	0	1.742773
699	6838	0	0	0	1	0	2.155015
700	6850	0	0	0	1	0	2.920506
701	6859	0	0	0	0	0	1.621622
702	6874	0	0	0	1	0	2.319991
703	6884	0	0	0	1	0	1.144536
704	6894	0	0	0	0	0	1.476299
705	6902	0	0	0	0	0	2.931365
706	6912	0	0	0	1	0	1.845641
707	6922	0	0	0	0	0	2.212125
708	6929	0	0	0	2	0	1.635611
709	6936	0	0	0	1	0	2.624861
710	6949	0	0	0	0	0	2.745048
711	6964	0	0	0	2	0	2.652768
712	6972	0	0	0	0	0	2.697770
713	6988	0	0	0	0	0	2.457724
714	6997	0	0	0	1	0	1.744281
715	7014	0	0	0	1	0	1.037897
716	7024	0	0	0	0	0	2.123225
717	7036	0	0	0	0	0	1.391385
718	7045	0	0	0	2	0	1.248813
719	7059	0	0	0	1	0	2.547324
720	7068	0	0	0	1	0	2.655816
721	7080	0	0	0	0	0	1.237227
722	7096	0	0	0	0	0	1.554631
723	7101	0	0	0	1	0	2.655116
724	7112	0	0	0	1	0	2.657311
725	7124	0	0	0	1	0	1.684058
726	7132	0	0	0	1	0	2.514779
727	7141	0	0	0	1	0	2.795575
728	7151	0	0	0	0	0	1.525777
729	7159	0	0	0	1	0	1.448158
730	7167	0	0	0	0	0	1.717733
731	7176	0	0	0	1	0	2.255009
732	7183	0	0	0	2	0	1.681606
733	7193	0	0	0	0	0	1.317518
734	7202	0	0	0	1	0	1.307279
735	7219	0	0	0	0	0	2.127189
736	7232	0	0	0	0	0	1.708614
737	7246	0	0	0	1	0	2.897193
738	7253	0	0	0	0	0	2.905051
739	7263	0	0	0	1	0	2.367799
740	7273	0	0	0	0	0	2.910300
741	7282	0	0	0	0	0	2.277602
742	7291	0	0	0	1	0	2.122472
743	7304	0	0	0	0	0	2.142680
744	7313	0	0	0	1	0	1.795952
745	7325	0	0	0	0	0	1.826568
746	7333	0	0	0	1	0	2.272425
747	7343	0	0	0	0	0	2.256750
748	7349	0	0	0	1	0	2.170926
749	7366	0	0	0	0	0	2.263767
750	7376	0	0	0	2	0	2.082597
751	7383	0	0	0	0	0	1.283230
752	7395	0	0	0	0	0	2.102895
753	7400	0	0	0	0	0	1.096221
754	7405	0	0	0	0	0	1.918324
755	7415	0	0	0	0	0	2.226515
756	7420	0	0	0	0	0	2.704853
757	7433	0	0	0	1	0	2.868115
758	7441	0	0	0	1	0	2.511877
759	7450	0	0	0	1	0	2.161915
760	7457	0	0	0	0	0	2.266387
761	7469	0	0	0	0	0	1.543027
762	7476	0	0	0	2	0	1.246843
763	7483	0	0	0	2	0	2.059442
764	7493	0	0	0	0	0	2.298342
765	7504	0	0	0	2	0	2.270822
766	7513	0	0	0	1	0	1.104070
767	7519	0	0	0	1	0	1.506702
768	7529	0	0	0	1	0	1.375909
769	7539	0	0	0	0	0	2.616743
770	7548	0	0	0	1	0	2.597002
771	7560	0	0	0	0	0	1.226987
772	7568	0	0	0	0	0	1.784301
773	7576	0	0	0	1	0	1.391413
774	7586	0	0	0	1	0	1.191006
775	7595	0	0	0	2	0	1.979031
776	7603	0	0	0	0	0	2.582055
777	7611	0	0	0	1	0	2.272504
778	7626	0	0	0	0	0	2.307127
779	7634	0	0	0	0	0	1.856851
780	7640	0	0	0	1	0	2.185442
781	7649	0	0	0	1	0	2.375498
782	7661	0	0	0	2	0	2.710248
783	7669	0	0	0	2	0	2.292589
784	7677	0	0	0	0	0	1.218739
785	7687	0	0	0	2	0	2.407024
786	7694	0	0	0	0	0	1.083959
787	7704	0	0	0	2	0	2.954397
788	7715	0	0	0	0	0	1.886453
789	7728	0	0	0	0	0	1.392005
790	7730	0	0	0	1	0	2.632967
791	7746	0	0	0	1	0	2.875726
792	7755	0	0	0	0	0	2.663309
793	7762	0	0	0	2	0	2.242561
794	7775	0	0	0	0	0	2.672923
795	7783	0	0	0	0	0	1.252738
796	7799	0	0	0	1	0	1.252827
797	7812	0	0	0	1	0	2.777261
798	7820	0	0	0	1	0	2.332741
799	7828	0	0	0	0	0	2.295178
800	7840	0	0	0	0	0	2.281314
801	7845	0	0	0	0	0	1.888151
802	7858	0	0	0	0	0	1.342676
803	7865	0	0	0	0	0	1.429191
804	7872	0	0	0	0	0	2.539108
805	7879	0	0	0	1	0	2.863434
806	7889	0	0	0	2	0	1.381199
807	7899	0	0	0	1	0	1.674459
808	7909	0	0	0	2	0	1.015715
809	7919	0	0	0	0	0	2.712096
810	7934	0	0	0	1	0	1.620452
811	7936	0	0	0	0	0	2.926225
812	7944	0	0	0	2	0	2.004913
813	7952	0	0	0	1	0	2.566764
814	7958	0	0	0	2	0	1.904367
815	7968	0	0	0	1	0	2.236460
816	7982	0	0	0	0	0	2.970070
817	7997	0	0	0	2	0	2.189153
818	8008	0	0	0	1	0	1.848109
819	8017	0	0	0	2	0	2.833390
820	8026	0	0	0	0	0	1.537002
821	8040	0	0	0	1	0	1.591910
822	8052	0	0	0	1	0	2.873841
823	8062	0	0	0	1	0	1.046104
824	8073	0	0	0	1	0	1.351259
825	8086	0	0	0	0	0	1.462232
826	8094	0	0	0	0	0	1.631759
827	8104	0	0	0	0	0	2.112668
828	8113	0	0	0	0	0	2.682220
829	8129	0	0	0	1	0	2.673157
830	8140	0	0	0	2	0	1.380656
831	8152	0	0	0	0	0	2.086032
832	8162	0	0	0	1	0	1.677435
833	8175	0	0	0	1	0	2.497542
834	8180	0	0	0	1	0	2.975544
835	8191	0	0	0	0	0	2.650549
836	8204	0	0	0	2	0	1.385991
837	8217	0	0	0	1	0	1.563070
838	8228	0	0	0	2	0	1.856245
839	8240	0	0	0	2	0	2.281230
840	8245	0	0	0	1	0	2.550123
841	8255	0	0	0	2	0	1.283375
842	8268	0	0	0	0	0	2.407212
843	8280	0	0	0	1	0	2.926546
844	8290	0	0	0	0	0	2.408142
845	8306	0	0	0	2	0	1.756366
846	8318	0	0	0	0	0	2.207680
847	8328	0	0	0	2	0	1.732152
848	8338	0	0	0	0	0	1.518936
849	8349	0	0	0	1	0	2.416141
850	8369	0	0	0	1	0	2.257157
851	8380	0	0	0	1	0	1.578986
852	8393	0	0	0	1	0	2.973538
853	8404	0	0	0	2	0	2.314654
854	8409	0	0	0	0	0	1.648438
855	8419	0	0	0	1	0	1.326148
856	8430	0	0	0	0	0	1.810017
857	8441	0	0	0	0	0	1.731804
858	8451	0	0	0	0	0	2.204176
859	8458	0	0	0	1	0	2.909353
860	8472	0	0	0	1	0	1.520493
861	8486	0	0	0	1	0	2.418252
862	8491	0	0	0	1	0	2.688662
863	8497	0	0	0	0	0	1.009158
864	8510	0	0	0	1	0	2.877282
865	8521	0	0	0	0	0	2.268578
866	8532	0	0	0	0	0	2.833596
867	8547	0	0	0	0	0	2.958325
868	8559	0	0	0	1	0	1.205836
869	8571	0	0	0	0	0	2.432373
870	8580	0	0	0	1	0	1.919167
871	8592	0	0	0	1	0	1.216341
872	8606	0	0	0	1	0	2.607271
873	8617	0	0	0	1	0	1.499166
874	8625	0	0	0	1	0	1.818574
875	8636	0	0	0	1	0	2.973636
876	8645	0	0	0	2	0	1.720719
877	8658	0	0	0	1	0	1.267503
878	8664	0	0	0	0	0	2.346139
879	8674	0	0	0	1	0	1.475563
880	8679	0	0	0	1	0	2.071915
881	8690	0	0	0	0	0	1.392354
882	8700	0	0	0	2	0	2.015864
883	8709	0	0	0	2	0	1.915985
884	8723	0	0	0	2	0	2.407371
885	8734	0	0	0	1	0	2.138460
886	8740	0	0	0	0	0	1.435400
887	8750	0	0	0	2	0	1.108208
888	8760	0	0	0	1	0	1.888688
889	8768	0	0	0	0	0	2.981016
890	8776	0	0	0	2	0	2.294544
891	8782	0	0	0	1	0	2.349767
892	8796	0	0	0	1	0	2.564935
893	8812	0	0	0	2	0	2.628710
894	8827	0	0	0	1	0	2.550250
895	8835	0	0	0	0	0	2.206837
896	8848	0	0	0	1	0	2.867048
897	8855	0	0	0	1	0	2.364481
898	8871	0	0	0	0	0	2.657459
899	8881	0	0	0	2	0	1.951818
900	8889	0	0	0	0	0	1.679931
901	8899	0	0	0	0	0	2.760966
902	8910	0	0	0	1	0	1.411263
903	8920	0	0	0	0	0	1.238093
904	8931	0	0	0	1	0	2.740623
905	8940	0	0	0	1	0	2.737426
906	8945	0	0	0	2	0	1.202140
907	8956	0	0	0	1	0	2.855483
908	8969	0	0	0	2	0	1.964957
909	8978	0	0	0	2	0	1.876703
910	8985	0	0	0	1	0	1.066282
911	9005	0	0	0	0	0	2.605609
912	9015	0	0	0	1	0	2.887038
913	9026	0	0	0	0	0	2.926433
914	9034	0	0	0	0	0	1.639779
915	9043	0	0	0	1	0	2.434446
916	9050	0	0	0	2	0	2.448895
917	9059	0	0	0	1	0	2.118524
918	9069	0	0	0	1	0	1.551542
919	9077	0	0	0	2	0	1.636637
920	9087	0	0	0	1	0	2.354824
921	9095	0	0	0	1	0	1.000647
922	9111	0	0	0	1	0	2.923873
923	9124	0	0	0	0	0	1.689437
924	9135	0	0	0	2	0	2.926048
925	9144	0	0	0	1	0	2.183956
926	9156	0	0	0	2	0	2.669998
927	9166	0	0	0	1	0	2.251221
928	9180	0	0	0	0	0	2.292107
929	9192	0	0	0	0	0	2.450115
930	9200	0	0	0	0	0	1.677062
931	9209	0	0	0	2	0	2.652880
932	9216	0	0	0	1	0	1.138533
933	9224	0	0	0	1	0	1.545286
934	9238	0	0	0	0	0	2.111231
935	9245	0	0	0	1	0	2.576990
936	9254	0	0	0	1	0	2.679991
937	9263	0	0	0	2	0	2.622373
938	9282	0	0	0	2	0	2.259619
939	9290	0	0	0	2	0	2.556686
940	9301	0	0	0	2	0	2.390277
941	9313	0	0	0	0	0	1.826675
942	9326	0	0	0	0	0	2.471487
943	9333	0	0	0	0	0	2.211752
944	9343	0	0	0	1	0	2.973904
945	9351	0	0	0	0	0	1.397721
946	9361	0	0	0	1	0	2.917649
947	9371	0	0	0	2	0	2.982584
948	9382	0	0	0	0	0	2.711050
949	9389	0	0	0	1	0	2.654589
950	9409	0	0	0	2	0	1.449839
951	9420	0	0	0	0	0	2.451622
952	9434	0	0	0	1	0	1.660586
953	9443	0	0	0	2	0	1.000604
954	9459	0	0	0	0	0	1.161113
955	9466	0	0	0	1	0	2.068160
956	9477	0	0	0	2	0	2.905701
957	9484	0	0	0	0	0	1.343735
958	9492	0	0	0	2	0	2.633481
959	9505	0	0	0	2	0	2.067048
960	9516	0	0	0	0	0	1.094550
961	9524	0	0	0	1	0	2.393050
962	9532	0	0	0	1	0	1.615426
963	9543	0	0	0	0	0	2.900212
964	9560	0	0	0	2	0	2.792695
965	9567	0	0	0	0	0	2.404104
966	9580	0	0	0	0	0	1.311431
967	9590	0	0	0	2	0	1.194666
968	9599	0	0	0	0	0	1.676183
969	9607	0	0	0	2	0	2.015602
970	9621	0	0	0	1	0	1.769609
971	9630	0	0	0	0	0	2.328481
972	9645	0	0	0	1	0	2.518893
973	9656	0	0	0	2	0	1.812332
974	9664	0	0	0	1	0	1.420550
975	9669	0	0	0	0	0	1.317451
976	9679	0	0	0	0	0	1.900756
977	9687	0	0	0	1	0	1.088114
978	9692	0	0	0	0	0	2.862110
979	9700	0	0	0	1	0	2.933795
980	9711	0	0	0	1	0	2.957757
981	9723	0	0	0	1	0	1.383835
982	9735	0	0	0	1	0	1.663652
983	9742	0	0	0	1	0	2.457795
984	9751	0	0	0	0	0	1.766867
985	9763	0	0	0	2	0	1.751982
986	9772	0	0	0	2	0	1.481300
987	9783	0	0	0	2	0	2.860522
988	9791	0	0	0	2	0	2.233383
989	9799	0	0	0	0	0	1.233364
990	9807	0	0	0	2	0	2.927514
991	9815	0	0	0	1	0	1.410382
992	9834	0	0	0	0	0	2.075020
993	9848	0	0	0	0	0	1.536852
994	9853	0	0	0	0	0	1.696091
995	9863	0	0	0	1	0	2.345432
996	9875	0	0	0	0	0	2.888978
997	9886	0	0	0	1	0	1.638161
998	9894	0	0	0	2	0	2.787645
999	9908	0	0	0	0	0	1.013615
