0	1	0	0	0	2	0	2.847725
1	12	0	0	0	1	0	2.893036
2	25	0	0	0	2	0	1.930423
3	30	0	0	0	2	0	1.748381
4	46	0	0	0	0	0	2.602745
5	59	0	0	0	1	0	1.400523
6	76	0	0	0	0	0	2.470268
7	83	0	0	0	0	0	1.199674
8	91	0	0	0	1	0	1.359842
9	98	0	0	0	0	0	1.069226
10	105	0	0	0	0	0	2.895218
11	118	0	0	0	0	0	2.466763
12	129	0	0	0	1	0	1.023670
13	139	0	0	0	0	0	1.288068
14	154	0	0	0	2	0	1.060707
15	163	0	0	0	0	0	1.489899
16	170	0	0	0	0	0	2.186833
17	180	0	0	0	1	0	1.334167
18	195	0	0	0	1	0	1.405631
19	209	0	0	0	0	0	1.517516
20	214	0	0	0	1	0	1.487545
21	225	0	0	0	0	0	1.929550
22	237	0	0	0	1	0	2.306398
23	246	0	0	0	2	0	1.657731
24	255	0	0	0	0	0	2.368546
25	273	0	0	0	1	0	1.522051
26	289	0	0	0	2	0	2.509026
27	297	0	0	0	1	0	1.303777
28	311	0	0	0	0	0	2.192751
29	325	0	0	0	1	0	2.916212
30	338	0	0	0	1	0	2.574015
31	346	0	0	0	2	0	1.013884
32	352	0	0	0	0	0	2.128857
33	360	0	0	0	0	0	2.849355
34	370	0	0	0	2	0	1.923760
35	380	0	0	0	0	0	2.954816
36	393	0	0	0	1	0	2.343046
37	399	0	0	0	1	0	1.558720
38	406	0	0	0	2	0	2.801510
39	413	0	0	0	0	0	2.431260
40	423	0	0	0	0	0	2.517195
41	428	0	0	0	1	0	2.954534
42	430	0	0	0	0	0	1.210039
43	441	0	0	0	1	0	1.307381
44	449	0	0	0	1	0	1.534627
45	459	0	0	0	0	0	1.952484
46	469	0	0	0	0	0	1.050853
47	483	0	0	0	2	0	2.016565
48	493	0	0	0	1	0	1.183788
49	504	0	0	0	0	0	2.958153
50	517	0	0	0	2	0	1.857177
51	524	0	0	0	1	0	2.368403
52	535	0	0	0	0	0	1.421382
53	545	0	0	0	2	0	2.322513
54	556	0	0	0	1	0	1.729527
55	568	0	0	0	1	0	1.010969
56	580	0	0	0	1	0	2.688890
57	591	0	0	0	0	0	2.272317
58	606	0	0	0	2	0	2.065026
59	613	0	0	0	2	0	1.259767
60	619	0	0	0	2	0	1.772754
61	633	0	0	0	2	0	1.178000
62	643	0	0	0	0	0	1.489391
63	653	0	0	0	0	0	1.835782
64	661	0	0	0	0	0	2.066530
65	674	0	0	0	1	0	1.105394
66	682	0	0	0	1	0	2.907189
67	690	0	0	0	1	0	2.814962
68	708	0	0	0	1	0	1.387432
69	716	0	0	0	0	0	2.426110
70	724	0	0	0	0	0	1.362257
71	736	0	0	0	1	0	1.713066
72	741	0	0	0	0	0	1.433073
73	748	0	0	0	2	0	2.732317
74	756	0	0	0	0	0	1.918178
75	764	0	0	0	1	0	1.525283
76	772	0	0	0	0	0	2.506116
77	777	0	0	0	2	0	2.911531
78	791	0	0	0	2	0	1.758092
79	800	0	0	0	0	0	1.229587
80	809	0	0	0	1	0	1.284170
81	818	0	0	0	2	0	2.779017
82	831	0	0	0	2	0	1.082532
83	845	0	0	0	0	0	2.616097
84	853	0	0	0	1	0	2.702224
85	863	0	0	0	0	0	2.070442
86	870	0	0	0	0	0	2.731719
87	874	0	0	0	0	0	2.374945
88	883	0	0	0	1	0	2.272438
89	896	0	0	0	0	0	1.489222
90	903	0	0	0	2	0	2.285066
91	911	0	0	0	1	0	1.432723
92	915	0	0	0	1	0	1.110193
93	922	0	0	0	0	0	1.806866
94	934	0	0	0	0	0	2.358526
95	942	0	0	0	2	0	1.831702
96	951	0	0	0	0	0	2.331788
97	957	0	0	0	0	0	1.765972
98	971	0	0	0	0	0	1.949216
99	979	0	0	0	1	0	1.268952
100	990	0	0	0	2	0	1.151290
101	998	0	0	0	0	0	1.958488
102	1009	0	0	0	1	0	2.403611
103	1020	0	0	0	1	0	2.919732
104	1029	0	0	0	0	0	1.239169
105	1039	0	0	0	0	0	2.280099
106	1049	0	0	0	0	0	2.567804
107	1054	0	0	0	0	0	1.608402
108	1061	0	0	0	1	0	1.313423
109	1067	0	0	0	0	0	2.440958
110	1074	0	0	0	0	0	1.220594
111	1084	0	0	0	0	0	1.936501
112	1094	0	0	0	1	0	2.367697
113	1104	0	0	0	1	0	2.596713
114	1115	0	0	0	1	0	2.239646
115	1119	0	0	0	1	0	2.998720
116	1129	0	0	0	1	0	1.944377
117	1141	0	0	0	1	0	2.808336
118	1145	0	0	0	1	0	2.965543
119	1157	0	0	0	0	0	1.688433
120	1169	0	0	0	1	0	1.466231
121	1176	0	0	0	0	0	1.584001
122	1186	0	0	0	2	0	2.474466
123	1197	0	0	0	2	0	2.247819
124	1208	0	0	0	0	0	1.710926
125	1214	0	0	0	1	0	2.222313
126	1226	0	0	0	0	0	2.613682
127	1234	0	0	0	0	0	2.216820
128	1253	0	0	0	2	0	1.797700
129	1264	0	0	0	2	0	2.305537
130	1274	0	0	0	0	0	2.009284
131	1285	0	0	0	0	0	1.060229
132	1290	0	0	0	0	0	2.416862
133	1306	0	0	0	0	0	1.482794
134	1320	0	0	0	2	0	2.177755
135	1331	0	0	0	0	0	2.740917
136	1339	0	0	0	1	0	2.452376
137	1351	0	0	0	2	0	2.879937
138	1362	0	0	0	0	0	2.632003
139	1372	0	0	0	2	0	2.021996
140	1381	0	0	0	1	0	2.490873
141	1393	0	0	0	2	0	2.259228
142	1409	0	0	0	1	0	2.263562
143	1418	0	0	0	1	0	1.871573
144	1429	0	0	0	1	0	2.679972
145	1432	0	0	0	2	0	1.928405
146	1446	0	0	0	0	0	1.615592
147	1459	0	0	0	1	0	2.685910
148	1470	0	0	0	2	0	2.947695
149	1482	0	0	0	2	0	2.366489
150	1491	0	0	0	1	0	1.630728
151	1505	0	0	0	2	0	1.206640
152	1519	0	0	0	1	0	1.678227
153	1523	0	0	0	0	0	2.519954
154	1532	0	0	0	2	0	2.979641
155	1546	0	0	0	1	0	1.768214
156	1554	0	0	0	0	0	2.107986
157	1566	0	0	0	0	0	1.612638
158	1577	0	0	0	0	0	1.498991
159	1589	0	0	0	1	0	2.564745
160	1602	0	0	0	0	0	2.115437
161	1607	0	0	0	1	0	1.160351
162	1615	0	0	0	1	0	1.759716
163	1630	0	0	0	0	0	1.330394
164	1639	0	0	0	2	0	2.355179
165	1646	0	0	0	0	0	2.011827
166	1652	0	0	0	0	0	2.041253
167	1661	0	0	0	0	0	1.895834
168	1671	0	0	0	2	0	1.455507
169	1677	0	0	0	2	0	2.352275
170	1687	0	0	0	0	0	1.608133
171	1694	0	0	0	2	0	2.713954
172	1701	0	0	0	0	0	2.928966
173	1712	0	0	0	1	0	1.516731
174	1719	0	0	0	0	0	1.348821
175	1731	0	0	0	0	0	2.105209
176	1742	0	0	0	2	0	2.714300
177	1752	0	0	0	2	0	1.791684
178	1761	0	0	0	1	0	1.023273
179	1766	0	0	0	0	0	2.356760
180	1773	0	0	0	1	0	1.158635
181	1777	0	0	0	1	0	2.059625
182	1787	0	0	0	0	0	1.266370
183	1793	0	0	0	1	0	1.457097
184	1804	0	0	0	0	0	2.151760
185	1811	0	0	0	0	0	1.330001
186	1825	0	0	0	1	0	1.760032
187	1837	0	0	0	2	0	2.549842
188	1845	0	0	0	1	0	2.312067
189	1859	0	0	0	0	0	1.545698
190	1866	0	0	0	1	0	1.815481
191	1878	0	0	0	0	0	2.236851
192	1889	0	0	0	0	0	2.970161
193	1895	0	0	0	1	0	2.775127
194	1907	0	0	0	0	0	1.982141
195	1917	0	0	0	0	0	1.946385
196	1926	0	0	0	2	0	1.679684
197	1936	0	0	0	0	0	2.223292
198	1945	0	0	0	0	0	2.473044
199	1955	0	0	0	0	0	2.884447
200	1962	0	0	0	0	0	2.809776
201	1970	0	0	0	0	0	2.857165
202	1979	0	0	0	2	0	2.740567
203	1986	0	0	0	0	0	2.388949
204	1990	0	0	0	0	0	2.319041
205	1996	0	0	0	1	0	2.879664
206	2003	0	0	0	2	0	1.176027
207	2016	0	0	0	0	0	2.922430
208	2026	0	0	0	1	0	2.910557
209	2037	0	0	0	1	0	1.163681
210	2048	0	0	0	0	0	1.038563
211	2061	0	0	0	1	0	2.693836
212	2070	0	0	0	0	0	1.189127
213	2082	0	0	0	0	0	2.790805
214	2095	0	0	0	2	0	1.955967
215	2103	0	0	0	2	0	1.836375
216	2115	0	0	0	1	0	2.762029
217	2121	0	0	0	0	0	1.492961
218	2130	0	0	0	1	0	1.579013
219	2138	0	0	0	1	0	2.332250
220	2143	0	0	0	1	0	2.298372
221	2152	0	0	0	2	0	2.292858
222	2166	0	0	0	2	0	1.552560
223	2173	0	0	0	2	0	2.047639
224	2183	0	0	0	0	0	1.553223
225	2194	0	0	0	1	0	1.051451
226	2207	0	0	0	2	0	1.488709
227	2217	0	0	0	1	0	1.544681
228	2226	0	0	0	1	0	2.442659
229	2237	0	0	0	2	0	1.655686
230	2241	0	0	0	0	0	1.068211
231	2253	0	0	0	0	0	2.490009
232	2262	0	0	0	1	0	1.778245
233	2277	0	0	0	0	0	2.673486
234	2287	0	0	0	1	0	2.564680
235	2295	0	0	0	2	0	2.770869
236	2301	0	0	0	0	0	1.171715
237	2312	0	0	0	2	0	1.943245
238	2326	0	0	0	0	0	1.007890
239	2336	0	0	0	1	0	2.276206
240	2340	0	0	0	1	0	1.911874
241	2349	0	0	0	0	0	1.953458
242	2359	0	0	0	0	0	2.094794
243	2370	0	0	0	2	0	2.525008
244	2384	0	0	0	1	0	1.034905
245	2397	0	0	0	1	0	2.580453
246	2402	0	0	0	1	0	1.998027
247	2412	0	0	0	1	0	1.049657
248	2417	0	0	0	2	0	2.228302
249	2422	0	0	0	0	0	2.112977
250	2431	0	0	0	2	0	2.035931
251	2440	0	0	0	0	0	1.295535
252	2447	0	0	0	0	0	1.184648
253	2452	0	0	0	0	0	2.255828
254	2459	0	0	0	0	0	1.556716
255	2469	0	0	0	0	0	1.640534
256	2480	0	0	0	2	0	2.558733
257	2491	0	0	0	0	0	2.800021
258	2498	0	0	0	1	0	2.909081
259	2505	0	0	0	0	0	2.328571
260	2507	0	0	0	1	0	1.714177
261	2514	0	0	0	1	0	1.134110
262	2528	0	0	0	0	0	2.078379
263	2536	0	0	0	1	0	1.325231
264	2549	0	0	0	2	0	2.548152
265	2559	0	0	0	1	0	1.311820
266	2564	0	0	0	0	0	1.387106
267	2574	0	0	0	1	0	2.945724
268	2590	0	0	0	2	0	2.930919
269	2598	0	0	0	0	0	1.350581
270	2610	0	0	0	1	0	1.480914
271	2623	0	0	0	1	0	2.233793
272	2627	0	0	0	1	0	2.562677
273	2635	0	0	0	0	0	1.562359
274	2645	0	0	0	2	0	2.757847
275	2654	0	0	0	2	0	2.184047
276	2666	0	0	0	1	0	1.421412
277	2670	0	0	0	1	0	1.467969
278	2683	0	0	0	1	0	2.373375
279	2687	0	0	0	0	0	1.365932
280	2694	0	0	0	1	0	1.558618
281	2705	0	0	0	0	0	1.987363
282	2723	0	0	0	1	0	2.947703
283	2727	0	0	0	0	0	2.624285
284	2734	0	0	0	2	0	2.272937
285	2746	0	0	0	2	0	2.450376
286	2757	0	0	0	2	0	1.797134
287	2766	0	0	0	0	0	1.871946
288	2777	0	0	0	0	0	2.474831
289	2790	0	0	0	0	0	1.514872
290	2795	0	0	0	0	0	2.320640
291	2801	0	0	0	1	0	1.606310
292	2809	0	0	0	0	0	1.505993
293	2819	0	0	0	2	0	1.098069
294	2834	0	0	0	2	0	2.707768
295	2846	0	0	0	0	0	1.883243
296	2856	0	0	0	0	0	2.936313
297	2875	0	0	0	2	0	2.254085
298	2884	0	0	0	0	0	1.782284
299	2891	0	0	0	0	0	1.451829
300	2898	0	0	0	1	0	1.613301
301	2905	0	0	0	2	0	2.747612
302	2910	0	0	0	0	0	2.088558
303	2919	0	0	0	0	0	1.198814
304	2931	0	0	0	2	0	2.640740
305	2946	0	0	0	0	0	2.172183
306	2953	0	0	0	2	0	2.977189
307	2962	0	0	0	0	0	1.477171
308	2974	0	0	0	2	0	2.140097
309	2983	0	0	0	2	0	2.339341
310	2992	0	0	0	1	0	2.440835
311	3008	0	0	0	0	0	1.003198
312	3018	0	0	0	0	0	1.013793
313	3029	0	0	0	2	0	2.420322
314	3040	0	0	0	1	0	2.847072
315	3047	0	0	0	0	0	1.566979
316	3056	0	0	0	2	0	2.030420
317	3076	0	0	0	2	0	1.034529
318	3083	0	0	0	0	0	1.451251
319	3089	0	0	0	1	0	2.755418
320	3100	0	0	0	1	0	1.461902
321	3115	0	0	0	2	0	2.891342
322	3123	0	0	0	1	0	1.650049
323	3131	0	0	0	1	0	2.244015
324	3139	0	0	0	0	0	2.771311
325	3151	0	0	0	0	0	2.939703
326	3163	0	0	0	0	0	1.632436
327	3176	0	0	0	1	0	2.785822
328	3192	0	0	0	0	0	1.653946
329	3205	0	0	0	0	0	1.019093
330	3211	0	0	0	2	0	1.333092
331	3221	0	0	0	1	0	1.209244
332	3233	0	0	0	1	0	2.395161
333	3241	0	0	0	0	0	1.979401
334	3256	0	0	0	1	0	2.160778
335	3263	0	0	0	1	0	2.580032
336	3274	0	0	0	0	0	2.409345
337	3286	0	0	0	2	0	1.625908
338	3299	0	0	0	1	0	2.706892
339	3307	0	0	0	1	0	2.792393
340	3316	0	0	0	2	0	1.221753
341	3323	0	0	0	1	0	1.435806
342	3331	0	0	0	2	0	1.437751
343	3342	0	0	0	2	0	1.241381
344	3355	0	0	0	1	0	2.267018
345	3368	0	0	0	1	0	2.361733
346	3386	0	0	0	0	0	2.092506
347	3400	0	0	0	0	0	2.489758
348	3405	0	0	0	2	0	1.588016
349	3414	0	0	0	1	0	1.838532
350	3428	0	0	0	0	0	2.996723
351	3440	0	0	0	0	0	1.524490
352	3447	0	0	0	0	0	1.313177
353	3457	0	0	0	1	0	1.012831
354	3467	0	0	0	0	0	1.867467
355	3477	0	0	0	0	0	1.648398
356	3492	0	0	0	1	0	2.295326
357	3508	0	0	0	0	0	2.440687
358	3512	0	0	0	2	0	1.870302
359	3521	0	0	0	1	0	1.238119
360	3533	0	0	0	0	0	2.563229
361	3545	0	0	0	0	0	2.178725
362	3553	0	0	0	0	0	2.293851
363	3562	0	0	0	0	0	2.303769
364	3569	0	0	0	0	0	1.187880
365	3579	0	0	0	2	0	2.106962
366	3592	0	0	0	1	0	2.641047
367	3607	0	0	0	1	0	2.199479
368	3611	0	0	0	1	0	1.408169
369	3619	0	0	0	0	0	1.974007
370	3631	0	0	0	0	0	1.689387
371	3646	0	0	0	1	0	2.776062
372	3651	0	0	0	0	0	1.669838
373	3666	0	0	0	1	0	2.808467
374	3680	0	0	0	2	0	2.433328
375	3689	0	0	0	1	0	1.811441
376	3698	0	0	0	2	0	2.304537
377	3707	0	0	0	0	0	1.005123
378	3718	0	0	0	1	0	1.402956
379	3727	0	0	0	2	0	2.086054
380	3735	0	0	0	1	0	1.892946
381	3743	0	0	0	2	0	2.820357
382	3748	0	0	0	2	0	1.392777
383	3757	0	0	0	0	0	1.923381
384	3773	0	0	0	1	0	2.425002
385	3784	0	0	0	1	0	1.765105
386	3801	0	0	0	0	0	2.592089
387	3812	0	0	0	0	0	2.201280
388	3819	0	0	0	1	0	2.033363
389	3826	0	0	0	0	0	2.958642
390	3838	0	0	0	0	0	1.215234
391	3847	0	0	0	2	0	2.366370
392	3854	0	0	0	2	0	1.590774
393	3859	0	0	0	0	0	2.182297
394	3870	0	0	0	0	0	1.444709
395	3881	0	0	0	1	0	1.565890
396	3888	0	0	0	0	0	1.652803
397	3901	0	0	0	0	0	1.346493
398	3913	0	0	0	0	0	1.846442
399	3924	0	0	0	0	0	1.560816
400	3937	0	0	0	2	0	1.463625
401	3952	0	0	0	1	0	2.244254
402	3970	0	0	0	0	0	1.678766
403	3977	0	0	0	0	0	2.436999
404	3990	0	0	0	0	0	2.327421
405	4004	0	0	0	0	0	2.783359
406	4017	0	0	0	2	0	2.616254
407	4030	0	0	0	0	0	1.130642
408	4037	0	0	0	1	0	2.331648
409	4046	0	0	0	0	0	2.622227
410	4054	0	0	0	2	0	1.088432
411	4060	0	0	0	2	0	2.623210
412	4069	0	0	0	2	0	1.046918
413	4084	0	0	0	2	0	2.752334
414	4098	0	0	0	1	0	2.662837
415	4107	0	0	0	2	0	2.203430
416	4119	0	0	0	1	0	2.139218
417	4126	0	0	0	0	0	2.062289
418	4134	0	0	0	0	0	1.173923
419	4149	0	0	0	0	0	2.507483
420	4161	0	0	0	2	0	2.021610
421	4164	0	0	0	1	0	1.931539
422	4180	0	0	0	0	0	1.603641
423	4188	0	0	0	1	0	1.628688
424	4200	0	0	0	1	0	1.188978
425	4217	0	0	0	2	0	2.729218
426	4224	0	0	0	2	0	2.815300
427	4233	0	0	0	1	0	2.100026
428	4245	0	0	0	2	0	2.929890
429	4255	0	0	0	2	0	2.151332
430	4261	0	0	0	1	0	2.325169
431	4271	0	0	0	0	0	1.915027
432	4280	0	0	0	1	0	2.165158
433	4290	0	0	0	2	0	1.754328
434	4298	0	0	0	0	0	2.119536
435	4308	0	0	0	1	0	2.588204
436	4321	0	0	0	1	0	2.943689
437	4332	0	0	0	1	0	2.802245
438	4342	0	0	0	2	0	2.294515
439	4353	0	0	0	0	0	2.752146
440	4359	0	0	0	1	0	1.797365
441	4367	0	0	0	2	0	1.518605
442	4373	0	0	0	2	0	1.539073
443	4384	0	0	0	2	0	1.905690
444	4393	0	0	0	0	0	2.370789
445	4409	0	0	0	1	0	2.597207
446	4420	0	0	0	1	0	1.788373
447	4427	0	0	0	0	0	1.083507
448	4435	0	0	0	1	0	1.544896
449	4451	0	0	0	0	0	1.346463
450	4456	0	0	0	1	0	1.995692
451	4468	0	0	0	0	0	2.514191
452	4478	0	0	0	1	0	1.833500
453	4489	0	0	0	0	0	2.557261
454	4496	0	0	0	2	0	1.314160
455	4505	0	0	0	0	0	2.293177
456	4513	0	0	0	2	0	1.223528
457	4523	0	0	0	1	0	1.920514
458	4531	0	0	0	1	0	1.484162
459	4544	0	0	0	2	0	1.844360
460	4547	0	0	0	2	0	2.152441
461	4556	0	0	0	2	0	1.733575
462	4569	0	0	0	1	0	1.502786
463	4582	0	0	0	2	0	2.625234
464	4593	0	0	0	0	0	1.855246
465	4604	0	0	0	1	0	2.312359
466	4609	0	0	0	0	0	1.584775
467	4621	0	0	0	2	0	1.616185
468	4634	0	0	0	2	0	2.208833
469	4641	0	0	0	1	0	2.657234
470	4650	0	0	0	1	0	2.713534
471	4660	0	0	0	0	0	1.175099
472	4674	0	0	0	0	0	2.560533
473	4685	0	0	0	1	0	1.408910
474	4694	0	0	0	2	0	2.625920
475	4709	0	0	0	1	0	1.582353
476	4717	0	0	0	0	0	1.875414
477	4727	0	0	0	0	0	2.293478
478	4735	0	0	0	0	0	2.920051
479	4743	0	0	0	2	0	2.300028
480	4753	0	0	0	2	0	2.779873
481	4764	0	0	0	0	0	1.355278
482	4779	0	0	0	0	0	1.540433
483	4797	0	0	0	0	0	2.168838
484	4807	0	0	0	0	0	2.797754
485	4815	0	0	0	0	0	1.741342
486	4822	0	0	0	1	0	2.292778
487	4829	0	0	0	1	0	2.675591
488	4839	0	0	0	1	0	1.810294
489	4848	0	0	0	1	0	2.181049
490	4861	0	0	0	0	0	2.632216
491	4871	0	0	0	1	0	2.316237
492	4888	0	0	0	0	0	1.966687
493	4895	0	0	0	0	0	2.086351
494	4905	0	0	0	1	0	2.300463
495	4912	0	0	0	0	0	1.464272
496	4922	0	0	0	0	0	2.890134
497	4929	0	0	0	1	0	1.162827
498	4938	0	0	0	0	0	2.898534
499	4948	0	0	0	1	0	1.306089
500	4956	0	0	0	1	0	2.042727
501	4966	0	0	0	2	0	2.821980
502	4974	0	0	0	2	0	1.818950
503	4981	0	0	0	1	0	2.594168
504	4991	0	0	0	0	0	1.556546
505	5005	0	0	0	0	0	2.332004
506	5016	0	0	0	1	0	1.502895
507	5030	0	0	0	0	0	1.944633
508	5035	0	0	0	2	0	2.950696
509	5050	0	0	0	1	0	2.441136
510	5060	0	0	0	2	0	1.715980
511	5073	0	0	0	1	0	2.555102
512	5084	0	0	0	0	0	1.313780
513	5094	0	0	0	0	0	2.532447
514	5101	0	0	0	2	0	1.379940
515	5109	0	0	0	0	0	1.654012
516	5116	0	0	0	0	0	2.096007
517	5125	0	0	0	0	0	1.998701
518	5130	0	0	0	2	0	1.037686
519	5138	0	0	0	1	0	2.023256
520	5153	0	0	0	2	0	2.136459
521	5165	0	0	0	0	0	1.009513
522	5173	0	0	0	1	0	1.958653
523	5181	0	0	0	1	0	1.950567
524	5193	0	0	0	0	0	2.071605
525	5207	0	0	0	2	0	1.622230
526	5214	0	0	0	2	0	1.066715
527	5222	0	0	0	0	0	2.295193
528	5231	0	0	0	2	0	1.470492
529	5242	0	0	0	0	0	2.491145
530	5254	0	0	0	0	0	1.663242
531	5262	0	0	0	0	0	2.029509
532	5271	0	0	0	2	0	1.411926
533	5280	0	0	0	0	0	2.629443
534	5287	0	0	0	0	0	1.276229
535	5292	0	0	0	0	0	1.908828
536	5307	0	0	0	0	0	1.859246
537	5316	0	0	0	1	0	1.630377
538	5325	0	0	0	0	0	2.166853
539	5332	0	0	0	2	0	1.419370
540	5350	0	0	0	1	0	2.829065
541	5360	0	0	0	1	0	1.111916
542	5370	0	0	0	0	0	1.823028
543	5381	0	0	0	2	0	1.276178
544	5391	0	0	0	0	0	1.003816
545	5395	0	0	0	1	0	1.385881
546	5403	0	0	0	1	0	1.076384
547	5411	0	0	0	0	0	1.171333
548	5425	0	0	0	1	0	2.669429
549	5442	0	0	0	1	0	1.608356
550	5452	0	0	0	0	0	1.011372
551	5461	0	0	0	2	0	2.014935
552	5472	0	0	0	2	0	2.628559
553	5481	0	0	0	0	0	1.810896
554	5488	0	0	0	2	0	2.512513
555	5499	0	0	0	1	0	1.805015
556	5511	0	0	0	1	0	2.310631
557	5519	0	0	0	1	0	2.096078
558	5529	0	0	0	0	0	2.456547
559	5542	0	0	0	0	0	1.862531
560	5555	0	0	0	1	0	1.805176
561	5566	0	0	0	0	0	2.947723
562	5574	0	0	0	1	0	2.319682
563	5582	0	0	0	0	0	2.332978
564	5588	0	0	0	1	0	2.617056
565	5596	0	0	0	0	0	1.448143
566	5606	0	0	0	0	0	1.735068
567	5616	0	0	0	1	0	2.337078
568	5623	0	0	0	1	0	1.884549
569	5630	0	0	0	0	0	1.544333
570	5635	0	0	0	1	0	1.735802
571	5647	0	0	0	0	0	2.288020
572	5653	0	0	0	0	0	1.312903
573	5668	0	0	0	0	0	1.633480
574	5677	0	0	0	2	0	1.525928
575	5691	0	0	0	1	0	2.994064
576	5702	0	0	0	1	0	2.423769
577	5716	0	0	0	1	0	1.891426
578	5727	0	0	0	2	0	1.568371
579	5738	0	0	0	1	0	1.124031
580	5749	0	0	0	1	0	1.166762
581	5759	0	0	0	0	0	1.707938
582	5765	0	0	0	1	0	1.762492
583	5776	0	0	0	1	0	2.958984
584	5787	0	0	0	0	0	2.108312
585	5791	0	0	0	0	0	2.722986
586	5800	0	0	0	0	0	1.608023
587	5809	0	0	0	2	0	2.074054
588	5821	0	0	0	1	0	1.217157
589	5830	0	0	0	1	0	2.493878
590	5837	0	0	0	1	0	2.766748
591	5847	0	0	0	1	0	2.840943
592	5853	0	0	0	0	0	2.664186
593	5865	0	0	0	0	0	1.556159
594	5872	0	0	0	0	0	2.849840
595	5881	0	0	0	0	0	2.162285
596	5886	0	0	0	0	0	1.941637
597	5899	0	0	0	0	0	2.922964
598	5915	0	0	0	1	0	2.443345
599	5920	0	0	0	2	0	1.387327
600	5932	0	0	0	0	0	2.299245
601	5934	0	0	0	1	0	1.914899
602	5944	0	0	0	1	0	1.522311
603	5948	0	0	0	2	0	1.434383
604	5964	0	0	0	0	0	2.284596
605	5974	0	0	0	1	0	2.598877
606	5988	0	0	0	2	0	2.371290
607	6000	0	0	0	2	0	1.025603
608	6014	0	0	0	1	0	1.453244
609	6023	0	0	0	1	0	2.222583
610	6040	0	0	0	0	0	1.457651
611	6047	0	0	0	0	0	1.325210
612	6060	0	0	0	2	0	2.533198
613	6070	0	0	0	0	0	1.844108
614	6078	0	0	0	1	0	1.216922
615	6089	0	0	0	0	0	1.759953
616	6093	0	0	0	2	0	1.196188
617	6106	0	0	0	1	0	2.133648
618	6120	0	0	0	2	0	1.646390
619	6129	0	0	0	1	0	1.951569
620	6135	0	0	0	0	0	2.543064
621	6142	0	0	0	2	0	1.187622
622	6151	0	0	0	0	0	1.726187
623	6156	0	0	0	1	0	1.822944
624	6160	0	0	0	0	0	2.034053
625	6166	0	0	0	2	0	2.209354
626	6176	0	0	0	1	0	1.511133
627	6189	0	0	0	0	0	2.881026
628	6202	0	0	0	0	0	2.241997
629	6208	0	0	0	1	0	1.037392
630	6217	0	0	0	1	0	1.654538
631	6228	0	0	0	2	0	1.392679
632	6244	0	0	0	0	0	1.166715
633	6253	0	0	0	1	0	1.498957
634	6263	0	0	0	0	0	2.823788
635	6270	0	0	0	1	0	2.425806
636	6278	0	0	0	1	0	1.903885
637	6286	0	0	0	2	0	2.629317
638	6301	0	0	0	1	0	2.627705
639	6321	0	0	0	1	0	2.352293
640	6330	0	0	0	1	0	1.025663
641	6337	0	0	0	1	0	1.105466
642	6345	0	0	0	2	0	2.916912
643	6353	0	0	0	0	0	1.993200
644	6363	0	0	0	2	0	1.178438
645	6377	0	0	0	1	0	2.689546
646	6389	0	0	0	1	0	1.286478
647	6399	0	0	0	1	0	1.165423
648	6411	0	0	0	0	0	1.460027
649	6425	0	0	0	1	0	2.816682
650	6437	0	0	0	0	0	2.186956
651	6448	0	0	0	1	0	1.113912
652	6460	0	0	0	1	0	1.785172
653	6468	0	0	0	2	0	2.926924
654	6482	0	0	0	0	0	1.362111
655	6495	0	0	0	0	0	2.124786
656	6502	0	0	0	1	0	2.424304
657	6514	0	0	0	1	0	2.771798
658	6531	0	0	0	2	0	1.048292
659	6549	0	0	0	1	0	2.495785
660	6559	0	0	0	2	0	1.151668
661	6570	0	0	0	2	0	1.670480
662	6580	0	0	0	2	0	2.444900
663	6590	0	0	0	0	0	1.641642
664	6598	0	0	0	2	0	1.759664
665	6609	0	0	0	1	0	2.622754
666	6620	0	0	0	0	0	1.656717
667	6633	0	0	0	2	0	1.765439
668	6644	0	0	0	0	0	2.578238
669	6653	0	0	0	0	0	1.722818
670	6669	0	0	0	0	0	2.551471
671	6683	0	0	0	0	0	1.089862
672	6698	0	0	0	0	0	1.443455
673	6708	0	0	0	0	0	1.529164
674	6714	0	0	0	0	0	2.340188
675	6722	0	0	0	1	0	2.054965
676	6729	0	0	0	0	0	2.363041
677	6739	0	0	0	0	0	1.550894
678	6748	0	0	0	2	0	1.783946
679	6752	0	0	0	1	0	1.522224
680	6767	0	0	0	2	0	2.582412
681	6774	0	0	0	0	0	2.151464
682	6784	0	0	0	1	0	2.343292
683	6794	0	0	0	1	0	1.943068
684	6809	0	0	0	0	0	2.877717
685	6821	0	0	0	2	0	1.509350
686	6834	0	0	0	0	0	2.962753
687	6841	0	0	0	0	0	2.662231
688	6855	0	0	0	0	0	2.379581
689	6864	0	0	0	1	0	2.163095
690	6877	0	0	0	0	0	1.508558
691	6884	0	0	0	0	0	2.567638
692	6891	0	0	0	2	0	2.010815
693	6904	0	0	0	1	0	1.282989
694	6915	0	0	0	2	0	1.025801
695	6929	0	0	0	2	0	1.998918
696	6942	0	0	0	0	0	1.825091
697	6951	0	0	0	1	0	1.161040
698	6963	0	0	0	0	0	2.772202
699	6971	0	0	0	0	0	2.236817
700	6982	0	0	0	1	0	2.277701
701	6995	0	0	0	2	0	2.446326
702	7013	0	0	0	0	0	2.832554
703	7032	0	0	0	0	0	1.879840
704	7045	0	0	0	1	0	2.117348
705	7055	0	0	0	1	0	2.885267
706	7065	0	0	0	0	0	1.238560
707	7073	0	0	0	1	0	2.540269
708	7079	0	0	0	1	0	1.341287
709	7087	0	0	0	0	0	2.425561
710	7096	0	0	0	2	0	2.315314
711	7103	0	0	0	0	0	2.592959
712	7118	0	0	0	1	0	2.409959
713	7128	0	0	0	2	0	1.109606
714	7138	0	0	0	1	0	1.634968
715	7150	0	0	0	0	0	1.863762
716	7160	0	0	0	1	0	2.305338
717	7171	0	0	0	0	0	2.922448
718	7180	0	0	0	0	0	1.377323
719	7194	0	0	0	1	0	1.049545
720	7204	0	0	0	0	0	1.102208
721	7210	0	0	0	1	0	2.043871
722	7222	0	0	0	1	0	1.442172
723	7238	0	0	0	0	0	2.307925
724	7252	0	0	0	1	0	2.924120
725	7261	0	0	0	0	0	1.316558
726	7272	0	0	0	1	0	2.484157
727	7282	0	0	0	2	0	1.252008
728	7291	0	0	0	1	0	1.781151
729	7301	0	0	0	0	0	1.843789
730	7308	0	0	0	0	0	2.676738
731	7320	0	0	0	2	0	1.557700
732	7325	0	0	0	1	0	1.933000
733	7328	0	0	0	1	0	1.635192
734	7337	0	0	0	1	0	1.544116
735	7348	0	0	0	0	0	2.777121
736	7361	0	0	0	1	0	1.219473
737	7369	0	0	0	2	0	1.109733
738	7381	0	0	0	1	0	1.988168
739	7392	0	0	0	0	0	2.196067
740	7399	0	0	0	0	0	1.158991
741	7407	0	0	0	2	0	2.192252
742	7413	0	0	0	0	0	2.888810
743	7421	0	0	0	0	0	2.658623
744	7432	0	0	0	0	0	1.611298
745	7443	0	0	0	0	0	2.381801
746	7456	0	0	0	1	0	1.833895
747	7467	0	0	0	1	0	1.272917
748	7483	0	0	0	2	0	2.621316
749	7499	0	0	0	0	0	2.256414
750	7511	0	0	0	0	0	2.227757
751	7517	0	0	0	2	0	2.637554
752	7528	0	0	0	1	0	2.529674
753	7545	0	0	0	1	0	2.346289
754	7553	0	0	0	2	0	1.395326
755	7568	0	0	0	2	0	1.600903
756	7576	0	0	0	0	0	1.279580
757	7580	0	0	0	0	0	1.915514
758	7590	0	0	0	1	0	1.760712
759	7604	0	0	0	0	0	1.596326
760	7612	0	0	0	2	0	2.266145
761	7623	0	0	0	2	0	1.446908
762	7632	0	0	0	1	0	1.696315
763	7641	0	0	0	0	0	1.947365
764	7648	0	0	0	0	0	2.835252
765	7657	0	0	0	1	0	2.904091
766	7668	0	0	0	0	0	1.931003
767	7677	0	0	0	2	0	2.135462
768	7693	0	0	0	2	0	1.627200
769	7706	0	0	0	0	0	1.394385
770	7714	0	0	0	0	0	2.633085
771	7718	0	0	0	1	0	1.502290
772	7725	0	0	0	1	0	1.194252
773	7731	0	0	0	0	0	1.597781
774	7740	0	0	0	0	0	2.371501
775	7750	0	0	0	2	0	2.126709
776	7755	0	0	0	0	0	2.245206
777	7763	0	0	0	1	0	1.560888
778	7767	0	0	0	1	0	2.346670
779	7775	0	0	0	0	0	2.223868
780	7782	0	0	0	0	0	2.448897
781	7791	0	0	0	1	0	2.249514
782	7799	0	0	0	2	0	1.263272
783	7808	0	0	0	0	0	1.019845
784	7821	0	0	0	0	0	2.865522
785	7829	0	0	0	1	0	1.195629
786	7841	0	0	0	2	0	2.611070
787	7852	0	0	0	0	0	1.391425
788	7867	0	0	0	0	0	2.452207
789	7875	0	0	0	0	0	2.554128
790	7881	0	0	0	0	0	2.293516
791	7892	0	0	0	1	0	2.936514
792	7908	0	0	0	2	0	2.930031
793	7916	0	0	0	0	0	2.970383
794	7930	0	0	0	2	0	2.004935
795	7936	0	0	0	1	0	1.868938
796	7948	0	0	0	2	0	2.466483
797	7957	0	0	0	1	0	2.728575
798	7968	0	0	0	2	0	1.790675
799	7981	0	0	0	1	0	2.279984
800	7989	0	0	0	0	0	2.590887
801	8000	0	0	0	0	0	2.356468
802	8010	0	0	0	1	0	2.079017
803	8019	0	0	0	0	0	1.952786
804	8031	0	0	0	1	0	2.575556
805	8039	0	0	0	1	0	1.318827
806	8051	0	0	0	1	0	1.309308
807	8059	0	0	0	2	0	1.792206
808	8072	0	0	0	1	0	1.328407
809	8086	0	0	0	1	0	1.264582
810	8100	0	0	0	1	0	2.824599
811	8107	0	0	0	2	0	1.457356
812	8120	0	0	0	1	0	2.412365
813	8129	0	0	0	1	0	1.952898
814	8136	0	0	0	0	0	2.098801
815	8146	0	0	0	1	0	2.715595
816	8152	0	0	0	2	0	1.998909
817	8170	0	0	0	2	0	1.559813
818	8173	0	0	0	2	0	1.789732
819	8184	0	0	0	0	0	2.140873
820	8190	0	0	0	0	0	2.167363
821	8200	0	0	0	2	0	1.162718
822	8213	0	0	0	1	0	1.063452
823	8220	0	0	0	0	0	1.799597
824	8232	0	0	0	2	0	1.341535
825	8242	0	0	0	0	0	2.694201
826	8252	0	0	0	1	0	2.726533
827	8259	0	0	0	2	0	2.905015
828	8269	0	0	0	0	0	2.958220
829	8278	0	0	0	2	0	1.676825
830	8284	0	0	0	0	0	2.340815
831	8295	0	0	0	0	0	2.541075
832	8304	0	0	0	0	0	1.634072
833	8315	0	0	0	2	0	2.698826
834	8324	0	0	0	2	0	2.688121
835	8335	0	0	0	1	0	1.177514
836	8343	0	0	0	0	0	2.485832
837	8356	0	0	0	0	0	2.922384
838	8362	0	0	0	1	0	1.279376
839	8372	0	0	0	1	0	1.885215
840	8381	0	0	0	2	0	1.004481
841	8391	0	0	0	1	0	2.461776
842	8400	0	0	0	1	0	2.714454
843	8413	0	0	0	1	0	1.174879
844	8423	0	0	0	1	0	2.795951
845	8436	0	0	0	0	0	2.676471
846	8446	0	0	0	1	0	2.532033
847	8454	0	0	0	1	0	1.361547
848	8466	0	0	0	1	0	1.724827
849	8477	0	0	0	1	0	2.411604
850	8489	0	0	0	1	0	2.562751
851	8498	0	0	0	2	0	1.345631
852	8510	0	0	0	0	0	2.922962
853	8522	0	0	0	2	0	1.358195
854	8531	0	0	0	0	0	1.450928
855	8541	0	0	0	0	0	1.542695
856	8553	0	0	0	1	0	1.327698
857	8563	0	0	0	0	0	2.532471
858	8574	0	0	0	0	0	1.062027
859	8583	0	0	0	0	0	2.874587
860	8602	0	0	0	2	0	2.646977
861	8609	0	0	0	1	0	1.720011
862	8616	0	0	0	2	0	1.634763
863	8623	0	0	0	1	0	1.025306
864	8632	0	0	0	1	0	1.590465
865	8640	0	0	0	0	0	1.018362
866	8648	0	0	0	0	0	1.486510
867	8652	0	0	0	1	0	2.480740
868	8661	0	0	0	2	0	1.923437
869	8671	0	0	0	2	0	2.093978
870	8678	0	0	0	0	0	1.877578
871	8690	0	0	0	2	0	1.278717
872	8697	0	0	0	0	0	1.759171
873	8708	0	0	0	1	0	1.033396
874	8716	0	0	0	1	0	1.276269
875	8732	0	0	0	0	0	2.283742
876	8743	0	0	0	1	0	1.732285
877	8759	0	0	0	0	0	1.153933
878	8769	0	0	0	1	0	2.910232
879	8775	0	0	0	1	0	1.726010
880	8782	0	0	0	1	0	1.012869
881	8790	0	0	0	2	0	2.333561
882	8796	0	0	0	2	0	2.033716
883	8806	0	0	0	1	0	2.036298
884	8811	0	0	0	2	0	2.699499
885	8821	0	0	0	0	0	2.474249
886	8831	0	0	0	1	0	1.903241
887	8833	0	0	0	0	0	1.314174
888	8839	0	0	0	1	0	2.239519
889	8849	0	0	0	1	0	2.741302
890	8857	0	0	0	1	0	2.694112
891	8867	0	0	0	2	0	1.744924
892	8873	0	0	0	0	0	2.613750
893	8878	0	0	0	0	0	1.935352
894	8887	0	0	0	2	0	1.735036
895	8898	0	0	0	1	0	2.603268
896	8906	0	0	0	1	0	2.558409
897	8915	0	0	0	0	0	2.086970
898	8927	0	0	0	0	0	2.669690
899	8939	0	0	0	0	0	1.230006
900	8949	0	0	0	2	0	2.861896
901	8959	0	0	0	1	0	2.442939
902	8966	0	0	0	0	0	2.251850
903	8977	0	0	0	2	0	1.047801
904	8985	0	0	0	0	0	2.864188
905	8998	0	0	0	0	0	1.977280
906	9012	0	0	0	1	0	1.670817
907	9019	0	0	0	0	0	2.677085
908	9028	0	0	0	2	0	1.150018
909	9037	0	0	0	0	0	2.999848
910	9044	0	0	0	2	0	2.952584
911	9054	0	0	0	2	0	1.021094
912	9058	0	0	0	0	0	2.538941
913	9066	0	0	0	0	0	2.539839
914	9075	0	0	0	1	0	2.060087
915	9080	0	0	0	1	0	2.799184
916	9094	0	0	0	1	0	2.231378
917	9102	0	0	0	2	0	1.259911
918	9105	0	0	0	0	0	2.198958
919	9112	0	0	0	2	0	2.288037
920	9118	0	0	0	1	0	1.268450
921	9125	0	0	0	1	0	2.834311
922	9132	0	0	0	2	0	1.730541
923	9145	0	0	0	0	0	1.570892
924	9151	0	0	0	0	0	1.290715
925	9155	0	0	0	2	0	1.625045
926	9166	0	0	0	1	0	2.177152
927	9176	0	0	0	1	0	2.505443
928	9182	0	0	0	2	0	1.696889
929	9195	0	0	0	0	0	1.421179
930	9202	0	0	0	1	0	1.908321
931	9209	0	0	0	0	0	1.020209
932	9219	0	0	0	0	0	2.199784
933	9232	0	0	0	2	0	2.698896
934	9239	0	0	0	2	0	2.565344
935	9245	0	0	0	0	0	1.663318
936	9258	0	0	0	0	0	2.970098
937	9268	0	0	0	0	0	1.156499
938	9275	0	0	0	1	0	1.899608
939	9294	0	0	0	0	0	1.349442
940	9301	0	0	0	1	0	1.505850
941	9315	0	0	0	0	0	2.321415
942	9325	0	0	0	1	0	1.817232
943	9336	0	0	0	0	0	1.532240
944	9345	0	0	0	0	0	1.006279
945	9353	0	0	0	1	0	1.299435
946	9360	0	0	0	0	0	2.210893
947	9365	0	0	0	0	0	2.972030
948	9379	0	0	0	0	0	1.842757
949	9392	0	0	0	0	0	2.022034
950	9406	0	0	0	1	0	2.797896
951	9417	0	0	0	1	0	2.438793
952	9430	0	0	0	0	0	2.779037
953	9444	0	0	0	0	0	2.549168
954	9453	0	0	0	2	0	2.320079
955	9458	0	0	0	0	0	2.382484
956	9468	0	0	0	0	0	1.361428
957	9481	0	0	0	2	0	2.434064
958	9490	0	0	0	1	0	1.105834
959	9501	0	0	0	0	0	2.073627
960	9512	0	0	0	2	0	1.758621
961	9517	0	0	0	1	0	1.069138
962	9529	0	0	0	2	0	2.025387
963	9538	0	0	0	0	0	1.827153
964	9552	0	0	0	0	0	2.173330
965	9561	0	0	0	0	0	2.629263
966	9572	0	0	0	0	0	1.858271
967	9579	0	0	0	0	0	1.830451
968	9587	0	0	0	2	0	2.702303
969	9595	0	0	0	2	0	1.373434
970	9603	0	0	0	1	0	2.193287
971	9610	0	0	0	0	0	1.667712
972	9622	0	0	0	0	0	1.118124
973	9628	0	0	0	1	0	1.361755
974	9644	0	0	0	0	0	2.930846
975	9654	0	0	0	0	0	1.831673
976	9664	0	0	0	1	0	2.363672
977	9678	0	0	0	1	0	1.737737
978	9686	0	0	0	0	0	1.925896
979	9691	0	0	0	0	0	1.770907
980	9698	0	0	0	1	0	2.294803
981	9713	0	0	0	1	0	1.295481
982	9729	0	0	0	0	0	2.211733
983	9744	0	0	0	2	0	2.822596
984	9753	0	0	0	0	0	2.677238
985	9765	0	0	0	0	0	1.095737
986	9776	0	0	0	2	0	1.460577
987	9781	0	0	0	0	0	2.133187
988	9788	0	0	0	1	0	2.547629
989	9800	0	0	0	1	0	2.809740
990	9810	0	0	0	0	0	1.993146
991	9821	0	0	0	1	0	2.856468
992	9831	0	0	0	1	0	1.468844
993	9840	0	0	0	1	0	2.855662
994	9849	0	0	0	2	0	1.844075
995	9856	0	0	0	2	0	1.607412
996	9866	0	0	0	2	0	1.774937
997	9874	0	0	0	2	0	1.204920
998	9887	0	0	0	1	0	2.727813
999	9893	0	0	0	1	0	2.045918
