0	1	0	0	0	1	0	1.140607
1	8	0	0	0	1	0	2.404466
2	22	0	0	0	2	0	2.321392
3	34	0	0	0	1	0	1.258279
4	44	0	0	0	1	0	1.324138
5	54	0	0	0	2	0	2.394253
6	62	0	0	0	0	0	1.941459
7	74	0	0	0	2	0	1.831494
8	84	0	0	0	1	0	2.509102
9	92	0	0	0	1	0	1.761285
10	106	0	0	0	1	0	2.637086
11	119	0	0	0	1	0	2.972161
12	128	0	0	0	0	0	2.568041
13	139	0	0	0	0	0	2.164465
14	145	0	0	0	1	0	1.710028
15	151	0	0	0	0	0	1.329645
16	165	0	0	0	0	0	2.548873
17	175	0	0	0	0	0	2.616261
18	189	0	0	0	0	0	2.013839
19	200	0	0	0	0	0	1.307362
20	212	0	0	0	1	0	1.649864
21	216	0	0	0	1	0	2.354828
22	230	0	0	0	0	0	1.277142
23	246	0	0	0	0	0	1.061752
24	258	0	0	0	1	0	2.860709
25	268	0	0	0	1	0	2.741903
26	272	0	0	0	2	0	2.041102
27	283	0	0	0	2	0	2.510227
28	295	0	0	0	1	0	1.901484
29	310	0	0	0	2	0	2.799258
30	321	0	0	0	1	0	1.604600
31	330	0	0	0	1	0	2.458115
32	343	0	0	0	0	0	2.764270
33	352	0	0	0	0	0	1.844458
34	363	0	0	0	2	0	1.956957
35	373	0	0	0	1	0	1.425905
36	382	0	0	0	0	0	1.645557
37	394	0	0	0	0	0	1.557370
38	410	0	0	0	2	0	1.992840
39	417	0	0	0	2	0	2.461067
40	425	0	0	0	0	0	1.723336
41	440	0	0	0	0	0	1.416734
42	447	0	0	0	2	0	1.513421
43	456	0	0	0	0	0	1.581438
44	463	0	0	0	2	0	2.785251
45	470	0	0	0	0	0	1.834888
46	480	0	0	0	1	0	1.059994
47	494	0	0	0	0	0	2.009441
48	504	0	0	0	0	0	2.299491
49	517	0	0	0	1	0	2.943981
50	525	0	0	0	1	0	2.250273
51	532	0	0	0	0	0	2.868232
52	542	0	0	0	0	0	2.152686
53	555	0	0	0	2	0	2.380776
54	560	0	0	0	0	0	1.614255
55	567	0	0	0	0	0	1.713831
56	571	0	0	0	0	0	2.421408
57	582	0	0	0	0	0	2.778088
58	586	0	0	0	2	0	2.294098
59	597	0	0	0	1	0	1.870922
60	608	0	0	0	0	0	1.307818
61	615	0	0	0	1	0	1.209385
62	618	0	0	0	0	0	1.033739
63	629	0	0	0	2	0	2.545150
64	634	0	0	0	2	0	2.588076
65	643	0	0	0	0	0	2.119473
66	657	0	0	0	2	0	1.565248
67	667	0	0	0	2	0	1.570957
68	684	0	0	0	1	0	2.693970
69	691	0	0	0	2	0	1.927129
70	704	0	0	0	2	0	2.731498
71	717	0	0	0	0	0	1.830415
72	724	0	0	0	1	0	1.640614
73	733	0	0	0	1	0	2.675516
74	747	0	0	0	2	0	1.516559
75	757	0	0	0	1	0	1.948995
76	768	0	0	0	1	0	2.807712
77	779	0	0	0	0	0	2.152703
78	792	0	0	0	1	0	2.993410
79	804	0	0	0	0	0	2.629324
80	814	0	0	0	2	0	1.004424
81	821	0	0	0	2	0	1.368985
82	829	0	0	0	0	0	1.591238
83	844	0	0	0	1	0	2.823871
84	854	0	0	0	0	0	2.447658
85	864	0	0	0	2	0	1.076855
86	870	0	0	0	1	0	1.425292
87	882	0	0	0	0	0	2.914378
88	894	0	0	0	0	0	1.322200
89	905	0	0	0	0	0	1.942858
90	913	0	0	0	1	0	1.647273
91	919	0	0	0	0	0	2.743263
92	931	0	0	0	0	0	1.440214
93	940	0	0	0	0	0	1.771865
94	944	0	0	0	1	0	1.283365
95	956	0	0	0	1	0	1.562791
96	968	0	0	0	0	0	1.729616
97	983	0	0	0	1	0	2.349086
98	994	0	0	0	2	0	1.992159
99	1006	0	0	0	2	0	2.352804
100	1016	0	0	0	0	0	2.358151
101	1025	0	0	0	0	0	1.739698
102	1043	0	0	0	2	0	1.327859
103	1048	0	0	0	0	0	1.763250
104	1063	0	0	0	1	0	2.721384
105	1071	0	0	0	0	0	2.718821
106	1076	0	0	0	1	0	2.704557
107	1080	0	0	0	2	0	2.486302
108	1085	0	0	0	1	0	1.216759
109	1098	0	0	0	1	0	2.889340
110	1110	0	0	0	0	0	1.133367
111	1125	0	0	0	0	0	1.953265
112	1135	0	0	0	0	0	1.718018
113	1148	0	0	0	0	0	1.018866
114	1157	0	0	0	0	0	1.679679
115	1175	0	0	0	0	0	1.148114
116	1184	0	0	0	0	0	1.501027
117	1192	0	0	0	1	0	1.163710
118	1196	0	0	0	0	0	2.050539
119	1206	0	0	0	0	0	2.483717
120	1219	0	0	0	0	0	1.406100
121	1227	0	0	0	2	0	1.464961
122	1237	0	0	0	0	0	2.403564
123	1250	0	0	0	1	0	2.662123
124	1258	0	0	0	1	0	1.012502
125	1265	0	0	0	0	0	1.738068
126	1275	0	0	0	1	0	1.401610
127	1285	0	0	0	1	0	2.732747
128	1293	0	0	0	0	0	1.080562
129	1304	0	0	0	1	0	1.437214
130	1311	0	0	0	2	0	1.155509
131	1324	0	0	0	1	0	1.593596
132	1330	0	0	0	0	0	1.491175
133	1340	0	0	0	1	0	1.176104
134	1352	0	0	0	0	0	1.411632
135	1363	0	0	0	2	0	1.919144
136	1378	0	0	0	0	0	2.417462
137	1388	0	0	0	1	0	2.611141
138	1395	0	0	0	1	0	1.986484
139	1413	0	0	0	0	0	2.760250
140	1420	0	0	0	0	0	2.821779
141	1431	0	0	0	1	0	2.304438
142	1444	0	0	0	0	0	2.161491
143	1451	0	0	0	1	0	1.110957
144	1459	0	0	0	1	0	1.171701
145	1468	0	0	0	1	0	1.023401
146	1480	0	0	0	1	0	2.814173
147	1490	0	0	0	1	0	1.045044
148	1502	0	0	0	0	0	1.879721
149	1514	0	0	0	1	0	2.368746
150	1526	0	0	0	1	0	1.995835
151	1538	0	0	0	0	0	1.167087
152	1549	0	0	0	0	0	2.347464
153	1561	0	0	0	1	0	2.940529
154	1565	0	0	0	0	0	2.608407
155	1576	0	0	0	1	0	1.363598
156	1586	0	0	0	1	0	1.944172
157	1590	0	0	0	2	0	2.751737
158	1602	0	0	0	0	0	1.519042
159	1613	0	0	0	0	0	2.326647
160	1620	0	0	0	1	0	1.611767
161	1630	0	0	0	0	0	1.529911
162	1641	0	0	0	0	0	2.674675
163	1651	0	0	0	0	0	1.537234
164	1659	0	0	0	2	0	2.293691
165	1670	0	0	0	0	0	1.355680
166	1678	0	0	0	2	0	1.642343
167	1682	0	0	0	0	0	2.571142
168	1696	0	0	0	0	0	1.753219
169	1704	0	0	0	0	0	2.175057
170	1715	0	0	0	0	0	1.596907
171	1726	0	0	0	2	0	1.840548
172	1735	0	0	0	2	0	2.210418
173	1747	0	0	0	1	0	1.868009
174	1755	0	0	0	2	0	2.924277
175	1767	0	0	0	1	0	1.550923
176	1778	0	0	0	1	0	1.771348
177	1785	0	0	0	2	0	1.399725
178	1794	0	0	0	1	0	2.481098
179	1806	0	0	0	0	0	1.895188
180	1818	0	0	0	1	0	1.010742
181	1822	0	0	0	0	0	2.823595
182	1829	0	0	0	2	0	1.500833
183	1839	0	0	0	0	0	2.389921
184	1850	0	0	0	2	0	1.431389
185	1864	0	0	0	1	0	2.233642
186	1875	0	0	0	2	0	1.160280
187	1884	0	0	0	2	0	1.155473
188	1895	0	0	0	1	0	1.970960
189	1907	0	0	0	1	0	2.125782
190	1913	0	0	0	0	0	2.946586
191	1920	0	0	0	0	0	1.045139
192	1928	0	0	0	1	0	2.951351
193	1938	0	0	0	1	0	2.339898
194	1949	0	0	0	2	0	1.748012
195	1961	0	0	0	2	0	2.469385
196	1968	0	0	0	1	0	2.859697
197	1975	0	0	0	1	0	1.561291
198	1985	0	0	0	2	0	2.145309
199	1994	0	0	0	1	0	1.364970
200	2002	0	0	0	2	0	2.395330
201	2016	0	0	0	2	0	1.833297
202	2027	0	0	0	0	0	2.519418
203	2032	0	0	0	0	0	1.664111
204	2047	0	0	0	0	0	2.135385
205	2060	0	0	0	1	0	1.857518
206	2073	0	0	0	1	0	1.381433
207	2080	0	0	0	2	0	1.478477
208	2090	0	0	0	1	0	2.548375
209	2097	0	0	0	2	0	2.072225
210	2105	0	0	0	1	0	2.945216
211	2118	0	0	0	2	0	1.178088
212	2128	0	0	0	0	0	2.594437
213	2140	0	0	0	1	0	1.695095
214	2149	0	0	0	0	0	1.869984
215	2160	0	0	0	2	0	1.550493
216	2173	0	0	0	0	0	1.970263
217	2180	0	0	0	1	0	1.289574
218	2188	0	0	0	2	0	1.663899
219	2195	0	0	0	1	0	2.064198
220	2206	0	0	0	2	0	1.616252
221	2213	0	0	0	0	0	2.266648
222	2223	0	0	0	1	0	2.060525
223	2235	0	0	0	0	0	2.949234
224	2247	0	0	0	0	0	2.272673
225	2259	0	0	0	0	0	2.778853
226	2265	0	0	0	2	0	1.937159
227	2277	0	0	0	1	0	1.607288
228	2284	0	0	0	0	0	2.350530
229	2293	0	0	0	2	0	1.312194
230	2302	0	0	0	1	0	2.857249
231	2311	0	0	0	2	0	2.381027
232	2323	0	0	0	1	0	2.716823
233	2336	0	0	0	0	0	1.384056
234	2347	0	0	0	1	0	1.046837
235	2354	0	0	0	1	0	2.840551
236	2366	0	0	0	1	0	1.622715
237	2378	0	0	0	1	0	1.774761
238	2387	0	0	0	0	0	1.775168
239	2396	0	0	0	1	0	1.172309
240	2403	0	0	0	1	0	1.038410
241	2412	0	0	0	0	0	1.318687
242	2423	0	0	0	2	0	2.191228
243	2436	0	0	0	0	0	1.250470
244	2441	0	0	0	0	0	1.191507
245	2447	0	0	0	1	0	2.884324
246	2457	0	0	0	1	0	2.879414
247	2469	0	0	0	2	0	2.147041
248	2477	0	0	0	1	0	2.976778
249	2484	0	0	0	0	0	2.032524
250	2494	0	0	0	0	0	2.378476
251	2504	0	0	0	1	0	2.630888
252	2515	0	0	0	2	0	2.056406
253	2525	0	0	0	2	0	1.715557
254	2538	0	0	0	0	0	1.557573
255	2550	0	0	0	1	0	2.855128
256	2562	0	0	0	1	0	1.387076
257	2576	0	0	0	0	0	2.090575
258	2591	0	0	0	0	0	1.572913
259	2598	0	0	0	0	0	1.184620
260	2612	0	0	0	1	0	1.237890
261	2622	0	0	0	1	0	1.589974
262	2626	0	0	0	2	0	1.621896
263	2640	0	0	0	0	0	1.050480
264	2657	0	0	0	2	0	2.259783
265	2668	0	0	0	0	0	1.296641
266	2681	0	0	0	1	0	2.001604
267	2690	0	0	0	0	0	2.997388
268	2698	0	0	0	0	0	1.058754
269	2705	0	0	0	1	0	2.960869
270	2716	0	0	0	1	0	2.876042
271	2735	0	0	0	2	0	2.842684
272	2746	0	0	0	0	0	1.179482
273	2757	0	0	0	1	0	1.077663
274	2769	0	0	0	1	0	2.787698
275	2777	0	0	0	0	0	2.501092
276	2785	0	0	0	1	0	2.102171
277	2803	0	0	0	1	0	1.470348
278	2816	0	0	0	0	0	1.752664
279	2826	0	0	0	1	0	2.925897
280	2835	0	0	0	0	0	2.022572
281	2849	0	0	0	0	0	2.421163
282	2859	0	0	0	0	0	1.752560
283	2868	0	0	0	1	0	1.073168
284	2878	0	0	0	0	0	1.098544
285	2889	0	0	0	0	0	2.386262
286	2899	0	0	0	2	0	2.791449
287	2908	0	0	0	1	0	2.701182
288	2919	0	0	0	2	0	1.206035
289	2924	0	0	0	0	0	2.878921
290	2934	0	0	0	0	0	1.904460
291	2946	0	0	0	0	0	2.520541
292	2962	0	0	0	0	0	1.317139
293	2975	0	0	0	0	0	2.916150
294	2985	0	0	0	0	0	1.368054
295	2999	0	0	0	2	0	1.932635
296	3013	0	0	0	1	0	2.906532
297	3023	0	0	0	1	0	1.291351
298	3030	0	0	0	0	0	1.084479
299	3037	0	0	0	0	0	2.344670
300	3045	0	0	0	1	0	1.032793
301	3059	0	0	0	1	0	1.024891
302	3066	0	0	0	2	0	2.163647
303	3080	0	0	0	2	0	2.628544
304	3086	0	0	0	1	0	2.497245
305	3097	0	0	0	2	0	1.557447
306	3106	0	0	0	2	0	1.310244
307	3120	0	0	0	0	0	2.857805
308	3131	0	0	0	1	0	2.670479
309	3139	0	0	0	1	0	1.500929
310	3150	0	0	0	2	0	1.275053
311	3160	0	0	0	0	0	1.015423
312	3173	0	0	0	0	0	2.143202
313	3178	0	0	0	1	0	1.410948
314	3188	0	0	0	0	0	2.891831
315	3198	0	0	0	2	0	2.684393
316	3211	0	0	0	1	0	2.174898
317	3222	0	0	0	1	0	1.154794
318	3235	0	0	0	0	0	1.325264
319	3244	0	0	0	0	0	2.892343
320	3251	0	0	0	1	0	1.734952
321	3257	0	0	0	2	0	2.757551
322	3267	0	0	0	0	0	1.480681
323	3279	0	0	0	0	0	2.221481
324	3286	0	0	0	2	0	2.896102
325	3299	0	0	0	1	0	1.872597
326	3307	0	0	0	1	0	2.083601
327	3322	0	0	0	0	0	1.435647
328	3330	0	0	0	1	0	2.220085
329	3339	0	0	0	1	0	2.521394
330	3349	0	0	0	1	0	1.684244
331	3359	0	0	0	1	0	1.741429
332	3366	0	0	0	1	0	2.717839
333	3377	0	0	0	0	0	1.777122
334	3387	0	0	0	0	0	2.547821
335	3401	0	0	0	1	0	2.527182
336	3411	0	0	0	0	0	2.272652
337	3427	0	0	0	2	0	2.094475
338	3443	0	0	0	0	0	1.850456
339	3452	0	0	0	1	0	1.211073
340	3463	0	0	0	2	0	2.677255
341	3474	0	0	0	0	0	2.524057
342	3484	0	0	0	1	0	2.766900
343	3496	0	0	0	2	0	2.548988
344	3507	0	0	0	0	0	2.281268
345	3521	0	0	0	2	0	1.855571
346	3531	0	0	0	1	0	2.956290
347	3541	0	0	0	0	0	2.758324
348	3551	0	0	0	1	0	1.416466
349	3562	0	0	0	0	0	1.255981
350	3571	0	0	0	0	0	2.169212
351	3581	0	0	0	1	0	2.891110
352	3595	0	0	0	0	0	1.179228
353	3604	0	0	0	0	0	1.514246
354	3616	0	0	0	2	0	1.117645
355	3629	0	0	0	0	0	1.885526
356	3639	0	0	0	0	0	2.690487
357	3647	0	0	0	2	0	2.616128
358	3658	0	0	0	1	0	2.098095
359	3666	0	0	0	0	0	2.356474
360	3670	0	0	0	0	0	2.912659
361	3677	0	0	0	0	0	2.450892
362	3682	0	0	0	0	0	1.712605
363	3689	0	0	0	1	0	2.415634
364	3700	0	0	0	2	0	1.337102
365	3713	0	0	0	0	0	2.024831
366	3719	0	0	0	0	0	2.006002
367	3725	0	0	0	1	0	2.553268
368	3736	0	0	0	2	0	2.761103
369	3751	0	0	0	1	0	1.479965
370	3760	0	0	0	0	0	2.920924
371	3771	0	0	0	1	0	2.761238
372	3780	0	0	0	1	0	2.524963
373	3792	0	0	0	0	0	1.978998
374	3800	0	0	0	0	0	2.672333
375	3811	0	0	0	0	0	1.886235
376	3826	0	0	0	1	0	2.476277
377	3832	0	0	0	0	0	2.398748
378	3844	0	0	0	1	0	1.411973
379	3854	0	0	0	1	0	1.932417
380	3863	0	0	0	0	0	2.216062
381	3875	0	0	0	0	0	1.432120
382	3889	0	0	0	0	0	1.471700
383	3900	0	0	0	0	0	2.514032
384	3911	0	0	0	1	0	1.073360
385	3924	0	0	0	1	0	1.267330
386	3937	0	0	0	0	0	1.981467
387	3944	0	0	0	2	0	2.906259
388	3952	0	0	0	1	0	1.657832
389	3961	0	0	0	2	0	1.334282
390	3975	0	0	0	1	0	1.292083
391	3987	0	0	0	0	0	1.443895
392	4001	0	0	0	1	0	1.240609
393	4013	0	0	0	2	0	1.394829
394	4024	0	0	0	1	0	1.322191
395	4029	0	0	0	0	0	1.359797
396	4040	0	0	0	1	0	2.532476
397	4048	0	0	0	0	0	1.846232
398	4057	0	0	0	0	0	2.854332
399	4063	0	0	0	0	0	1.317880
400	4071	0	0	0	1	0	1.716839
401	4084	0	0	0	0	0	1.972134
402	4096	0	0	0	1	0	1.845003
403	4114	0	0	0	0	0	2.860409
404	4123	0	0	0	0	0	1.997350
405	4132	0	0	0	0	0	2.928159
406	4145	0	0	0	0	0	2.539070
407	4165	0	0	0	0	0	2.306362
408	4172	0	0	0	0	0	1.628781
409	4185	0	0	0	0	0	2.918301
410	4194	0	0	0	1	0	1.107339
411	4206	0	0	0	1	0	1.411956
412	4214	0	0	0	2	0	2.264272
413	4227	0	0	0	1	0	2.135987
414	4238	0	0	0	1	0	2.541133
415	4242	0	0	0	0	0	1.553070
416	4254	0	0	0	2	0	1.439129
417	4259	0	0	0	1	0	1.180778
418	4267	0	0	0	1	0	2.684274
419	4274	0	0	0	2	0	2.607450
420	4287	0	0	0	0	0	1.284587
421	4295	0	0	0	1	0	1.007768
422	4302	0	0	0	0	0	2.220889
423	4314	0	0	0	0	0	1.164557
424	4325	0	0	0	0	0	2.233602
425	4338	0	0	0	2	0	1.750216
426	4349	0	0	0	0	0	2.074195
427	4357	0	0	0	0	0	2.738015
428	4365	0	0	0	0	0	2.587908
429	4373	0	0	0	0	0	1.478207
430	4385	0	0	0	1	0	1.726792
431	4394	0	0	0	1	0	2.050501
432	4408	0	0	0	2	0	1.421469
433	4420	0	0	0	1	0	2.684698
434	4431	0	0	0	1	0	1.700598
435	4440	0	0	0	1	0	1.466520
436	4449	0	0	0	2	0	1.910621
437	4460	0	0	0	1	0	2.571973
438	4468	0	0	0	2	0	2.756938
439	4476	0	0	0	0	0	1.094296
440	4479	0	0	0	1	0	1.502349
441	4486	0	0	0	1	0	2.088436
442	4491	0	0	0	1	0	1.264512
443	4494	0	0	0	0	0	2.294849
444	4501	0	0	0	1	0	2.315433
445	4510	0	0	0	0	0	2.867397
446	4523	0	0	0	0	0	2.503812
447	4537	0	0	0	1	0	1.663806
448	4550	0	0	0	0	0	2.528157
449	4555	0	0	0	0	0	2.781139
450	4567	0	0	0	0	0	2.030202
451	4578	0	0	0	0	0	2.559933
452	4587	0	0	0	0	0	2.378100
453	4594	0	0	0	0	0	2.705590
454	4604	0	0	0	0	0	1.706961
455	4610	0	0	0	0	0	2.615815
456	4624	0	0	0	0	0	2.182369
457	4636	0	0	0	1	0	1.480815
458	4651	0	0	0	1	0	2.249170
459	4656	0	0	0	0	0	2.075340
460	4667	0	0	0	2	0	1.437534
461	4675	0	0	0	2	0	1.062543
462	4682	0	0	0	2	0	2.000869
463	4689	0	0	0	2	0	2.673981
464	4694	0	0	0	0	0	2.766576
465	4704	0	0	0	0	0	2.979254
466	4712	0	0	0	0	0	1.778533
467	4718	0	0	0	0	0	2.075035
468	4726	0	0	0	0	0	1.440734
469	4741	0	0	0	1	0	1.632566
470	4753	0	0	0	2	0	2.744829
471	4763	0	0	0	0	0	1.279871
472	4770	0	0	0	2	0	2.326130
473	4779	0	0	0	0	0	2.148116
474	4787	0	0	0	2	0	2.040679
475	4796	0	0	0	2	0	1.319252
476	4806	0	0	0	1	0	1.851233
477	4815	0	0	0	0	0	1.140434
478	4821	0	0	0	0	0	1.850659
479	4834	0	0	0	1	0	1.510066
480	4841	0	0	0	2	0	1.899794
481	4854	0	0	0	1	0	2.050045
482	4862	0	0	0	1	0	1.520752
483	4867	0	0	0	1	0	1.690016
484	4872	0	0	0	1	0	2.263425
485	4882	0	0	0	1	0	1.947941
486	4891	0	0	0	2	0	2.359379
487	4906	0	0	0	0	0	2.680109
488	4916	0	0	0	0	0	1.390945
489	4927	0	0	0	0	0	1.741057
490	4939	0	0	0	1	0	2.805785
491	4951	0	0	0	2	0	1.022663
492	4963	0	0	0	2	0	2.454234
493	4971	0	0	0	0	0	2.101367
494	4979	0	0	0	0	0	1.638043
495	4993	0	0	0	1	0	2.830838
496	5000	0	0	0	0	0	1.659005
497	5005	0	0	0	2	0	2.901080
498	5014	0	0	0	2	0	1.632096
499	5022	0	0	0	2	0	2.292787
500	5029	0	0	0	1	0	1.515720
501	5036	0	0	0	1	0	1.045724
502	5049	0	0	0	2	0	1.162668
503	5055	0	0	0	0	0	1.192684
504	5069	0	0	0	0	0	2.283886
505	5077	0	0	0	1	0	1.476954
506	5095	0	0	0	2	0	1.091139
507	5103	0	0	0	0	0	1.977676
508	5115	0	0	0	2	0	2.276999
509	5125	0	0	0	2	0	2.839766
510	5141	0	0	0	0	0	2.176044
511	5151	0	0	0	0	0	1.185628
512	5158	0	0	0	2	0	2.918563
513	5162	0	0	0	0	0	1.895600
514	5172	0	0	0	1	0	2.806756
515	5177	0	0	0	0	0	2.915456
516	5189	0	0	0	1	0	1.169639
517	5197	0	0	0	1	0	2.928686
518	5210	0	0	0	2	0	1.872705
519	5219	0	0	0	1	0	2.392640
520	5233	0	0	0	2	0	1.229550
521	5242	0	0	0	2	0	2.189218
522	5249	0	0	0	0	0	1.294308
523	5260	0	0	0	2	0	1.999054
524	5266	0	0	0	1	0	1.404825
525	5279	0	0	0	1	0	2.149661
526	5289	0	0	0	0	0	2.064402
527	5299	0	0	0	2	0	1.808053
528	5310	0	0	0	1	0	1.281694
529	5321	0	0	0	0	0	1.117419
530	5327	0	0	0	1	0	2.608017
531	5342	0	0	0	0	0	2.269207
532	5347	0	0	0	1	0	2.146714
533	5357	0	0	0	0	0	2.403206
534	5367	0	0	0	2	0	1.231367
535	5377	0	0	0	2	0	1.915083
536	5385	0	0	0	0	0	2.931308
537	5400	0	0	0	0	0	2.371180
538	5408	0	0	0	2	0	1.212376
539	5415	0	0	0	2	0	2.731895
540	5424	0	0	0	1	0	2.769503
541	5437	0	0	0	2	0	2.501244
542	5446	0	0	0	1	0	2.112745
543	5457	0	0	0	0	0	1.522570
544	5469	0	0	0	1	0	1.626317
545	5481	0	0	0	2	0	2.230745
546	5492	0	0	0	0	0	1.251309
547	5499	0	0	0	1	0	2.857647
548	5505	0	0	0	2	0	2.978447
549	5512	0	0	0	2	0	2.486412
550	5527	0	0	0	0	0	2.774184
551	5537	0	0	0	0	0	2.071310
552	5547	0	0	0	2	0	1.567010
553	5561	0	0	0	0	0	1.555591
554	5572	0	0	0	0	0	1.036108
555	5579	0	0	0	0	0	2.413385
556	5587	0	0	0	1	0	2.837084
557	5595	0	0	0	1	0	1.371607
558	5602	0	0	0	0	0	2.825007
559	5608	0	0	0	0	0	1.478979
560	5616	0	0	0	0	0	1.450941
561	5623	0	0	0	0	0	2.348909
562	5636	0	0	0	0	0	1.442091
563	5652	0	0	0	0	0	1.877201
564	5665	0	0	0	0	0	1.057445
565	5673	0	0	0	1	0	1.214190
566	5684	0	0	0	2	0	1.262518
567	5698	0	0	0	0	0	1.133739
568	5708	0	0	0	0	0	2.199030
569	5715	0	0	0	1	0	2.670769
570	5725	0	0	0	0	0	2.280852
571	5739	0	0	0	1	0	2.798781
572	5751	0	0	0	0	0	1.725799
573	5764	0	0	0	2	0	2.174653
574	5771	0	0	0	2	0	2.667912
575	5779	0	0	0	2	0	1.831893
576	5786	0	0	0	0	0	2.897341
577	5793	0	0	0	2	0	2.115564
578	5801	0	0	0	1	0	1.344211
579	5810	0	0	0	0	0	2.561729
580	5823	0	0	0	1	0	1.254529
581	5827	0	0	0	2	0	1.196795
582	5836	0	0	0	2	0	1.459837
583	5846	0	0	0	0	0	2.610666
584	5864	0	0	0	1	0	1.204871
585	5880	0	0	0	2	0	1.278561
586	5884	0	0	0	0	0	2.245121
587	5892	0	0	0	1	0	1.941634
588	5902	0	0	0	0	0	2.739708
589	5913	0	0	0	1	0	2.464350
590	5924	0	0	0	1	0	1.594539
591	5939	0	0	0	1	0	2.581215
592	5949	0	0	0	0	0	2.773287
593	5966	0	0	0	2	0	2.612847
594	5981	0	0	0	0	0	2.977095
595	5992	0	0	0	0	0	1.923477
596	5999	0	0	0	0	0	1.666183
597	6013	0	0	0	0	0	2.467730
598	6019	0	0	0	1	0	2.461857
599	6030	0	0	0	0	0	2.847595
600	6039	0	0	0	0	0	1.295713
601	6053	0	0	0	0	0	1.087062
602	6063	0	0	0	2	0	2.020424
603	6069	0	0	0	0	0	2.821597
604	6080	0	0	0	1	0	2.665235
605	6086	0	0	0	2	0	1.219250
606	6094	0	0	0	0	0	1.315534
607	6103	0	0	0	1	0	2.851429
608	6112	0	0	0	1	0	2.942498
609	6125	0	0	0	0	0	1.932954
610	6131	0	0	0	0	0	1.384524
611	6141	0	0	0	0	0	1.551739
612	6150	0	0	0	1	0	2.631391
613	6157	0	0	0	1	0	1.083319
614	6161	0	0	0	0	0	2.518189
615	6167	0	0	0	0	0	1.140870
616	6176	0	0	0	0	0	1.229925
617	6183	0	0	0	0	0	2.030472
618	6194	0	0	0	0	0	2.484147
619	6201	0	0	0	1	0	2.330657
620	6210	0	0	0	1	0	1.034354
621	6222	0	0	0	1	0	1.189776
622	6240	0	0	0	1	0	2.378138
623	6250	0	0	0	1	0	2.372728
624	6258	0	0	0	0	0	2.786393
625	6268	0	0	0	1	0	1.596228
626	6282	0	0	0	1	0	1.725710
627	6293	0	0	0	1	0	1.841022
628	6304	0	0	0	1	0	1.409894
629	6317	0	0	0	1	0	1.894182
630	6330	0	0	0	0	0	1.141483
631	6340	0	0	0	2	0	1.447508
632	6353	0	0	0	2	0	2.899320
633	6369	0	0	0	1	0	2.517344
634	6385	0	0	0	0	0	2.123175
635	6397	0	0	0	2	0	1.382049
636	6411	0	0	0	2	0	2.513215
637	6420	0	0	0	2	0	1.832207
638	6426	0	0	0	2	0	1.190454
639	6433	0	0	0	1	0	2.530455
640	6442	0	0	0	2	0	2.785164
641	6446	0	0	0	1	0	2.339104
642	6452	0	0	0	1	0	1.744015
643	6470	0	0	0	2	0	2.631287
644	6475	0	0	0	2	0	1.084240
645	6484	0	0	0	0	0	2.621063
646	6499	0	0	0	1	0	1.382627
647	6507	0	0	0	0	0	1.598856
648	6516	0	0	0	0	0	2.300222
649	6529	0	0	0	0	0	2.970872
650	6538	0	0	0	2	0	2.941463
651	6542	0	0	0	1	0	2.246349
652	6555	0	0	0	2	0	1.075306
653	6563	0	0	0	1	0	2.806473
654	6579	0	0	0	0	0	2.812577
655	6585	0	0	0	2	0	2.880011
656	6597	0	0	0	1	0	1.605005
657	6608	0	0	0	1	0	1.713269
658	6617	0	0	0	1	0	2.045824
659	6625	0	0	0	1	0	1.012565
660	6628	0	0	0	0	0	1.507674
661	6638	0	0	0	0	0	1.672635
662	6652	0	0	0	0	0	1.954955
663	6664	0	0	0	1	0	2.253955
664	6679	0	0	0	2	0	2.086979
665	6691	0	0	0	0	0	2.577201
666	6702	0	0	0	1	0	2.106669
667	6711	0	0	0	2	0	2.188600
668	6715	0	0	0	2	0	1.655198
669	6728	0	0	0	1	0	2.696920
670	6742	0	0	0	1	0	2.844220
671	6752	0	0	0	0	0	1.882262
672	6760	0	0	0	2	0	1.150150
673	6771	0	0	0	1	0	1.391899
674	6782	0	0	0	0	0	2.238795
675	6793	0	0	0	1	0	1.775079
676	6801	0	0	0	2	0	1.621814
677	6805	0	0	0	1	0	2.161627
678	6813	0	0	0	0	0	1.993373
679	6826	0	0	0	0	0	2.417276
680	6837	0	0	0	1	0	1.404206
681	6847	0	0	0	0	0	2.895626
682	6855	0	0	0	1	0	2.137886
683	6873	0	0	0	1	0	1.206292
684	6888	0	0	0	1	0	1.907317
685	6895	0	0	0	1	0	2.053538
686	6902	0	0	0	0	0	1.524966
687	6915	0	0	0	1	0	2.926606
688	6922	0	0	0	0	0	2.971728
689	6931	0	0	0	1	0	2.706155
690	6944	0	0	0	2	0	2.142452
691	6951	0	0	0	0	0	1.788293
692	6961	0	0	0	1	0	2.316314
693	6978	0	0	0	0	0	2.681470
694	6989	0	0	0	0	0	2.137717
695	6997	0	0	0	1	0	1.772033
696	7009	0	0	0	2	0	1.161620
697	7020	0	0	0	0	0	1.413147
698	7026	0	0	0	1	0	1.715214
699	7038	0	0	0	2	0	2.723019
700	7055	0	0	0	2	0	2.133481
701	7063	0	0	0	0	0	1.790821
702	7073	0	0	0	0	0	2.577301
703	7086	0	0	0	2	0	2.643070
704	7094	0	0	0	0	0	2.380027
705	7107	0	0	0	1	0	1.026967
706	7127	0	0	0	0	0	1.358969
707	7139	0	0	0	2	0	1.997847
708	7147	0	0	0	2	0	2.105227
709	7154	0	0	0	0	0	2.674483
710	7164	0	0	0	0	0	1.122891
711	7178	0	0	0	0	0	1.854657
712	7186	0	0	0	0	0	2.765406
713	7199	0	0	0	2	0	2.993025
714	7206	0	0	0	0	0	2.743806
715	7215	0	0	0	1	0	2.925065
716	7230	0	0	0	2	0	2.590340
717	7243	0	0	0	1	0	2.264598
718	7255	0	0	0	1	0	1.874444
719	7269	0	0	0	2	0	1.391606
720	7283	0	0	0	1	0	2.522240
721	7301	0	0	0	1	0	2.408797
722	7309	0	0	0	0	0	1.839571
723	7322	0	0	0	0	0	2.130874
724	7331	0	0	0	1	0	2.964178
725	7342	0	0	0	2	0	1.477199
726	7359	0	0	0	1	0	2.441970
727	7368	0	0	0	1	0	2.020111
728	7378	0	0	0	0	0	2.624772
729	7387	0	0	0	2	0	2.971164
730	7401	0	0	0	2	0	2.782308
731	7413	0	0	0	1	0	1.191684
732	7422	0	0	0	1	0	2.990113
733	7432	0	0	0	2	0	1.754897
734	7441	0	0	0	1	0	1.129106
735	7451	0	0	0	2	0	2.492766
736	7460	0	0	0	0	0	1.872846
737	7478	0	0	0	2	0	1.628314
738	7484	0	0	0	0	0	2.757017
739	7492	0	0	0	0	0	2.364183
740	7494	0	0	0	1	0	2.124295
741	7512	0	0	0	1	0	2.160244
742	7518	0	0	0	1	0	1.326688
743	7528	0	0	0	0	0	1.389032
744	7536	0	0	0	0	0	2.340303
745	7544	0	0	0	1	0	1.924305
746	7549	0	0	0	2	0	2.066103
747	7556	0	0	0	1	0	2.356038
748	7564	0	0	0	0	0	2.058707
749	7571	0	0	0	2	0	2.048554
750	7580	0	0	0	1	0	2.717185
751	7594	0	0	0	0	0	1.586839
752	7604	0	0	0	0	0	2.066315
753	7613	0	0	0	0	0	2.995182
754	7623	0	0	0	1	0	1.504316
755	7632	0	0	0	2	0	1.557895
756	7640	0	0	0	0	0	1.633117
757	7654	0	0	0	1	0	1.171951
758	7677	0	0	0	0	0	1.194510
759	7685	0	0	0	0	0	1.325564
760	7696	0	0	0	1	0	1.536278
761	7708	0	0	0	1	0	1.608960
762	7724	0	0	0	2	0	1.735293
763	7739	0	0	0	0	0	1.905391
764	7747	0	0	0	0	0	2.874150
765	7760	0	0	0	1	0	2.770676
766	7769	0	0	0	2	0	1.087737
767	7776	0	0	0	2	0	2.698177
768	7792	0	0	0	0	0	2.230311
769	7799	0	0	0	0	0	1.441157
770	7811	0	0	0	1	0	1.694896
771	7818	0	0	0	2	0	2.115824
772	7823	0	0	0	1	0	1.864185
773	7836	0	0	0	0	0	1.266666
774	7843	0	0	0	1	0	2.712299
775	7854	0	0	0	0	0	1.541388
776	7865	0	0	0	1	0	2.678238
777	7880	0	0	0	1	0	1.188952
778	7891	0	0	0	2	0	2.429568
779	7898	0	0	0	1	0	1.458793
780	7904	0	0	0	1	0	1.325183
781	7912	0	0	0	2	0	1.745922
782	7922	0	0	0	0	0	1.307848
783	7932	0	0	0	0	0	1.077278
784	7944	0	0	0	2	0	1.049392
785	7955	0	0	0	0	0	1.728508
786	7961	0	0	0	0	0	1.672520
787	7974	0	0	0	0	0	1.514546
788	7982	0	0	0	0	0	1.426536
789	7991	0	0	0	1	0	1.603001
790	7997	0	0	0	1	0	2.369504
791	8001	0	0	0	2	0	2.262323
792	8014	0	0	0	1	0	1.890419
793	8028	0	0	0	1	0	1.989083
794	8039	0	0	0	0	0	1.463706
795	8043	0	0	0	0	0	2.188439
796	8053	0	0	0	1	0	1.933957
797	8069	0	0	0	2	0	2.787997
798	8075	0	0	0	0	0	2.448736
799	8090	0	0	0	0	0	2.146485
800	8105	0	0	0	0	0	2.322402
801	8112	0	0	0	0	0	1.671382
802	8120	0	0	0	2	0	1.309250
803	8129	0	0	0	1	0	2.100190
804	8133	0	0	0	1	0	2.310868
805	8146	0	0	0	1	0	1.653582
806	8150	0	0	0	2	0	2.669722
807	8155	0	0	0	0	0	1.037526
808	8170	0	0	0	1	0	2.945945
809	8178	0	0	0	1	0	1.824546
810	8189	0	0	0	2	0	2.132124
811	8200	0	0	0	0	0	2.193861
812	8210	0	0	0	1	0	2.755680
813	8219	0	0	0	0	0	2.125428
814	8230	0	0	0	0	0	2.380383
815	8239	0	0	0	0	0	1.569938
816	8250	0	0	0	1	0	2.422599
817	8259	0	0	0	0	0	1.610888
818	8265	0	0	0	2	0	1.649350
819	8273	0	0	0	1	0	2.964520
820	8284	0	0	0	2	0	2.159399
821	8295	0	0	0	0	0	2.603491
822	8312	0	0	0	0	0	1.559120
823	8321	0	0	0	2	0	1.916703
824	8334	0	0	0	1	0	2.665325
825	8345	0	0	0	0	0	2.268690
826	8351	0	0	0	0	0	1.915239
827	8356	0	0	0	2	0	2.538928
828	8367	0	0	0	2	0	1.927754
829	8379	0	0	0	1	0	1.530451
830	8388	0	0	0	0	0	2.493506
831	8399	0	0	0	0	0	2.139319
832	8411	0	0	0	2	0	1.139274
833	8425	0	0	0	0	0	1.802619
834	8430	0	0	0	0	0	1.229545
835	8438	0	0	0	2	0	2.730920
836	8451	0	0	0	0	0	2.960325
837	8457	0	0	0	0	0	1.587483
838	8466	0	0	0	1	0	2.649919
839	8471	0	0	0	2	0	2.093579
840	8479	0	0	0	0	0	2.743008
841	8497	0	0	0	1	0	1.730330
842	8504	0	0	0	0	0	2.249407
843	8516	0	0	0	1	0	2.055918
844	8526	0	0	0	0	0	2.275292
845	8545	0	0	0	1	0	2.287911
846	8553	0	0	0	2	0	2.663714
847	8563	0	0	0	0	0	2.825298
848	8570	0	0	0	1	0	1.383554
849	8581	0	0	0	1	0	2.987831
850	8590	0	0	0	1	0	1.602647
851	8600	0	0	0	0	0	2.387402
852	8615	0	0	0	2	0	2.945587
853	8630	0	0	0	0	0	1.836320
854	8637	0	0	0	2	0	1.976306
855	8654	0	0	0	1	0	1.030869
856	8657	0	0	0	2	0	2.268700
857	8662	0	0	0	0	0	2.605037
858	8672	0	0	0	2	0	1.578809
859	8678	0	0	0	0	0	2.117770
860	8685	0	0	0	0	0	2.752370
861	8700	0	0	0	0	0	2.976117
862	8710	0	0	0	2	0	1.928328
863	8722	0	0	0	2	0	1.748277
864	8736	0	0	0	0	0	1.238584
865	8749	0	0	0	0	0	2.628793
866	8755	0	0	0	1	0	1.649825
867	8767	0	0	0	1	0	2.262005
868	8771	0	0	0	0	0	1.052815
869	8784	0	0	0	0	0	1.672176
870	8791	0	0	0	0	0	1.213665
871	8798	0	0	0	0	0	1.420291
872	8808	0	0	0	2	0	1.022385
873	8815	0	0	0	0	0	1.269352
874	8825	0	0	0	2	0	1.217111
875	8832	0	0	0	0	0	2.140955
876	8844	0	0	0	1	0	1.328794
877	8856	0	0	0	1	0	2.444342
878	8864	0	0	0	2	0	1.312897
879	8879	0	0	0	1	0	2.318015
880	8888	0	0	0	1	0	1.447525
881	8900	0	0	0	2	0	1.304073
882	8913	0	0	0	0	0	1.275063
883	8929	0	0	0	0	0	1.306081
884	8935	0	0	0	0	0	2.233446
885	8949	0	0	0	0	0	1.033466
886	8959	0	0	0	0	0	1.737009
887	8971	0	0	0	1	0	1.612776
888	8987	0	0	0	1	0	2.265804
889	8997	0	0	0	0	0	2.274901
890	9007	0	0	0	0	0	2.757837
891	9020	0	0	0	0	0	1.466984
892	9032	0	0	0	2	0	2.378456
893	9043	0	0	0	1	0	2.420583
894	9053	0	0	0	1	0	2.341640
895	9059	0	0	0	1	0	2.380211
896	9068	0	0	0	0	0	2.165090
897	9080	0	0	0	1	0	2.346101
898	9090	0	0	0	0	0	2.185250
899	9097	0	0	0	1	0	1.735350
900	9105	0	0	0	1	0	1.668579
901	9116	0	0	0	0	0	2.198600
902	9120	0	0	0	0	0	1.745706
903	9127	0	0	0	0	0	2.332282
904	9137	0	0	0	0	0	2.227678
905	9151	0	0	0	0	0	1.649007
906	9157	0	0	0	1	0	1.737223
907	9168	0	0	0	1	0	2.821119
908	9180	0	0	0	0	0	2.345039
909	9188	0	0	0	1	0	2.621879
910	9201	0	0	0	2	0	2.969654
911	9211	0	0	0	2	0	1.835888
912	9221	0	0	0	0	0	1.524655
913	9231	0	0	0	1	0	2.311019
914	9240	0	0	0	2	0	2.501059
915	9255	0	0	0	2	0	1.328222
916	9268	0	0	0	0	0	2.825973
917	9279	0	0	0	0	0	1.731321
918	9294	0	0	0	2	0	2.657042
919	9302	0	0	0	0	0	2.868940
920	9313	0	0	0	1	0	1.641917
921	9320	0	0	0	0	0	2.733810
922	9325	0	0	0	0	0	2.611601
923	9330	0	0	0	1	0	2.653749
924	9340	0	0	0	1	0	2.280833
925	9349	0	0	0	0	0	2.834496
926	9355	0	0	0	1	0	1.694948
927	9367	0	0	0	1	0	2.027279
928	9378	0	0	0	1	0	1.177591
929	9390	0	0	0	0	0	2.331133
930	9397	0	0	0	2	0	2.223256
931	9408	0	0	0	1	0	1.522539
932	9414	0	0	0	2	0	1.427581
933	9428	0	0	0	0	0	2.684091
934	9440	0	0	0	2	0	2.624348
935	9452	0	0	0	1	0	2.476031
936	9460	0	0	0	2	0	2.888147
937	9469	0	0	0	2	0	2.597919
938	9478	0	0	0	2	0	1.426465
939	9489	0	0	0	0	0	2.718826
940	9490	0	0	0	0	0	2.096879
941	9501	0	0	0	0	0	1.530278
942	9509	0	0	0	1	0	1.854913
943	9522	0	0	0	0	0	1.595438
944	9532	0	0	0	0	0	2.062871
945	9539	0	0	0	0	0	2.758274
946	9552	0	0	0	1	0	2.009866
947	9564	0	0	0	0	0	1.643620
948	9573	0	0	0	2	0	2.390858
949	9577	0	0	0	2	0	1.908621
950	9590	0	0	0	2	0	2.065850
951	9602	0	0	0	1	0	1.504461
952	9619	0	0	0	1	0	1.958264
953	9634	0	0	0	2	0	1.038862
954	9641	0	0	0	1	0	2.400002
955	9650	0	0	0	1	0	1.322518
956	9665	0	0	0	0	0	1.640906
957	9679	0	0	0	2	0	2.050113
958	9686	0	0	0	0	0	1.577420
959	9696	0	0	0	0	0	2.400417
960	9703	0	0	0	2	0	1.850236
961	9709	0	0	0	2	0	1.150133
962	9714	0	0	0	0	0	2.822648
963	9724	0	0	0	1	0	1.295362
964	9728	0	0	0	0	0	2.252365
965	9741	0	0	0	0	0	1.318005
966	9749	0	0	0	1	0	1.968314
967	9759	0	0	0	2	0	2.091438
968	9768	0	0	0	0	0	1.285297
969	9779	0	0	0	1	0	1.976356
970	9794	0	0	0	0	0	1.883439
971	9798	0	0	0	0	0	2.103427
972	9814	0	0	0	0	0	1.166597
973	9822	0	0	0	0	0	1.927862
974	9836	0	0	0	0	0	2.982659
975	9845	0	0	0	0	0	1.393861
976	9852	0	0	0	2	0	2.919741
977	9865	0	0	0	1	0	2.570163
978	9875	0	0	0	1	0	2.988750
979	9883	0	0	0	0	0	1.566358
980	9890	0	0	0	1	0	1.211608
981	9900	0	0	0	0	0	2.990351
982	9911	0	0	0	1	0	1.407047
983	9919	0	0	0	1	0	1.419961
984	9930	0	0	0	1	0	1.067954
985	9941	0	0	0	0	0	1.751029
986	9949	0	0	0	1	0	1.791703
987	9962	0	0	0	1	0	1.830882
988	9973	0	0	0	1	0	2.918679
989	9981	0	0	0	1	0	1.632515
990	9992	0	0	0	0	0	1.372805
991	10001	0	0	0	2	0	2.989787
992	10005	0	0	0	0	0	2.633592
993	10012	0	0	0	1	0	2.126870
994	10023	0	0	0	0	0	1.764982
995	10031	0	0	0	1	0	2.800293
996	10040	0	0	0	2	0	1.550810
997	10053	0	0	0	0	0	2.984845
998	10069	0	0	0	2	0	2.193838
999	10076	0	0	0	0	0	1.463086
