0	1	0	0	0	2	0	2.030715
1	9	0	0	0	1	0	2.566460
2	17	0	0	0	1	0	1.095207
3	29	0	0	0	0	0	1.773972
4	35	0	0	0	1	0	1.649210
5	46	0	0	0	0	0	1.810013
6	55	0	0	0	0	0	2.030084
7	70	0	0	0	2	0	2.965732
8	77	0	0	0	1	0	1.092759
9	83	0	0	0	2	0	2.176415
10	90	0	0	0	1	0	1.522713
11	99	0	0	0	0	0	1.488942
12	108	0	0	0	2	0	2.274752
13	118	0	0	0	0	0	2.481699
14	131	0	0	0	1	0	1.943482
15	140	0	0	0	1	0	1.283391
16	149	0	0	0	0	0	1.010386
17	162	0	0	0	1	0	2.942905
18	164	0	0	0	1	0	1.141851
19	174	0	0	0	0	0	2.703465
20	182	0	0	0	1	0	2.975025
21	198	0	0	0	0	0	1.800359
22	205	0	0	0	0	0	1.397238
23	210	0	0	0	2	0	1.463751
24	223	0	0	0	1	0	1.485382
25	233	0	0	0	2	0	2.195619
26	245	0	0	0	1	0	2.583639
27	255	0	0	0	1	0	2.957456
28	259	0	0	0	1	0	2.050930
29	266	0	0	0	1	0	1.808290
30	281	0	0	0	1	0	2.805367
31	287	0	0	0	1	0	2.072877
32	303	0	0	0	0	0	1.177279
33	307	0	0	0	0	0	2.213780
34	313	0	0	0	2	0	1.956353
35	327	0	0	0	1	0	1.054208
36	341	0	0	0	0	0	2.317356
37	345	0	0	0	2	0	2.775882
38	354	0	0	0	0	0	2.395519
39	366	0	0	0	1	0	1.269025
40	375	0	0	0	0	0	2.572816
41	385	0	0	0	0	0	2.829605
42	400	0	0	0	0	0	2.528333
43	409	0	0	0	1	0	2.943754
44	417	0	0	0	2	0	1.557565
45	421	0	0	0	2	0	1.313251
46	440	0	0	0	1	0	2.494200
47	451	0	0	0	2	0	1.110800
48	461	0	0	0	1	0	1.105954
49	469	0	0	0	2	0	2.621515
50	477	0	0	0	0	0	1.360946
51	491	0	0	0	2	0	1.299272
52	503	0	0	0	0	0	1.236853
53	512	0	0	0	0	0	1.570928
54	519	0	0	0	1	0	2.765246
55	527	0	0	0	2	0	1.305191
56	537	0	0	0	1	0	2.386379
57	550	0	0	0	0	0	1.592451
58	554	0	0	0	0	0	2.880862
59	563	0	0	0	0	0	1.302542
60	570	0	0	0	2	0	1.665781
61	575	0	0	0	0	0	1.775946
62	590	0	0	0	0	0	2.705913
63	602	0	0	0	2	0	2.632961
64	611	0	0	0	1	0	2.770871
65	627	0	0	0	1	0	2.075995
66	637	0	0	0	2	0	2.602543
67	650	0	0	0	2	0	1.667868
68	658	0	0	0	0	0	1.047854
69	678	0	0	0	1	0	2.138018
70	690	0	0	0	0	0	1.207386
71	706	0	0	0	0	0	1.828774
72	715	0	0	0	2	0	1.831785
73	729	0	0	0	2	0	2.744755
74	739	0	0	0	2	0	2.511436
75	744	0	0	0	0	0	1.689394
76	755	0	0	0	2	0	2.591879
77	759	0	0	0	0	0	2.713092
78	764	0	0	0	1	0	2.163831
79	773	0	0	0	0	0	1.050052
80	780	0	0	0	0	0	2.993270
81	787	0	0	0	1	0	2.354429
82	800	0	0	0	0	0	1.432803
83	809	0	0	0	0	0	2.465244
84	821	0	0	0	1	0	2.022680
85	834	0	0	0	2	0	1.870358
86	844	0	0	0	0	0	2.313468
87	858	0	0	0	0	0	2.738389
88	871	0	0	0	0	0	1.737573
89	880	0	0	0	2	0	1.191881
90	891	0	0	0	1	0	1.403855
91	904	0	0	0	0	0	1.039275
92	912	0	0	0	0	0	2.874088
93	920	0	0	0	1	0	2.614207
94	928	0	0	0	2	0	1.892592
95	935	0	0	0	0	0	2.480114
96	942	0	0	0	1	0	1.452769
97	947	0	0	0	0	0	2.413099
98	955	0	0	0	1	0	2.028973
99	962	0	0	0	1	0	2.348244
100	969	0	0	0	1	0	2.508930
101	976	0	0	0	1	0	2.718416
102	989	0	0	0	2	0	1.805476
103	999	0	0	0	1	0	2.601896
104	1006	0	0	0	0	0	2.852431
105	1013	0	0	0	2	0	2.068516
106	1019	0	0	0	1	0	2.939546
107	1029	0	0	0	1	0	1.057399
108	1035	0	0	0	2	0	2.135168
109	1047	0	0	0	0	0	1.336683
110	1056	0	0	0	2	0	2.711998
111	1063	0	0	0	0	0	2.254381
112	1068	0	0	0	0	0	1.318263
113	1082	0	0	0	0	0	2.336445
114	1091	0	0	0	1	0	2.774172
115	1103	0	0	0	1	0	1.654124
116	1109	0	0	0	0	0	1.846658
117	1117	0	0	0	1	0	2.665243
118	1123	0	0	0	2	0	1.848267
119	1137	0	0	0	0	0	2.133304
120	1146	0	0	0	1	0	1.712235
121	1150	0	0	0	2	0	2.988915
122	1162	0	0	0	0	0	2.002618
123	1169	0	0	0	1	0	2.627433
124	1175	0	0	0	1	0	2.477567
125	1188	0	0	0	0	0	2.445611
126	1197	0	0	0	2	0	2.011679
127	1208	0	0	0	1	0	1.628540
128	1218	0	0	0	2	0	2.709293
129	1228	0	0	0	2	0	2.282912
130	1236	0	0	0	2	0	1.697641
131	1246	0	0	0	1	0	2.462409
132	1255	0	0	0	0	0	2.295632
133	1271	0	0	0	0	0	2.002787
134	1286	0	0	0	0	0	1.185770
135	1295	0	0	0	2	0	1.697010
136	1308	0	0	0	1	0	2.605024
137	1313	0	0	0	2	0	1.849357
138	1320	0	0	0	1	0	1.487409
139	1328	0	0	0	0	0	2.654347
140	1338	0	0	0	1	0	1.686856
141	1347	0	0	0	2	0	2.296933
142	1351	0	0	0	1	0	1.738959
143	1357	0	0	0	0	0	2.331196
144	1361	0	0	0	0	0	1.410091
145	1373	0	0	0	1	0	2.749815
146	1384	0	0	0	0	0	1.004492
147	1394	0	0	0	0	0	1.020780
148	1404	0	0	0	2	0	2.463922
149	1418	0	0	0	0	0	2.182185
150	1427	0	0	0	1	0	1.308874
151	1437	0	0	0	1	0	2.556224
152	1447	0	0	0	0	0	1.913151
153	1462	0	0	0	0	0	2.382271
154	1477	0	0	0	0	0	1.591019
155	1486	0	0	0	1	0	1.016961
156	1498	0	0	0	0	0	2.105707
157	1510	0	0	0	0	0	1.868938
158	1525	0	0	0	1	0	2.935191
159	1531	0	0	0	0	0	1.013761
160	1542	0	0	0	0	0	1.387558
161	1553	0	0	0	1	0	2.754223
162	1563	0	0	0	0	0	2.576166
163	1572	0	0	0	1	0	2.149018
164	1587	0	0	0	0	0	2.475568
165	1600	0	0	0	1	0	1.741584
166	1612	0	0	0	1	0	2.644078
167	1619	0	0	0	0	0	2.788072
168	1630	0	0	0	0	0	1.022923
169	1638	0	0	0	1	0	1.836042
170	1652	0	0	0	2	0	2.881775
171	1660	0	0	0	0	0	2.846979
172	1667	0	0	0	1	0	1.028585
173	1679	0	0	0	2	0	2.165554
174	1688	0	0	0	2	0	1.589080
175	1701	0	0	0	1	0	1.709256
176	1710	0	0	0	0	0	2.275896
177	1719	0	0	0	0	0	1.293493
178	1735	0	0	0	2	0	2.782825
179	1746	0	0	0	2	0	2.207816
180	1756	0	0	0	2	0	2.750651
181	1764	0	0	0	2	0	2.720203
182	1772	0	0	0	1	0	1.672697
183	1780	0	0	0	1	0	2.521283
184	1796	0	0	0	2	0	2.648233
185	1804	0	0	0	1	0	2.644566
186	1815	0	0	0	2	0	2.527241
187	1827	0	0	0	1	0	1.401966
188	1835	0	0	0	0	0	2.137679
189	1847	0	0	0	0	0	2.669571
190	1861	0	0	0	0	0	1.011403
191	1870	0	0	0	0	0	1.550732
192	1880	0	0	0	0	0	2.041783
193	1893	0	0	0	2	0	2.060719
194	1901	0	0	0	2	0	2.756561
195	1910	0	0	0	0	0	1.604875
196	1921	0	0	0	1	0	1.347245
197	1930	0	0	0	0	0	1.627750
198	1944	0	0	0	1	0	2.234462
199	1953	0	0	0	0	0	1.190302
200	1963	0	0	0	1	0	1.331314
201	1974	0	0	0	0	0	2.539273
202	1987	0	0	0	1	0	2.661157
203	1998	0	0	0	0	0	1.725552
204	2006	0	0	0	0	0	2.898011
205	2018	0	0	0	2	0	2.767616
206	2028	0	0	0	1	0	2.043622
207	2037	0	0	0	0	0	2.001925
208	2049	0	0	0	2	0	2.936018
209	2057	0	0	0	1	0	2.628726
210	2069	0	0	0	2	0	2.287865
211	2077	0	0	0	2	0	1.664087
212	2082	0	0	0	1	0	2.477593
213	2095	0	0	0	2	0	1.401080
214	2109	0	0	0	0	0	1.955831
215	2117	0	0	0	2	0	1.790081
216	2126	0	0	0	0	0	2.548395
217	2139	0	0	0	2	0	1.758013
218	2147	0	0	0	2	0	1.820900
219	2162	0	0	0	1	0	1.874736
220	2178	0	0	0	2	0	1.589091
221	2187	0	0	0	0	0	2.975368
222	2195	0	0	0	2	0	2.584300
223	2206	0	0	0	0	0	1.457669
224	2221	0	0	0	2	0	2.656194
225	2225	0	0	0	0	0	1.936436
226	2237	0	0	0	0	0	1.903270
227	2247	0	0	0	1	0	2.903940
228	2259	0	0	0	2	0	1.566198
229	2267	0	0	0	2	0	1.124505
230	2277	0	0	0	0	0	1.769162
231	2290	0	0	0	0	0	1.831484
232	2305	0	0	0	2	0	2.850744
233	2312	0	0	0	1	0	2.488097
234	2324	0	0	0	0	0	1.469097
235	2332	0	0	0	0	0	1.691754
236	2343	0	0	0	1	0	2.923684
237	2356	0	0	0	1	0	2.208510
238	2369	0	0	0	1	0	2.548156
239	2382	0	0	0	1	0	1.878639
240	2391	0	0	0	2	0	1.828687
241	2402	0	0	0	0	0	1.686164
242	2413	0	0	0	1	0	2.115158
243	2426	0	0	0	0	0	2.593261
244	2440	0	0	0	0	0	1.521552
245	2449	0	0	0	1	0	1.855864
246	2464	0	0	0	0	0	2.386277
247	2477	0	0	0	0	0	2.661186
248	2489	0	0	0	1	0	1.438604
249	2503	0	0	0	0	0	1.539431
250	2510	0	0	0	0	0	1.838404
251	2519	0	0	0	0	0	2.924613
252	2528	0	0	0	2	0	2.773427
253	2535	0	0	0	2	0	2.969146
254	2540	0	0	0	0	0	1.969439
255	2547	0	0	0	1	0	1.430499
256	2560	0	0	0	1	0	2.288763
257	2576	0	0	0	0	0	1.447500
258	2585	0	0	0	1	0	2.810650
259	2597	0	0	0	0	0	2.944412
260	2608	0	0	0	2	0	1.973291
261	2612	0	0	0	2	0	2.666447
262	2621	0	0	0	1	0	1.855366
263	2626	0	0	0	0	0	1.390789
264	2640	0	0	0	2	0	2.760816
265	2655	0	0	0	1	0	2.434542
266	2666	0	0	0	1	0	1.103722
267	2678	0	0	0	0	0	2.692040
268	2691	0	0	0	0	0	2.408006
269	2704	0	0	0	1	0	1.799775
270	2716	0	0	0	0	0	1.745987
271	2725	0	0	0	2	0	1.075328
272	2735	0	0	0	0	0	2.473963
273	2744	0	0	0	0	0	1.057051
274	2754	0	0	0	0	0	2.417853
275	2764	0	0	0	1	0	1.077919
276	2777	0	0	0	0	0	1.893115
277	2786	0	0	0	2	0	2.249717
278	2796	0	0	0	1	0	1.808911
279	2810	0	0	0	1	0	1.009300
280	2821	0	0	0	1	0	2.390316
281	2831	0	0	0	1	0	2.790364
282	2840	0	0	0	2	0	2.134055
283	2848	0	0	0	0	0	2.194819
284	2859	0	0	0	0	0	2.941801
285	2866	0	0	0	0	0	1.344440
286	2876	0	0	0	0	0	1.833236
287	2884	0	0	0	2	0	1.696951
288	2897	0	0	0	2	0	1.383085
289	2912	0	0	0	1	0	2.702288
290	2917	0	0	0	1	0	1.598973
291	2926	0	0	0	1	0	1.046429
292	2930	0	0	0	0	0	2.711106
293	2941	0	0	0	1	0	1.448368
294	2949	0	0	0	1	0	1.649004
295	2965	0	0	0	0	0	1.073831
296	2978	0	0	0	1	0	1.157391
297	2990	0	0	0	2	0	2.003406
298	3000	0	0	0	2	0	1.303918
299	3007	0	0	0	1	0	2.466931
300	3016	0	0	0	0	0	2.292221
301	3027	0	0	0	1	0	1.525774
302	3043	0	0	0	1	0	2.242919
303	3053	0	0	0	2	0	1.917618
304	3061	0	0	0	2	0	2.606924
305	3077	0	0	0	1	0	1.728688
306	3090	0	0	0	0	0	1.360830
307	3103	0	0	0	2	0	2.396465
308	3113	0	0	0	0	0	2.085311
309	3121	0	0	0	1	0	1.236279
310	3126	0	0	0	2	0	1.858668
311	3141	0	0	0	1	0	1.342796
312	3152	0	0	0	0	0	1.479025
313	3166	0	0	0	0	0	1.401412
314	3177	0	0	0	2	0	2.304775
315	3189	0	0	0	1	0	2.130915
316	3197	0	0	0	0	0	1.224272
317	3212	0	0	0	1	0	2.418083
318	3219	0	0	0	1	0	2.409297
319	3233	0	0	0	2	0	1.581000
320	3243	0	0	0	0	0	1.635480
321	3258	0	0	0	1	0	1.171709
322	3265	0	0	0	1	0	2.236117
323	3279	0	0	0	0	0	2.539809
324	3288	0	0	0	2	0	2.531154
325	3294	0	0	0	0	0	2.859155
326	3304	0	0	0	1	0	1.597643
327	3313	0	0	0	2	0	2.904009
328	3326	0	0	0	1	0	1.781659
329	3335	0	0	0	1	0	2.534512
330	3345	0	0	0	1	0	2.629498
331	3357	0	0	0	0	0	1.358838
332	3363	0	0	0	0	0	1.248308
333	3373	0	0	0	0	0	1.540825
334	3380	0	0	0	0	0	1.154009
335	3389	0	0	0	0	0	1.694782
336	3399	0	0	0	2	0	1.891833
337	3410	0	0	0	1	0	2.105992
338	3417	0	0	0	1	0	1.733722
339	3424	0	0	0	1	0	1.860335
340	3436	0	0	0	2	0	2.722110
341	3442	0	0	0	1	0	1.177715
342	3459	0	0	0	1	0	1.569946
343	3466	0	0	0	1	0	2.377829
344	3473	0	0	0	0	0	2.002774
345	3478	0	0	0	1	0	1.749559
346	3486	0	0	0	0	0	2.749096
347	3494	0	0	0	1	0	1.225660
348	3504	0	0	0	1	0	2.597332
349	3521	0	0	0	0	0	2.273411
350	3532	0	0	0	2	0	2.834896
351	3539	0	0	0	2	0	2.917267
352	3549	0	0	0	1	0	2.692235
353	3559	0	0	0	1	0	1.395916
354	3570	0	0	0	0	0	2.568120
355	3578	0	0	0	1	0	1.739999
356	3583	0	0	0	0	0	2.770710
357	3595	0	0	0	2	0	2.257894
358	3608	0	0	0	1	0	2.105561
359	3632	0	0	0	2	0	1.095370
360	3640	0	0	0	2	0	2.761831
361	3648	0	0	0	2	0	2.734444
362	3657	0	0	0	1	0	1.372045
363	3669	0	0	0	1	0	2.922943
364	3679	0	0	0	1	0	1.927962
365	3685	0	0	0	1	0	2.541113
366	3691	0	0	0	0	0	1.457176
367	3700	0	0	0	0	0	1.567986
368	3716	0	0	0	0	0	1.979535
369	3725	0	0	0	1	0	1.425543
370	3736	0	0	0	1	0	2.766346
371	3743	0	0	0	2	0	1.724054
372	3755	0	0	0	0	0	2.476381
373	3765	0	0	0	0	0	1.593275
374	3775	0	0	0	2	0	2.452563
375	3782	0	0	0	0	0	2.057021
376	3796	0	0	0	1	0	1.156206
377	3811	0	0	0	1	0	1.499215
378	3824	0	0	0	2	0	1.311708
379	3835	0	0	0	0	0	2.191017
380	3848	0	0	0	1	0	1.410553
381	3859	0	0	0	2	0	2.805210
382	3871	0	0	0	0	0	2.292257
383	3881	0	0	0	1	0	1.563928
384	3887	0	0	0	2	0	1.016140
385	3895	0	0	0	1	0	2.217013
386	3900	0	0	0	2	0	1.906545
387	3907	0	0	0	0	0	1.855447
388	3914	0	0	0	1	0	1.321612
389	3925	0	0	0	1	0	1.410602
390	3929	0	0	0	1	0	2.217787
391	3943	0	0	0	2	0	1.504997
392	3951	0	0	0	0	0	1.006678
393	3964	0	0	0	1	0	1.094872
394	3975	0	0	0	0	0	1.692524
395	3986	0	0	0	0	0	1.727595
396	3996	0	0	0	1	0	2.741199
397	4010	0	0	0	0	0	1.190512
398	4017	0	0	0	0	0	1.643520
399	4026	0	0	0	1	0	1.079758
400	4039	0	0	0	0	0	1.924768
401	4045	0	0	0	1	0	1.944898
402	4054	0	0	0	1	0	1.864199
403	4060	0	0	0	0	0	1.159055
404	4069	0	0	0	0	0	2.422739
405	4084	0	0	0	0	0	1.107815
406	4095	0	0	0	1	0	2.271304
407	4102	0	0	0	1	0	2.069411
408	4113	0	0	0	0	0	1.001351
409	4122	0	0	0	2	0	1.378833
410	4130	0	0	0	0	0	2.392874
411	4140	0	0	0	2	0	2.454027
412	4146	0	0	0	0	0	1.367501
413	4159	0	0	0	0	0	2.425553
414	4169	0	0	0	1	0	2.192112
415	4182	0	0	0	0	0	2.683318
416	4188	0	0	0	2	0	1.116184
417	4200	0	0	0	2	0	2.397255
418	4211	0	0	0	0	0	1.381978
419	4223	0	0	0	1	0	2.391965
420	4233	0	0	0	2	0	1.837817
421	4250	0	0	0	2	0	2.937321
422	4261	0	0	0	1	0	2.195475
423	4267	0	0	0	2	0	1.618956
424	4276	0	0	0	0	0	1.302636
425	4282	0	0	0	1	0	1.939040
426	4292	0	0	0	0	0	2.255763
427	4305	0	0	0	0	0	1.994004
428	4310	0	0	0	2	0	1.344274
429	4318	0	0	0	2	0	2.950094
430	4330	0	0	0	1	0	2.891221
431	4337	0	0	0	2	0	2.092422
432	4345	0	0	0	1	0	1.498597
433	4353	0	0	0	0	0	1.973944
434	4361	0	0	0	1	0	1.677519
435	4370	0	0	0	1	0	2.032059
436	4381	0	0	0	0	0	1.145380
437	4387	0	0	0	2	0	2.288785
438	4394	0	0	0	0	0	2.531686
439	4405	0	0	0	2	0	1.875434
440	4419	0	0	0	1	0	2.698861
441	4433	0	0	0	2	0	2.394842
442	4444	0	0	0	0	0	2.417405
443	4456	0	0	0	1	0	1.134050
444	4468	0	0	0	0	0	1.970330
445	4479	0	0	0	1	0	2.118359
446	4487	0	0	0	0	0	1.261454
447	4495	0	0	0	1	0	1.515800
448	4511	0	0	0	0	0	2.278652
449	4525	0	0	0	0	0	1.931989
450	4541	0	0	0	1	0	1.867774
451	4554	0	0	0	0	0	2.923824
452	4563	0	0	0	0	0	1.037460
453	4571	0	0	0	1	0	1.404158
454	4582	0	0	0	2	0	2.642871
455	4597	0	0	0	1	0	1.056238
456	4609	0	0	0	0	0	1.583298
457	4616	0	0	0	0	0	1.479813
458	4628	0	0	0	2	0	1.739788
459	4632	0	0	0	0	0	2.707497
460	4642	0	0	0	2	0	2.333033
461	4653	0	0	0	0	0	2.507617
462	4660	0	0	0	0	0	2.323671
463	4677	0	0	0	0	0	2.279792
464	4688	0	0	0	2	0	1.349926
465	4697	0	0	0	0	0	2.211590
466	4706	0	0	0	0	0	1.896843
467	4718	0	0	0	2	0	2.551065
468	4733	0	0	0	1	0	1.463042
469	4742	0	0	0	0	0	2.164459
470	4748	0	0	0	1	0	1.530750
471	4757	0	0	0	1	0	1.260777
472	4765	0	0	0	1	0	2.749381
473	4772	0	0	0	2	0	1.413967
474	4787	0	0	0	1	0	1.388586
475	4797	0	0	0	0	0	1.643566
476	4805	0	0	0	1	0	1.297268
477	4814	0	0	0	0	0	2.611144
478	4827	0	0	0	1	0	2.100995
479	4836	0	0	0	1	0	1.045473
480	4846	0	0	0	1	0	2.376567
481	4855	0	0	0	1	0	2.962049
482	4865	0	0	0	0	0	2.725745
483	4879	0	0	0	0	0	1.705113
484	4890	0	0	0	1	0	2.304312
485	4897	0	0	0	2	0	2.166214
486	4903	0	0	0	1	0	1.347055
487	4913	0	0	0	2	0	2.430135
488	4924	0	0	0	0	0	1.895266
489	4931	0	0	0	2	0	2.482237
490	4938	0	0	0	1	0	1.898544
491	4949	0	0	0	1	0	1.477221
492	4956	0	0	0	2	0	2.725885
493	4966	0	0	0	0	0	2.968205
494	4980	0	0	0	1	0	1.483975
495	4991	0	0	0	0	0	2.623119
496	5005	0	0	0	1	0	1.597228
497	5014	0	0	0	1	0	1.303146
498	5026	0	0	0	0	0	1.291937
499	5042	0	0	0	0	0	2.026643
500	5058	0	0	0	2	0	2.671724
501	5066	0	0	0	1	0	1.757928
502	5072	0	0	0	2	0	1.546034
503	5081	0	0	0	2	0	1.785421
504	5092	0	0	0	1	0	2.890056
505	5106	0	0	0	2	0	1.248525
506	5116	0	0	0	1	0	1.504394
507	5127	0	0	0	1	0	1.954931
508	5140	0	0	0	0	0	2.211280
509	5153	0	0	0	1	0	1.374436
510	5164	0	0	0	2	0	1.489871
511	5172	0	0	0	1	0	1.934152
512	5181	0	0	0	1	0	2.669330
513	5193	0	0	0	2	0	1.421147
514	5200	0	0	0	2	0	2.894718
515	5208	0	0	0	0	0	2.394354
516	5218	0	0	0	1	0	1.086269
517	5226	0	0	0	2	0	1.317520
518	5243	0	0	0	1	0	2.518240
519	5261	0	0	0	2	0	1.583695
520	5273	0	0	0	2	0	1.996124
521	5282	0	0	0	0	0	2.654068
522	5299	0	0	0	0	0	2.034751
523	5309	0	0	0	0	0	1.864056
524	5320	0	0	0	1	0	2.110188
525	5329	0	0	0	0	0	1.257123
526	5338	0	0	0	0	0	2.927980
527	5348	0	0	0	2	0	1.719987
528	5354	0	0	0	0	0	1.936289
529	5364	0	0	0	0	0	1.868825
530	5373	0	0	0	1	0	2.544237
531	5386	0	0	0	1	0	1.634250
532	5396	0	0	0	0	0	1.896791
533	5408	0	0	0	0	0	1.877895
534	5424	0	0	0	1	0	2.362983
535	5431	0	0	0	0	0	1.242109
536	5435	0	0	0	2	0	2.763800
537	5443	0	0	0	0	0	1.432449
538	5452	0	0	0	1	0	2.202987
539	5464	0	0	0	0	0	2.286696
540	5472	0	0	0	0	0	2.058011
541	5484	0	0	0	1	0	2.006802
542	5491	0	0	0	0	0	1.067221
543	5497	0	0	0	2	0	2.908599
544	5504	0	0	0	2	0	1.952082
545	5516	0	0	0	2	0	2.092389
546	5522	0	0	0	1	0	2.723872
547	5530	0	0	0	0	0	1.932802
548	5540	0	0	0	2	0	2.036698
549	5550	0	0	0	0	0	2.553800
550	5561	0	0	0	1	0	2.067804
551	5575	0	0	0	1	0	1.574833
552	5583	0	0	0	1	0	2.728955
553	5592	0	0	0	1	0	2.564922
554	5602	0	0	0	0	0	1.946787
555	5607	0	0	0	0	0	1.984741
556	5614	0	0	0	1	0	2.935906
557	5619	0	0	0	1	0	2.728262
558	5630	0	0	0	0	0	2.081796
559	5640	0	0	0	0	0	1.932797
560	5656	0	0	0	1	0	1.150089
561	5670	0	0	0	1	0	1.277910
562	5680	0	0	0	1	0	2.950510
563	5693	0	0	0	0	0	1.064679
564	5700	0	0	0	0	0	2.498314
565	5712	0	0	0	2	0	2.614396
566	5721	0	0	0	2	0	1.655035
567	5733	0	0	0	0	0	1.384030
568	5738	0	0	0	1	0	2.233829
569	5750	0	0	0	0	0	1.407421
570	5759	0	0	0	0	0	2.191501
571	5764	0	0	0	1	0	1.644081
572	5770	0	0	0	2	0	2.771961
573	5785	0	0	0	0	0	1.642363
574	5793	0	0	0	1	0	2.163886
575	5803	0	0	0	2	0	1.288612
576	5815	0	0	0	1	0	2.108930
577	5831	0	0	0	2	0	2.348711
578	5843	0	0	0	1	0	2.940757
579	5854	0	0	0	0	0	2.921766
580	5867	0	0	0	2	0	1.845539
581	5876	0	0	0	0	0	2.779879
582	5886	0	0	0	2	0	2.299620
583	5892	0	0	0	2	0	2.133717
584	5903	0	0	0	1	0	1.847090
585	5913	0	0	0	0	0	2.386529
586	5922	0	0	0	2	0	2.736773
587	5931	0	0	0	1	0	2.833729
588	5940	0	0	0	2	0	2.405659
589	5943	0	0	0	0	0	2.534360
590	5957	0	0	0	0	0	2.152628
591	5966	0	0	0	1	0	1.410553
592	5974	0	0	0	2	0	2.586045
593	5985	0	0	0	0	0	1.629614
594	6001	0	0	0	0	0	2.605939
595	6011	0	0	0	0	0	1.013334
596	6014	0	0	0	1	0	2.466196
597	6021	0	0	0	0	0	1.619558
598	6032	0	0	0	2	0	2.857452
599	6045	0	0	0	0	0	1.413705
600	6053	0	0	0	0	0	1.695740
601	6066	0	0	0	2	0	2.895058
602	6079	0	0	0	0	0	1.655740
603	6083	0	0	0	0	0	1.749746
604	6088	0	0	0	2	0	1.819439
605	6097	0	0	0	1	0	1.028707
606	6107	0	0	0	1	0	1.666161
607	6115	0	0	0	1	0	2.840730
608	6121	0	0	0	1	0	1.901125
609	6131	0	0	0	0	0	2.788103
610	6135	0	0	0	0	0	1.423430
611	6144	0	0	0	0	0	2.652646
612	6150	0	0	0	2	0	2.255628
613	6162	0	0	0	0	0	1.531998
614	6170	0	0	0	1	0	1.615472
615	6179	0	0	0	2	0	1.353140
616	6191	0	0	0	1	0	2.131532
617	6202	0	0	0	2	0	1.687418
618	6210	0	0	0	0	0	1.854529
619	6228	0	0	0	0	0	2.038523
620	6235	0	0	0	0	0	1.773759
621	6247	0	0	0	1	0	2.212867
622	6259	0	0	0	1	0	1.766398
623	6271	0	0	0	1	0	2.020398
624	6279	0	0	0	2	0	1.604480
625	6285	0	0	0	0	0	2.124583
626	6291	0	0	0	0	0	1.594041
627	6304	0	0	0	1	0	1.479049
628	6314	0	0	0	0	0	2.399165
629	6323	0	0	0	2	0	2.211841
630	6333	0	0	0	0	0	1.330782
631	6343	0	0	0	0	0	2.451729
632	6350	0	0	0	0	0	1.469739
633	6355	0	0	0	0	0	1.040553
634	6362	0	0	0	0	0	1.913915
635	6366	0	0	0	1	0	2.909265
636	6379	0	0	0	0	0	2.055311
637	6388	0	0	0	1	0	2.018212
638	6398	0	0	0	1	0	2.638699
639	6409	0	0	0	1	0	2.817897
640	6416	0	0	0	1	0	2.343909
641	6426	0	0	0	1	0	1.640165
642	6434	0	0	0	1	0	2.359311
643	6439	0	0	0	0	0	1.756975
644	6456	0	0	0	2	0	2.365155
645	6467	0	0	0	2	0	2.799322
646	6480	0	0	0	1	0	1.412618
647	6490	0	0	0	2	0	1.336572
648	6500	0	0	0	0	0	1.258605
649	6506	0	0	0	0	0	2.033244
650	6520	0	0	0	0	0	2.699013
651	6531	0	0	0	0	0	2.029671
652	6542	0	0	0	0	0	1.238086
653	6554	0	0	0	0	0	1.090654
654	6564	0	0	0	0	0	2.607775
655	6576	0	0	0	2	0	2.393927
656	6585	0	0	0	0	0	1.573696
657	6591	0	0	0	0	0	2.741120
658	6606	0	0	0	0	0	2.375248
659	6616	0	0	0	1	0	1.875246
660	6627	0	0	0	1	0	2.452954
661	6639	0	0	0	2	0	2.439154
662	6651	0	0	0	1	0	1.285576
663	6657	0	0	0	0	0	1.461958
664	6667	0	0	0	2	0	1.008853
665	6681	0	0	0	0	0	2.840176
666	6698	0	0	0	1	0	2.865192
667	6706	0	0	0	0	0	2.139213
668	6715	0	0	0	2	0	1.680448
669	6721	0	0	0	1	0	1.127599
670	6732	0	0	0	2	0	2.298562
671	6738	0	0	0	2	0	2.537245
672	6746	0	0	0	0	0	2.483814
673	6758	0	0	0	0	0	1.497580
674	6766	0	0	0	1	0	2.335518
675	6776	0	0	0	0	0	2.362783
676	6786	0	0	0	0	0	1.378698
677	6803	0	0	0	1	0	1.795880
678	6808	0	0	0	1	0	1.950901
679	6826	0	0	0	2	0	2.102367
680	6833	0	0	0	1	0	1.283520
681	6841	0	0	0	1	0	1.193374
682	6853	0	0	0	0	0	2.861600
683	6864	0	0	0	0	0	2.526284
684	6876	0	0	0	0	0	2.278078
685	6885	0	0	0	1	0	1.724759
686	6897	0	0	0	2	0	2.260253
687	6905	0	0	0	0	0	2.458256
688	6915	0	0	0	0	0	2.059887
689	6928	0	0	0	1	0	2.440395
690	6932	0	0	0	2	0	2.475025
691	6940	0	0	0	2	0	1.616732
692	6950	0	0	0	2	0	1.304669
693	6961	0	0	0	0	0	1.824413
694	6963	0	0	0	0	0	1.637920
695	6976	0	0	0	0	0	2.754045
696	6985	0	0	0	1	0	1.012963
697	6994	0	0	0	0	0	2.279866
698	7006	0	0	0	1	0	1.693968
699	7021	0	0	0	2	0	1.935717
700	7032	0	0	0	0	0	1.132711
701	7043	0	0	0	0	0	2.583514
702	7047	0	0	0	0	0	1.825370
703	7055	0	0	0	0	0	2.342093
704	7071	0	0	0	2	0	2.631265
705	7081	0	0	0	2	0	2.028403
706	7085	0	0	0	0	0	1.896291
707	7099	0	0	0	2	0	2.613625
708	7108	0	0	0	2	0	2.976286
709	7114	0	0	0	0	0	1.935176
710	7123	0	0	0	1	0	2.592660
711	7134	0	0	0	1	0	1.232259
712	7141	0	0	0	0	0	2.047348
713	7147	0	0	0	2	0	2.899527
714	7156	0	0	0	1	0	1.315079
715	7166	0	0	0	0	0	2.572084
716	7177	0	0	0	2	0	1.395300
717	7179	0	0	0	1	0	1.044980
718	7187	0	0	0	2	0	2.979380
719	7201	0	0	0	1	0	2.258388
720	7216	0	0	0	2	0	2.322397
721	7222	0	0	0	1	0	2.646434
722	7233	0	0	0	2	0	1.847230
723	7243	0	0	0	2	0	2.229456
724	7258	0	0	0	0	0	2.617523
725	7268	0	0	0	0	0	1.649353
726	7276	0	0	0	1	0	1.078989
727	7279	0	0	0	0	0	2.919395
728	7289	0	0	0	0	0	2.450437
729	7297	0	0	0	2	0	2.366083
730	7306	0	0	0	0	0	1.602049
731	7319	0	0	0	1	0	2.291047
732	7322	0	0	0	2	0	2.016591
733	7331	0	0	0	0	0	1.604050
734	7339	0	0	0	1	0	2.395517
735	7348	0	0	0	1	0	2.022258
736	7357	0	0	0	2	0	1.512676
737	7371	0	0	0	0	0	1.763061
738	7383	0	0	0	2	0	2.387038
739	7393	0	0	0	2	0	1.360894
740	7406	0	0	0	0	0	1.619805
741	7414	0	0	0	0	0	2.756429
742	7426	0	0	0	0	0	1.003027
743	7441	0	0	0	2	0	1.406945
744	7450	0	0	0	0	0	1.867711
745	7458	0	0	0	1	0	2.700404
746	7466	0	0	0	2	0	1.477108
747	7482	0	0	0	0	0	2.593123
748	7492	0	0	0	2	0	2.093429
749	7500	0	0	0	2	0	1.957407
750	7508	0	0	0	2	0	1.443444
751	7521	0	0	0	2	0	1.873938
752	7533	0	0	0	0	0	2.895322
753	7538	0	0	0	0	0	1.354826
754	7547	0	0	0	1	0	2.481908
755	7552	0	0	0	0	0	1.894089
756	7565	0	0	0	0	0	2.240724
757	7573	0	0	0	0	0	1.600801
758	7590	0	0	0	1	0	1.893715
759	7602	0	0	0	0	0	2.569904
760	7614	0	0	0	2	0	2.995451
761	7625	0	0	0	0	0	1.772403
762	7633	0	0	0	0	0	2.191809
763	7643	0	0	0	1	0	1.270260
764	7649	0	0	0	2	0	1.611805
765	7655	0	0	0	1	0	2.611961
766	7668	0	0	0	1	0	1.292987
767	7678	0	0	0	0	0	2.167558
768	7688	0	0	0	1	0	1.998736
769	7697	0	0	0	0	0	2.173559
770	7703	0	0	0	1	0	1.052920
771	7712	0	0	0	2	0	1.256626
772	7722	0	0	0	0	0	2.541104
773	7728	0	0	0	0	0	2.909382
774	7738	0	0	0	0	0	2.768405
775	7753	0	0	0	2	0	2.985884
776	7760	0	0	0	0	0	1.262223
777	7770	0	0	0	1	0	2.074531
778	7786	0	0	0	1	0	1.015932
779	7792	0	0	0	0	0	1.179853
780	7805	0	0	0	2	0	1.523704
781	7814	0	0	0	2	0	2.490927
782	7829	0	0	0	1	0	2.955461
783	7841	0	0	0	0	0	2.812628
784	7849	0	0	0	1	0	2.417254
785	7853	0	0	0	0	0	1.251246
786	7867	0	0	0	0	0	2.208694
787	7874	0	0	0	1	0	2.530321
788	7886	0	0	0	0	0	2.816928
789	7894	0	0	0	0	0	1.962230
790	7902	0	0	0	0	0	1.536133
791	7914	0	0	0	0	0	1.534085
792	7924	0	0	0	0	0	2.728491
793	7937	0	0	0	1	0	2.311161
794	7942	0	0	0	1	0	2.552353
795	7951	0	0	0	2	0	2.063874
796	7958	0	0	0	1	0	2.457682
797	7966	0	0	0	0	0	2.026767
798	7973	0	0	0	0	0	1.938684
799	7983	0	0	0	2	0	1.192171
800	7992	0	0	0	0	0	2.960786
801	8001	0	0	0	0	0	1.297450
802	8011	0	0	0	1	0	2.458787
803	8016	0	0	0	0	0	1.985903
804	8025	0	0	0	1	0	1.788178
805	8038	0	0	0	1	0	1.634018
806	8049	0	0	0	1	0	1.509307
807	8055	0	0	0	2	0	1.676267
808	8062	0	0	0	1	0	1.209431
809	8073	0	0	0	2	0	2.124729
810	8089	0	0	0	2	0	2.602014
811	8102	0	0	0	2	0	1.164992
812	8117	0	0	0	0	0	1.304587
813	8127	0	0	0	1	0	2.976262
814	8139	0	0	0	0	0	1.992644
815	8147	0	0	0	2	0	1.770987
816	8154	0	0	0	0	0	2.562537
817	8161	0	0	0	0	0	1.575988
818	8169	0	0	0	1	0	2.341661
819	8184	0	0	0	0	0	2.676483
820	8195	0	0	0	1	0	1.542685
821	8207	0	0	0	2	0	1.476400
822	8214	0	0	0	1	0	1.011712
823	8224	0	0	0	0	0	1.877114
824	8240	0	0	0	1	0	1.383765
825	8252	0	0	0	0	0	1.084020
826	8261	0	0	0	2	0	2.041752
827	8271	0	0	0	2	0	1.714643
828	8279	0	0	0	0	0	1.129460
829	8285	0	0	0	2	0	1.224886
830	8291	0	0	0	1	0	2.193094
831	8300	0	0	0	2	0	1.994870
832	8309	0	0	0	2	0	2.927664
833	8319	0	0	0	1	0	2.450262
834	8323	0	0	0	1	0	1.548568
835	8333	0	0	0	0	0	1.010760
836	8342	0	0	0	0	0	1.470855
837	8346	0	0	0	0	0	1.438163
838	8353	0	0	0	1	0	1.588949
839	8361	0	0	0	0	0	2.132645
840	8366	0	0	0	1	0	2.193978
841	8377	0	0	0	0	0	1.374965
842	8391	0	0	0	2	0	1.840595
843	8399	0	0	0	0	0	1.895458
844	8410	0	0	0	0	0	1.515815
845	8424	0	0	0	1	0	1.694310
846	8435	0	0	0	1	0	1.201931
847	8452	0	0	0	2	0	1.601215
848	8465	0	0	0	2	0	1.468151
849	8474	0	0	0	0	0	2.144399
850	8482	0	0	0	0	0	1.306443
851	8492	0	0	0	2	0	1.496967
852	8500	0	0	0	0	0	1.192373
853	8513	0	0	0	0	0	2.404371
854	8526	0	0	0	1	0	2.010077
855	8536	0	0	0	0	0	2.393255
856	8546	0	0	0	2	0	1.637925
857	8556	0	0	0	0	0	2.785839
858	8565	0	0	0	1	0	2.551641
859	8572	0	0	0	0	0	1.064790
860	8578	0	0	0	0	0	2.550172
861	8585	0	0	0	0	0	2.200881
862	8588	0	0	0	0	0	1.011789
863	8600	0	0	0	2	0	2.910558
864	8609	0	0	0	2	0	1.347451
865	8621	0	0	0	1	0	2.871036
866	8627	0	0	0	0	0	1.492071
867	8636	0	0	0	0	0	1.681413
868	8650	0	0	0	1	0	1.877224
869	8663	0	0	0	0	0	2.668454
870	8671	0	0	0	1	0	1.187746
871	8681	0	0	0	2	0	2.629079
872	8690	0	0	0	0	0	1.367419
873	8703	0	0	0	0	0	2.243359
874	8710	0	0	0	2	0	2.152358
875	8718	0	0	0	0	0	1.610231
876	8731	0	0	0	0	0	1.311286
877	8740	0	0	0	1	0	1.457456
878	8750	0	0	0	1	0	2.649954
879	8759	0	0	0	1	0	1.356932
880	8765	0	0	0	1	0	2.722789
881	8777	0	0	0	0	0	1.053968
882	8787	0	0	0	1	0	2.847434
883	8792	0	0	0	0	0	2.295562
884	8804	0	0	0	0	0	2.802723
885	8818	0	0	0	0	0	1.378992
886	8826	0	0	0	2	0	1.417625
887	8836	0	0	0	0	0	1.556546
888	8846	0	0	0	1	0	1.581595
889	8860	0	0	0	2	0	1.044413
890	8872	0	0	0	2	0	2.009790
891	8884	0	0	0	2	0	2.027897
892	8889	0	0	0	2	0	2.299617
893	8898	0	0	0	0	0	2.836737
894	8904	0	0	0	0	0	1.549817
895	8915	0	0	0	2	0	2.786308
896	8921	0	0	0	2	0	2.417245
897	8940	0	0	0	1	0	2.934700
898	8950	0	0	0	0	0	1.020086
899	8965	0	0	0	2	0	1.550626
900	8971	0	0	0	0	0	2.194775
901	8987	0	0	0	0	0	1.140277
902	8999	0	0	0	1	0	2.016213
903	9009	0	0	0	1	0	1.190001
904	9018	0	0	0	0	0	1.905000
905	9025	0	0	0	1	0	1.313569
906	9033	0	0	0	2	0	2.025938
907	9039	0	0	0	0	0	2.353393
908	9045	0	0	0	1	0	2.753390
909	9053	0	0	0	0	0	2.875884
910	9066	0	0	0	2	0	1.077806
911	9076	0	0	0	1	0	1.081946
912	9084	0	0	0	2	0	2.942272
913	9094	0	0	0	1	0	2.506217
914	9102	0	0	0	0	0	1.069345
915	9119	0	0	0	0	0	2.434378
916	9126	0	0	0	1	0	2.980308
917	9141	0	0	0	0	0	1.124760
918	9160	0	0	0	2	0	1.424281
919	9173	0	0	0	1	0	2.460466
920	9187	0	0	0	2	0	2.277728
921	9197	0	0	0	0	0	1.885858
922	9205	0	0	0	1	0	2.312753
923	9210	0	0	0	0	0	2.858029
924	9218	0	0	0	0	0	1.358424
925	9228	0	0	0	0	0	2.363754
926	9238	0	0	0	0	0	1.660327
927	9251	0	0	0	0	0	2.665388
928	9263	0	0	0	1	0	1.313639
929	9268	0	0	0	2	0	1.625164
930	9275	0	0	0	2	0	2.150590
931	9283	0	0	0	1	0	2.084693
932	9289	0	0	0	2	0	1.567748
933	9298	0	0	0	0	0	1.615968
934	9305	0	0	0	0	0	2.419355
935	9312	0	0	0	1	0	2.882908
936	9323	0	0	0	2	0	1.320197
937	9334	0	0	0	1	0	2.757159
938	9342	0	0	0	1	0	2.547186
939	9351	0	0	0	1	0	2.443670
940	9361	0	0	0	1	0	2.322494
941	9368	0	0	0	1	0	2.261464
942	9378	0	0	0	1	0	2.342526
943	9390	0	0	0	1	0	2.507952
944	9396	0	0	0	1	0	2.263959
945	9403	0	0	0	1	0	1.679891
946	9412	0	0	0	2	0	2.190127
947	9424	0	0	0	1	0	1.774975
948	9437	0	0	0	1	0	2.559194
949	9454	0	0	0	2	0	2.967066
950	9468	0	0	0	0	0	2.459056
951	9475	0	0	0	1	0	2.312892
952	9483	0	0	0	1	0	1.414432
953	9496	0	0	0	2	0	1.076430
954	9506	0	0	0	0	0	1.156913
955	9515	0	0	0	0	0	2.014306
956	9526	0	0	0	0	0	1.012363
957	9536	0	0	0	2	0	2.811411
958	9545	0	0	0	2	0	1.076839
959	9562	0	0	0	1	0	2.122284
960	9575	0	0	0	2	0	2.572911
961	9584	0	0	0	2	0	1.579310
962	9591	0	0	0	0	0	2.226175
963	9597	0	0	0	1	0	1.081252
964	9609	0	0	0	0	0	2.760510
965	9622	0	0	0	0	0	2.683305
966	9627	0	0	0	0	0	2.732544
967	9633	0	0	0	0	0	1.228425
968	9638	0	0	0	0	0	1.928105
969	9648	0	0	0	1	0	2.378773
970	9659	0	0	0	0	0	2.024097
971	9670	0	0	0	2	0	2.186572
972	9675	0	0	0	2	0	2.127664
973	9683	0	0	0	2	0	1.189897
974	9692	0	0	0	1	0	2.881225
975	9700	0	0	0	1	0	2.465606
976	9710	0	0	0	1	0	2.622931
977	9717	0	0	0	0	0	2.543328
978	9727	0	0	0	1	0	1.001770
979	9738	0	0	0	0	0	1.557453
980	9746	0	0	0	0	0	2.177442
981	9754	0	0	0	1	0	2.320792
982	9762	0	0	0	1	0	1.300395
983	9765	0	0	0	0	0	1.530684
984	9782	0	0	0	2	0	1.088088
985	9790	0	0	0	2	0	2.129519
986	9795	0	0	0	1	0	1.669284
987	9802	0	0	0	1	0	1.719748
988	9817	0	0	0	0	0	2.092320
989	9829	0	0	0	1	0	2.863839
990	9839	0	0	0	1	0	1.156590
991	9851	0	0	0	0	0	2.543483
992	9858	0	0	0	2	0	1.603828
993	9869	0	0	0	1	0	1.563800
994	9881	0	0	0	2	0	2.504650
995	9894	0	0	0	2	0	2.186890
996	9902	0	0	0	0	0	2.293825
997	9908	0	0	0	1	0	2.557998
998	9915	0	0	0	0	0	1.207834
999	9930	0	0	0	2	0	1.171438
