0	1	0	0	0	2	0	1.349044
1	12	0	0	0	0	0	2.284915
2	23	0	0	0	2	0	1.539609
3	31	0	0	0	0	0	1.900943
4	40	0	0	0	0	0	2.284110
5	53	0	0	0	2	0	2.442925
6	64	0	0	0	0	0	2.220035
7	71	0	0	0	1	0	1.302004
8	77	0	0	0	1	0	1.330336
9	92	0	0	0	1	0	2.994056
10	107	0	0	0	1	0	2.516341
11	118	0	0	0	1	0	2.580490
12	127	0	0	0	1	0	2.348012
13	142	0	0	0	1	0	2.972230
14	151	0	0	0	2	0	1.712973
15	161	0	0	0	1	0	2.045040
16	167	0	0	0	0	0	1.895347
17	175	0	0	0	1	0	2.755132
18	189	0	0	0	1	0	1.048191
19	204	0	0	0	0	0	2.686860
20	212	0	0	0	2	0	2.804355
21	219	0	0	0	1	0	2.560697
22	235	0	0	0	0	0	2.974025
23	241	0	0	0	1	0	2.583467
24	248	0	0	0	1	0	1.807160
25	259	0	0	0	2	0	2.945781
26	271	0	0	0	0	0	1.268982
27	281	0	0	0	1	0	2.972128
28	291	0	0	0	0	0	2.508082
29	298	0	0	0	1	0	1.323736
30	313	0	0	0	1	0	2.500709
31	323	0	0	0	1	0	2.388046
32	330	0	0	0	2	0	2.270660
33	341	0	0	0	1	0	2.688160
34	350	0	0	0	2	0	2.541490
35	359	0	0	0	2	0	1.114759
36	365	0	0	0	0	0	1.850893
37	372	0	0	0	0	0	1.969926
38	387	0	0	0	0	0	1.773863
39	402	0	0	0	2	0	1.593039
40	411	0	0	0	1	0	1.421511
41	420	0	0	0	0	0	2.775619
42	429	0	0	0	2	0	1.235854
43	439	0	0	0	1	0	2.150226
44	446	0	0	0	1	0	1.490967
45	450	0	0	0	2	0	1.971048
46	456	0	0	0	0	0	2.635510
47	464	0	0	0	0	0	2.379700
48	470	0	0	0	0	0	2.958750
49	478	0	0	0	0	0	2.420850
50	483	0	0	0	1	0	2.452862
51	494	0	0	0	0	0	2.859139
52	507	0	0	0	1	0	1.200380
53	517	0	0	0	0	0	1.450608
54	522	0	0	0	1	0	1.193292
55	529	0	0	0	1	0	1.235590
56	537	0	0	0	1	0	1.523286
57	545	0	0	0	1	0	2.325360
58	558	0	0	0	2	0	1.613940
59	572	0	0	0	0	0	2.897108
60	580	0	0	0	0	0	2.498601
61	598	0	0	0	0	0	1.919128
62	607	0	0	0	2	0	2.546734
63	617	0	0	0	0	0	1.652079
64	623	0	0	0	1	0	2.923324
65	631	0	0	0	0	0	1.901959
66	642	0	0	0	0	0	2.702743
67	649	0	0	0	0	0	2.176570
68	662	0	0	0	1	0	1.293366
69	669	0	0	0	1	0	2.826994
70	675	0	0	0	0	0	1.370494
71	679	0	0	0	2	0	1.345377
72	693	0	0	0	1	0	2.527263
73	703	0	0	0	0	0	1.152005
74	715	0	0	0	2	0	2.369828
75	721	0	0	0	1	0	2.671701
76	733	0	0	0	2	0	1.028670
77	746	0	0	0	1	0	1.076246
78	757	0	0	0	0	0	2.194128
79	769	0	0	0	1	0	2.341068
80	781	0	0	0	0	0	2.937914
81	795	0	0	0	1	0	1.437528
82	811	0	0	0	2	0	1.699050
83	825	0	0	0	2	0	1.922860
84	836	0	0	0	0	0	2.559565
85	844	0	0	0	0	0	1.802457
86	852	0	0	0	2	0	1.887126
87	862	0	0	0	1	0	1.336859
88	873	0	0	0	0	0	1.477015
89	885	0	0	0	1	0	2.921534
90	898	0	0	0	2	0	1.567524
91	906	0	0	0	1	0	2.913586
92	913	0	0	0	0	0	1.878849
93	927	0	0	0	1	0	2.010046
94	935	0	0	0	0	0	1.959256
95	946	0	0	0	2	0	1.649803
96	961	0	0	0	0	0	1.983645
97	967	0	0	0	2	0	2.663527
98	987	0	0	0	1	0	2.866017
99	997	0	0	0	0	0	2.884482
100	1007	0	0	0	2	0	2.545916
101	1015	0	0	0	0	0	2.220813
102	1028	0	0	0	1	0	2.254551
103	1036	0	0	0	0	0	2.174393
104	1046	0	0	0	0	0	2.132343
105	1056	0	0	0	1	0	1.498230
106	1063	0	0	0	0	0	1.943754
107	1073	0	0	0	2	0	1.497586
108	1084	0	0	0	0	0	2.235970
109	1095	0	0	0	0	0	1.353036
110	1103	0	0	0	0	0	2.189851
111	1108	0	0	0	1	0	2.684327
112	1122	0	0	0	1	0	1.273995
113	1130	0	0	0	0	0	2.657903
114	1138	0	0	0	2	0	1.758911
115	1145	0	0	0	0	0	2.136585
116	1152	0	0	0	0	0	2.593380
117	1166	0	0	0	1	0	2.016423
118	1179	0	0	0	0	0	2.742574
119	1188	0	0	0	0	0	1.248848
120	1203	0	0	0	1	0	1.456778
121	1210	0	0	0	2	0	1.933887
122	1220	0	0	0	2	0	2.593763
123	1231	0	0	0	1	0	2.315253
124	1238	0	0	0	1	0	2.108403
125	1252	0	0	0	1	0	2.932468
126	1269	0	0	0	0	0	1.437252
127	1282	0	0	0	0	0	2.606400
128	1289	0	0	0	2	0	2.103438
129	1299	0	0	0	2	0	1.794384
130	1313	0	0	0	0	0	1.563720
131	1323	0	0	0	1	0	2.957362
132	1331	0	0	0	0	0	1.196124
133	1341	0	0	0	0	0	1.534556
134	1353	0	0	0	2	0	1.147052
135	1364	0	0	0	2	0	1.165954
136	1372	0	0	0	2	0	2.089493
137	1379	0	0	0	1	0	2.861423
138	1389	0	0	0	0	0	1.979329
139	1398	0	0	0	1	0	2.679182
140	1418	0	0	0	2	0	1.314018
141	1425	0	0	0	1	0	1.073688
142	1432	0	0	0	1	0	1.642519
143	1448	0	0	0	2	0	1.294506
144	1461	0	0	0	0	0	1.687551
145	1473	0	0	0	2	0	1.580566
146	1479	0	0	0	1	0	2.110135
147	1491	0	0	0	0	0	2.869638
148	1504	0	0	0	1	0	2.875499
149	1512	0	0	0	0	0	1.870291
150	1523	0	0	0	0	0	2.102864
151	1532	0	0	0	1	0	2.029994
152	1544	0	0	0	1	0	2.585569
153	1549	0	0	0	1	0	1.363351
154	1560	0	0	0	2	0	1.678594
155	1572	0	0	0	1	0	2.639699
156	1574	0	0	0	1	0	2.179135
157	1580	0	0	0	0	0	2.734155
158	1598	0	0	0	1	0	1.911158
159	1607	0	0	0	0	0	2.813584
160	1618	0	0	0	0	0	2.235816
161	1627	0	0	0	1	0	2.741575
162	1644	0	0	0	0	0	2.288223
163	1653	0	0	0	1	0	1.071884
164	1661	0	0	0	1	0	1.627114
165	1671	0	0	0	1	0	2.100965
166	1682	0	0	0	1	0	2.659390
167	1688	0	0	0	1	0	2.391885
168	1698	0	0	0	0	0	1.159871
169	1709	0	0	0	0	0	1.942677
170	1719	0	0	0	0	0	2.419485
171	1728	0	0	0	0	0	2.904313
172	1737	0	0	0	2	0	1.470850
173	1748	0	0	0	0	0	2.761615
174	1762	0	0	0	1	0	1.071114
175	1773	0	0	0	1	0	1.086897
176	1785	0	0	0	0	0	1.389533
177	1799	0	0	0	2	0	1.089155
178	1808	0	0	0	2	0	2.055402
179	1819	0	0	0	1	0	2.163773
180	1826	0	0	0	0	0	2.284560
181	1837	0	0	0	0	0	1.520626
182	1844	0	0	0	1	0	2.901965
183	1854	0	0	0	1	0	2.014147
184	1859	0	0	0	1	0	1.220521
185	1867	0	0	0	2	0	1.199682
186	1879	0	0	0	0	0	1.591328
187	1892	0	0	0	2	0	1.574594
188	1900	0	0	0	0	0	2.883635
189	1914	0	0	0	0	0	2.429609
190	1923	0	0	0	0	0	2.026101
191	1939	0	0	0	1	0	2.908927
192	1950	0	0	0	0	0	2.819662
193	1958	0	0	0	1	0	1.046530
194	1968	0	0	0	0	0	1.661415
195	1980	0	0	0	1	0	1.291431
196	1989	0	0	0	2	0	1.037543
197	2001	0	0	0	0	0	2.559141
198	2008	0	0	0	0	0	1.248110
199	2015	0	0	0	2	0	1.264320
200	2029	0	0	0	1	0	1.550450
201	2040	0	0	0	1	0	1.525983
202	2050	0	0	0	2	0	1.095233
203	2060	0	0	0	0	0	2.729050
204	2066	0	0	0	1	0	2.189049
205	2071	0	0	0	0	0	1.546344
206	2079	0	0	0	1	0	2.887831
207	2086	0	0	0	1	0	2.603044
208	2091	0	0	0	1	0	2.781137
209	2102	0	0	0	0	0	2.477513
210	2112	0	0	0	0	0	2.855945
211	2127	0	0	0	2	0	1.200993
212	2141	0	0	0	0	0	2.033284
213	2147	0	0	0	1	0	1.254782
214	2157	0	0	0	0	0	1.879634
215	2171	0	0	0	1	0	2.128362
216	2180	0	0	0	2	0	2.200647
217	2187	0	0	0	0	0	2.687816
218	2196	0	0	0	2	0	2.164462
219	2204	0	0	0	1	0	2.514222
220	2208	0	0	0	0	0	1.166704
221	2216	0	0	0	0	0	1.148009
222	2228	0	0	0	0	0	2.367064
223	2238	0	0	0	0	0	2.643531
224	2250	0	0	0	1	0	2.023941
225	2258	0	0	0	2	0	1.169708
226	2265	0	0	0	2	0	2.372263
227	2272	0	0	0	2	0	1.669150
228	2280	0	0	0	0	0	2.619509
229	2288	0	0	0	0	0	1.471449
230	2297	0	0	0	1	0	2.489291
231	2305	0	0	0	1	0	2.223484
232	2314	0	0	0	2	0	1.200013
233	2331	0	0	0	0	0	1.514109
234	2338	0	0	0	1	0	2.894823
235	2346	0	0	0	0	0	2.531205
236	2358	0	0	0	0	0	2.969598
237	2373	0	0	0	0	0	2.097832
238	2383	0	0	0	1	0	1.518953
239	2393	0	0	0	1	0	1.014098
240	2401	0	0	0	2	0	2.060779
241	2408	0	0	0	2	0	2.514943
242	2419	0	0	0	0	0	2.577582
243	2430	0	0	0	0	0	1.281981
244	2437	0	0	0	0	0	2.882922
245	2452	0	0	0	1	0	2.260038
246	2465	0	0	0	0	0	2.541693
247	2477	0	0	0	0	0	2.928533
248	2484	0	0	0	1	0	1.108374
249	2487	0	0	0	1	0	2.245677
250	2494	0	0	0	0	0	1.854666
251	2503	0	0	0	1	0	2.102045
252	2516	0	0	0	0	0	1.135821
253	2525	0	0	0	0	0	2.323060
254	2541	0	0	0	0	0	1.307293
255	2547	0	0	0	1	0	1.112460
256	2562	0	0	0	0	0	1.908270
257	2573	0	0	0	1	0	1.066987
258	2580	0	0	0	0	0	1.257759
259	2588	0	0	0	0	0	2.100096
260	2601	0	0	0	2	0	2.065447
261	2611	0	0	0	2	0	2.643103
262	2622	0	0	0	0	0	1.056547
263	2629	0	0	0	1	0	1.505793
264	2641	0	0	0	1	0	2.504949
265	2651	0	0	0	1	0	1.948839
266	2663	0	0	0	2	0	1.368668
267	2673	0	0	0	0	0	2.734034
268	2683	0	0	0	1	0	1.142769
269	2692	0	0	0	1	0	1.113826
270	2699	0	0	0	2	0	2.661304
271	2707	0	0	0	0	0	2.845980
272	2713	0	0	0	1	0	1.182797
273	2717	0	0	0	2	0	1.249339
274	2726	0	0	0	1	0	1.327585
275	2734	0	0	0	2	0	1.300458
276	2747	0	0	0	1	0	2.427996
277	2752	0	0	0	2	0	2.251891
278	2764	0	0	0	0	0	2.700678
279	2772	0	0	0	1	0	1.882729
280	2778	0	0	0	0	0	1.043722
281	2789	0	0	0	0	0	1.038324
282	2796	0	0	0	0	0	2.968579
283	2806	0	0	0	1	0	2.970308
284	2813	0	0	0	0	0	2.366572
285	2820	0	0	0	1	0	1.464663
286	2831	0	0	0	1	0	2.377042
287	2842	0	0	0	0	0	2.011979
288	2856	0	0	0	2	0	2.436462
289	2868	0	0	0	2	0	1.908248
290	2878	0	0	0	2	0	1.527435
291	2894	0	0	0	0	0	2.359469
292	2908	0	0	0	1	0	2.047454
293	2920	0	0	0	0	0	2.647936
294	2925	0	0	0	2	0	2.666708
295	2933	0	0	0	2	0	1.608719
296	2945	0	0	0	2	0	2.422808
297	2952	0	0	0	2	0	1.477643
298	2964	0	0	0	0	0	2.507259
299	2975	0	0	0	0	0	1.654425
300	2982	0	0	0	1	0	1.032968
301	2994	0	0	0	0	0	2.304192
302	3004	0	0	0	0	0	1.314075
303	3010	0	0	0	1	0	2.245415
304	3017	0	0	0	0	0	1.347552
305	3028	0	0	0	1	0	2.948069
306	3038	0	0	0	1	0	1.347425
307	3043	0	0	0	2	0	1.973615
308	3053	0	0	0	2	0	2.078531
309	3064	0	0	0	1	0	1.362850
310	3074	0	0	0	1	0	2.709301
311	3089	0	0	0	2	0	2.161607
312	3099	0	0	0	0	0	1.758091
313	3110	0	0	0	2	0	1.467333
314	3121	0	0	0	0	0	1.259639
315	3131	0	0	0	0	0	2.501581
316	3143	0	0	0	1	0	1.657823
317	3151	0	0	0	1	0	2.105406
318	3155	0	0	0	1	0	2.856310
319	3172	0	0	0	1	0	1.346996
320	3187	0	0	0	0	0	2.485712
321	3192	0	0	0	0	0	2.799893
322	3199	0	0	0	1	0	1.649008
323	3209	0	0	0	1	0	2.080511
324	3218	0	0	0	0	0	1.742337
325	3229	0	0	0	0	0	2.301196
326	3241	0	0	0	0	0	2.365806
327	3250	0	0	0	0	0	1.358974
328	3254	0	0	0	1	0	1.758344
329	3269	0	0	0	2	0	1.071174
330	3280	0	0	0	1	0	1.951891
331	3291	0	0	0	2	0	2.433462
332	3299	0	0	0	0	0	1.820079
333	3308	0	0	0	0	0	2.425818
334	3321	0	0	0	1	0	1.496093
335	3333	0	0	0	1	0	1.378457
336	3341	0	0	0	0	0	2.020977
337	3349	0	0	0	0	0	1.771078
338	3359	0	0	0	2	0	1.602377
339	3374	0	0	0	0	0	2.593402
340	3387	0	0	0	0	0	1.107006
341	3402	0	0	0	0	0	2.852489
342	3413	0	0	0	1	0	2.991457
343	3420	0	0	0	1	0	2.282004
344	3427	0	0	0	1	0	1.191460
345	3439	0	0	0	2	0	1.979465
346	3446	0	0	0	0	0	2.147601
347	3456	0	0	0	0	0	2.353689
348	3463	0	0	0	0	0	1.703137
349	3472	0	0	0	0	0	2.052254
350	3486	0	0	0	1	0	1.748037
351	3495	0	0	0	1	0	2.276197
352	3507	0	0	0	0	0	1.436628
353	3516	0	0	0	1	0	1.878337
354	3527	0	0	0	0	0	2.681836
355	3536	0	0	0	1	0	2.589461
356	3545	0	0	0	1	0	2.902409
357	3551	0	0	0	0	0	2.986485
358	3560	0	0	0	0	0	1.200664
359	3568	0	0	0	0	0	2.303288
360	3577	0	0	0	1	0	2.365534
361	3583	0	0	0	0	0	2.339291
362	3588	0	0	0	1	0	1.658022
363	3596	0	0	0	2	0	1.141806
364	3604	0	0	0	0	0	2.216461
365	3612	0	0	0	0	0	1.378080
366	3620	0	0	0	2	0	1.005120
367	3626	0	0	0	0	0	2.118558
368	3633	0	0	0	0	0	1.489471
369	3644	0	0	0	0	0	1.720237
370	3652	0	0	0	1	0	2.404258
371	3659	0	0	0	0	0	1.648540
372	3670	0	0	0	2	0	1.305571
373	3685	0	0	0	0	0	1.366809
374	3693	0	0	0	0	0	1.114257
375	3701	0	0	0	1	0	2.739377
376	3717	0	0	0	0	0	1.221632
377	3730	0	0	0	0	0	1.708624
378	3741	0	0	0	0	0	1.554042
379	3754	0	0	0	0	0	1.461022
380	3762	0	0	0	0	0	2.481819
381	3770	0	0	0	1	0	1.364469
382	3782	0	0	0	1	0	1.385168
383	3792	0	0	0	0	0	2.980546
384	3799	0	0	0	1	0	1.028938
385	3816	0	0	0	1	0	1.212183
386	3822	0	0	0	2	0	1.119740
387	3829	0	0	0	1	0	2.654019
388	3836	0	0	0	0	0	1.801506
389	3843	0	0	0	1	0	2.762864
390	3854	0	0	0	1	0	2.841380
391	3867	0	0	0	2	0	1.402591
392	3880	0	0	0	1	0	1.785785
393	3892	0	0	0	1	0	2.648985
394	3900	0	0	0	1	0	2.133997
395	3911	0	0	0	2	0	1.457280
396	3917	0	0	0	1	0	2.996916
397	3929	0	0	0	0	0	2.758023
398	3939	0	0	0	2	0	1.859160
399	3943	0	0	0	0	0	2.789799
400	3959	0	0	0	2	0	2.270175
401	3974	0	0	0	2	0	1.704548
402	3984	0	0	0	0	0	1.741457
403	3992	0	0	0	0	0	2.686472
404	4002	0	0	0	0	0	2.906402
405	4013	0	0	0	1	0	2.515505
406	4025	0	0	0	2	0	1.253158
407	4029	0	0	0	2	0	1.340992
408	4035	0	0	0	0	0	1.487631
409	4044	0	0	0	0	0	2.247118
410	4057	0	0	0	0	0	2.080474
411	4065	0	0	0	1	0	2.469519
412	4073	0	0	0	2	0	1.778722
413	4085	0	0	0	1	0	2.393251
414	4096	0	0	0	0	0	2.293651
415	4103	0	0	0	2	0	1.508862
416	4110	0	0	0	1	0	2.251065
417	4124	0	0	0	0	0	2.640002
418	4130	0	0	0	1	0	2.329690
419	4140	0	0	0	0	0	2.121635
420	4150	0	0	0	1	0	1.778702
421	4160	0	0	0	0	0	1.142270
422	4168	0	0	0	1	0	2.614931
423	4184	0	0	0	1	0	2.982469
424	4195	0	0	0	0	0	1.893869
425	4202	0	0	0	1	0	2.483128
426	4210	0	0	0	1	0	1.207526
427	4220	0	0	0	1	0	2.063980
428	4229	0	0	0	0	0	2.810513
429	4242	0	0	0	0	0	2.306285
430	4252	0	0	0	0	0	2.341095
431	4258	0	0	0	1	0	2.185118
432	4274	0	0	0	1	0	2.542902
433	4285	0	0	0	0	0	2.155904
434	4291	0	0	0	1	0	2.710595
435	4299	0	0	0	2	0	2.113377
436	4310	0	0	0	2	0	1.879756
437	4316	0	0	0	2	0	2.262889
438	4322	0	0	0	0	0	1.603769
439	4338	0	0	0	0	0	2.390025
440	4346	0	0	0	0	0	1.868777
441	4354	0	0	0	1	0	1.120497
442	4370	0	0	0	1	0	1.614705
443	4377	0	0	0	2	0	2.130123
444	4386	0	0	0	1	0	2.060001
445	4394	0	0	0	0	0	2.697992
446	4403	0	0	0	1	0	2.552957
447	4414	0	0	0	2	0	2.875961
448	4427	0	0	0	1	0	1.307007
449	4439	0	0	0	2	0	1.175783
450	4447	0	0	0	2	0	1.603926
451	4453	0	0	0	2	0	1.370135
452	4462	0	0	0	1	0	2.616683
453	4470	0	0	0	2	0	2.958500
454	4481	0	0	0	1	0	2.378054
455	4490	0	0	0	1	0	1.769214
456	4499	0	0	0	0	0	2.615108
457	4510	0	0	0	2	0	1.123261
458	4518	0	0	0	0	0	2.357654
459	4530	0	0	0	2	0	2.128800
460	4538	0	0	0	0	0	1.742983
461	4550	0	0	0	1	0	2.541298
462	4556	0	0	0	0	0	1.708863
463	4567	0	0	0	0	0	2.788582
464	4579	0	0	0	1	0	2.936357
465	4589	0	0	0	0	0	1.862783
466	4600	0	0	0	2	0	2.681237
467	4614	0	0	0	2	0	2.271474
468	4624	0	0	0	1	0	1.896384
469	4638	0	0	0	1	0	2.159734
470	4644	0	0	0	1	0	2.451550
471	4649	0	0	0	2	0	1.640610
472	4662	0	0	0	1	0	1.847409
473	4678	0	0	0	0	0	1.686653
474	4684	0	0	0	0	0	2.288463
475	4695	0	0	0	2	0	2.712842
476	4707	0	0	0	0	0	2.657781
477	4722	0	0	0	0	0	1.676238
478	4731	0	0	0	1	0	1.644174
479	4740	0	0	0	0	0	2.868596
480	4754	0	0	0	0	0	1.525288
481	4761	0	0	0	2	0	2.218175
482	4773	0	0	0	2	0	1.317392
483	4780	0	0	0	0	0	2.439623
484	4789	0	0	0	2	0	1.543369
485	4801	0	0	0	1	0	2.006681
486	4808	0	0	0	0	0	2.598776
487	4816	0	0	0	2	0	2.934760
488	4830	0	0	0	0	0	1.137894
489	4835	0	0	0	0	0	2.565834
490	4839	0	0	0	1	0	2.347378
491	4852	0	0	0	0	0	1.225510
492	4859	0	0	0	0	0	2.741527
493	4870	0	0	0	1	0	1.604293
494	4886	0	0	0	0	0	1.602390
495	4893	0	0	0	2	0	2.672174
496	4905	0	0	0	1	0	1.676429
497	4911	0	0	0	2	0	2.296391
498	4924	0	0	0	0	0	1.803535
499	4933	0	0	0	2	0	1.094244
500	4937	0	0	0	0	0	1.328251
501	4943	0	0	0	2	0	1.957108
502	4949	0	0	0	0	0	1.621424
503	4957	0	0	0	1	0	1.168609
504	4968	0	0	0	1	0	1.285315
505	4980	0	0	0	2	0	1.260004
506	4989	0	0	0	2	0	2.805521
507	4997	0	0	0	2	0	1.579645
508	5015	0	0	0	0	0	2.258615
509	5021	0	0	0	0	0	1.486606
510	5028	0	0	0	2	0	1.132214
511	5039	0	0	0	1	0	1.720727
512	5051	0	0	0	0	0	2.470320
513	5062	0	0	0	2	0	1.698385
514	5072	0	0	0	2	0	2.844545
515	5075	0	0	0	2	0	2.452168
516	5089	0	0	0	2	0	1.527937
517	5104	0	0	0	2	0	1.670626
518	5121	0	0	0	1	0	2.814997
519	5128	0	0	0	0	0	1.098942
520	5137	0	0	0	1	0	2.088297
521	5150	0	0	0	2	0	1.130439
522	5152	0	0	0	1	0	2.450877
523	5163	0	0	0	2	0	1.791139
524	5172	0	0	0	0	0	1.755518
525	5189	0	0	0	2	0	2.946404
526	5196	0	0	0	1	0	1.035969
527	5205	0	0	0	0	0	2.700645
528	5213	0	0	0	0	0	1.236820
529	5226	0	0	0	0	0	1.448032
530	5234	0	0	0	1	0	1.428524
531	5246	0	0	0	0	0	1.506546
532	5261	0	0	0	1	0	2.639208
533	5272	0	0	0	2	0	1.447934
534	5282	0	0	0	1	0	2.101333
535	5286	0	0	0	0	0	2.884720
536	5301	0	0	0	0	0	2.058098
537	5314	0	0	0	2	0	1.426989
538	5326	0	0	0	0	0	1.571037
539	5333	0	0	0	2	0	1.748858
540	5343	0	0	0	0	0	2.447057
541	5356	0	0	0	1	0	1.797850
542	5363	0	0	0	0	0	2.521964
543	5372	0	0	0	0	0	2.089719
544	5384	0	0	0	2	0	1.199499
545	5395	0	0	0	1	0	1.695850
546	5408	0	0	0	1	0	1.030940
547	5422	0	0	0	2	0	1.732705
548	5435	0	0	0	0	0	2.471772
549	5450	0	0	0	0	0	1.063136
550	5461	0	0	0	2	0	1.605741
551	5464	0	0	0	0	0	1.187883
552	5472	0	0	0	0	0	1.940000
553	5481	0	0	0	1	0	1.312970
554	5487	0	0	0	0	0	2.097932
555	5495	0	0	0	0	0	1.050404
556	5501	0	0	0	1	0	2.116790
557	5507	0	0	0	1	0	1.333060
558	5515	0	0	0	2	0	2.399857
559	5522	0	0	0	0	0	1.554003
560	5529	0	0	0	1	0	1.243529
561	5540	0	0	0	1	0	1.896959
562	5551	0	0	0	2	0	2.020840
563	5557	0	0	0	1	0	1.254379
564	5570	0	0	0	0	0	2.045511
565	5582	0	0	0	0	0	1.495569
566	5596	0	0	0	0	0	1.489273
567	5605	0	0	0	2	0	1.084721
568	5612	0	0	0	2	0	2.708901
569	5624	0	0	0	2	0	2.932850
570	5637	0	0	0	0	0	2.505427
571	5645	0	0	0	1	0	2.873688
572	5654	0	0	0	0	0	2.835485
573	5668	0	0	0	2	0	1.912780
574	5680	0	0	0	2	0	1.195292
575	5698	0	0	0	0	0	2.882521
576	5715	0	0	0	1	0	1.670317
577	5729	0	0	0	1	0	1.589621
578	5736	0	0	0	1	0	1.373137
579	5745	0	0	0	1	0	2.492639
580	5749	0	0	0	0	0	1.011261
581	5758	0	0	0	1	0	1.534746
582	5765	0	0	0	0	0	2.250975
583	5774	0	0	0	2	0	2.099950
584	5780	0	0	0	2	0	1.394639
585	5785	0	0	0	2	0	1.232975
586	5800	0	0	0	0	0	1.665360
587	5814	0	0	0	0	0	1.808586
588	5824	0	0	0	2	0	1.995712
589	5834	0	0	0	2	0	1.626595
590	5844	0	0	0	2	0	1.255238
591	5862	0	0	0	0	0	1.125171
592	5877	0	0	0	0	0	2.133353
593	5887	0	0	0	0	0	1.300624
594	5898	0	0	0	2	0	2.881363
595	5911	0	0	0	2	0	1.921081
596	5926	0	0	0	0	0	2.915348
597	5942	0	0	0	1	0	2.353436
598	5956	0	0	0	1	0	2.320068
599	5966	0	0	0	0	0	2.524142
600	5972	0	0	0	1	0	2.898510
601	5979	0	0	0	2	0	2.948598
602	5983	0	0	0	0	0	2.548095
603	5991	0	0	0	0	0	1.532485
604	6003	0	0	0	1	0	2.814548
605	6018	0	0	0	1	0	2.589577
606	6028	0	0	0	1	0	2.740091
607	6038	0	0	0	2	0	1.936409
608	6048	0	0	0	2	0	2.768151
609	6052	0	0	0	0	0	1.608455
610	6065	0	0	0	0	0	1.949958
611	6069	0	0	0	2	0	1.803923
612	6079	0	0	0	0	0	1.705094
613	6087	0	0	0	0	0	2.904448
614	6100	0	0	0	1	0	2.501933
615	6111	0	0	0	1	0	2.892189
616	6128	0	0	0	0	0	2.308192
617	6142	0	0	0	0	0	1.415300
618	6151	0	0	0	1	0	1.022099
619	6169	0	0	0	1	0	2.124302
620	6173	0	0	0	2	0	1.348502
621	6181	0	0	0	1	0	2.949939
622	6188	0	0	0	0	0	1.053784
623	6203	0	0	0	2	0	2.793389
624	6214	0	0	0	0	0	2.469379
625	6222	0	0	0	2	0	1.963117
626	6230	0	0	0	0	0	2.195684
627	6233	0	0	0	1	0	1.082427
628	6245	0	0	0	1	0	1.976783
629	6254	0	0	0	2	0	2.198820
630	6261	0	0	0	2	0	1.272679
631	6276	0	0	0	1	0	1.096871
632	6287	0	0	0	1	0	1.619992
633	6294	0	0	0	2	0	2.390139
634	6306	0	0	0	2	0	1.939794
635	6314	0	0	0	0	0	2.083508
636	6322	0	0	0	2	0	2.410855
637	6335	0	0	0	1	0	2.661929
638	6345	0	0	0	2	0	1.773136
639	6351	0	0	0	2	0	1.512630
640	6365	0	0	0	0	0	2.488863
641	6371	0	0	0	2	0	1.651795
642	6378	0	0	0	1	0	1.805349
643	6384	0	0	0	1	0	1.654619
644	6392	0	0	0	2	0	1.104052
645	6408	0	0	0	0	0	1.655581
646	6414	0	0	0	0	0	1.201397
647	6423	0	0	0	1	0	1.049690
648	6433	0	0	0	0	0	1.615761
649	6444	0	0	0	0	0	2.921708
650	6454	0	0	0	0	0	2.091834
651	6462	0	0	0	0	0	1.474641
652	6473	0	0	0	0	0	1.020068
653	6484	0	0	0	1	0	2.781898
654	6491	0	0	0	2	0	2.553521
655	6499	0	0	0	1	0	1.804315
656	6505	0	0	0	1	0	1.497398
657	6511	0	0	0	1	0	2.828453
658	6526	0	0	0	2	0	1.879908
659	6537	0	0	0	2	0	1.628545
660	6547	0	0	0	1	0	1.273184
661	6556	0	0	0	0	0	1.086504
662	6561	0	0	0	2	0	1.165377
663	6575	0	0	0	1	0	2.129795
664	6583	0	0	0	2	0	1.369896
665	6587	0	0	0	1	0	1.825475
666	6597	0	0	0	0	0	2.580038
667	6603	0	0	0	2	0	1.044443
668	6612	0	0	0	1	0	2.880616
669	6621	0	0	0	0	0	2.861695
670	6628	0	0	0	1	0	1.500309
671	6639	0	0	0	1	0	2.285322
672	6647	0	0	0	1	0	1.868529
673	6657	0	0	0	0	0	1.055279
674	6670	0	0	0	2	0	2.500190
675	6679	0	0	0	0	0	2.307315
676	6687	0	0	0	0	0	1.132234
677	6698	0	0	0	0	0	1.176345
678	6706	0	0	0	1	0	2.489337
679	6715	0	0	0	0	0	1.686971
680	6728	0	0	0	0	0	2.690956
681	6740	0	0	0	1	0	2.593126
682	6754	0	0	0	1	0	1.868122
683	6769	0	0	0	1	0	2.536010
684	6784	0	0	0	0	0	2.378691
685	6794	0	0	0	1	0	2.949684
686	6805	0	0	0	0	0	1.053304
687	6813	0	0	0	0	0	1.186950
688	6826	0	0	0	0	0	1.179074
689	6837	0	0	0	0	0	1.909585
690	6850	0	0	0	2	0	2.007026
691	6865	0	0	0	1	0	1.744582
692	6877	0	0	0	0	0	1.208756
693	6887	0	0	0	1	0	2.564927
694	6898	0	0	0	1	0	2.942888
695	6915	0	0	0	0	0	2.712537
696	6923	0	0	0	1	0	2.699347
697	6934	0	0	0	0	0	2.483358
698	6946	0	0	0	2	0	2.109011
699	6953	0	0	0	1	0	1.456924
700	6961	0	0	0	1	0	2.388789
701	6972	0	0	0	0	0	1.404918
702	6981	0	0	0	0	0	1.790631
703	6989	0	0	0	0	0	2.414457
704	6997	0	0	0	2	0	1.331675
705	7007	0	0	0	1	0	2.042474
706	7020	0	0	0	0	0	1.854170
707	7030	0	0	0	1	0	2.898996
708	7043	0	0	0	2	0	1.353296
709	7059	0	0	0	1	0	2.706408
710	7064	0	0	0	1	0	1.645303
711	7069	0	0	0	0	0	1.860937
712	7082	0	0	0	2	0	2.946437
713	7094	0	0	0	0	0	1.769924
714	7103	0	0	0	0	0	1.867408
715	7112	0	0	0	2	0	2.617580
716	7124	0	0	0	1	0	1.970125
717	7133	0	0	0	2	0	1.978345
718	7145	0	0	0	2	0	2.829191
719	7156	0	0	0	0	0	2.701738
720	7167	0	0	0	2	0	2.505570
721	7179	0	0	0	1	0	1.247715
722	7187	0	0	0	2	0	1.672754
723	7195	0	0	0	2	0	1.989443
724	7204	0	0	0	0	0	1.762710
725	7210	0	0	0	1	0	2.935442
726	7220	0	0	0	0	0	1.220177
727	7233	0	0	0	0	0	2.316260
728	7246	0	0	0	1	0	1.707051
729	7259	0	0	0	1	0	2.501560
730	7270	0	0	0	0	0	1.156711
731	7278	0	0	0	2	0	1.061293
732	7290	0	0	0	0	0	2.620224
733	7302	0	0	0	0	0	2.624135
734	7311	0	0	0	0	0	2.487483
735	7325	0	0	0	2	0	2.541942
736	7335	0	0	0	1	0	1.829987
737	7343	0	0	0	1	0	1.205786
738	7349	0	0	0	1	0	2.568337
739	7354	0	0	0	0	0	2.270936
740	7364	0	0	0	1	0	2.019991
741	7372	0	0	0	1	0	2.460805
742	7386	0	0	0	1	0	2.454315
743	7396	0	0	0	0	0	1.946957
744	7405	0	0	0	1	0	1.708657
745	7417	0	0	0	0	0	2.606821
746	7430	0	0	0	1	0	2.259030
747	7440	0	0	0	0	0	1.635408
748	7452	0	0	0	0	0	1.714300
749	7464	0	0	0	0	0	2.324898
750	7478	0	0	0	0	0	1.168940
751	7485	0	0	0	1	0	1.751996
752	7499	0	0	0	2	0	2.321781
753	7505	0	0	0	2	0	1.551049
754	7515	0	0	0	1	0	2.429242
755	7531	0	0	0	2	0	1.719071
756	7542	0	0	0	1	0	1.355978
757	7556	0	0	0	0	0	1.560140
758	7567	0	0	0	2	0	1.647817
759	7574	0	0	0	1	0	2.326059
760	7584	0	0	0	0	0	1.096427
761	7592	0	0	0	1	0	2.115631
762	7606	0	0	0	0	0	1.444964
763	7615	0	0	0	0	0	2.704650
764	7628	0	0	0	1	0	1.518826
765	7638	0	0	0	1	0	1.374973
766	7644	0	0	0	1	0	1.815034
767	7657	0	0	0	1	0	1.668997
768	7668	0	0	0	2	0	1.142646
769	7681	0	0	0	0	0	1.804319
770	7688	0	0	0	1	0	2.924954
771	7697	0	0	0	2	0	1.524540
772	7706	0	0	0	1	0	1.063883
773	7715	0	0	0	0	0	2.997297
774	7720	0	0	0	0	0	2.271740
775	7729	0	0	0	0	0	1.595869
776	7745	0	0	0	1	0	2.576504
777	7757	0	0	0	2	0	2.472675
778	7766	0	0	0	0	0	1.919790
779	7774	0	0	0	0	0	1.632150
780	7786	0	0	0	2	0	2.934651
781	7797	0	0	0	0	0	1.996235
782	7809	0	0	0	0	0	1.568898
783	7820	0	0	0	1	0	2.974420
784	7830	0	0	0	0	0	2.763850
785	7846	0	0	0	0	0	2.366429
786	7855	0	0	0	0	0	2.501230
787	7871	0	0	0	0	0	1.524231
788	7884	0	0	0	2	0	1.995572
789	7898	0	0	0	1	0	2.563070
790	7907	0	0	0	1	0	2.552783
791	7912	0	0	0	1	0	2.061138
792	7918	0	0	0	1	0	2.203767
793	7929	0	0	0	0	0	1.425634
794	7941	0	0	0	2	0	1.431388
795	7945	0	0	0	0	0	2.739856
796	7954	0	0	0	2	0	1.726011
797	7964	0	0	0	0	0	1.204886
798	7970	0	0	0	2	0	1.845480
799	7981	0	0	0	2	0	1.790437
800	7994	0	0	0	1	0	1.844077
801	8003	0	0	0	1	0	1.931354
802	8012	0	0	0	2	0	2.576807
803	8026	0	0	0	2	0	1.844321
804	8035	0	0	0	2	0	1.731192
805	8044	0	0	0	0	0	1.509160
806	8053	0	0	0	0	0	1.774095
807	8066	0	0	0	2	0	2.102499
808	8071	0	0	0	2	0	1.967049
809	8079	0	0	0	1	0	2.287535
810	8087	0	0	0	0	0	1.696106
811	8098	0	0	0	1	0	2.127413
812	8109	0	0	0	1	0	2.577692
813	8120	0	0	0	0	0	1.615840
814	8129	0	0	0	0	0	1.216278
815	8135	0	0	0	0	0	1.142855
816	8147	0	0	0	0	0	2.762000
817	8162	0	0	0	2	0	1.574943
818	8174	0	0	0	2	0	2.105917
819	8187	0	0	0	1	0	1.350493
820	8196	0	0	0	0	0	2.871740
821	8211	0	0	0	0	0	2.222442
822	8217	0	0	0	0	0	2.463736
823	8231	0	0	0	2	0	2.799390
824	8239	0	0	0	1	0	1.655038
825	8249	0	0	0	2	0	1.462068
826	8258	0	0	0	2	0	1.960335
827	8269	0	0	0	0	0	1.875851
828	8282	0	0	0	0	0	1.413502
829	8290	0	0	0	1	0	1.418769
830	8301	0	0	0	0	0	2.682087
831	8315	0	0	0	0	0	2.047534
832	8323	0	0	0	1	0	2.446464
833	8334	0	0	0	0	0	1.455684
834	8342	0	0	0	0	0	1.919514
835	8353	0	0	0	2	0	2.569147
836	8368	0	0	0	1	0	1.913742
837	8374	0	0	0	0	0	2.727394
838	8385	0	0	0	2	0	2.112602
839	8396	0	0	0	1	0	1.036417
840	8408	0	0	0	0	0	2.786373
841	8418	0	0	0	1	0	2.058576
842	8426	0	0	0	2	0	1.980439
843	8436	0	0	0	1	0	2.129655
844	8440	0	0	0	1	0	1.122063
845	8449	0	0	0	0	0	1.173941
846	8455	0	0	0	0	0	2.428145
847	8465	0	0	0	1	0	2.646674
848	8474	0	0	0	1	0	2.404470
849	8477	0	0	0	2	0	2.807452
850	8485	0	0	0	0	0	2.206111
851	8500	0	0	0	1	0	2.472189
852	8513	0	0	0	2	0	2.828127
853	8517	0	0	0	1	0	2.737662
854	8529	0	0	0	0	0	2.000182
855	8536	0	0	0	2	0	1.270727
856	8543	0	0	0	0	0	1.011365
857	8557	0	0	0	1	0	2.182429
858	8567	0	0	0	0	0	1.659772
859	8580	0	0	0	0	0	1.856896
860	8584	0	0	0	0	0	1.192570
861	8589	0	0	0	0	0	1.348880
862	8598	0	0	0	0	0	1.373362
863	8609	0	0	0	0	0	2.712479
864	8618	0	0	0	0	0	1.821915
865	8626	0	0	0	0	0	1.621184
866	8636	0	0	0	2	0	1.679432
867	8648	0	0	0	0	0	2.910403
868	8661	0	0	0	0	0	1.041488
869	8672	0	0	0	0	0	1.185290
870	8686	0	0	0	0	0	1.378227
871	8697	0	0	0	0	0	1.406672
872	8705	0	0	0	0	0	2.329199
873	8713	0	0	0	1	0	1.126250
874	8727	0	0	0	2	0	2.927478
875	8735	0	0	0	2	0	1.854946
876	8742	0	0	0	1	0	2.082596
877	8748	0	0	0	1	0	1.038572
878	8760	0	0	0	0	0	2.369549
879	8767	0	0	0	2	0	1.479996
880	8778	0	0	0	2	0	2.177365
881	8789	0	0	0	1	0	1.667767
882	8800	0	0	0	1	0	1.423392
883	8806	0	0	0	2	0	1.272367
884	8818	0	0	0	1	0	2.952354
885	8835	0	0	0	1	0	1.463534
886	8843	0	0	0	0	0	1.076636
887	8853	0	0	0	1	0	1.803023
888	8864	0	0	0	2	0	2.825125
889	8870	0	0	0	2	0	2.802714
890	8883	0	0	0	1	0	2.592686
891	8892	0	0	0	0	0	2.387612
892	8902	0	0	0	2	0	2.536371
893	8912	0	0	0	0	0	1.412325
894	8918	0	0	0	1	0	2.727954
895	8927	0	0	0	1	0	1.305171
896	8935	0	0	0	1	0	1.765161
897	8947	0	0	0	0	0	2.787355
898	8959	0	0	0	0	0	2.282157
899	8974	0	0	0	0	0	2.291053
900	8982	0	0	0	1	0	2.999335
901	8992	0	0	0	2	0	2.785229
902	9003	0	0	0	0	0	2.055407
903	9016	0	0	0	1	0	2.139069
904	9027	0	0	0	0	0	1.162464
905	9036	0	0	0	0	0	1.053070
906	9049	0	0	0	0	0	2.665834
907	9058	0	0	0	2	0	1.083350
908	9075	0	0	0	1	0	2.344192
909	9082	0	0	0	0	0	1.817907
910	9092	0	0	0	2	0	1.984491
911	9102	0	0	0	0	0	2.021310
912	9115	0	0	0	2	0	2.596129
913	9124	0	0	0	2	0	2.132343
914	9141	0	0	0	2	0	2.902317
915	9149	0	0	0	0	0	2.858405
916	9160	0	0	0	1	0	2.464142
917	9171	0	0	0	2	0	1.796164
918	9180	0	0	0	2	0	1.657492
919	9190	0	0	0	0	0	1.873254
920	9199	0	0	0	0	0	2.246162
921	9203	0	0	0	0	0	2.368903
922	9212	0	0	0	1	0	1.629089
923	9225	0	0	0	1	0	1.563090
924	9235	0	0	0	1	0	2.583230
925	9244	0	0	0	2	0	2.417464
926	9255	0	0	0	0	0	1.370963
927	9261	0	0	0	2	0	2.208887
928	9272	0	0	0	1	0	2.718592
929	9280	0	0	0	0	0	2.182233
930	9286	0	0	0	0	0	1.890865
931	9299	0	0	0	2	0	1.843822
932	9305	0	0	0	0	0	1.826332
933	9310	0	0	0	0	0	2.893802
934	9324	0	0	0	2	0	2.185302
935	9332	0	0	0	1	0	1.863294
936	9340	0	0	0	0	0	1.980851
937	9348	0	0	0	0	0	2.203804
938	9361	0	0	0	2	0	2.615506
939	9373	0	0	0	0	0	2.560146
940	9383	0	0	0	0	0	2.855633
941	9390	0	0	0	0	0	2.486457
942	9398	0	0	0	0	0	2.473928
943	9410	0	0	0	0	0	2.414174
944	9421	0	0	0	0	0	1.439539
945	9437	0	0	0	1	0	1.452340
946	9447	0	0	0	0	0	2.310981
947	9457	0	0	0	2	0	1.479605
948	9469	0	0	0	1	0	1.754376
949	9484	0	0	0	0	0	1.792785
950	9498	0	0	0	0	0	2.468087
951	9510	0	0	0	1	0	1.026444
952	9519	0	0	0	2	0	2.836760
953	9528	0	0	0	2	0	2.528122
954	9532	0	0	0	1	0	2.663622
955	9547	0	0	0	0	0	2.826488
956	9557	0	0	0	1	0	2.434186
957	9567	0	0	0	1	0	1.857678
958	9573	0	0	0	1	0	2.305852
959	9582	0	0	0	1	0	1.497299
960	9590	0	0	0	1	0	2.614252
961	9601	0	0	0	2	0	2.547578
962	9612	0	0	0	0	0	2.141096
963	9621	0	0	0	2	0	2.221139
964	9632	0	0	0	0	0	2.681508
965	9642	0	0	0	1	0	2.707507
966	9653	0	0	0	2	0	1.162429
967	9664	0	0	0	2	0	1.027124
968	9672	0	0	0	1	0	1.505398
969	9681	0	0	0	2	0	2.212755
970	9690	0	0	0	1	0	2.709341
971	9705	0	0	0	0	0	2.850792
972	9718	0	0	0	0	0	2.123562
973	9735	0	0	0	2	0	2.001581
974	9745	0	0	0	1	0	1.899022
975	9752	0	0	0	0	0	2.255424
976	9764	0	0	0	1	0	1.523126
977	9771	0	0	0	0	0	1.013110
978	9785	0	0	0	2	0	1.204981
979	9795	0	0	0	0	0	2.853115
980	9804	0	0	0	0	0	2.750297
981	9809	0	0	0	0	0	2.364614
982	9818	0	0	0	0	0	1.722510
983	9827	0	0	0	0	0	2.660746
984	9835	0	0	0	0	0	2.707443
985	9843	0	0	0	0	0	1.526223
986	9851	0	0	0	2	0	2.943574
987	9857	0	0	0	1	0	2.393682
988	9865	0	0	0	0	0	2.734226
989	9876	0	0	0	1	0	1.271056
990	9886	0	0	0	0	0	2.501471
991	9894	0	0	0	2	0	2.039725
992	9902	0	0	0	2	0	1.433395
993	9915	0	0	0	0	0	1.823576
994	9922	0	0	0	1	0	2.431408
995	9929	0	0	0	1	0	2.938398
996	9940	0	0	0	1	0	1.052053
997	9949	0	0	0	0	0	2.934802
998	9958	0	0	0	0	0	2.613770
999	9967	0	0	0	0	0	2.594353
