0	1	0	0	0	2	0	2.460522
1	16	0	0	0	0	0	2.124524
2	27	0	0	0	0	0	1.767411
3	33	0	0	0	1	0	1.386886
4	44	0	0	0	1	0	2.960720
5	49	0	0	0	2	0	2.028942
6	56	0	0	0	1	0	1.133371
7	60	0	0	0	1	0	1.170053
8	70	0	0	0	0	0	1.749499
9	81	0	0	0	0	0	1.582583
10	96	0	0	0	1	0	2.635625
11	108	0	0	0	1	0	2.070445
12	115	0	0	0	1	0	1.650619
13	130	0	0	0	0	0	2.667886
14	137	0	0	0	0	0	2.497253
15	144	0	0	0	2	0	2.115488
16	154	0	0	0	1	0	2.466509
17	166	0	0	0	2	0	2.472146
18	175	0	0	0	0	0	2.977882
19	193	0	0	0	1	0	2.366212
20	203	0	0	0	1	0	1.576843
21	216	0	0	0	0	0	1.240286
22	226	0	0	0	0	0	1.012728
23	236	0	0	0	0	0	1.381183
24	248	0	0	0	0	0	2.431488
25	258	0	0	0	2	0	2.799944
26	268	0	0	0	0	0	2.104108
27	276	0	0	0	2	0	1.984645
28	295	0	0	0	0	0	1.914227
29	302	0	0	0	2	0	2.981421
30	309	0	0	0	1	0	1.094623
31	319	0	0	0	0	0	1.714354
32	329	0	0	0	2	0	1.965138
33	337	0	0	0	0	0	2.614387
34	347	0	0	0	0	0	2.048986
35	354	0	0	0	0	0	2.229656
36	367	0	0	0	0	0	2.185338
37	373	0	0	0	1	0	2.049404
38	383	0	0	0	0	0	1.991907
39	393	0	0	0	2	0	2.762345
40	404	0	0	0	2	0	2.943301
41	415	0	0	0	1	0	2.170401
42	425	0	0	0	1	0	1.514091
43	437	0	0	0	0	0	1.624988
44	445	0	0	0	0	0	2.170979
45	454	0	0	0	0	0	2.649316
46	459	0	0	0	2	0	2.175488
47	466	0	0	0	0	0	2.216004
48	471	0	0	0	1	0	2.243008
49	480	0	0	0	0	0	2.234384
50	495	0	0	0	1	0	1.556343
51	502	0	0	0	0	0	2.785727
52	506	0	0	0	0	0	2.162823
53	515	0	0	0	0	0	1.700358
54	524	0	0	0	1	0	1.779516
55	536	0	0	0	0	0	1.831784
56	547	0	0	0	2	0	1.657107
57	560	0	0	0	2	0	2.359593
58	574	0	0	0	0	0	2.923888
59	583	0	0	0	2	0	2.264217
60	594	0	0	0	0	0	2.362004
61	603	0	0	0	0	0	1.311869
62	613	0	0	0	1	0	1.828167
63	620	0	0	0	1	0	2.876037
64	634	0	0	0	2	0	2.069864
65	647	0	0	0	2	0	2.458636
66	656	0	0	0	1	0	1.272008
67	663	0	0	0	1	0	1.695318
68	683	0	0	0	2	0	2.777971
69	693	0	0	0	0	0	1.511873
70	703	0	0	0	2	0	1.659370
71	712	0	0	0	0	0	1.163763
72	719	0	0	0	0	0	1.195452
73	730	0	0	0	1	0	2.268528
74	743	0	0	0	0	0	1.007979
75	756	0	0	0	1	0	2.584783
76	765	0	0	0	1	0	2.648256
77	774	0	0	0	1	0	2.373887
78	787	0	0	0	1	0	2.977679
79	800	0	0	0	2	0	1.702641
80	813	0	0	0	0	0	1.783156
81	823	0	0	0	0	0	1.775568
82	832	0	0	0	2	0	1.465604
83	843	0	0	0	0	0	2.016086
84	854	0	0	0	0	0	2.127374
85	863	0	0	0	2	0	2.578982
86	880	0	0	0	0	0	2.202696
87	891	0	0	0	1	0	1.655621
88	906	0	0	0	0	0	2.297351
89	916	0	0	0	2	0	2.051776
90	922	0	0	0	0	0	2.183110
91	933	0	0	0	1	0	2.053360
92	946	0	0	0	1	0	1.974392
93	957	0	0	0	0	0	2.774375
94	965	0	0	0	1	0	2.329346
95	980	0	0	0	1	0	1.709168
96	990	0	0	0	2	0	2.372477
97	999	0	0	0	0	0	2.591281
98	1015	0	0	0	0	0	1.060898
99	1032	0	0	0	2	0	1.559298
100	1040	0	0	0	0	0	2.598355
101	1051	0	0	0	1	0	2.837439
102	1066	0	0	0	1	0	2.440313
103	1084	0	0	0	1	0	1.602429
104	1092	0	0	0	1	0	1.592314
105	1100	0	0	0	1	0	2.417948
106	1107	0	0	0	0	0	1.664113
107	1113	0	0	0	0	0	2.979064
108	1119	0	0	0	1	0	1.736689
109	1124	0	0	0	0	0	1.914667
110	1133	0	0	0	2	0	2.215639
111	1143	0	0	0	2	0	1.422762
112	1154	0	0	0	1	0	2.311603
113	1160	0	0	0	0	0	1.347767
114	1169	0	0	0	2	0	1.547341
115	1178	0	0	0	0	0	2.037697
116	1190	0	0	0	0	0	2.397818
117	1202	0	0	0	1	0	1.830401
118	1215	0	0	0	2	0	2.991064
119	1225	0	0	0	2	0	1.177161
120	1234	0	0	0	0	0	1.440467
121	1246	0	0	0	1	0	2.964091
122	1258	0	0	0	2	0	2.801394
123	1269	0	0	0	1	0	1.926767
124	1276	0	0	0	1	0	2.114586
125	1288	0	0	0	0	0	2.694197
126	1296	0	0	0	0	0	2.374766
127	1298	0	0	0	1	0	2.528772
128	1306	0	0	0	1	0	2.747495
129	1316	0	0	0	1	0	1.091832
130	1326	0	0	0	0	0	2.121082
131	1342	0	0	0	1	0	1.433599
132	1346	0	0	0	1	0	2.866821
133	1353	0	0	0	0	0	1.861062
134	1359	0	0	0	0	0	1.018750
135	1369	0	0	0	2	0	2.932199
136	1383	0	0	0	0	0	1.019357
137	1393	0	0	0	0	0	1.944337
138	1401	0	0	0	1	0	1.686203
139	1411	0	0	0	0	0	2.981645
140	1420	0	0	0	1	0	2.745329
141	1427	0	0	0	2	0	2.192894
142	1436	0	0	0	0	0	1.747103
143	1444	0	0	0	0	0	2.719557
144	1457	0	0	0	0	0	1.458026
145	1470	0	0	0	1	0	2.509849
146	1483	0	0	0	1	0	2.912723
147	1499	0	0	0	2	0	2.064467
148	1508	0	0	0	0	0	2.795481
149	1520	0	0	0	0	0	1.096829
150	1528	0	0	0	1	0	1.145674
151	1539	0	0	0	0	0	1.382481
152	1545	0	0	0	0	0	1.771341
153	1554	0	0	0	1	0	2.113648
154	1560	0	0	0	2	0	1.336169
155	1566	0	0	0	1	0	2.553490
156	1577	0	0	0	1	0	1.459807
157	1588	0	0	0	2	0	1.429888
158	1600	0	0	0	1	0	1.992504
159	1609	0	0	0	1	0	2.895151
160	1624	0	0	0	0	0	2.229660
161	1635	0	0	0	0	0	1.117113
162	1642	0	0	0	2	0	1.991109
163	1658	0	0	0	2	0	2.718470
164	1665	0	0	0	1	0	2.160257
165	1674	0	0	0	2	0	2.335220
166	1681	0	0	0	0	0	1.175557
167	1692	0	0	0	1	0	2.700626
168	1702	0	0	0	2	0	1.854762
169	1712	0	0	0	0	0	1.324171
170	1724	0	0	0	0	0	1.090496
171	1731	0	0	0	2	0	2.899068
172	1741	0	0	0	1	0	1.942779
173	1752	0	0	0	1	0	2.968733
174	1762	0	0	0	1	0	1.696487
175	1769	0	0	0	0	0	2.584067
176	1775	0	0	0	0	0	1.141322
177	1778	0	0	0	1	0	1.280975
178	1793	0	0	0	1	0	2.067493
179	1801	0	0	0	0	0	1.296356
180	1811	0	0	0	2	0	1.064395
181	1820	0	0	0	0	0	1.517282
182	1829	0	0	0	2	0	1.037499
183	1842	0	0	0	2	0	2.396387
184	1850	0	0	0	0	0	2.707593
185	1866	0	0	0	0	0	2.307287
186	1874	0	0	0	0	0	2.748958
187	1893	0	0	0	2	0	2.492413
188	1901	0	0	0	0	0	1.967542
189	1911	0	0	0	0	0	2.166848
190	1920	0	0	0	0	0	2.985483
191	1932	0	0	0	2	0	1.653106
192	1936	0	0	0	2	0	2.286829
193	1946	0	0	0	1	0	1.877763
194	1957	0	0	0	1	0	2.144377
195	1964	0	0	0	0	0	2.246928
196	1976	0	0	0	0	0	1.520636
197	1986	0	0	0	2	0	2.141058
198	1997	0	0	0	0	0	1.808820
199	2006	0	0	0	0	0	1.378683
200	2018	0	0	0	2	0	1.174820
201	2028	0	0	0	0	0	1.287725
202	2037	0	0	0	1	0	1.616468
203	2049	0	0	0	1	0	1.103827
204	2061	0	0	0	0	0	1.718535
205	2071	0	0	0	0	0	2.157080
206	2084	0	0	0	1	0	2.003529
207	2095	0	0	0	0	0	1.399204
208	2107	0	0	0	0	0	2.625081
209	2117	0	0	0	1	0	2.748652
210	2131	0	0	0	2	0	2.066274
211	2141	0	0	0	2	0	2.642342
212	2151	0	0	0	1	0	2.994139
213	2162	0	0	0	0	0	1.159163
214	2176	0	0	0	0	0	2.533801
215	2183	0	0	0	2	0	2.825648
216	2194	0	0	0	2	0	1.341989
217	2204	0	0	0	0	0	1.831783
218	2217	0	0	0	2	0	1.787442
219	2230	0	0	0	0	0	2.176509
220	2237	0	0	0	1	0	2.165833
221	2243	0	0	0	2	0	1.740896
222	2260	0	0	0	1	0	1.554805
223	2274	0	0	0	1	0	2.894388
224	2286	0	0	0	0	0	2.637410
225	2304	0	0	0	0	0	1.928246
226	2311	0	0	0	2	0	2.013826
227	2318	0	0	0	1	0	1.414786
228	2327	0	0	0	0	0	1.272184
229	2337	0	0	0	0	0	2.394840
230	2355	0	0	0	1	0	1.161437
231	2363	0	0	0	0	0	1.746794
232	2370	0	0	0	2	0	2.438638
233	2381	0	0	0	0	0	1.853436
234	2392	0	0	0	2	0	2.095014
235	2397	0	0	0	0	0	1.881906
236	2407	0	0	0	0	0	2.371194
237	2417	0	0	0	1	0	2.566405
238	2432	0	0	0	0	0	2.866743
239	2435	0	0	0	0	0	2.897289
240	2445	0	0	0	2	0	2.406694
241	2453	0	0	0	0	0	2.461234
242	2462	0	0	0	0	0	2.703249
243	2473	0	0	0	1	0	1.126879
244	2491	0	0	0	1	0	1.891287
245	2499	0	0	0	1	0	2.530272
246	2510	0	0	0	1	0	2.869484
247	2525	0	0	0	1	0	1.250910
248	2545	0	0	0	0	0	2.506334
249	2555	0	0	0	0	0	1.423197
250	2563	0	0	0	1	0	1.178009
251	2578	0	0	0	0	0	2.936603
252	2588	0	0	0	1	0	1.439874
253	2601	0	0	0	2	0	1.242627
254	2607	0	0	0	1	0	2.239251
255	2615	0	0	0	1	0	2.067155
256	2627	0	0	0	1	0	1.654586
257	2636	0	0	0	0	0	2.015368
258	2650	0	0	0	1	0	1.564289
259	2655	0	0	0	2	0	2.573532
260	2670	0	0	0	2	0	2.437937
261	2676	0	0	0	0	0	1.318939
262	2682	0	0	0	1	0	1.963334
263	2690	0	0	0	1	0	1.809760
264	2694	0	0	0	2	0	1.711652
265	2714	0	0	0	1	0	2.764024
266	2728	0	0	0	2	0	1.848782
267	2734	0	0	0	2	0	2.337121
268	2745	0	0	0	1	0	1.795444
269	2755	0	0	0	1	0	2.090495
270	2767	0	0	0	1	0	1.119562
271	2781	0	0	0	2	0	2.289340
272	2791	0	0	0	0	0	1.061063
273	2800	0	0	0	1	0	1.137980
274	2804	0	0	0	0	0	2.646971
275	2811	0	0	0	0	0	2.479321
276	2822	0	0	0	1	0	2.165304
277	2836	0	0	0	1	0	1.574403
278	2849	0	0	0	2	0	2.957529
279	2853	0	0	0	2	0	1.821014
280	2862	0	0	0	0	0	2.588057
281	2868	0	0	0	0	0	1.436667
282	2879	0	0	0	1	0	2.303446
283	2889	0	0	0	0	0	1.628269
284	2900	0	0	0	0	0	1.653762
285	2905	0	0	0	0	0	1.619178
286	2921	0	0	0	0	0	2.591671
287	2928	0	0	0	0	0	1.225827
288	2934	0	0	0	1	0	2.537014
289	2948	0	0	0	0	0	1.089522
290	2956	0	0	0	2	0	2.456883
291	2968	0	0	0	2	0	2.077033
292	2972	0	0	0	0	0	2.268911
293	2982	0	0	0	0	0	1.995852
294	2992	0	0	0	0	0	2.067616
295	3002	0	0	0	2	0	1.195855
296	3011	0	0	0	0	0	1.144594
297	3021	0	0	0	0	0	2.762614
298	3031	0	0	0	0	0	1.387037
299	3044	0	0	0	1	0	1.813307
300	3056	0	0	0	0	0	1.131918
301	3065	0	0	0	0	0	1.462432
302	3074	0	0	0	2	0	2.094190
303	3086	0	0	0	0	0	1.088255
304	3091	0	0	0	2	0	2.582607
305	3104	0	0	0	2	0	2.224216
306	3116	0	0	0	0	0	1.492405
307	3127	0	0	0	2	0	1.552476
308	3135	0	0	0	0	0	2.978835
309	3150	0	0	0	0	0	1.729008
310	3158	0	0	0	0	0	2.624012
311	3171	0	0	0	2	0	1.251902
312	3182	0	0	0	0	0	2.049346
313	3196	0	0	0	2	0	2.319790
314	3217	0	0	0	2	0	2.691504
315	3222	0	0	0	2	0	1.818249
316	3231	0	0	0	1	0	2.319203
317	3238	0	0	0	2	0	1.786037
318	3246	0	0	0	2	0	2.444578
319	3256	0	0	0	0	0	1.831841
320	3269	0	0	0	0	0	2.037346
321	3283	0	0	0	0	0	2.517979
322	3297	0	0	0	0	0	2.350770
323	3304	0	0	0	0	0	2.804633
324	3318	0	0	0	0	0	2.875417
325	3330	0	0	0	1	0	1.630739
326	3343	0	0	0	1	0	1.266455
327	3357	0	0	0	2	0	1.927158
328	3364	0	0	0	0	0	1.375461
329	3371	0	0	0	0	0	1.998402
330	3385	0	0	0	1	0	2.609288
331	3400	0	0	0	2	0	1.340036
332	3409	0	0	0	1	0	2.653078
333	3419	0	0	0	1	0	1.642605
334	3428	0	0	0	0	0	2.396870
335	3439	0	0	0	0	0	2.498481
336	3443	0	0	0	1	0	1.171653
337	3455	0	0	0	1	0	2.908793
338	3467	0	0	0	0	0	2.262375
339	3477	0	0	0	2	0	1.211234
340	3487	0	0	0	0	0	2.484379
341	3497	0	0	0	1	0	1.705822
342	3513	0	0	0	1	0	1.127464
343	3523	0	0	0	0	0	1.798652
344	3530	0	0	0	0	0	1.039176
345	3540	0	0	0	0	0	2.540540
346	3549	0	0	0	2	0	1.120993
347	3562	0	0	0	0	0	2.099738
348	3576	0	0	0	2	0	2.262811
349	3583	0	0	0	2	0	1.054791
350	3595	0	0	0	1	0	1.307520
351	3603	0	0	0	1	0	2.058343
352	3615	0	0	0	1	0	2.825239
353	3625	0	0	0	0	0	2.958978
354	3634	0	0	0	1	0	2.264193
355	3645	0	0	0	0	0	2.616302
356	3657	0	0	0	0	0	2.646042
357	3665	0	0	0	2	0	2.619870
358	3674	0	0	0	0	0	1.464943
359	3680	0	0	0	2	0	1.556723
360	3687	0	0	0	0	0	1.893611
361	3699	0	0	0	2	0	2.084897
362	3712	0	0	0	2	0	2.470616
363	3723	0	0	0	0	0	2.703847
364	3730	0	0	0	1	0	1.427195
365	3737	0	0	0	0	0	2.037528
366	3745	0	0	0	1	0	2.033328
367	3757	0	0	0	0	0	1.586249
368	3762	0	0	0	2	0	2.605082
369	3769	0	0	0	1	0	2.352203
370	3779	0	0	0	0	0	1.038846
371	3791	0	0	0	1	0	2.149390
372	3802	0	0	0	2	0	2.389657
373	3811	0	0	0	2	0	1.887110
374	3817	0	0	0	0	0	1.440401
375	3826	0	0	0	1	0	1.088708
376	3836	0	0	0	0	0	2.372569
377	3845	0	0	0	1	0	1.412979
378	3853	0	0	0	1	0	1.309676
379	3874	0	0	0	1	0	1.325469
380	3883	0	0	0	1	0	1.515150
381	3890	0	0	0	0	0	2.186240
382	3899	0	0	0	1	0	2.397081
383	3914	0	0	0	1	0	1.972913
384	3927	0	0	0	1	0	2.872713
385	3941	0	0	0	0	0	2.360675
386	3953	0	0	0	1	0	2.053100
387	3964	0	0	0	1	0	1.596030
388	3969	0	0	0	1	0	2.609336
389	3973	0	0	0	0	0	1.557961
390	3985	0	0	0	0	0	2.998626
391	3996	0	0	0	1	0	1.824943
392	4004	0	0	0	1	0	1.121809
393	4014	0	0	0	1	0	2.359841
394	4026	0	0	0	0	0	1.242885
395	4036	0	0	0	0	0	2.198137
396	4050	0	0	0	2	0	2.263126
397	4057	0	0	0	1	0	2.471178
398	4066	0	0	0	0	0	1.408544
399	4074	0	0	0	1	0	2.680305
400	4088	0	0	0	0	0	1.638664
401	4100	0	0	0	1	0	2.322468
402	4116	0	0	0	1	0	1.881107
403	4122	0	0	0	1	0	1.704237
404	4136	0	0	0	0	0	2.678968
405	4142	0	0	0	0	0	1.245701
406	4154	0	0	0	2	0	1.493144
407	4162	0	0	0	1	0	2.793866
408	4170	0	0	0	1	0	1.560846
409	4178	0	0	0	0	0	2.103760
410	4188	0	0	0	0	0	2.748076
411	4202	0	0	0	2	0	2.008944
412	4209	0	0	0	2	0	1.072605
413	4217	0	0	0	1	0	1.336139
414	4222	0	0	0	1	0	1.772459
415	4231	0	0	0	0	0	2.254279
416	4239	0	0	0	2	0	2.142272
417	4250	0	0	0	2	0	2.489538
418	4261	0	0	0	0	0	1.892108
419	4277	0	0	0	0	0	1.959318
420	4284	0	0	0	0	0	1.249129
421	4291	0	0	0	2	0	1.760166
422	4299	0	0	0	0	0	2.317372
423	4308	0	0	0	0	0	1.042556
424	4327	0	0	0	1	0	1.295560
425	4337	0	0	0	1	0	1.319267
426	4343	0	0	0	0	0	2.311816
427	4358	0	0	0	1	0	1.536333
428	4364	0	0	0	2	0	2.463995
429	4376	0	0	0	1	0	1.503346
430	4387	0	0	0	2	0	2.334691
431	4397	0	0	0	2	0	1.596693
432	4410	0	0	0	0	0	2.611821
433	4423	0	0	0	0	0	2.261182
434	4432	0	0	0	1	0	1.249012
435	4444	0	0	0	0	0	1.254279
436	4452	0	0	0	2	0	2.522685
437	4460	0	0	0	1	0	1.547372
438	4473	0	0	0	2	0	2.122208
439	4481	0	0	0	2	0	2.808038
440	4490	0	0	0	2	0	2.708622
441	4502	0	0	0	1	0	1.572035
442	4508	0	0	0	1	0	2.407221
443	4516	0	0	0	0	0	1.286785
444	4524	0	0	0	0	0	2.546866
445	4531	0	0	0	1	0	2.959923
446	4543	0	0	0	1	0	1.780235
447	4556	0	0	0	1	0	2.150074
448	4565	0	0	0	1	0	1.558977
449	4571	0	0	0	1	0	2.899052
450	4578	0	0	0	1	0	1.129617
451	4584	0	0	0	1	0	2.499801
452	4596	0	0	0	0	0	1.769769
453	4602	0	0	0	0	0	2.256893
454	4615	0	0	0	1	0	2.003730
455	4623	0	0	0	1	0	1.305839
456	4634	0	0	0	0	0	2.482488
457	4644	0	0	0	1	0	2.845493
458	4653	0	0	0	0	0	2.931188
459	4658	0	0	0	0	0	2.203566
460	4669	0	0	0	1	0	1.165974
461	4680	0	0	0	0	0	1.153103
462	4688	0	0	0	0	0	2.761645
463	4704	0	0	0	0	0	1.603421
464	4716	0	0	0	0	0	2.939615
465	4724	0	0	0	2	0	1.019237
466	4734	0	0	0	2	0	2.096566
467	4745	0	0	0	0	0	1.694289
468	4752	0	0	0	0	0	2.359776
469	4761	0	0	0	1	0	1.215237
470	4766	0	0	0	0	0	2.068710
471	4779	0	0	0	1	0	2.628817
472	4789	0	0	0	2	0	1.467592
473	4801	0	0	0	2	0	1.992257
474	4812	0	0	0	2	0	2.489597
475	4824	0	0	0	0	0	2.506477
476	4837	0	0	0	1	0	2.002821
477	4845	0	0	0	2	0	1.758863
478	4858	0	0	0	1	0	2.924678
479	4870	0	0	0	2	0	2.059244
480	4877	0	0	0	0	0	1.061612
481	4883	0	0	0	0	0	2.061399
482	4898	0	0	0	1	0	2.558407
483	4906	0	0	0	2	0	1.322403
484	4920	0	0	0	0	0	1.610282
485	4928	0	0	0	2	0	2.425772
486	4935	0	0	0	0	0	2.074713
487	4944	0	0	0	0	0	2.039594
488	4952	0	0	0	1	0	2.165907
489	4963	0	0	0	0	0	2.384840
490	4975	0	0	0	0	0	1.899959
491	4983	0	0	0	2	0	2.877239
492	4993	0	0	0	2	0	1.469782
493	5005	0	0	0	2	0	1.439234
494	5014	0	0	0	0	0	1.389015
495	5025	0	0	0	1	0	1.258740
496	5034	0	0	0	2	0	1.067647
497	5041	0	0	0	0	0	1.912301
498	5059	0	0	0	0	0	2.486992
499	5066	0	0	0	0	0	2.151495
500	5079	0	0	0	1	0	1.121048
501	5082	0	0	0	0	0	2.464360
502	5095	0	0	0	1	0	1.810249
503	5103	0	0	0	0	0	1.626305
504	5114	0	0	0	2	0	2.904788
505	5127	0	0	0	2	0	1.135292
506	5136	0	0	0	0	0	1.824297
507	5145	0	0	0	1	0	1.974621
508	5152	0	0	0	2	0	2.345129
509	5162	0	0	0	1	0	2.860499
510	5173	0	0	0	1	0	2.579974
511	5192	0	0	0	1	0	1.565166
512	5199	0	0	0	2	0	2.877474
513	5215	0	0	0	0	0	2.075304
514	5219	0	0	0	1	0	1.481061
515	5231	0	0	0	0	0	1.705025
516	5240	0	0	0	1	0	2.172970
517	5247	0	0	0	1	0	1.959609
518	5257	0	0	0	0	0	2.104535
519	5265	0	0	0	1	0	1.773655
520	5272	0	0	0	1	0	2.351808
521	5278	0	0	0	1	0	2.738953
522	5287	0	0	0	1	0	2.812331
523	5296	0	0	0	0	0	1.041722
524	5302	0	0	0	0	0	1.866361
525	5313	0	0	0	0	0	1.675263
526	5317	0	0	0	2	0	2.727168
527	5319	0	0	0	1	0	1.089722
528	5335	0	0	0	0	0	1.675227
529	5347	0	0	0	1	0	1.970675
530	5354	0	0	0	2	0	1.127561
531	5362	0	0	0	0	0	1.266932
532	5369	0	0	0	2	0	1.853149
533	5377	0	0	0	1	0	1.696460
534	5386	0	0	0	0	0	1.423170
535	5392	0	0	0	0	0	2.938069
536	5407	0	0	0	0	0	2.376446
537	5421	0	0	0	0	0	2.562601
538	5432	0	0	0	0	0	2.471154
539	5443	0	0	0	1	0	1.447234
540	5448	0	0	0	0	0	1.351340
541	5458	0	0	0	2	0	1.763447
542	5466	0	0	0	1	0	1.248721
543	5472	0	0	0	0	0	1.684635
544	5481	0	0	0	1	0	2.146494
545	5487	0	0	0	1	0	1.115359
546	5497	0	0	0	1	0	1.296254
547	5508	0	0	0	1	0	1.862150
548	5519	0	0	0	2	0	1.772657
549	5534	0	0	0	1	0	2.132309
550	5543	0	0	0	1	0	1.714761
551	5551	0	0	0	2	0	1.871819
552	5558	0	0	0	1	0	2.342439
553	5567	0	0	0	2	0	2.938950
554	5579	0	0	0	1	0	1.703075
555	5589	0	0	0	1	0	1.501175
556	5602	0	0	0	1	0	1.008513
557	5610	0	0	0	2	0	1.952257
558	5629	0	0	0	2	0	2.422128
559	5642	0	0	0	0	0	1.093355
560	5646	0	0	0	2	0	2.936612
561	5661	0	0	0	1	0	2.079461
562	5671	0	0	0	0	0	2.788833
563	5685	0	0	0	2	0	1.917879
564	5693	0	0	0	0	0	2.163057
565	5706	0	0	0	0	0	1.947538
566	5716	0	0	0	2	0	1.209391
567	5723	0	0	0	0	0	1.325062
568	5738	0	0	0	2	0	1.857152
569	5746	0	0	0	1	0	2.276814
570	5755	0	0	0	0	0	1.031283
571	5762	0	0	0	0	0	2.471899
572	5766	0	0	0	2	0	1.362109
573	5774	0	0	0	0	0	1.950634
574	5787	0	0	0	2	0	2.922109
575	5796	0	0	0	0	0	1.423029
576	5803	0	0	0	0	0	1.568752
577	5814	0	0	0	2	0	1.655531
578	5825	0	0	0	1	0	2.545518
579	5834	0	0	0	0	0	1.011370
580	5843	0	0	0	2	0	2.185395
581	5850	0	0	0	0	0	2.782355
582	5857	0	0	0	0	0	1.674067
583	5866	0	0	0	1	0	2.202972
584	5876	0	0	0	0	0	2.308020
585	5883	0	0	0	2	0	2.692284
586	5895	0	0	0	1	0	1.856941
587	5905	0	0	0	1	0	1.810503
588	5918	0	0	0	1	0	1.505227
589	5931	0	0	0	2	0	2.363241
590	5942	0	0	0	2	0	2.477901
591	5952	0	0	0	1	0	1.785817
592	5957	0	0	0	0	0	1.366451
593	5975	0	0	0	0	0	1.008636
594	5983	0	0	0	1	0	1.630252
595	5992	0	0	0	1	0	2.394354
596	5996	0	0	0	2	0	2.248482
597	6008	0	0	0	1	0	1.402027
598	6013	0	0	0	0	0	2.180051
599	6023	0	0	0	1	0	1.439704
600	6035	0	0	0	0	0	2.457803
601	6043	0	0	0	0	0	1.265629
602	6049	0	0	0	2	0	1.335083
603	6057	0	0	0	2	0	1.028273
604	6070	0	0	0	2	0	1.295833
605	6083	0	0	0	0	0	2.059872
606	6095	0	0	0	2	0	1.743419
607	6103	0	0	0	2	0	2.915225
608	6110	0	0	0	2	0	2.230822
609	6119	0	0	0	2	0	1.235728
610	6128	0	0	0	2	0	1.941313
611	6131	0	0	0	2	0	1.532972
612	6138	0	0	0	0	0	1.793060
613	6153	0	0	0	0	0	1.395645
614	6163	0	0	0	0	0	1.543698
615	6171	0	0	0	1	0	1.545240
616	6183	0	0	0	0	0	1.092554
617	6192	0	0	0	1	0	1.042581
618	6200	0	0	0	2	0	2.205826
619	6215	0	0	0	1	0	1.087514
620	6228	0	0	0	0	0	1.050888
621	6237	0	0	0	1	0	1.573847
622	6245	0	0	0	0	0	1.442210
623	6257	0	0	0	0	0	1.022428
624	6264	0	0	0	0	0	2.323136
625	6276	0	0	0	0	0	1.974586
626	6286	0	0	0	1	0	1.371134
627	6293	0	0	0	0	0	1.761261
628	6304	0	0	0	2	0	1.546995
629	6314	0	0	0	0	0	1.908386
630	6323	0	0	0	1	0	1.285139
631	6331	0	0	0	1	0	1.135056
632	6347	0	0	0	1	0	1.723766
633	6354	0	0	0	2	0	1.386352
634	6365	0	0	0	1	0	2.151088
635	6375	0	0	0	1	0	2.313808
636	6386	0	0	0	1	0	2.934383
637	6393	0	0	0	0	0	2.756233
638	6402	0	0	0	2	0	1.694582
639	6413	0	0	0	1	0	2.980252
640	6419	0	0	0	0	0	2.848972
641	6434	0	0	0	2	0	2.242053
642	6444	0	0	0	0	0	1.692469
643	6452	0	0	0	1	0	1.993278
644	6461	0	0	0	1	0	1.540126
645	6475	0	0	0	1	0	2.876713
646	6483	0	0	0	0	0	2.548276
647	6489	0	0	0	1	0	2.647370
648	6505	0	0	0	2	0	1.216576
649	6513	0	0	0	0	0	1.461719
650	6530	0	0	0	2	0	1.470315
651	6544	0	0	0	1	0	1.293250
652	6556	0	0	0	1	0	1.504372
653	6568	0	0	0	2	0	2.545891
654	6578	0	0	0	2	0	2.440235
655	6586	0	0	0	1	0	2.510539
656	6599	0	0	0	0	0	1.731390
657	6605	0	0	0	0	0	2.473922
658	6614	0	0	0	1	0	1.499397
659	6616	0	0	0	2	0	1.354809
660	6627	0	0	0	0	0	2.948544
661	6639	0	0	0	1	0	2.565742
662	6655	0	0	0	0	0	2.341459
663	6666	0	0	0	0	0	2.999459
664	6673	0	0	0	0	0	2.926095
665	6682	0	0	0	2	0	1.272456
666	6688	0	0	0	1	0	1.352349
667	6702	0	0	0	2	0	1.100158
668	6710	0	0	0	0	0	2.272115
669	6716	0	0	0	0	0	1.562801
670	6727	0	0	0	1	0	2.952469
671	6733	0	0	0	0	0	2.290092
672	6743	0	0	0	2	0	2.817722
673	6753	0	0	0	2	0	1.227828
674	6758	0	0	0	2	0	2.513688
675	6772	0	0	0	1	0	1.215429
676	6782	0	0	0	1	0	1.209763
677	6791	0	0	0	1	0	2.044965
678	6797	0	0	0	0	0	1.368407
679	6808	0	0	0	1	0	1.396663
680	6817	0	0	0	0	0	2.591453
681	6831	0	0	0	0	0	1.423092
682	6841	0	0	0	0	0	2.184830
683	6851	0	0	0	2	0	1.381039
684	6863	0	0	0	0	0	2.557610
685	6874	0	0	0	0	0	1.154778
686	6888	0	0	0	1	0	2.683082
687	6900	0	0	0	2	0	1.873913
688	6909	0	0	0	0	0	2.201192
689	6918	0	0	0	1	0	2.164317
690	6927	0	0	0	1	0	2.118096
691	6941	0	0	0	0	0	2.011074
692	6953	0	0	0	0	0	1.408992
693	6960	0	0	0	0	0	1.653310
694	6969	0	0	0	0	0	2.743487
695	6979	0	0	0	0	0	2.605618
696	6991	0	0	0	0	0	1.512159
697	7002	0	0	0	2	0	1.815460
698	7015	0	0	0	0	0	1.615678
699	7025	0	0	0	0	0	2.184929
700	7037	0	0	0	0	0	2.086014
701	7046	0	0	0	0	0	1.271401
702	7060	0	0	0	0	0	1.031183
703	7076	0	0	0	0	0	1.183081
704	7089	0	0	0	2	0	1.954924
705	7105	0	0	0	0	0	2.860400
706	7118	0	0	0	1	0	2.114938
707	7124	0	0	0	0	0	1.928302
708	7134	0	0	0	0	0	1.345455
709	7144	0	0	0	1	0	2.734806
710	7156	0	0	0	0	0	2.493018
711	7161	0	0	0	1	0	2.211542
712	7170	0	0	0	2	0	2.313471
713	7181	0	0	0	0	0	1.983635
714	7191	0	0	0	0	0	1.603072
715	7199	0	0	0	0	0	2.729393
716	7204	0	0	0	1	0	1.517375
717	7211	0	0	0	0	0	1.650101
718	7221	0	0	0	1	0	2.001483
719	7228	0	0	0	1	0	1.772714
720	7240	0	0	0	1	0	2.128110
721	7246	0	0	0	0	0	2.185767
722	7261	0	0	0	0	0	2.956761
723	7267	0	0	0	0	0	2.850082
724	7277	0	0	0	2	0	2.519041
725	7289	0	0	0	2	0	1.707127
726	7303	0	0	0	1	0	2.019955
727	7312	0	0	0	0	0	1.969686
728	7323	0	0	0	2	0	2.371780
729	7332	0	0	0	0	0	1.841914
730	7342	0	0	0	1	0	1.565018
731	7353	0	0	0	1	0	2.627105
732	7365	0	0	0	1	0	1.299576
733	7373	0	0	0	0	0	1.613614
734	7382	0	0	0	0	0	1.752299
735	7390	0	0	0	0	0	2.670557
736	7404	0	0	0	1	0	2.228786
737	7412	0	0	0	1	0	1.541926
738	7423	0	0	0	0	0	1.538277
739	7441	0	0	0	2	0	2.563296
740	7453	0	0	0	2	0	2.351788
741	7459	0	0	0	0	0	2.396772
742	7472	0	0	0	0	0	1.909789
743	7476	0	0	0	2	0	2.204310
744	7486	0	0	0	0	0	2.263970
745	7493	0	0	0	1	0	2.691840
746	7500	0	0	0	1	0	1.217313
747	7512	0	0	0	1	0	2.357765
748	7520	0	0	0	0	0	2.763296
749	7536	0	0	0	1	0	1.435391
750	7540	0	0	0	1	0	1.146763
751	7548	0	0	0	2	0	1.025522
752	7557	0	0	0	1	0	2.257434
753	7567	0	0	0	0	0	2.799261
754	7575	0	0	0	2	0	2.501084
755	7587	0	0	0	0	0	2.881944
756	7596	0	0	0	2	0	2.648969
757	7605	0	0	0	0	0	2.822113
758	7613	0	0	0	0	0	2.371062
759	7629	0	0	0	2	0	2.667598
760	7635	0	0	0	2	0	2.553632
761	7647	0	0	0	0	0	2.594185
762	7656	0	0	0	0	0	2.416359
763	7665	0	0	0	0	0	2.319730
764	7676	0	0	0	0	0	2.917913
765	7683	0	0	0	1	0	2.963206
766	7692	0	0	0	1	0	2.126167
767	7701	0	0	0	0	0	1.635582
768	7711	0	0	0	1	0	2.033375
769	7722	0	0	0	0	0	1.857824
770	7728	0	0	0	0	0	2.672226
771	7737	0	0	0	1	0	1.828368
772	7748	0	0	0	1	0	2.723023
773	7762	0	0	0	1	0	2.265978
774	7772	0	0	0	1	0	1.661545
775	7783	0	0	0	1	0	2.173694
776	7792	0	0	0	0	0	1.494262
777	7798	0	0	0	2	0	1.840565
778	7809	0	0	0	1	0	2.570365
779	7813	0	0	0	0	0	1.446961
780	7823	0	0	0	1	0	2.905742
781	7836	0	0	0	1	0	1.093473
782	7845	0	0	0	2	0	2.035674
783	7849	0	0	0	1	0	2.989780
784	7860	0	0	0	0	0	1.755052
785	7866	0	0	0	2	0	1.832574
786	7880	0	0	0	1	0	1.104288
787	7893	0	0	0	1	0	1.219166
788	7903	0	0	0	0	0	1.999318
789	7916	0	0	0	0	0	2.815808
790	7927	0	0	0	1	0	1.336233
791	7939	0	0	0	0	0	1.114225
792	7952	0	0	0	2	0	1.743970
793	7960	0	0	0	2	0	2.641826
794	7971	0	0	0	1	0	1.127522
795	7981	0	0	0	2	0	1.118973
796	7996	0	0	0	1	0	2.579384
797	8007	0	0	0	2	0	2.634923
798	8025	0	0	0	1	0	1.921171
799	8032	0	0	0	2	0	1.471503
800	8043	0	0	0	2	0	2.143744
801	8051	0	0	0	1	0	1.610120
802	8070	0	0	0	0	0	2.698998
803	8076	0	0	0	0	0	1.133403
804	8089	0	0	0	2	0	2.179311
805	8095	0	0	0	0	0	2.498268
806	8103	0	0	0	0	0	1.263968
807	8115	0	0	0	2	0	2.970673
808	8125	0	0	0	1	0	2.458949
809	8138	0	0	0	0	0	1.299160
810	8146	0	0	0	0	0	1.938267
811	8155	0	0	0	2	0	2.282011
812	8164	0	0	0	1	0	2.423866
813	8172	0	0	0	0	0	1.399506
814	8184	0	0	0	1	0	1.198711
815	8192	0	0	0	2	0	2.576533
816	8206	0	0	0	0	0	2.365546
817	8215	0	0	0	1	0	2.670039
818	8225	0	0	0	0	0	1.709177
819	8230	0	0	0	0	0	2.482277
820	8243	0	0	0	1	0	2.805149
821	8255	0	0	0	1	0	1.014024
822	8269	0	0	0	2	0	1.223128
823	8279	0	0	0	0	0	2.176431
824	8284	0	0	0	2	0	1.515758
825	8297	0	0	0	1	0	1.368633
826	8306	0	0	0	1	0	1.854027
827	8316	0	0	0	2	0	2.551324
828	8326	0	0	0	2	0	1.095447
829	8333	0	0	0	0	0	2.407567
830	8344	0	0	0	1	0	2.959186
831	8357	0	0	0	0	0	1.894049
832	8362	0	0	0	0	0	1.822276
833	8372	0	0	0	2	0	2.442864
834	8385	0	0	0	0	0	1.889217
835	8396	0	0	0	2	0	1.340644
836	8405	0	0	0	1	0	2.295415
837	8411	0	0	0	2	0	1.017496
838	8418	0	0	0	1	0	1.477561
839	8430	0	0	0	0	0	1.134558
840	8440	0	0	0	1	0	2.287648
841	8456	0	0	0	2	0	1.875097
842	8465	0	0	0	1	0	1.178916
843	8477	0	0	0	2	0	1.622971
844	8490	0	0	0	2	0	1.606769
845	8498	0	0	0	2	0	1.329020
846	8507	0	0	0	0	0	2.366256
847	8518	0	0	0	0	0	2.084025
848	8533	0	0	0	1	0	2.152365
849	8537	0	0	0	1	0	1.280452
850	8547	0	0	0	1	0	2.950563
851	8557	0	0	0	1	0	2.967849
852	8564	0	0	0	0	0	1.346333
853	8574	0	0	0	1	0	2.309144
854	8580	0	0	0	0	0	1.032711
855	8592	0	0	0	0	0	2.032793
856	8604	0	0	0	0	0	1.678024
857	8617	0	0	0	1	0	2.822429
858	8623	0	0	0	1	0	1.017332
859	8636	0	0	0	2	0	2.358180
860	8647	0	0	0	1	0	2.252541
861	8657	0	0	0	2	0	2.659600
862	8666	0	0	0	2	0	2.473406
863	8680	0	0	0	0	0	2.516235
864	8687	0	0	0	0	0	2.230951
865	8701	0	0	0	1	0	2.506771
866	8709	0	0	0	1	0	1.684339
867	8725	0	0	0	0	0	1.059069
868	8733	0	0	0	2	0	2.648458
869	8746	0	0	0	1	0	2.930066
870	8752	0	0	0	0	0	2.038452
871	8767	0	0	0	2	0	1.261263
872	8776	0	0	0	2	0	1.473597
873	8790	0	0	0	1	0	2.854369
874	8796	0	0	0	2	0	2.026551
875	8802	0	0	0	2	0	1.596911
876	8809	0	0	0	1	0	1.894469
877	8819	0	0	0	0	0	2.285482
878	8830	0	0	0	0	0	1.853975
879	8835	0	0	0	0	0	1.752311
880	8841	0	0	0	2	0	2.260944
881	8852	0	0	0	1	0	1.330435
882	8863	0	0	0	1	0	2.928635
883	8868	0	0	0	1	0	1.401877
884	8874	0	0	0	1	0	2.059305
885	8883	0	0	0	0	0	2.933629
886	8889	0	0	0	1	0	1.057642
887	8899	0	0	0	0	0	1.109369
888	8913	0	0	0	0	0	2.911238
889	8921	0	0	0	1	0	2.480582
890	8930	0	0	0	1	0	1.175580
891	8938	0	0	0	2	0	2.248773
892	8945	0	0	0	0	0	1.359762
893	8961	0	0	0	0	0	1.981951
894	8967	0	0	0	0	0	1.631577
895	8977	0	0	0	0	0	1.539589
896	8984	0	0	0	0	0	1.212760
897	8989	0	0	0	1	0	1.335427
898	8997	0	0	0	0	0	1.966660
899	9002	0	0	0	2	0	2.754916
900	9014	0	0	0	2	0	1.630262
901	9024	0	0	0	1	0	1.631148
902	9032	0	0	0	0	0	1.018839
903	9034	0	0	0	1	0	2.266930
904	9043	0	0	0	1	0	1.229791
905	9052	0	0	0	0	0	2.933972
906	9063	0	0	0	1	0	1.976383
907	9072	0	0	0	2	0	1.251495
908	9082	0	0	0	0	0	2.044788
909	9094	0	0	0	2	0	1.210238
910	9106	0	0	0	0	0	1.500157
911	9120	0	0	0	2	0	2.175487
912	9128	0	0	0	2	0	1.566665
913	9134	0	0	0	2	0	1.602324
914	9148	0	0	0	1	0	2.684342
915	9158	0	0	0	1	0	1.872024
916	9166	0	0	0	2	0	1.098997
917	9177	0	0	0	0	0	2.422905
918	9182	0	0	0	0	0	1.953116
919	9197	0	0	0	1	0	1.600869
920	9210	0	0	0	0	0	2.846746
921	9228	0	0	0	0	0	1.866326
922	9236	0	0	0	0	0	1.908383
923	9248	0	0	0	2	0	1.332678
924	9255	0	0	0	0	0	1.121164
925	9267	0	0	0	2	0	1.905416
926	9278	0	0	0	1	0	2.225024
927	9293	0	0	0	0	0	2.292749
928	9300	0	0	0	2	0	2.444018
929	9314	0	0	0	1	0	1.645490
930	9323	0	0	0	0	0	1.652081
931	9334	0	0	0	0	0	1.094054
932	9347	0	0	0	2	0	2.602556
933	9356	0	0	0	0	0	2.196427
934	9365	0	0	0	0	0	1.142598
935	9371	0	0	0	2	0	1.670859
936	9382	0	0	0	0	0	1.715183
937	9391	0	0	0	2	0	2.251952
938	9398	0	0	0	2	0	1.532663
939	9405	0	0	0	1	0	2.602102
940	9415	0	0	0	1	0	1.670508
941	9428	0	0	0	0	0	1.238039
942	9441	0	0	0	0	0	2.480181
943	9454	0	0	0	1	0	1.963599
944	9463	0	0	0	2	0	2.290617
945	9473	0	0	0	1	0	1.145577
946	9481	0	0	0	0	0	1.400503
947	9491	0	0	0	1	0	1.154392
948	9502	0	0	0	2	0	1.830150
949	9513	0	0	0	0	0	2.380892
950	9524	0	0	0	1	0	1.407487
951	9534	0	0	0	1	0	2.756683
952	9544	0	0	0	2	0	1.294804
953	9555	0	0	0	2	0	1.930234
954	9571	0	0	0	0	0	2.995651
955	9580	0	0	0	0	0	2.612220
956	9591	0	0	0	1	0	1.685357
957	9603	0	0	0	1	0	1.440084
958	9611	0	0	0	1	0	1.169153
959	9620	0	0	0	2	0	2.316580
960	9634	0	0	0	0	0	1.527856
961	9644	0	0	0	2	0	1.455061
962	9658	0	0	0	0	0	2.192249
963	9668	0	0	0	2	0	1.341976
964	9676	0	0	0	2	0	2.100670
965	9683	0	0	0	2	0	2.610929
966	9695	0	0	0	1	0	1.543612
967	9709	0	0	0	2	0	1.613901
968	9716	0	0	0	1	0	2.073749
969	9723	0	0	0	0	0	1.455818
970	9732	0	0	0	2	0	1.362212
971	9745	0	0	0	1	0	2.463437
972	9754	0	0	0	1	0	2.997533
973	9766	0	0	0	1	0	2.444682
974	9777	0	0	0	0	0	1.768480
975	9789	0	0	0	1	0	2.259546
976	9799	0	0	0	0	0	2.063457
977	9811	0	0	0	2	0	1.580714
978	9820	0	0	0	2	0	2.965712
979	9829	0	0	0	2	0	1.048599
980	9837	0	0	0	0	0	1.210267
981	9848	0	0	0	1	0	1.858203
982	9858	0	0	0	1	0	2.749091
983	9867	0	0	0	1	0	2.177733
984	9881	0	0	0	1	0	1.074364
985	9894	0	0	0	0	0	1.434635
986	9902	0	0	0	0	0	2.870766
987	9913	0	0	0	2	0	2.068114
988	9921	0	0	0	1	0	1.466763
989	9925	0	0	0	2	0	1.235867
990	9940	0	0	0	1	0	2.692005
991	9949	0	0	0	1	0	2.363033
992	9954	0	0	0	2	0	2.704013
993	9963	0	0	0	0	0	2.907192
994	9974	0	0	0	0	0	1.314548
995	9983	0	0	0	0	0	1.026749
996	9997	0	0	0	0	0	1.654726
997	10008	0	0	0	1	0	1.742090
998	10017	0	0	0	0	0	1.902742
999	10024	0	0	0	1	0	1.210430
