0	1	0	0	0	1	0	2.930161
1	12	0	0	0	2	0	2.302498
2	23	0	0	0	1	0	2.315455
3	31	0	0	0	0	0	1.913574
4	42	0	0	0	0	0	2.718318
5	51	0	0	0	1	0	2.419931
6	62	0	0	0	1	0	1.149480
7	70	0	0	0	1	0	2.549439
8	86	0	0	0	1	0	2.608364
9	94	0	0	0	2	0	2.352105
10	98	0	0	0	2	0	2.966795
11	106	0	0	0	0	0	2.548751
12	117	0	0	0	1	0	2.382433
13	123	0	0	0	0	0	1.655803
14	131	0	0	0	2	0	1.923692
15	144	0	0	0	0	0	2.613308
16	157	0	0	0	0	0	2.479367
17	167	0	0	0	0	0	1.143825
18	177	0	0	0	0	0	2.045848
19	187	0	0	0	0	0	1.995315
20	195	0	0	0	0	0	2.794494
21	204	0	0	0	0	0	1.000961
22	215	0	0	0	2	0	2.414941
23	224	0	0	0	2	0	1.784019
24	234	0	0	0	2	0	2.058066
25	243	0	0	0	0	0	2.504522
26	249	0	0	0	0	0	1.280167
27	260	0	0	0	0	0	1.132487
28	269	0	0	0	0	0	2.442459
29	275	0	0	0	1	0	1.341476
30	285	0	0	0	0	0	1.509396
31	295	0	0	0	0	0	2.876380
32	305	0	0	0	1	0	2.744927
33	318	0	0	0	0	0	2.430490
34	331	0	0	0	1	0	2.846645
35	345	0	0	0	1	0	1.711710
36	357	0	0	0	0	0	2.445614
37	363	0	0	0	1	0	1.197839
38	374	0	0	0	0	0	1.517822
39	383	0	0	0	2	0	1.013928
40	395	0	0	0	2	0	1.038261
41	405	0	0	0	0	0	1.557618
42	413	0	0	0	2	0	2.120748
43	423	0	0	0	0	0	2.110084
44	432	0	0	0	1	0	2.181431
45	446	0	0	0	0	0	1.258478
46	458	0	0	0	1	0	2.954535
47	469	0	0	0	0	0	2.748969
48	480	0	0	0	1	0	2.785604
49	492	0	0	0	1	0	2.110287
50	498	0	0	0	2	0	1.718335
51	507	0	0	0	2	0	1.404240
52	520	0	0	0	0	0	1.168966
53	531	0	0	0	1	0	2.427451
54	540	0	0	0	1	0	1.963717
55	550	0	0	0	1	0	2.835829
56	556	0	0	0	2	0	2.548308
57	564	0	0	0	2	0	1.381322
58	577	0	0	0	0	0	1.467357
59	589	0	0	0	1	0	2.248872
60	605	0	0	0	0	0	2.067343
61	610	0	0	0	0	0	1.432166
62	614	0	0	0	0	0	2.219723
63	628	0	0	0	1	0	2.174938
64	642	0	0	0	0	0	2.728304
65	654	0	0	0	0	0	1.726464
66	666	0	0	0	0	0	1.881130
67	672	0	0	0	1	0	2.637916
68	685	0	0	0	0	0	2.194659
69	690	0	0	0	0	0	1.069183
70	703	0	0	0	2	0	1.275414
71	714	0	0	0	2	0	2.851614
72	727	0	0	0	0	0	2.355401
73	735	0	0	0	0	0	2.907522
74	747	0	0	0	1	0	1.618062
75	760	0	0	0	0	0	1.668451
76	768	0	0	0	2	0	1.317167
77	776	0	0	0	2	0	2.518745
78	783	0	0	0	1	0	1.022155
79	794	0	0	0	2	0	2.613000
80	802	0	0	0	0	0	2.401567
81	818	0	0	0	1	0	1.106191
82	825	0	0	0	0	0	1.131112
83	830	0	0	0	2	0	2.645295
84	844	0	0	0	2	0	1.076193
85	851	0	0	0	2	0	1.387522
86	860	0	0	0	0	0	1.415111
87	870	0	0	0	1	0	2.707268
88	877	0	0	0	1	0	1.645315
89	889	0	0	0	2	0	2.696608
90	899	0	0	0	2	0	1.110021
91	909	0	0	0	2	0	1.952896
92	923	0	0	0	1	0	1.657399
93	934	0	0	0	0	0	1.443253
94	944	0	0	0	0	0	2.485396
95	953	0	0	0	0	0	2.512132
96	964	0	0	0	1	0	2.249924
97	975	0	0	0	0	0	2.579904
98	982	0	0	0	1	0	1.139987
99	996	0	0	0	2	0	1.124833
100	1007	0	0	0	1	0	2.603622
101	1018	0	0	0	0	0	1.851771
102	1036	0	0	0	0	0	2.720892
103	1044	0	0	0	1	0	2.566388
104	1053	0	0	0	1	0	1.295780
105	1061	0	0	0	0	0	1.527131
106	1070	0	0	0	1	0	1.928891
107	1081	0	0	0	0	0	2.818228
108	1087	0	0	0	0	0	1.713887
109	1097	0	0	0	1	0	2.638023
110	1104	0	0	0	0	0	1.203637
111	1116	0	0	0	0	0	2.812294
112	1130	0	0	0	0	0	1.570187
113	1143	0	0	0	0	0	1.608427
114	1155	0	0	0	1	0	2.572308
115	1165	0	0	0	1	0	2.538024
116	1173	0	0	0	0	0	1.893097
117	1184	0	0	0	1	0	1.052638
118	1200	0	0	0	1	0	1.723915
119	1205	0	0	0	2	0	2.552241
120	1211	0	0	0	1	0	1.234226
121	1214	0	0	0	2	0	1.879892
122	1223	0	0	0	2	0	1.442132
123	1232	0	0	0	2	0	2.578347
124	1242	0	0	0	0	0	1.731790
125	1248	0	0	0	2	0	2.387855
126	1260	0	0	0	0	0	2.058675
127	1270	0	0	0	1	0	1.994175
128	1279	0	0	0	1	0	1.774257
129	1286	0	0	0	0	0	1.538911
130	1297	0	0	0	1	0	1.412967
131	1316	0	0	0	0	0	1.000049
132	1322	0	0	0	0	0	1.151928
133	1326	0	0	0	0	0	1.589495
134	1333	0	0	0	0	0	1.879140
135	1343	0	0	0	1	0	2.316642
136	1353	0	0	0	2	0	1.429131
137	1362	0	0	0	2	0	2.145501
138	1364	0	0	0	0	0	2.283978
139	1372	0	0	0	2	0	2.558449
140	1380	0	0	0	2	0	2.606938
141	1393	0	0	0	2	0	2.633081
142	1401	0	0	0	0	0	2.449172
143	1407	0	0	0	1	0	2.625398
144	1414	0	0	0	1	0	1.770188
145	1423	0	0	0	0	0	1.455848
146	1435	0	0	0	1	0	1.220402
147	1445	0	0	0	2	0	1.956949
148	1451	0	0	0	2	0	1.718126
149	1466	0	0	0	0	0	1.227849
150	1473	0	0	0	0	0	2.038357
151	1483	0	0	0	0	0	2.383878
152	1493	0	0	0	2	0	1.144303
153	1503	0	0	0	1	0	2.761764
154	1512	0	0	0	0	0	2.814609
155	1519	0	0	0	1	0	2.034627
156	1527	0	0	0	1	0	1.809673
157	1536	0	0	0	0	0	1.198423
158	1545	0	0	0	0	0	1.195051
159	1554	0	0	0	1	0	2.573815
160	1561	0	0	0	0	0	1.873626
161	1578	0	0	0	0	0	1.507450
162	1589	0	0	0	0	0	1.475337
163	1600	0	0	0	0	0	1.929214
164	1610	0	0	0	1	0	1.458576
165	1621	0	0	0	2	0	2.942563
166	1629	0	0	0	2	0	1.697816
167	1636	0	0	0	0	0	2.153467
168	1651	0	0	0	2	0	1.455017
169	1659	0	0	0	1	0	2.886444
170	1668	0	0	0	2	0	2.006197
171	1679	0	0	0	0	0	2.421214
172	1688	0	0	0	1	0	1.764576
173	1697	0	0	0	1	0	1.485455
174	1709	0	0	0	0	0	1.209249
175	1721	0	0	0	1	0	1.706146
176	1731	0	0	0	0	0	1.431993
177	1738	0	0	0	1	0	2.607193
178	1749	0	0	0	0	0	2.188695
179	1760	0	0	0	0	0	2.894625
180	1770	0	0	0	1	0	2.952832
181	1781	0	0	0	0	0	1.401672
182	1790	0	0	0	1	0	1.625025
183	1809	0	0	0	0	0	1.767191
184	1820	0	0	0	0	0	1.589936
185	1826	0	0	0	0	0	2.907870
186	1838	0	0	0	0	0	2.755617
187	1846	0	0	0	1	0	1.942853
188	1856	0	0	0	0	0	2.668000
189	1864	0	0	0	0	0	1.126110
190	1872	0	0	0	0	0	2.890997
191	1883	0	0	0	0	0	2.836288
192	1890	0	0	0	0	0	1.469434
193	1902	0	0	0	1	0	1.265770
194	1916	0	0	0	1	0	1.154512
195	1920	0	0	0	1	0	1.594234
196	1929	0	0	0	0	0	2.527499
197	1938	0	0	0	0	0	2.652122
198	1946	0	0	0	0	0	1.121572
199	1957	0	0	0	0	0	2.390864
200	1966	0	0	0	1	0	2.346444
201	1979	0	0	0	2	0	1.994508
202	1991	0	0	0	1	0	2.756270
203	2001	0	0	0	1	0	1.396307
204	2010	0	0	0	1	0	2.400074
205	2022	0	0	0	1	0	1.976819
206	2030	0	0	0	0	0	2.832690
207	2035	0	0	0	1	0	1.399677
208	2044	0	0	0	0	0	1.284976
209	2053	0	0	0	0	0	1.677279
210	2065	0	0	0	0	0	2.471212
211	2075	0	0	0	2	0	1.619607
212	2080	0	0	0	1	0	1.524135
213	2095	0	0	0	0	0	2.809822
214	2105	0	0	0	2	0	2.243857
215	2116	0	0	0	0	0	2.416179
216	2127	0	0	0	0	0	1.234656
217	2137	0	0	0	1	0	2.454905
218	2144	0	0	0	1	0	1.019781
219	2154	0	0	0	1	0	2.597282
220	2162	0	0	0	2	0	1.313519
221	2174	0	0	0	2	0	1.059489
222	2187	0	0	0	1	0	1.671479
223	2196	0	0	0	0	0	1.618924
224	2210	0	0	0	0	0	1.167594
225	2217	0	0	0	1	0	2.472001
226	2229	0	0	0	2	0	2.126379
227	2240	0	0	0	1	0	1.658227
228	2250	0	0	0	0	0	2.719668
229	2259	0	0	0	1	0	1.432272
230	2272	0	0	0	2	0	1.186905
231	2279	0	0	0	1	0	1.330011
232	2285	0	0	0	0	0	2.856098
233	2295	0	0	0	0	0	1.521436
234	2303	0	0	0	2	0	1.722332
235	2311	0	0	0	0	0	2.858860
236	2319	0	0	0	1	0	1.907839
237	2330	0	0	0	2	0	2.701959
238	2339	0	0	0	2	0	1.640896
239	2345	0	0	0	2	0	1.009628
240	2359	0	0	0	0	0	1.485432
241	2368	0	0	0	0	0	2.539520
242	2380	0	0	0	1	0	2.791501
243	2395	0	0	0	0	0	2.765509
244	2407	0	0	0	1	0	2.271365
245	2419	0	0	0	1	0	2.552927
246	2435	0	0	0	2	0	1.026374
247	2442	0	0	0	0	0	1.926361
248	2451	0	0	0	1	0	2.707794
249	2467	0	0	0	0	0	1.390454
250	2474	0	0	0	1	0	1.571622
251	2488	0	0	0	0	0	1.564818
252	2495	0	0	0	2	0	1.429530
253	2504	0	0	0	1	0	1.837237
254	2517	0	0	0	0	0	1.406864
255	2527	0	0	0	0	0	2.306004
256	2540	0	0	0	1	0	2.006659
257	2552	0	0	0	1	0	1.635207
258	2560	0	0	0	2	0	1.849877
259	2574	0	0	0	1	0	2.370336
260	2583	0	0	0	1	0	1.628856
261	2590	0	0	0	2	0	1.812343
262	2600	0	0	0	2	0	1.250807
263	2609	0	0	0	2	0	1.800348
264	2619	0	0	0	0	0	1.982401
265	2628	0	0	0	2	0	2.519299
266	2641	0	0	0	0	0	1.269903
267	2655	0	0	0	2	0	1.142051
268	2663	0	0	0	1	0	1.837702
269	2677	0	0	0	1	0	1.997752
270	2685	0	0	0	0	0	1.631830
271	2693	0	0	0	1	0	1.225367
272	2711	0	0	0	1	0	2.317884
273	2717	0	0	0	1	0	2.700881
274	2732	0	0	0	0	0	2.139867
275	2738	0	0	0	0	0	1.906207
276	2746	0	0	0	2	0	1.552829
277	2755	0	0	0	1	0	1.106105
278	2767	0	0	0	1	0	1.492398
279	2776	0	0	0	0	0	2.419501
280	2785	0	0	0	0	0	2.277869
281	2796	0	0	0	1	0	1.639123
282	2817	0	0	0	0	0	1.068081
283	2824	0	0	0	1	0	2.994273
284	2834	0	0	0	0	0	2.254936
285	2852	0	0	0	1	0	1.256934
286	2869	0	0	0	1	0	1.306271
287	2880	0	0	0	1	0	1.409606
288	2887	0	0	0	0	0	2.202145
289	2902	0	0	0	1	0	2.533767
290	2913	0	0	0	0	0	1.774808
291	2924	0	0	0	1	0	2.554122
292	2932	0	0	0	1	0	1.684055
293	2945	0	0	0	1	0	1.415411
294	2959	0	0	0	1	0	2.548540
295	2965	0	0	0	1	0	2.065841
296	2970	0	0	0	2	0	1.486614
297	2979	0	0	0	0	0	1.080761
298	2989	0	0	0	0	0	2.990335
299	3001	0	0	0	2	0	2.053035
300	3011	0	0	0	0	0	1.266614
301	3025	0	0	0	0	0	1.262903
302	3029	0	0	0	0	0	2.267268
303	3034	0	0	0	0	0	1.597594
304	3045	0	0	0	0	0	2.954760
305	3056	0	0	0	2	0	1.478634
306	3064	0	0	0	0	0	2.075424
307	3079	0	0	0	2	0	1.297958
308	3089	0	0	0	2	0	1.252343
309	3094	0	0	0	1	0	2.430975
310	3098	0	0	0	1	0	2.253356
311	3106	0	0	0	1	0	1.997355
312	3114	0	0	0	2	0	2.302095
313	3122	0	0	0	1	0	1.235656
314	3134	0	0	0	0	0	2.792312
315	3142	0	0	0	1	0	2.226997
316	3151	0	0	0	0	0	1.796647
317	3155	0	0	0	1	0	1.807533
318	3160	0	0	0	2	0	2.669259
319	3170	0	0	0	2	0	1.583972
320	3181	0	0	0	1	0	2.085440
321	3193	0	0	0	2	0	2.948468
322	3201	0	0	0	1	0	1.727181
323	3212	0	0	0	2	0	1.105632
324	3221	0	0	0	1	0	1.499232
325	3231	0	0	0	1	0	2.456523
326	3243	0	0	0	2	0	1.043343
327	3252	0	0	0	0	0	1.746306
328	3261	0	0	0	0	0	2.646174
329	3272	0	0	0	0	0	1.733281
330	3279	0	0	0	0	0	2.060662
331	3288	0	0	0	0	0	1.894932
332	3301	0	0	0	1	0	1.498992
333	3312	0	0	0	0	0	2.140112
334	3321	0	0	0	0	0	2.415885
335	3330	0	0	0	2	0	2.281072
336	3335	0	0	0	1	0	2.214306
337	3344	0	0	0	1	0	1.291012
338	3351	0	0	0	2	0	1.809148
339	3362	0	0	0	0	0	2.021057
340	3375	0	0	0	0	0	1.357713
341	3386	0	0	0	1	0	1.072472
342	3402	0	0	0	0	0	2.162690
343	3411	0	0	0	1	0	1.930460
344	3418	0	0	0	2	0	2.611440
345	3427	0	0	0	1	0	1.997940
346	3437	0	0	0	0	0	1.316958
347	3440	0	0	0	1	0	1.365141
348	3451	0	0	0	0	0	2.950022
349	3459	0	0	0	0	0	1.740859
350	3471	0	0	0	2	0	2.321625
351	3480	0	0	0	2	0	1.777760
352	3486	0	0	0	1	0	2.057732
353	3495	0	0	0	0	0	1.888721
354	3507	0	0	0	1	0	1.376359
355	3517	0	0	0	2	0	1.019878
356	3526	0	0	0	1	0	2.275800
357	3536	0	0	0	0	0	1.187470
358	3552	0	0	0	0	0	2.501191
359	3564	0	0	0	0	0	1.863138
360	3576	0	0	0	2	0	2.006593
361	3583	0	0	0	0	0	1.992218
362	3589	0	0	0	0	0	2.714944
363	3597	0	0	0	0	0	2.673763
364	3608	0	0	0	0	0	1.008789
365	3618	0	0	0	2	0	1.135907
366	3629	0	0	0	2	0	2.336188
367	3639	0	0	0	0	0	1.823938
368	3652	0	0	0	2	0	1.890168
369	3660	0	0	0	2	0	1.344026
370	3671	0	0	0	0	0	1.206570
371	3679	0	0	0	0	0	1.835511
372	3687	0	0	0	2	0	1.303321
373	3701	0	0	0	0	0	2.772691
374	3711	0	0	0	0	0	1.174081
375	3718	0	0	0	1	0	2.118932
376	3728	0	0	0	0	0	2.605182
377	3739	0	0	0	2	0	2.949791
378	3746	0	0	0	2	0	1.517900
379	3755	0	0	0	1	0	2.259531
380	3765	0	0	0	1	0	1.915542
381	3774	0	0	0	1	0	1.807559
382	3779	0	0	0	1	0	2.713342
383	3785	0	0	0	0	0	1.690624
384	3795	0	0	0	1	0	1.628124
385	3802	0	0	0	0	0	2.902202
386	3811	0	0	0	1	0	1.532736
387	3820	0	0	0	0	0	2.795525
388	3833	0	0	0	0	0	2.878040
389	3838	0	0	0	0	0	1.281470
390	3850	0	0	0	1	0	2.868956
391	3864	0	0	0	0	0	2.647088
392	3877	0	0	0	0	0	1.608086
393	3889	0	0	0	0	0	1.466892
394	3897	0	0	0	0	0	1.897270
395	3907	0	0	0	0	0	2.908009
396	3912	0	0	0	1	0	2.635017
397	3921	0	0	0	2	0	2.414480
398	3933	0	0	0	2	0	1.070337
399	3943	0	0	0	2	0	1.492756
400	3951	0	0	0	1	0	2.025763
401	3955	0	0	0	0	0	2.875927
402	3966	0	0	0	0	0	2.878760
403	3977	0	0	0	0	0	2.337583
404	3982	0	0	0	0	0	1.025086
405	3990	0	0	0	0	0	1.115352
406	4000	0	0	0	1	0	1.727311
407	4005	0	0	0	2	0	2.466147
408	4016	0	0	0	2	0	1.281650
409	4021	0	0	0	2	0	2.691722
410	4033	0	0	0	1	0	1.955892
411	4045	0	0	0	0	0	1.989702
412	4052	0	0	0	1	0	1.600713
413	4064	0	0	0	0	0	2.502266
414	4071	0	0	0	1	0	1.384984
415	4077	0	0	0	1	0	2.876991
416	4087	0	0	0	0	0	2.880490
417	4092	0	0	0	1	0	1.928217
418	4101	0	0	0	0	0	1.815695
419	4112	0	0	0	1	0	2.420964
420	4121	0	0	0	2	0	2.025496
421	4129	0	0	0	0	0	2.498244
422	4137	0	0	0	0	0	1.486298
423	4147	0	0	0	0	0	1.597744
424	4160	0	0	0	0	0	1.299472
425	4169	0	0	0	2	0	1.488754
426	4176	0	0	0	1	0	2.073598
427	4185	0	0	0	0	0	2.689021
428	4197	0	0	0	2	0	2.749504
429	4212	0	0	0	0	0	2.325382
430	4221	0	0	0	1	0	1.909413
431	4232	0	0	0	0	0	2.527359
432	4241	0	0	0	2	0	2.055148
433	4253	0	0	0	1	0	2.371538
434	4260	0	0	0	2	0	2.814114
435	4264	0	0	0	0	0	1.407962
436	4276	0	0	0	2	0	2.268432
437	4287	0	0	0	2	0	2.122837
438	4295	0	0	0	0	0	2.437323
439	4303	0	0	0	0	0	1.493541
440	4316	0	0	0	1	0	2.983211
441	4324	0	0	0	1	0	1.862227
442	4332	0	0	0	1	0	1.120290
443	4349	0	0	0	0	0	1.358113
444	4358	0	0	0	1	0	2.077962
445	4372	0	0	0	1	0	1.664821
446	4380	0	0	0	0	0	1.995681
447	4396	0	0	0	2	0	2.951031
448	4406	0	0	0	2	0	1.459089
449	4415	0	0	0	0	0	2.335549
450	4427	0	0	0	2	0	1.001376
451	4440	0	0	0	2	0	2.482064
452	4449	0	0	0	2	0	2.275859
453	4457	0	0	0	1	0	2.869058
454	4465	0	0	0	0	0	2.859406
455	4477	0	0	0	1	0	2.546374
456	4486	0	0	0	2	0	2.418718
457	4499	0	0	0	2	0	1.550034
458	4510	0	0	0	0	0	1.629344
459	4515	0	0	0	2	0	2.406152
460	4529	0	0	0	0	0	1.205841
461	4542	0	0	0	1	0	2.937824
462	4555	0	0	0	0	0	1.129460
463	4566	0	0	0	1	0	2.835898
464	4576	0	0	0	0	0	1.428675
465	4584	0	0	0	2	0	2.721906
466	4594	0	0	0	0	0	1.123552
467	4601	0	0	0	2	0	1.902047
468	4608	0	0	0	0	0	2.180228
469	4619	0	0	0	2	0	1.395417
470	4629	0	0	0	0	0	2.041156
471	4639	0	0	0	1	0	2.100655
472	4648	0	0	0	2	0	2.436143
473	4653	0	0	0	2	0	1.167907
474	4666	0	0	0	0	0	2.654062
475	4671	0	0	0	1	0	1.972570
476	4681	0	0	0	2	0	1.788252
477	4698	0	0	0	1	0	1.096788
478	4709	0	0	0	2	0	1.849210
479	4721	0	0	0	0	0	2.504606
480	4732	0	0	0	1	0	2.398525
481	4738	0	0	0	2	0	1.532343
482	4751	0	0	0	0	0	1.388125
483	4759	0	0	0	2	0	1.241728
484	4769	0	0	0	2	0	2.962212
485	4780	0	0	0	1	0	2.408983
486	4791	0	0	0	1	0	1.128415
487	4803	0	0	0	1	0	2.539225
488	4811	0	0	0	1	0	1.191448
489	4820	0	0	0	1	0	1.714427
490	4836	0	0	0	0	0	1.514315
491	4849	0	0	0	0	0	2.796952
492	4860	0	0	0	2	0	1.500163
493	4876	0	0	0	2	0	1.753407
494	4885	0	0	0	1	0	1.392584
495	4891	0	0	0	2	0	2.846367
496	4901	0	0	0	2	0	1.836662
497	4906	0	0	0	0	0	2.487022
498	4918	0	0	0	2	0	1.699493
499	4928	0	0	0	1	0	2.654304
500	4941	0	0	0	1	0	1.746872
501	4953	0	0	0	0	0	2.018352
502	4961	0	0	0	2	0	2.569400
503	4968	0	0	0	2	0	2.836158
504	4977	0	0	0	0	0	2.986534
505	4986	0	0	0	0	0	2.674590
506	4992	0	0	0	0	0	2.872896
507	5003	0	0	0	0	0	2.369704
508	5013	0	0	0	1	0	1.261804
509	5026	0	0	0	1	0	2.398404
510	5033	0	0	0	0	0	1.284110
511	5047	0	0	0	2	0	1.317449
512	5059	0	0	0	1	0	1.030762
513	5071	0	0	0	1	0	2.812175
514	5079	0	0	0	2	0	2.903415
515	5086	0	0	0	0	0	1.266695
516	5095	0	0	0	2	0	1.310998
517	5103	0	0	0	1	0	1.164738
518	5116	0	0	0	0	0	2.367140
519	5122	0	0	0	0	0	1.109653
520	5130	0	0	0	0	0	2.106703
521	5141	0	0	0	2	0	1.872605
522	5159	0	0	0	0	0	2.204311
523	5166	0	0	0	1	0	1.601985
524	5173	0	0	0	0	0	2.819032
525	5185	0	0	0	2	0	2.248038
526	5198	0	0	0	0	0	1.735369
527	5208	0	0	0	0	0	2.117687
528	5215	0	0	0	0	0	2.882014
529	5229	0	0	0	0	0	2.727844
530	5237	0	0	0	1	0	1.309481
531	5243	0	0	0	1	0	1.373798
532	5250	0	0	0	1	0	1.939147
533	5257	0	0	0	1	0	2.574927
534	5272	0	0	0	2	0	1.117297
535	5281	0	0	0	2	0	1.552792
536	5291	0	0	0	1	0	1.556001
537	5303	0	0	0	1	0	2.999821
538	5320	0	0	0	1	0	1.253955
539	5334	0	0	0	2	0	2.580208
540	5340	0	0	0	1	0	2.376984
541	5353	0	0	0	0	0	2.928392
542	5360	0	0	0	0	0	2.551881
543	5370	0	0	0	1	0	1.278213
544	5382	0	0	0	2	0	2.919562
545	5389	0	0	0	1	0	1.379344
546	5401	0	0	0	1	0	2.924253
547	5414	0	0	0	1	0	1.865289
548	5424	0	0	0	1	0	2.367188
549	5432	0	0	0	0	0	1.797091
550	5438	0	0	0	1	0	2.264651
551	5448	0	0	0	1	0	2.876571
552	5459	0	0	0	2	0	2.505455
553	5466	0	0	0	2	0	2.355616
554	5473	0	0	0	0	0	1.029037
555	5482	0	0	0	2	0	2.344751
556	5493	0	0	0	1	0	1.550796
557	5509	0	0	0	2	0	1.382540
558	5517	0	0	0	0	0	2.957670
559	5524	0	0	0	1	0	2.158199
560	5533	0	0	0	1	0	2.711973
561	5540	0	0	0	2	0	2.928471
562	5549	0	0	0	0	0	1.181494
563	5563	0	0	0	2	0	2.410186
564	5571	0	0	0	0	0	2.189475
565	5584	0	0	0	0	0	2.636658
566	5595	0	0	0	1	0	2.304528
567	5602	0	0	0	2	0	1.749085
568	5614	0	0	0	0	0	2.970150
569	5625	0	0	0	0	0	2.221678
570	5637	0	0	0	1	0	1.083878
571	5645	0	0	0	0	0	2.933733
572	5654	0	0	0	1	0	1.699636
573	5667	0	0	0	1	0	2.933466
574	5676	0	0	0	1	0	2.913437
575	5693	0	0	0	2	0	1.559112
576	5702	0	0	0	2	0	1.249833
577	5716	0	0	0	1	0	1.909856
578	5728	0	0	0	0	0	2.404467
579	5735	0	0	0	1	0	2.100855
580	5745	0	0	0	1	0	1.796111
581	5753	0	0	0	1	0	2.754887
582	5762	0	0	0	1	0	2.853754
583	5778	0	0	0	0	0	1.598166
584	5788	0	0	0	2	0	2.343740
585	5809	0	0	0	0	0	1.119512
586	5823	0	0	0	1	0	1.270234
587	5833	0	0	0	0	0	1.346702
588	5843	0	0	0	1	0	1.731455
589	5851	0	0	0	0	0	2.382163
590	5861	0	0	0	0	0	2.457026
591	5873	0	0	0	2	0	1.668016
592	5890	0	0	0	0	0	1.943606
593	5907	0	0	0	2	0	1.465287
594	5917	0	0	0	0	0	1.643247
595	5933	0	0	0	0	0	1.666959
596	5943	0	0	0	1	0	1.173083
597	5954	0	0	0	2	0	1.466145
598	5959	0	0	0	1	0	1.295230
599	5966	0	0	0	0	0	2.630489
600	5980	0	0	0	0	0	2.693598
601	5996	0	0	0	2	0	1.568436
602	6000	0	0	0	1	0	1.188737
603	6010	0	0	0	1	0	2.254135
604	6027	0	0	0	1	0	2.698097
605	6042	0	0	0	0	0	2.434060
606	6051	0	0	0	0	0	2.021136
607	6062	0	0	0	0	0	1.709160
608	6072	0	0	0	0	0	2.407985
609	6080	0	0	0	0	0	1.522079
610	6093	0	0	0	0	0	2.152297
611	6105	0	0	0	2	0	1.094751
612	6120	0	0	0	0	0	2.104327
613	6128	0	0	0	1	0	1.034780
614	6132	0	0	0	0	0	2.484276
615	6136	0	0	0	1	0	1.796554
616	6152	0	0	0	0	0	1.091127
617	6165	0	0	0	2	0	2.638230
618	6175	0	0	0	1	0	2.784564
619	6184	0	0	0	0	0	2.261585
620	6196	0	0	0	1	0	2.451456
621	6205	0	0	0	1	0	2.811203
622	6212	0	0	0	1	0	2.008843
623	6218	0	0	0	1	0	2.987980
624	6227	0	0	0	1	0	2.213903
625	6237	0	0	0	1	0	2.329858
626	6246	0	0	0	0	0	2.002804
627	6251	0	0	0	2	0	1.405824
628	6264	0	0	0	1	0	1.005062
629	6277	0	0	0	2	0	1.095750
630	6287	0	0	0	2	0	1.308376
631	6301	0	0	0	0	0	1.336538
632	6306	0	0	0	0	0	1.748673
633	6313	0	0	0	0	0	2.733517
634	6324	0	0	0	0	0	1.545205
635	6334	0	0	0	2	0	1.881834
636	6345	0	0	0	2	0	1.177463
637	6355	0	0	0	1	0	2.453230
638	6363	0	0	0	0	0	2.418293
639	6373	0	0	0	0	0	2.480638
640	6387	0	0	0	2	0	1.162343
641	6394	0	0	0	1	0	1.615705
642	6402	0	0	0	0	0	1.935475
643	6413	0	0	0	0	0	1.225980
644	6422	0	0	0	0	0	1.522001
645	6430	0	0	0	2	0	2.307812
646	6437	0	0	0	0	0	2.379969
647	6449	0	0	0	0	0	1.829598
648	6463	0	0	0	0	0	2.294931
649	6475	0	0	0	1	0	1.560530
650	6483	0	0	0	1	0	2.887981
651	6500	0	0	0	0	0	1.728740
652	6507	0	0	0	0	0	1.894009
653	6518	0	0	0	2	0	2.392631
654	6530	0	0	0	1	0	1.212588
655	6541	0	0	0	1	0	1.567780
656	6549	0	0	0	2	0	2.788068
657	6565	0	0	0	0	0	1.876255
658	6578	0	0	0	0	0	1.238165
659	6585	0	0	0	1	0	2.878860
660	6600	0	0	0	0	0	2.894091
661	6611	0	0	0	1	0	1.592233
662	6618	0	0	0	2	0	1.309825
663	6628	0	0	0	0	0	2.795539
664	6639	0	0	0	1	0	1.782893
665	6657	0	0	0	2	0	2.817091
666	6663	0	0	0	1	0	2.779967
667	6676	0	0	0	1	0	1.848984
668	6686	0	0	0	1	0	1.477371
669	6698	0	0	0	2	0	1.083422
670	6714	0	0	0	0	0	2.147773
671	6719	0	0	0	0	0	2.832767
672	6725	0	0	0	0	0	1.754109
673	6737	0	0	0	2	0	1.847275
674	6751	0	0	0	0	0	1.338244
675	6767	0	0	0	1	0	2.749017
676	6776	0	0	0	0	0	1.387407
677	6779	0	0	0	2	0	2.633382
678	6789	0	0	0	0	0	1.316541
679	6794	0	0	0	2	0	2.731813
680	6804	0	0	0	0	0	1.439730
681	6812	0	0	0	1	0	1.328271
682	6821	0	0	0	0	0	1.126176
683	6833	0	0	0	2	0	1.727455
684	6841	0	0	0	0	0	2.524737
685	6849	0	0	0	0	0	1.730612
686	6862	0	0	0	2	0	1.912859
687	6870	0	0	0	1	0	2.859548
688	6879	0	0	0	0	0	1.446932
689	6887	0	0	0	2	0	1.913177
690	6902	0	0	0	0	0	2.137144
691	6910	0	0	0	1	0	2.012922
692	6920	0	0	0	1	0	2.132746
693	6930	0	0	0	0	0	2.806439
694	6938	0	0	0	1	0	1.829541
695	6947	0	0	0	2	0	1.984944
696	6956	0	0	0	0	0	1.089740
697	6966	0	0	0	0	0	2.923896
698	6976	0	0	0	0	0	2.336397
699	6982	0	0	0	0	0	1.804612
700	6990	0	0	0	1	0	1.411965
701	7001	0	0	0	0	0	2.306227
702	7011	0	0	0	1	0	2.320166
703	7019	0	0	0	1	0	2.207891
704	7029	0	0	0	1	0	2.816675
705	7035	0	0	0	0	0	2.484764
706	7051	0	0	0	0	0	2.961174
707	7061	0	0	0	0	0	2.633313
708	7071	0	0	0	1	0	1.134561
709	7080	0	0	0	1	0	2.781461
710	7091	0	0	0	2	0	1.305825
711	7104	0	0	0	1	0	1.147384
712	7116	0	0	0	1	0	2.634408
713	7124	0	0	0	1	0	1.893075
714	7133	0	0	0	1	0	1.650838
715	7144	0	0	0	1	0	1.432435
716	7150	0	0	0	1	0	1.968479
717	7161	0	0	0	2	0	2.171828
718	7168	0	0	0	1	0	1.902031
719	7176	0	0	0	2	0	1.606019
720	7193	0	0	0	0	0	2.196968
721	7203	0	0	0	1	0	2.812023
722	7217	0	0	0	0	0	2.464106
723	7234	0	0	0	0	0	2.285962
724	7239	0	0	0	0	0	2.084031
725	7248	0	0	0	0	0	2.687854
726	7256	0	0	0	0	0	1.082374
727	7271	0	0	0	1	0	1.357332
728	7279	0	0	0	0	0	1.436625
729	7293	0	0	0	0	0	2.656648
730	7304	0	0	0	1	0	1.822014
731	7320	0	0	0	2	0	1.344689
732	7330	0	0	0	1	0	2.530900
733	7341	0	0	0	0	0	2.700812
734	7352	0	0	0	1	0	1.062317
735	7363	0	0	0	2	0	1.432090
736	7369	0	0	0	2	0	1.294895
737	7379	0	0	0	0	0	2.611905
738	7388	0	0	0	0	0	1.016434
739	7398	0	0	0	2	0	2.643044
740	7404	0	0	0	1	0	1.273194
741	7411	0	0	0	0	0	1.212709
742	7426	0	0	0	0	0	2.608975
743	7433	0	0	0	0	0	1.096398
744	7441	0	0	0	2	0	1.568053
745	7450	0	0	0	0	0	2.674779
746	7457	0	0	0	0	0	2.849010
747	7472	0	0	0	2	0	1.059225
748	7480	0	0	0	2	0	2.477253
749	7493	0	0	0	2	0	2.005124
750	7507	0	0	0	1	0	2.248857
751	7515	0	0	0	2	0	2.405421
752	7527	0	0	0	0	0	2.286838
753	7534	0	0	0	0	0	1.357213
754	7543	0	0	0	0	0	2.902509
755	7550	0	0	0	2	0	2.006756
756	7561	0	0	0	1	0	2.357808
757	7568	0	0	0	0	0	2.038039
758	7582	0	0	0	0	0	1.404781
759	7586	0	0	0	1	0	2.894659
760	7596	0	0	0	2	0	2.164320
761	7603	0	0	0	2	0	2.035778
762	7619	0	0	0	1	0	2.853724
763	7624	0	0	0	1	0	2.149057
764	7634	0	0	0	1	0	1.622590
765	7641	0	0	0	1	0	1.336640
766	7651	0	0	0	2	0	1.723296
767	7659	0	0	0	1	0	1.077454
768	7665	0	0	0	1	0	1.011018
769	7674	0	0	0	0	0	1.540424
770	7685	0	0	0	1	0	2.308714
771	7698	0	0	0	0	0	1.589083
772	7718	0	0	0	1	0	1.594240
773	7724	0	0	0	0	0	1.933160
774	7736	0	0	0	1	0	2.702240
775	7742	0	0	0	1	0	2.469535
776	7752	0	0	0	2	0	2.909821
777	7760	0	0	0	0	0	1.872110
778	7767	0	0	0	2	0	1.415625
779	7774	0	0	0	1	0	1.017620
780	7780	0	0	0	1	0	1.683218
781	7786	0	0	0	0	0	2.661277
782	7797	0	0	0	0	0	1.357218
783	7805	0	0	0	0	0	1.057877
784	7815	0	0	0	0	0	2.120470
785	7830	0	0	0	2	0	2.447503
786	7844	0	0	0	0	0	1.045733
787	7854	0	0	0	1	0	1.272968
788	7865	0	0	0	0	0	2.167247
789	7879	0	0	0	2	0	2.133352
790	7889	0	0	0	2	0	1.065942
791	7897	0	0	0	1	0	2.129336
792	7909	0	0	0	2	0	2.359313
793	7917	0	0	0	2	0	1.609597
794	7924	0	0	0	1	0	1.029245
795	7930	0	0	0	0	0	1.240849
796	7942	0	0	0	0	0	2.581047
797	7946	0	0	0	0	0	1.773135
798	7959	0	0	0	1	0	2.894566
799	7966	0	0	0	2	0	1.956360
800	7975	0	0	0	0	0	1.498940
801	7983	0	0	0	2	0	2.831020
802	7990	0	0	0	0	0	2.541683
803	7998	0	0	0	0	0	1.225171
804	8004	0	0	0	1	0	1.814642
805	8012	0	0	0	0	0	2.012338
806	8019	0	0	0	1	0	1.287793
807	8027	0	0	0	1	0	1.550827
808	8042	0	0	0	0	0	1.673552
809	8051	0	0	0	2	0	2.071591
810	8059	0	0	0	0	0	2.762565
811	8071	0	0	0	2	0	2.429691
812	8080	0	0	0	0	0	2.734247
813	8089	0	0	0	2	0	2.033450
814	8102	0	0	0	1	0	2.385178
815	8110	0	0	0	0	0	2.909900
816	8121	0	0	0	0	0	1.055119
817	8127	0	0	0	0	0	2.866567
818	8137	0	0	0	0	0	2.617213
819	8148	0	0	0	2	0	1.474302
820	8154	0	0	0	0	0	2.571187
821	8170	0	0	0	0	0	1.973810
822	8180	0	0	0	2	0	2.811506
823	8189	0	0	0	0	0	2.443587
824	8200	0	0	0	2	0	1.479651
825	8211	0	0	0	1	0	1.948942
826	8223	0	0	0	2	0	2.092310
827	8241	0	0	0	0	0	1.490801
828	8254	0	0	0	0	0	2.917550
829	8264	0	0	0	0	0	2.267123
830	8271	0	0	0	0	0	2.495881
831	8278	0	0	0	1	0	2.102763
832	8291	0	0	0	2	0	2.918790
833	8298	0	0	0	0	0	2.485645
834	8313	0	0	0	0	0	1.028499
835	8318	0	0	0	2	0	1.361993
836	8325	0	0	0	1	0	2.498467
837	8336	0	0	0	1	0	2.725712
838	8342	0	0	0	2	0	2.594555
839	8351	0	0	0	1	0	2.778549
840	8361	0	0	0	1	0	2.349285
841	8374	0	0	0	2	0	1.069326
842	8387	0	0	0	1	0	2.368364
843	8391	0	0	0	1	0	1.980647
844	8397	0	0	0	0	0	2.939625
845	8412	0	0	0	0	0	2.630476
846	8418	0	0	0	0	0	2.963099
847	8433	0	0	0	2	0	1.992616
848	8438	0	0	0	1	0	1.585591
849	8451	0	0	0	0	0	1.359240
850	8460	0	0	0	0	0	1.787863
851	8467	0	0	0	0	0	2.442648
852	8474	0	0	0	1	0	2.297406
853	8483	0	0	0	1	0	1.163643
854	8492	0	0	0	0	0	2.484945
855	8500	0	0	0	2	0	2.740963
856	8511	0	0	0	1	0	2.880640
857	8521	0	0	0	2	0	1.996286
858	8530	0	0	0	0	0	2.578701
859	8545	0	0	0	0	0	2.545436
860	8554	0	0	0	0	0	1.163614
861	8561	0	0	0	1	0	1.929114
862	8569	0	0	0	1	0	1.944701
863	8577	0	0	0	0	0	1.129164
864	8583	0	0	0	0	0	2.968149
865	8594	0	0	0	0	0	1.490154
866	8604	0	0	0	0	0	1.057172
867	8611	0	0	0	1	0	1.167672
868	8618	0	0	0	1	0	1.547363
869	8630	0	0	0	0	0	1.790803
870	8638	0	0	0	0	0	1.676539
871	8647	0	0	0	0	0	2.553856
872	8655	0	0	0	1	0	2.492081
873	8674	0	0	0	0	0	2.859577
874	8686	0	0	0	2	0	2.636992
875	8691	0	0	0	2	0	1.763951
876	8699	0	0	0	0	0	1.870928
877	8706	0	0	0	1	0	2.921024
878	8716	0	0	0	1	0	1.906854
879	8730	0	0	0	0	0	1.414010
880	8746	0	0	0	2	0	1.801730
881	8755	0	0	0	2	0	1.857878
882	8772	0	0	0	0	0	1.025102
883	8782	0	0	0	1	0	2.600809
884	8793	0	0	0	0	0	2.748642
885	8803	0	0	0	1	0	2.953544
886	8813	0	0	0	1	0	2.956479
887	8823	0	0	0	1	0	2.638087
888	8833	0	0	0	2	0	2.994653
889	8844	0	0	0	1	0	1.604878
890	8851	0	0	0	0	0	2.014198
891	8857	0	0	0	1	0	2.386228
892	8865	0	0	0	0	0	1.650080
893	8877	0	0	0	2	0	2.750457
894	8887	0	0	0	1	0	1.816521
895	8891	0	0	0	2	0	2.816421
896	8900	0	0	0	2	0	2.240311
897	8909	0	0	0	0	0	2.145363
898	8922	0	0	0	2	0	2.699250
899	8931	0	0	0	2	0	2.449333
900	8947	0	0	0	0	0	2.186417
901	8952	0	0	0	0	0	2.587041
902	8957	0	0	0	0	0	1.205059
903	8972	0	0	0	2	0	1.532555
904	8984	0	0	0	1	0	1.429105
905	8997	0	0	0	1	0	2.531702
906	9007	0	0	0	2	0	1.604297
907	9019	0	0	0	2	0	1.517817
908	9025	0	0	0	1	0	2.193287
909	9038	0	0	0	1	0	2.537561
910	9047	0	0	0	2	0	2.964649
911	9055	0	0	0	0	0	2.276280
912	9062	0	0	0	1	0	1.330333
913	9071	0	0	0	2	0	2.151909
914	9083	0	0	0	2	0	2.341819
915	9097	0	0	0	0	0	1.648704
916	9106	0	0	0	1	0	2.026107
917	9112	0	0	0	0	0	1.430509
918	9123	0	0	0	0	0	1.499996
919	9131	0	0	0	1	0	2.229221
920	9147	0	0	0	0	0	2.223061
921	9157	0	0	0	1	0	2.495714
922	9167	0	0	0	0	0	2.433408
923	9179	0	0	0	2	0	2.686224
924	9189	0	0	0	1	0	1.004618
925	9198	0	0	0	0	0	2.205110
926	9208	0	0	0	0	0	2.104123
927	9214	0	0	0	0	0	1.941966
928	9222	0	0	0	1	0	2.864004
929	9231	0	0	0	2	0	2.569485
930	9242	0	0	0	1	0	2.507744
931	9251	0	0	0	0	0	1.865198
932	9263	0	0	0	0	0	2.228886
933	9271	0	0	0	1	0	1.803870
934	9279	0	0	0	0	0	1.122703
935	9284	0	0	0	0	0	2.614491
936	9296	0	0	0	2	0	1.810937
937	9307	0	0	0	0	0	1.316336
938	9313	0	0	0	1	0	1.648506
939	9321	0	0	0	0	0	2.000734
940	9335	0	0	0	1	0	1.910581
941	9350	0	0	0	0	0	1.342697
942	9360	0	0	0	1	0	1.573361
943	9371	0	0	0	2	0	2.932906
944	9376	0	0	0	0	0	2.573243
945	9386	0	0	0	0	0	1.836189
946	9400	0	0	0	0	0	1.370450
947	9413	0	0	0	0	0	2.202131
948	9426	0	0	0	0	0	2.761742
949	9438	0	0	0	0	0	1.549279
950	9448	0	0	0	0	0	1.793964
951	9457	0	0	0	1	0	2.718857
952	9472	0	0	0	1	0	1.819672
953	9483	0	0	0	1	0	2.529816
954	9495	0	0	0	1	0	2.535514
955	9502	0	0	0	2	0	1.841383
956	9513	0	0	0	0	0	1.652534
957	9524	0	0	0	1	0	1.073089
958	9532	0	0	0	0	0	1.045014
959	9544	0	0	0	2	0	1.432313
960	9557	0	0	0	0	0	1.804471
961	9568	0	0	0	2	0	1.669231
962	9575	0	0	0	0	0	1.891793
963	9586	0	0	0	0	0	1.701041
964	9599	0	0	0	1	0	1.900847
965	9612	0	0	0	2	0	2.613913
966	9623	0	0	0	2	0	1.454730
967	9633	0	0	0	2	0	1.234235
968	9640	0	0	0	0	0	2.268765
969	9647	0	0	0	2	0	1.206825
970	9653	0	0	0	1	0	1.049151
971	9667	0	0	0	0	0	2.706322
972	9678	0	0	0	2	0	2.521037
973	9691	0	0	0	0	0	1.066655
974	9696	0	0	0	0	0	2.276084
975	9701	0	0	0	1	0	1.722565
976	9713	0	0	0	2	0	2.242289
977	9723	0	0	0	2	0	2.205705
978	9737	0	0	0	1	0	2.814944
979	9749	0	0	0	0	0	1.831747
980	9763	0	0	0	0	0	1.805394
981	9774	0	0	0	1	0	1.529849
982	9778	0	0	0	1	0	2.723969
983	9789	0	0	0	1	0	2.207426
984	9798	0	0	0	0	0	1.510037
985	9804	0	0	0	0	0	2.167316
986	9813	0	0	0	0	0	1.020645
987	9823	0	0	0	1	0	2.722559
988	9829	0	0	0	0	0	1.346147
989	9835	0	0	0	0	0	2.936422
990	9846	0	0	0	0	0	1.925698
991	9853	0	0	0	0	0	1.118444
992	9862	0	0	0	2	0	1.183894
993	9870	0	0	0	1	0	1.013839
994	9884	0	0	0	0	0	1.309320
995	9893	0	0	0	2	0	2.971186
996	9904	0	0	0	2	0	1.613348
997	9911	0	0	0	0	0	1.690536
998	9920	0	0	0	0	0	1.436986
999	9928	0	0	0	0	0	2.121462
