0	1	0	0	0	1	0	2.584609
1	8	0	0	0	1	0	1.374858
2	19	0	0	0	0	0	1.814967
3	28	0	0	0	1	0	2.166239
4	39	0	0	0	2	0	2.165801
5	51	0	0	0	0	0	2.142681
6	60	0	0	0	0	0	1.234282
7	73	0	0	0	2	0	2.500543
8	87	0	0	0	1	0	1.272180
9	97	0	0	0	2	0	1.395936
10	106	0	0	0	2	0	2.705161
11	116	0	0	0	1	0	2.850719
12	127	0	0	0	0	0	2.754922
13	134	0	0	0	1	0	1.519620
14	147	0	0	0	0	0	2.995025
15	155	0	0	0	0	0	1.881684
16	161	0	0	0	2	0	2.012497
17	173	0	0	0	1	0	1.729408
18	180	0	0	0	1	0	2.753748
19	189	0	0	0	0	0	2.712289
20	193	0	0	0	1	0	2.170304
21	201	0	0	0	2	0	1.752158
22	209	0	0	0	0	0	1.048832
23	211	0	0	0	0	0	2.730560
24	221	0	0	0	0	0	2.648306
25	231	0	0	0	0	0	2.919093
26	241	0	0	0	0	0	2.082920
27	251	0	0	0	2	0	1.889255
28	263	0	0	0	0	0	1.745758
29	273	0	0	0	1	0	2.621364
30	285	0	0	0	0	0	1.484072
31	295	0	0	0	1	0	1.918491
32	306	0	0	0	1	0	2.299480
33	313	0	0	0	1	0	1.442005
34	324	0	0	0	1	0	2.512306
35	332	0	0	0	1	0	2.676184
36	339	0	0	0	0	0	1.076321
37	347	0	0	0	0	0	1.946997
38	359	0	0	0	0	0	2.788757
39	368	0	0	0	1	0	1.873780
40	380	0	0	0	0	0	1.598003
41	389	0	0	0	2	0	1.666586
42	403	0	0	0	1	0	1.930250
43	416	0	0	0	0	0	2.143916
44	433	0	0	0	2	0	2.827204
45	444	0	0	0	0	0	1.975139
46	456	0	0	0	1	0	2.469404
47	472	0	0	0	0	0	1.322497
48	478	0	0	0	0	0	1.263826
49	484	0	0	0	1	0	2.047138
50	494	0	0	0	1	0	1.384723
51	502	0	0	0	0	0	2.446884
52	514	0	0	0	2	0	1.985781
53	523	0	0	0	0	0	2.050244
54	531	0	0	0	1	0	2.370835
55	540	0	0	0	1	0	2.595858
56	547	0	0	0	0	0	2.644407
57	561	0	0	0	2	0	1.599402
58	574	0	0	0	2	0	2.350097
59	582	0	0	0	1	0	1.642251
60	594	0	0	0	1	0	1.097228
61	601	0	0	0	1	0	1.199098
62	608	0	0	0	2	0	2.866354
63	617	0	0	0	0	0	1.398475
64	626	0	0	0	1	0	1.237466
65	638	0	0	0	2	0	1.895633
66	647	0	0	0	1	0	1.049160
67	658	0	0	0	2	0	2.774368
68	668	0	0	0	0	0	2.018254
69	676	0	0	0	0	0	2.569575
70	690	0	0	0	1	0	1.302110
71	698	0	0	0	0	0	2.813863
72	708	0	0	0	1	0	1.771420
73	716	0	0	0	0	0	1.105031
74	725	0	0	0	0	0	1.958611
75	734	0	0	0	2	0	2.159365
76	744	0	0	0	1	0	2.682431
77	755	0	0	0	0	0	2.997213
78	768	0	0	0	0	0	1.426208
79	784	0	0	0	1	0	2.233242
80	793	0	0	0	1	0	2.465454
81	810	0	0	0	2	0	2.507566
82	817	0	0	0	0	0	1.806462
83	828	0	0	0	1	0	1.347924
84	838	0	0	0	1	0	2.182194
85	845	0	0	0	1	0	1.680108
86	852	0	0	0	2	0	1.437523
87	860	0	0	0	0	0	1.098847
88	868	0	0	0	1	0	1.263481
89	880	0	0	0	0	0	1.281522
90	888	0	0	0	0	0	1.795221
91	895	0	0	0	2	0	2.901807
92	907	0	0	0	2	0	2.800376
93	918	0	0	0	0	0	1.357285
94	929	0	0	0	0	0	2.971008
95	944	0	0	0	2	0	1.879012
96	952	0	0	0	1	0	2.976929
97	968	0	0	0	0	0	2.313920
98	975	0	0	0	2	0	1.664352
99	981	0	0	0	1	0	2.046480
100	992	0	0	0	0	0	1.029878
101	1005	0	0	0	0	0	2.916657
102	1021	0	0	0	1	0	1.520680
103	1029	0	0	0	2	0	1.613366
104	1049	0	0	0	0	0	1.299746
105	1056	0	0	0	2	0	1.538432
106	1061	0	0	0	0	0	1.488788
107	1071	0	0	0	0	0	2.833245
108	1079	0	0	0	0	0	1.569017
109	1093	0	0	0	0	0	2.122310
110	1106	0	0	0	1	0	1.726367
111	1120	0	0	0	2	0	1.846641
112	1130	0	0	0	1	0	1.990700
113	1143	0	0	0	1	0	2.965004
114	1158	0	0	0	1	0	1.117477
115	1166	0	0	0	0	0	1.630313
116	1171	0	0	0	2	0	1.183620
117	1179	0	0	0	1	0	2.214922
118	1194	0	0	0	2	0	2.823066
119	1206	0	0	0	1	0	1.271533
120	1215	0	0	0	1	0	1.841845
121	1230	0	0	0	1	0	1.329223
122	1239	0	0	0	0	0	1.635474
123	1245	0	0	0	0	0	2.560974
124	1258	0	0	0	0	0	2.463008
125	1267	0	0	0	1	0	1.312584
126	1277	0	0	0	1	0	1.988714
127	1287	0	0	0	1	0	2.468327
128	1295	0	0	0	2	0	2.065342
129	1307	0	0	0	1	0	1.444112
130	1315	0	0	0	2	0	1.651117
131	1324	0	0	0	1	0	2.716234
132	1333	0	0	0	1	0	2.556122
133	1342	0	0	0	1	0	1.691458
134	1351	0	0	0	1	0	2.735611
135	1361	0	0	0	1	0	1.988324
136	1374	0	0	0	0	0	1.988031
137	1384	0	0	0	1	0	1.223520
138	1397	0	0	0	1	0	1.528036
139	1404	0	0	0	0	0	1.470595
140	1411	0	0	0	0	0	2.173507
141	1421	0	0	0	0	0	2.363140
142	1427	0	0	0	1	0	2.886134
143	1435	0	0	0	2	0	2.733189
144	1442	0	0	0	1	0	1.869309
145	1449	0	0	0	0	0	2.411971
146	1456	0	0	0	0	0	2.991486
147	1467	0	0	0	0	0	1.791475
148	1475	0	0	0	2	0	2.026861
149	1490	0	0	0	0	0	1.520710
150	1502	0	0	0	1	0	2.544553
151	1512	0	0	0	0	0	1.940237
152	1523	0	0	0	2	0	2.036983
153	1531	0	0	0	1	0	1.470266
154	1541	0	0	0	0	0	1.801059
155	1547	0	0	0	0	0	2.492370
156	1555	0	0	0	1	0	1.856782
157	1566	0	0	0	0	0	2.883009
158	1575	0	0	0	0	0	1.039379
159	1587	0	0	0	1	0	1.391233
160	1597	0	0	0	1	0	2.382683
161	1603	0	0	0	1	0	2.664847
162	1611	0	0	0	0	0	1.953958
163	1626	0	0	0	0	0	1.806138
164	1636	0	0	0	0	0	2.912845
165	1645	0	0	0	1	0	1.009690
166	1659	0	0	0	2	0	1.084998
167	1668	0	0	0	1	0	2.126799
168	1677	0	0	0	2	0	2.358614
169	1687	0	0	0	0	0	2.308478
170	1696	0	0	0	0	0	2.446986
171	1712	0	0	0	0	0	1.947645
172	1722	0	0	0	2	0	2.173595
173	1733	0	0	0	0	0	1.010969
174	1743	0	0	0	1	0	2.192958
175	1756	0	0	0	1	0	2.588871
176	1763	0	0	0	2	0	1.610678
177	1774	0	0	0	0	0	1.249865
178	1782	0	0	0	0	0	2.297907
179	1787	0	0	0	1	0	1.781666
180	1797	0	0	0	0	0	2.221852
181	1806	0	0	0	0	0	1.163017
182	1816	0	0	0	0	0	1.545400
183	1826	0	0	0	1	0	2.405982
184	1837	0	0	0	1	0	2.215032
185	1845	0	0	0	1	0	1.773606
186	1853	0	0	0	1	0	2.574076
187	1860	0	0	0	1	0	1.473222
188	1868	0	0	0	2	0	2.354053
189	1879	0	0	0	1	0	1.255950
190	1886	0	0	0	1	0	2.570145
191	1895	0	0	0	2	0	1.679320
192	1908	0	0	0	0	0	2.248323
193	1919	0	0	0	2	0	1.231110
194	1927	0	0	0	0	0	1.433820
195	1935	0	0	0	1	0	2.769297
196	1945	0	0	0	0	0	1.247232
197	1953	0	0	0	1	0	2.952623
198	1963	0	0	0	2	0	1.012269
199	1968	0	0	0	2	0	2.784785
200	1977	0	0	0	1	0	1.578648
201	1990	0	0	0	1	0	2.840845
202	2001	0	0	0	0	0	1.519020
203	2009	0	0	0	0	0	2.786769
204	2023	0	0	0	1	0	2.655059
205	2031	0	0	0	2	0	2.316850
206	2038	0	0	0	0	0	1.361013
207	2046	0	0	0	2	0	2.398226
208	2051	0	0	0	0	0	1.678353
209	2058	0	0	0	0	0	2.499302
210	2069	0	0	0	0	0	1.642738
211	2081	0	0	0	0	0	2.330515
212	2092	0	0	0	0	0	2.725647
213	2105	0	0	0	0	0	1.373536
214	2119	0	0	0	0	0	1.680163
215	2128	0	0	0	1	0	2.860560
216	2135	0	0	0	2	0	1.688333
217	2151	0	0	0	2	0	1.737559
218	2158	0	0	0	1	0	1.481458
219	2172	0	0	0	1	0	2.274084
220	2185	0	0	0	1	0	2.371387
221	2196	0	0	0	1	0	1.343511
222	2206	0	0	0	0	0	1.869778
223	2216	0	0	0	0	0	1.198510
224	2225	0	0	0	1	0	1.560817
225	2233	0	0	0	1	0	1.390518
226	2243	0	0	0	1	0	2.456911
227	2253	0	0	0	1	0	1.007228
228	2265	0	0	0	1	0	2.994092
229	2274	0	0	0	2	0	2.429772
230	2285	0	0	0	2	0	1.099053
231	2294	0	0	0	0	0	1.580584
232	2306	0	0	0	0	0	1.715208
233	2311	0	0	0	0	0	2.021947
234	2318	0	0	0	1	0	2.287570
235	2330	0	0	0	1	0	2.167135
236	2337	0	0	0	0	0	2.977492
237	2349	0	0	0	0	0	1.079654
238	2359	0	0	0	1	0	1.871847
239	2369	0	0	0	0	0	2.032424
240	2379	0	0	0	0	0	1.060686
241	2384	0	0	0	2	0	1.599371
242	2393	0	0	0	1	0	2.978995
243	2402	0	0	0	2	0	2.925204
244	2411	0	0	0	0	0	1.811533
245	2415	0	0	0	1	0	2.318146
246	2423	0	0	0	1	0	2.305603
247	2431	0	0	0	0	0	2.462236
248	2443	0	0	0	1	0	1.525604
249	2457	0	0	0	1	0	1.977165
250	2462	0	0	0	0	0	1.091003
251	2473	0	0	0	1	0	2.238505
252	2482	0	0	0	2	0	1.763181
253	2495	0	0	0	0	0	2.534809
254	2505	0	0	0	1	0	2.751901
255	2514	0	0	0	0	0	2.975272
256	2529	0	0	0	1	0	1.595440
257	2543	0	0	0	0	0	2.069317
258	2547	0	0	0	1	0	2.404132
259	2553	0	0	0	1	0	2.593975
260	2565	0	0	0	2	0	2.068621
261	2577	0	0	0	2	0	2.927122
262	2586	0	0	0	1	0	1.750061
263	2596	0	0	0	1	0	1.252647
264	2606	0	0	0	0	0	2.456827
265	2623	0	0	0	1	0	2.650172
266	2641	0	0	0	0	0	2.999814
267	2650	0	0	0	2	0	1.483247
268	2663	0	0	0	0	0	2.180124
269	2676	0	0	0	0	0	1.962292
270	2690	0	0	0	1	0	1.862175
271	2702	0	0	0	0	0	1.940459
272	2707	0	0	0	0	0	2.796515
273	2720	0	0	0	2	0	2.409338
274	2730	0	0	0	2	0	2.704131
275	2735	0	0	0	0	0	2.492428
276	2745	0	0	0	0	0	1.092376
277	2754	0	0	0	2	0	1.809577
278	2768	0	0	0	2	0	2.106266
279	2776	0	0	0	1	0	2.508048
280	2786	0	0	0	0	0	1.992089
281	2799	0	0	0	0	0	2.649390
282	2809	0	0	0	1	0	1.718459
283	2821	0	0	0	2	0	1.962474
284	2835	0	0	0	2	0	2.916245
285	2839	0	0	0	1	0	2.331673
286	2850	0	0	0	0	0	2.184031
287	2860	0	0	0	2	0	1.068758
288	2867	0	0	0	0	0	2.055171
289	2885	0	0	0	2	0	2.547403
290	2900	0	0	0	2	0	2.139429
291	2908	0	0	0	2	0	1.899869
292	2919	0	0	0	2	0	1.755846
293	2926	0	0	0	0	0	2.457421
294	2936	0	0	0	0	0	2.257240
295	2947	0	0	0	1	0	2.612131
296	2957	0	0	0	1	0	1.172265
297	2961	0	0	0	2	0	1.937458
298	2971	0	0	0	2	0	1.390956
299	2977	0	0	0	1	0	2.712884
300	2989	0	0	0	1	0	2.865535
301	3003	0	0	0	0	0	2.711082
302	3014	0	0	0	0	0	1.189986
303	3025	0	0	0	0	0	2.098761
304	3038	0	0	0	0	0	2.846746
305	3050	0	0	0	0	0	1.138071
306	3056	0	0	0	0	0	2.465165
307	3067	0	0	0	2	0	2.920404
308	3077	0	0	0	2	0	1.313365
309	3087	0	0	0	2	0	2.750314
310	3097	0	0	0	0	0	2.739299
311	3106	0	0	0	1	0	2.272410
312	3113	0	0	0	1	0	2.999036
313	3121	0	0	0	2	0	1.637636
314	3129	0	0	0	1	0	1.150683
315	3144	0	0	0	0	0	1.454424
316	3157	0	0	0	0	0	1.880530
317	3174	0	0	0	2	0	1.613034
318	3181	0	0	0	0	0	2.720693
319	3190	0	0	0	2	0	2.258677
320	3205	0	0	0	1	0	1.774392
321	3215	0	0	0	1	0	2.407265
322	3226	0	0	0	1	0	1.057166
323	3235	0	0	0	0	0	2.479942
324	3246	0	0	0	1	0	2.133012
325	3255	0	0	0	1	0	1.273617
326	3266	0	0	0	1	0	1.513887
327	3272	0	0	0	1	0	1.026087
328	3288	0	0	0	0	0	2.747676
329	3302	0	0	0	0	0	1.069611
330	3309	0	0	0	1	0	1.704775
331	3327	0	0	0	2	0	2.518704
332	3337	0	0	0	0	0	1.222478
333	3340	0	0	0	0	0	2.006085
334	3350	0	0	0	2	0	1.968286
335	3360	0	0	0	2	0	2.955826
336	3368	0	0	0	1	0	1.106777
337	3378	0	0	0	1	0	1.886304
338	3386	0	0	0	2	0	1.214812
339	3394	0	0	0	1	0	1.405665
340	3408	0	0	0	0	0	2.209178
341	3417	0	0	0	0	0	1.364650
342	3428	0	0	0	1	0	2.144490
343	3447	0	0	0	0	0	2.547733
344	3452	0	0	0	0	0	1.212017
345	3457	0	0	0	1	0	2.288023
346	3469	0	0	0	0	0	2.230175
347	3476	0	0	0	0	0	1.919005
348	3488	0	0	0	2	0	1.967546
349	3498	0	0	0	2	0	2.096491
350	3507	0	0	0	0	0	1.564516
351	3520	0	0	0	0	0	1.146015
352	3527	0	0	0	2	0	2.248252
353	3536	0	0	0	1	0	2.928394
354	3543	0	0	0	2	0	2.666383
355	3550	0	0	0	2	0	2.595231
356	3560	0	0	0	1	0	2.988554
357	3570	0	0	0	1	0	2.360239
358	3576	0	0	0	1	0	2.736373
359	3587	0	0	0	0	0	1.864633
360	3600	0	0	0	1	0	1.814628
361	3609	0	0	0	2	0	1.291136
362	3613	0	0	0	0	0	1.812858
363	3624	0	0	0	1	0	1.602274
364	3634	0	0	0	2	0	1.665469
365	3645	0	0	0	1	0	2.970728
366	3655	0	0	0	1	0	1.473877
367	3663	0	0	0	2	0	1.281694
368	3672	0	0	0	0	0	1.280484
369	3685	0	0	0	2	0	1.685057
370	3692	0	0	0	0	0	2.901080
371	3702	0	0	0	2	0	2.137730
372	3709	0	0	0	2	0	1.759658
373	3720	0	0	0	0	0	2.911352
374	3732	0	0	0	1	0	1.140546
375	3742	0	0	0	2	0	2.659257
376	3751	0	0	0	2	0	2.755506
377	3760	0	0	0	1	0	2.659470
378	3768	0	0	0	0	0	1.290154
379	3773	0	0	0	0	0	1.615104
380	3779	0	0	0	1	0	2.730809
381	3789	0	0	0	1	0	1.201788
382	3803	0	0	0	2	0	1.174054
383	3810	0	0	0	1	0	1.895861
384	3817	0	0	0	1	0	1.295602
385	3820	0	0	0	1	0	1.039660
386	3827	0	0	0	0	0	2.723268
387	3830	0	0	0	0	0	2.334978
388	3841	0	0	0	1	0	1.235030
389	3852	0	0	0	0	0	1.159796
390	3866	0	0	0	1	0	2.973910
391	3882	0	0	0	2	0	1.492000
392	3896	0	0	0	0	0	1.005201
393	3907	0	0	0	2	0	2.326372
394	3918	0	0	0	2	0	2.057788
395	3927	0	0	0	2	0	2.864915
396	3935	0	0	0	0	0	2.718484
397	3945	0	0	0	0	0	2.092370
398	3954	0	0	0	0	0	1.268269
399	3962	0	0	0	1	0	2.526663
400	3973	0	0	0	0	0	2.552611
401	3979	0	0	0	0	0	1.247192
402	3993	0	0	0	0	0	1.748136
403	4002	0	0	0	1	0	2.815100
404	4012	0	0	0	0	0	2.359438
405	4021	0	0	0	2	0	2.521694
406	4027	0	0	0	2	0	2.961125
407	4039	0	0	0	0	0	1.433239
408	4050	0	0	0	1	0	1.597504
409	4062	0	0	0	2	0	1.744075
410	4070	0	0	0	0	0	2.488055
411	4080	0	0	0	0	0	1.560255
412	4094	0	0	0	1	0	1.162462
413	4101	0	0	0	1	0	1.468730
414	4115	0	0	0	0	0	1.374920
415	4130	0	0	0	1	0	1.176634
416	4137	0	0	0	0	0	2.913532
417	4142	0	0	0	2	0	2.308881
418	4155	0	0	0	0	0	2.697659
419	4167	0	0	0	2	0	2.314895
420	4181	0	0	0	1	0	1.320387
421	4199	0	0	0	0	0	1.688045
422	4208	0	0	0	1	0	1.909868
423	4218	0	0	0	0	0	1.991058
424	4233	0	0	0	1	0	1.257988
425	4242	0	0	0	0	0	2.768445
426	4254	0	0	0	2	0	2.387344
427	4258	0	0	0	0	0	1.833170
428	4265	0	0	0	2	0	2.198293
429	4275	0	0	0	2	0	1.750981
430	4283	0	0	0	1	0	2.017899
431	4289	0	0	0	1	0	2.551656
432	4295	0	0	0	0	0	1.599446
433	4303	0	0	0	0	0	1.909403
434	4314	0	0	0	0	0	1.296628
435	4323	0	0	0	0	0	1.120559
436	4328	0	0	0	0	0	2.902891
437	4335	0	0	0	1	0	2.604747
438	4340	0	0	0	1	0	2.659368
439	4347	0	0	0	0	0	1.664256
440	4362	0	0	0	1	0	2.363485
441	4375	0	0	0	1	0	2.245113
442	4384	0	0	0	1	0	1.869392
443	4390	0	0	0	0	0	1.398786
444	4402	0	0	0	0	0	1.302024
445	4412	0	0	0	1	0	1.954026
446	4422	0	0	0	0	0	1.531427
447	4434	0	0	0	1	0	1.947757
448	4444	0	0	0	0	0	2.511897
449	4454	0	0	0	2	0	2.921507
450	4468	0	0	0	2	0	2.491482
451	4472	0	0	0	2	0	1.542209
452	4488	0	0	0	0	0	2.761732
453	4494	0	0	0	0	0	1.059920
454	4503	0	0	0	2	0	1.427832
455	4519	0	0	0	0	0	2.123454
456	4532	0	0	0	2	0	2.915232
457	4547	0	0	0	0	0	1.190510
458	4559	0	0	0	0	0	1.782458
459	4570	0	0	0	2	0	1.889370
460	4573	0	0	0	0	0	2.262227
461	4586	0	0	0	0	0	1.918928
462	4597	0	0	0	2	0	2.411129
463	4611	0	0	0	2	0	2.338275
464	4621	0	0	0	0	0	2.609771
465	4636	0	0	0	2	0	1.522243
466	4644	0	0	0	0	0	1.196251
467	4656	0	0	0	2	0	1.534687
468	4663	0	0	0	2	0	2.142297
469	4673	0	0	0	2	0	2.678449
470	4684	0	0	0	0	0	1.807399
471	4690	0	0	0	1	0	2.892631
472	4707	0	0	0	0	0	1.179260
473	4716	0	0	0	2	0	1.536676
474	4722	0	0	0	0	0	2.363668
475	4727	0	0	0	2	0	1.962258
476	4738	0	0	0	1	0	1.286473
477	4751	0	0	0	1	0	2.867739
478	4762	0	0	0	1	0	1.653814
479	4771	0	0	0	1	0	1.156595
480	4779	0	0	0	2	0	1.297589
481	4784	0	0	0	2	0	1.568277
482	4793	0	0	0	0	0	2.510870
483	4803	0	0	0	0	0	1.887099
484	4814	0	0	0	0	0	1.756883
485	4823	0	0	0	0	0	2.548056
486	4829	0	0	0	0	0	1.384071
487	4837	0	0	0	2	0	2.180159
488	4846	0	0	0	1	0	1.126832
489	4860	0	0	0	0	0	1.006546
490	4872	0	0	0	0	0	2.708672
491	4880	0	0	0	2	0	1.495438
492	4887	0	0	0	1	0	2.285771
493	4897	0	0	0	1	0	2.490800
494	4902	0	0	0	0	0	1.448800
495	4909	0	0	0	0	0	2.769542
496	4921	0	0	0	2	0	2.975268
497	4932	0	0	0	1	0	2.262230
498	4941	0	0	0	2	0	1.165114
499	4951	0	0	0	2	0	2.826219
500	4962	0	0	0	2	0	2.923993
501	4975	0	0	0	0	0	2.265835
502	4981	0	0	0	2	0	2.744377
503	4992	0	0	0	1	0	2.538877
504	5006	0	0	0	0	0	2.186012
505	5021	0	0	0	2	0	1.049450
506	5035	0	0	0	2	0	2.091449
507	5045	0	0	0	2	0	1.598480
508	5057	0	0	0	2	0	1.438284
509	5067	0	0	0	1	0	2.264674
510	5078	0	0	0	0	0	2.234246
511	5088	0	0	0	1	0	1.644588
512	5102	0	0	0	0	0	1.063976
513	5112	0	0	0	1	0	2.003283
514	5120	0	0	0	0	0	1.349605
515	5129	0	0	0	2	0	1.859826
516	5140	0	0	0	0	0	1.082004
517	5148	0	0	0	1	0	1.400208
518	5161	0	0	0	2	0	1.994597
519	5172	0	0	0	1	0	2.992005
520	5178	0	0	0	0	0	2.398975
521	5188	0	0	0	2	0	1.924180
522	5205	0	0	0	1	0	2.063058
523	5217	0	0	0	0	0	2.101380
524	5228	0	0	0	1	0	1.529945
525	5238	0	0	0	2	0	2.797552
526	5249	0	0	0	1	0	1.673744
527	5258	0	0	0	1	0	2.133788
528	5274	0	0	0	1	0	1.439913
529	5286	0	0	0	2	0	1.757235
530	5292	0	0	0	1	0	2.911972
531	5299	0	0	0	1	0	2.828117
532	5313	0	0	0	1	0	2.771507
533	5330	0	0	0	1	0	2.486517
534	5341	0	0	0	2	0	1.512025
535	5355	0	0	0	1	0	1.034042
536	5368	0	0	0	0	0	1.102018
537	5383	0	0	0	2	0	2.807403
538	5395	0	0	0	1	0	2.748677
539	5401	0	0	0	1	0	1.364123
540	5409	0	0	0	0	0	1.918416
541	5417	0	0	0	0	0	1.645802
542	5433	0	0	0	2	0	1.190869
543	5439	0	0	0	1	0	2.617592
544	5445	0	0	0	1	0	2.929255
545	5457	0	0	0	0	0	2.475462
546	5464	0	0	0	0	0	2.116039
547	5475	0	0	0	1	0	1.932990
548	5481	0	0	0	0	0	2.326523
549	5488	0	0	0	1	0	2.291235
550	5499	0	0	0	1	0	1.819131
551	5510	0	0	0	0	0	2.309185
552	5518	0	0	0	0	0	2.685579
553	5529	0	0	0	1	0	2.011370
554	5539	0	0	0	0	0	1.387939
555	5550	0	0	0	2	0	1.345230
556	5554	0	0	0	1	0	1.680795
557	5566	0	0	0	1	0	1.068378
558	5577	0	0	0	2	0	2.641767
559	5585	0	0	0	0	0	2.840874
560	5599	0	0	0	2	0	2.422936
561	5607	0	0	0	1	0	1.299923
562	5617	0	0	0	0	0	1.299952
563	5624	0	0	0	0	0	2.194532
564	5634	0	0	0	0	0	1.470180
565	5643	0	0	0	1	0	1.638919
566	5653	0	0	0	1	0	2.734793
567	5670	0	0	0	1	0	2.859819
568	5681	0	0	0	1	0	1.821400
569	5701	0	0	0	2	0	1.368213
570	5713	0	0	0	2	0	1.864381
571	5724	0	0	0	2	0	2.228319
572	5731	0	0	0	2	0	1.105831
573	5738	0	0	0	1	0	2.687784
574	5745	0	0	0	2	0	2.591771
575	5749	0	0	0	2	0	2.747047
576	5757	0	0	0	2	0	2.629073
577	5775	0	0	0	0	0	1.353888
578	5791	0	0	0	2	0	1.854482
579	5802	0	0	0	0	0	1.457378
580	5814	0	0	0	2	0	1.453812
581	5824	0	0	0	0	0	2.662914
582	5837	0	0	0	2	0	2.393871
583	5845	0	0	0	0	0	2.332260
584	5859	0	0	0	0	0	1.489453
585	5867	0	0	0	0	0	2.253388
586	5881	0	0	0	1	0	2.969294
587	5890	0	0	0	1	0	2.317968
588	5899	0	0	0	1	0	2.367786
589	5911	0	0	0	1	0	2.760515
590	5924	0	0	0	0	0	1.337030
591	5937	0	0	0	0	0	1.520266
592	5947	0	0	0	1	0	1.610147
593	5957	0	0	0	1	0	1.906624
594	5961	0	0	0	0	0	1.604231
595	5972	0	0	0	1	0	1.173145
596	5982	0	0	0	0	0	1.252288
597	5989	0	0	0	1	0	1.576452
598	6000	0	0	0	0	0	2.005455
599	6011	0	0	0	1	0	1.360698
600	6018	0	0	0	0	0	2.010393
601	6028	0	0	0	0	0	2.818920
602	6039	0	0	0	1	0	1.014601
603	6049	0	0	0	0	0	2.703264
604	6067	0	0	0	2	0	1.572696
605	6073	0	0	0	0	0	1.214666
606	6085	0	0	0	2	0	1.376222
607	6096	0	0	0	0	0	1.686437
608	6107	0	0	0	0	0	2.499198
609	6116	0	0	0	1	0	2.668987
610	6123	0	0	0	0	0	2.653181
611	6132	0	0	0	2	0	2.905594
612	6141	0	0	0	2	0	1.089138
613	6151	0	0	0	0	0	2.597686
614	6164	0	0	0	0	0	2.763496
615	6170	0	0	0	0	0	2.076023
616	6183	0	0	0	0	0	1.788654
617	6193	0	0	0	0	0	1.870683
618	6205	0	0	0	2	0	1.640078
619	6214	0	0	0	2	0	2.464625
620	6224	0	0	0	0	0	2.104839
621	6232	0	0	0	0	0	2.897749
622	6247	0	0	0	0	0	1.363623
623	6258	0	0	0	0	0	2.112607
624	6267	0	0	0	0	0	2.051326
625	6275	0	0	0	1	0	1.784010
626	6280	0	0	0	1	0	1.483805
627	6291	0	0	0	1	0	1.402999
628	6301	0	0	0	2	0	2.118045
629	6313	0	0	0	1	0	2.634396
630	6320	0	0	0	1	0	1.312753
631	6331	0	0	0	2	0	1.163506
632	6337	0	0	0	2	0	2.005577
633	6347	0	0	0	1	0	1.853566
634	6361	0	0	0	1	0	2.410737
635	6372	0	0	0	1	0	2.249787
636	6378	0	0	0	2	0	1.585381
637	6389	0	0	0	0	0	2.793742
638	6398	0	0	0	2	0	2.561308
639	6415	0	0	0	1	0	2.387276
640	6424	0	0	0	0	0	1.940633
641	6431	0	0	0	2	0	2.874560
642	6443	0	0	0	1	0	1.094652
643	6449	0	0	0	1	0	2.690045
644	6460	0	0	0	1	0	1.258426
645	6470	0	0	0	0	0	2.563291
646	6476	0	0	0	1	0	1.680664
647	6486	0	0	0	1	0	1.399198
648	6498	0	0	0	2	0	2.589576
649	6505	0	0	0	2	0	1.891877
650	6520	0	0	0	0	0	2.770725
651	6533	0	0	0	0	0	2.330959
652	6546	0	0	0	2	0	2.470328
653	6556	0	0	0	0	0	1.552455
654	6565	0	0	0	0	0	2.689947
655	6578	0	0	0	1	0	2.934131
656	6586	0	0	0	2	0	1.069016
657	6594	0	0	0	1	0	1.578409
658	6602	0	0	0	1	0	2.865309
659	6615	0	0	0	0	0	2.047759
660	6624	0	0	0	1	0	2.760157
661	6632	0	0	0	1	0	1.315255
662	6644	0	0	0	1	0	1.876559
663	6661	0	0	0	2	0	1.449645
664	6676	0	0	0	1	0	2.888080
665	6686	0	0	0	0	0	1.602599
666	6699	0	0	0	2	0	2.842989
667	6707	0	0	0	1	0	1.194633
668	6712	0	0	0	0	0	2.451271
669	6721	0	0	0	1	0	2.174212
670	6731	0	0	0	1	0	1.750731
671	6744	0	0	0	1	0	2.121461
672	6754	0	0	0	0	0	1.160963
673	6764	0	0	0	2	0	2.963887
674	6773	0	0	0	1	0	1.220278
675	6782	0	0	0	2	0	2.188564
676	6793	0	0	0	2	0	1.432034
677	6801	0	0	0	2	0	1.631354
678	6811	0	0	0	2	0	1.185720
679	6820	0	0	0	0	0	1.684710
680	6828	0	0	0	2	0	2.020199
681	6835	0	0	0	0	0	1.962913
682	6842	0	0	0	0	0	2.843811
683	6849	0	0	0	2	0	2.133220
684	6860	0	0	0	1	0	2.383596
685	6870	0	0	0	0	0	1.284884
686	6885	0	0	0	2	0	2.771216
687	6892	0	0	0	0	0	2.911608
688	6901	0	0	0	2	0	2.284470
689	6912	0	0	0	1	0	2.755109
690	6923	0	0	0	1	0	1.371285
691	6931	0	0	0	0	0	1.893156
692	6942	0	0	0	1	0	2.635976
693	6950	0	0	0	1	0	2.476305
694	6954	0	0	0	2	0	1.863789
695	6964	0	0	0	0	0	2.686506
696	6971	0	0	0	0	0	1.547056
697	6977	0	0	0	2	0	2.288428
698	6983	0	0	0	1	0	1.105255
699	6998	0	0	0	0	0	1.448808
700	7004	0	0	0	0	0	2.493298
701	7008	0	0	0	1	0	2.989458
702	7020	0	0	0	0	0	2.058748
703	7025	0	0	0	2	0	1.862131
704	7032	0	0	0	0	0	2.363494
705	7044	0	0	0	1	0	1.783116
706	7057	0	0	0	0	0	1.309559
707	7069	0	0	0	0	0	1.374858
708	7075	0	0	0	2	0	2.610366
709	7089	0	0	0	1	0	1.201805
710	7099	0	0	0	1	0	1.833884
711	7110	0	0	0	0	0	1.526801
712	7117	0	0	0	0	0	1.243469
713	7129	0	0	0	0	0	2.827701
714	7139	0	0	0	0	0	1.412715
715	7145	0	0	0	0	0	2.382108
716	7154	0	0	0	1	0	2.020763
717	7164	0	0	0	1	0	2.099897
718	7172	0	0	0	1	0	2.531117
719	7181	0	0	0	1	0	2.598894
720	7193	0	0	0	2	0	2.058336
721	7207	0	0	0	0	0	1.280728
722	7219	0	0	0	0	0	1.159226
723	7230	0	0	0	1	0	1.329807
724	7243	0	0	0	1	0	1.268777
725	7255	0	0	0	1	0	1.839924
726	7261	0	0	0	0	0	2.729753
727	7264	0	0	0	2	0	2.485323
728	7272	0	0	0	0	0	2.395059
729	7275	0	0	0	0	0	2.564218
730	7288	0	0	0	1	0	1.441607
731	7296	0	0	0	1	0	2.520523
732	7308	0	0	0	1	0	1.790425
733	7318	0	0	0	1	0	2.310060
734	7326	0	0	0	1	0	2.941559
735	7343	0	0	0	1	0	1.048416
736	7349	0	0	0	1	0	1.413748
737	7359	0	0	0	1	0	2.347112
738	7367	0	0	0	0	0	2.223366
739	7374	0	0	0	2	0	2.652876
740	7380	0	0	0	1	0	1.837448
741	7391	0	0	0	0	0	2.610966
742	7398	0	0	0	2	0	1.500230
743	7405	0	0	0	1	0	2.748709
744	7415	0	0	0	0	0	2.184103
745	7422	0	0	0	1	0	2.219129
746	7434	0	0	0	0	0	2.235893
747	7444	0	0	0	1	0	1.255158
748	7457	0	0	0	0	0	2.376821
749	7462	0	0	0	1	0	1.131999
750	7468	0	0	0	0	0	1.119587
751	7479	0	0	0	1	0	1.397919
752	7492	0	0	0	1	0	2.247724
753	7502	0	0	0	0	0	1.828227
754	7509	0	0	0	1	0	2.469236
755	7517	0	0	0	0	0	2.439529
756	7529	0	0	0	2	0	2.579028
757	7540	0	0	0	1	0	2.617487
758	7549	0	0	0	0	0	2.040228
759	7556	0	0	0	2	0	2.242312
760	7569	0	0	0	1	0	2.787955
761	7578	0	0	0	1	0	2.118765
762	7587	0	0	0	0	0	1.755265
763	7595	0	0	0	0	0	2.487879
764	7607	0	0	0	1	0	1.626668
765	7617	0	0	0	0	0	1.113190
766	7625	0	0	0	0	0	2.995862
767	7633	0	0	0	2	0	1.688430
768	7650	0	0	0	0	0	2.538008
769	7660	0	0	0	1	0	2.767961
770	7670	0	0	0	1	0	2.031164
771	7683	0	0	0	1	0	1.165067
772	7691	0	0	0	1	0	1.780635
773	7700	0	0	0	2	0	2.378098
774	7710	0	0	0	2	0	2.706166
775	7718	0	0	0	0	0	1.948940
776	7730	0	0	0	0	0	1.325551
777	7739	0	0	0	2	0	2.071891
778	7750	0	0	0	0	0	2.443118
779	7756	0	0	0	0	0	1.816053
780	7766	0	0	0	0	0	2.322695
781	7774	0	0	0	0	0	2.082631
782	7781	0	0	0	0	0	1.493780
783	7790	0	0	0	2	0	1.803867
784	7795	0	0	0	1	0	1.841119
785	7807	0	0	0	0	0	1.074772
786	7810	0	0	0	1	0	2.944355
787	7822	0	0	0	1	0	1.028895
788	7832	0	0	0	0	0	2.945879
789	7838	0	0	0	2	0	1.735535
790	7849	0	0	0	0	0	2.640176
791	7860	0	0	0	1	0	1.447755
792	7866	0	0	0	1	0	1.277038
793	7878	0	0	0	0	0	2.883291
794	7888	0	0	0	0	0	1.754393
795	7903	0	0	0	0	0	2.517011
796	7911	0	0	0	2	0	1.284336
797	7926	0	0	0	2	0	2.052229
798	7936	0	0	0	0	0	1.509120
799	7945	0	0	0	1	0	1.193019
800	7957	0	0	0	0	0	2.871886
801	7966	0	0	0	2	0	1.576885
802	7977	0	0	0	1	0	1.473083
803	7994	0	0	0	0	0	1.341116
804	8005	0	0	0	1	0	2.559082
805	8016	0	0	0	0	0	2.833145
806	8028	0	0	0	0	0	1.112248
807	8041	0	0	0	2	0	1.721940
808	8056	0	0	0	2	0	1.734114
809	8067	0	0	0	2	0	2.591887
810	8077	0	0	0	2	0	1.111313
811	8089	0	0	0	0	0	2.615087
812	8103	0	0	0	0	0	2.185838
813	8113	0	0	0	2	0	2.317347
814	8119	0	0	0	1	0	1.813481
815	8129	0	0	0	1	0	1.515359
816	8137	0	0	0	1	0	1.497752
817	8142	0	0	0	2	0	1.705014
818	8153	0	0	0	0	0	2.166041
819	8164	0	0	0	0	0	2.826712
820	8174	0	0	0	0	0	2.422562
821	8183	0	0	0	2	0	2.593766
822	8199	0	0	0	1	0	1.788080
823	8212	0	0	0	2	0	2.282541
824	8221	0	0	0	0	0	1.960441
825	8231	0	0	0	0	0	1.576173
826	8244	0	0	0	0	0	2.646747
827	8251	0	0	0	1	0	1.456500
828	8264	0	0	0	1	0	1.057660
829	8275	0	0	0	1	0	1.959347
830	8288	0	0	0	0	0	2.354580
831	8297	0	0	0	2	0	2.115246
832	8304	0	0	0	0	0	1.818229
833	8314	0	0	0	1	0	1.936613
834	8321	0	0	0	1	0	2.811515
835	8327	0	0	0	2	0	2.002015
836	8341	0	0	0	2	0	1.341259
837	8354	0	0	0	1	0	2.941495
838	8361	0	0	0	1	0	1.524664
839	8377	0	0	0	0	0	1.824878
840	8385	0	0	0	0	0	1.434025
841	8399	0	0	0	0	0	2.463419
842	8409	0	0	0	1	0	2.528146
843	8417	0	0	0	0	0	2.814043
844	8427	0	0	0	1	0	2.638458
845	8434	0	0	0	0	0	2.814872
846	8442	0	0	0	0	0	1.858643
847	8454	0	0	0	0	0	2.267523
848	8463	0	0	0	0	0	2.746526
849	8476	0	0	0	2	0	2.461694
850	8487	0	0	0	0	0	1.239739
851	8498	0	0	0	0	0	2.503222
852	8510	0	0	0	0	0	1.845911
853	8518	0	0	0	0	0	2.055885
854	8527	0	0	0	0	0	2.415685
855	8544	0	0	0	0	0	1.885752
856	8550	0	0	0	2	0	1.042261
857	8559	0	0	0	0	0	1.531957
858	8575	0	0	0	1	0	1.811341
859	8581	0	0	0	1	0	1.938074
860	8587	0	0	0	1	0	2.871501
861	8598	0	0	0	0	0	1.966204
862	8607	0	0	0	1	0	2.337428
863	8617	0	0	0	0	0	2.803402
864	8633	0	0	0	0	0	2.300741
865	8640	0	0	0	0	0	2.640958
866	8650	0	0	0	1	0	2.826068
867	8660	0	0	0	1	0	1.197330
868	8677	0	0	0	1	0	1.696239
869	8687	0	0	0	0	0	2.847458
870	8698	0	0	0	2	0	1.475866
871	8710	0	0	0	2	0	2.015487
872	8718	0	0	0	0	0	1.929741
873	8730	0	0	0	2	0	2.746773
874	8737	0	0	0	2	0	2.280627
875	8745	0	0	0	0	0	2.169760
876	8762	0	0	0	0	0	2.229046
877	8771	0	0	0	2	0	1.317128
878	8785	0	0	0	1	0	2.701528
879	8798	0	0	0	2	0	2.128774
880	8807	0	0	0	1	0	1.060559
881	8821	0	0	0	2	0	1.736623
882	8831	0	0	0	0	0	1.660186
883	8844	0	0	0	0	0	1.677161
884	8855	0	0	0	1	0	2.843431
885	8861	0	0	0	0	0	2.574681
886	8866	0	0	0	1	0	1.756664
887	8874	0	0	0	2	0	2.431640
888	8881	0	0	0	1	0	1.131566
889	8887	0	0	0	2	0	2.667783
890	8897	0	0	0	1	0	1.978366
891	8905	0	0	0	0	0	2.934815
892	8918	0	0	0	1	0	2.503334
893	8933	0	0	0	0	0	2.021351
894	8945	0	0	0	2	0	1.292269
895	8953	0	0	0	2	0	1.616828
896	8962	0	0	0	0	0	2.635986
897	8970	0	0	0	1	0	2.175811
898	8984	0	0	0	2	0	2.433634
899	8993	0	0	0	0	0	2.105693
900	9004	0	0	0	0	0	1.039446
901	9014	0	0	0	1	0	1.710760
902	9019	0	0	0	0	0	1.135122
903	9029	0	0	0	1	0	2.242272
904	9042	0	0	0	0	0	2.778983
905	9055	0	0	0	1	0	2.025882
906	9062	0	0	0	1	0	1.152729
907	9070	0	0	0	0	0	1.388571
908	9073	0	0	0	1	0	1.050535
909	9085	0	0	0	1	0	1.840149
910	9094	0	0	0	0	0	2.886187
911	9105	0	0	0	0	0	2.249208
912	9111	0	0	0	1	0	2.665833
913	9121	0	0	0	2	0	2.796251
914	9127	0	0	0	0	0	1.317621
915	9133	0	0	0	2	0	2.073374
916	9142	0	0	0	1	0	2.638193
917	9153	0	0	0	1	0	1.768740
918	9161	0	0	0	1	0	2.896657
919	9171	0	0	0	0	0	2.153509
920	9174	0	0	0	0	0	1.207078
921	9187	0	0	0	0	0	1.035731
922	9197	0	0	0	1	0	1.574283
923	9210	0	0	0	1	0	2.326067
924	9215	0	0	0	1	0	2.312435
925	9223	0	0	0	2	0	1.825655
926	9231	0	0	0	2	0	1.482556
927	9235	0	0	0	0	0	2.919124
928	9246	0	0	0	0	0	1.311169
929	9255	0	0	0	0	0	2.092326
930	9270	0	0	0	0	0	2.368288
931	9279	0	0	0	0	0	2.178500
932	9289	0	0	0	1	0	2.233723
933	9299	0	0	0	0	0	2.669078
934	9313	0	0	0	1	0	2.726836
935	9322	0	0	0	2	0	2.185982
936	9329	0	0	0	2	0	2.072396
937	9343	0	0	0	1	0	2.538807
938	9350	0	0	0	1	0	1.973788
939	9358	0	0	0	2	0	2.427872
940	9375	0	0	0	0	0	2.741211
941	9380	0	0	0	0	0	2.799990
942	9393	0	0	0	1	0	1.853417
943	9400	0	0	0	0	0	1.567326
944	9411	0	0	0	0	0	1.737968
945	9429	0	0	0	0	0	2.682963
946	9437	0	0	0	2	0	1.475686
947	9444	0	0	0	0	0	1.754330
948	9459	0	0	0	0	0	2.287635
949	9471	0	0	0	0	0	2.972257
950	9481	0	0	0	2	0	2.961707
951	9493	0	0	0	0	0	2.463061
952	9504	0	0	0	0	0	1.512051
953	9513	0	0	0	1	0	2.682961
954	9524	0	0	0	2	0	1.301857
955	9532	0	0	0	0	0	2.681174
956	9542	0	0	0	0	0	1.646566
957	9550	0	0	0	0	0	2.680590
958	9563	0	0	0	2	0	1.702369
959	9568	0	0	0	1	0	1.023073
960	9575	0	0	0	1	0	1.735027
961	9582	0	0	0	0	0	1.206521
962	9595	0	0	0	0	0	2.616053
963	9608	0	0	0	0	0	1.197346
964	9614	0	0	0	2	0	2.619478
965	9622	0	0	0	1	0	2.609285
966	9635	0	0	0	2	0	2.352749
967	9650	0	0	0	1	0	2.922265
968	9655	0	0	0	0	0	1.856642
969	9670	0	0	0	2	0	2.129665
970	9677	0	0	0	2	0	1.169209
971	9687	0	0	0	0	0	2.716483
972	9697	0	0	0	2	0	2.571476
973	9704	0	0	0	2	0	1.587607
974	9708	0	0	0	1	0	2.332200
975	9720	0	0	0	2	0	1.543223
976	9726	0	0	0	1	0	2.903641
977	9737	0	0	0	1	0	2.889139
978	9752	0	0	0	2	0	2.254046
979	9766	0	0	0	0	0	2.285999
980	9771	0	0	0	0	0	2.957253
981	9781	0	0	0	0	0	2.229516
982	9791	0	0	0	1	0	1.565848
983	9804	0	0	0	1	0	1.478302
984	9817	0	0	0	2	0	1.649838
985	9832	0	0	0	1	0	2.382313
986	9839	0	0	0	2	0	1.356901
987	9845	0	0	0	0	0	1.220168
988	9859	0	0	0	2	0	1.652704
989	9863	0	0	0	0	0	1.356878
990	9874	0	0	0	0	0	2.355763
991	9880	0	0	0	2	0	1.384386
992	9888	0	0	0	0	0	2.649269
993	9897	0	0	0	2	0	1.766464
994	9910	0	0	0	0	0	2.933317
995	9918	0	0	0	2	0	1.769306
996	9928	0	0	0	0	0	1.883716
997	9936	0	0	0	2	0	2.629295
998	9947	0	0	0	0	0	1.928308
999	9956	0	0	0	1	0	2.637398
