0	1	0	0	0	2	0	2.330474
1	13	0	0	0	0	0	2.086238
2	22	0	0	0	2	0	2.496175
3	34	0	0	0	1	0	1.295693
4	47	0	0	0	2	0	1.384412
5	57	0	0	0	1	0	2.819675
6	65	0	0	0	1	0	1.519432
7	78	0	0	0	1	0	2.617988
8	92	0	0	0	0	0	2.264719
9	99	0	0	0	2	0	2.893341
10	112	0	0	0	2	0	2.291414
11	119	0	0	0	1	0	2.022814
12	134	0	0	0	1	0	1.848769
13	145	0	0	0	0	0	2.388282
14	154	0	0	0	0	0	2.622724
15	159	0	0	0	1	0	2.151807
16	164	0	0	0	1	0	1.398678
17	178	0	0	0	1	0	2.247515
18	189	0	0	0	2	0	2.767401
19	198	0	0	0	1	0	2.503995
20	206	0	0	0	2	0	1.139940
21	219	0	0	0	1	0	1.218923
22	224	0	0	0	1	0	2.351140
23	236	0	0	0	0	0	1.840669
24	245	0	0	0	1	0	1.941075
25	254	0	0	0	1	0	1.372002
26	260	0	0	0	1	0	1.069638
27	268	0	0	0	0	0	2.122307
28	279	0	0	0	2	0	2.733134
29	284	0	0	0	2	0	1.694932
30	299	0	0	0	2	0	1.890312
31	309	0	0	0	1	0	2.649748
32	318	0	0	0	1	0	1.059478
33	330	0	0	0	2	0	2.615677
34	341	0	0	0	2	0	1.614038
35	351	0	0	0	0	0	2.438972
36	358	0	0	0	0	0	2.910154
37	368	0	0	0	0	0	1.547017
38	374	0	0	0	1	0	1.967547
39	391	0	0	0	0	0	1.436465
40	397	0	0	0	2	0	1.847111
41	407	0	0	0	0	0	2.490900
42	419	0	0	0	0	0	2.390645
43	434	0	0	0	0	0	2.395116
44	443	0	0	0	1	0	1.892595
45	458	0	0	0	2	0	2.505806
46	466	0	0	0	0	0	1.386556
47	472	0	0	0	0	0	2.933522
48	482	0	0	0	2	0	2.394221
49	488	0	0	0	1	0	1.536052
50	500	0	0	0	0	0	1.863011
51	511	0	0	0	0	0	1.515037
52	523	0	0	0	1	0	2.711053
53	537	0	0	0	0	0	2.802200
54	544	0	0	0	2	0	2.629145
55	549	0	0	0	0	0	1.132963
56	559	0	0	0	2	0	2.685655
57	565	0	0	0	2	0	1.356861
58	576	0	0	0	2	0	2.268885
59	585	0	0	0	0	0	1.154863
60	591	0	0	0	2	0	2.709726
61	598	0	0	0	0	0	1.823785
62	614	0	0	0	1	0	2.146790
63	622	0	0	0	0	0	1.738217
64	633	0	0	0	1	0	2.213743
65	642	0	0	0	1	0	2.187407
66	655	0	0	0	2	0	1.098179
67	673	0	0	0	1	0	2.856215
68	685	0	0	0	2	0	2.008531
69	692	0	0	0	0	0	1.522674
70	702	0	0	0	2	0	1.835110
71	710	0	0	0	2	0	1.792948
72	724	0	0	0	1	0	2.887089
73	735	0	0	0	1	0	2.508177
74	751	0	0	0	0	0	2.051329
75	762	0	0	0	1	0	2.409140
76	773	0	0	0	0	0	1.087417
77	786	0	0	0	1	0	2.472714
78	796	0	0	0	2	0	2.498554
79	800	0	0	0	0	0	2.559157
80	807	0	0	0	0	0	1.190577
81	824	0	0	0	0	0	1.255824
82	841	0	0	0	0	0	1.269935
83	853	0	0	0	1	0	2.943964
84	864	0	0	0	1	0	2.080110
85	869	0	0	0	0	0	2.307518
86	878	0	0	0	0	0	1.759151
87	889	0	0	0	0	0	2.120663
88	899	0	0	0	2	0	1.748917
89	908	0	0	0	2	0	1.912796
90	915	0	0	0	2	0	2.767164
91	922	0	0	0	1	0	2.021747
92	930	0	0	0	2	0	2.500329
93	941	0	0	0	1	0	1.349701
94	950	0	0	0	1	0	1.308080
95	956	0	0	0	2	0	1.589207
96	965	0	0	0	0	0	1.380490
97	969	0	0	0	2	0	2.780108
98	979	0	0	0	2	0	1.644276
99	989	0	0	0	0	0	2.981526
100	999	0	0	0	0	0	1.314531
101	1013	0	0	0	1	0	1.478401
102	1022	0	0	0	1	0	2.266085
103	1034	0	0	0	0	0	1.564672
104	1041	0	0	0	1	0	2.882338
105	1049	0	0	0	2	0	1.270412
106	1063	0	0	0	2	0	2.138037
107	1072	0	0	0	0	0	1.572627
108	1084	0	0	0	1	0	1.046897
109	1098	0	0	0	0	0	2.059400
110	1105	0	0	0	1	0	2.169293
111	1117	0	0	0	0	0	1.567155
112	1132	0	0	0	1	0	2.508808
113	1139	0	0	0	0	0	1.264187
114	1153	0	0	0	0	0	1.777256
115	1168	0	0	0	2	0	1.128124
116	1175	0	0	0	0	0	2.624310
117	1185	0	0	0	0	0	1.024964
118	1193	0	0	0	0	0	1.450749
119	1201	0	0	0	0	0	2.650582
120	1212	0	0	0	0	0	1.537259
121	1220	0	0	0	0	0	1.877944
122	1230	0	0	0	1	0	2.694382
123	1241	0	0	0	0	0	1.486903
124	1246	0	0	0	0	0	2.605210
125	1256	0	0	0	2	0	2.357380
126	1269	0	0	0	2	0	1.332621
127	1284	0	0	0	0	0	1.911424
128	1295	0	0	0	2	0	1.873896
129	1305	0	0	0	1	0	1.864313
130	1315	0	0	0	1	0	1.864202
131	1325	0	0	0	1	0	2.188093
132	1333	0	0	0	0	0	1.314387
133	1341	0	0	0	1	0	2.509171
134	1351	0	0	0	2	0	2.337114
135	1362	0	0	0	0	0	2.680556
136	1377	0	0	0	1	0	1.809908
137	1387	0	0	0	2	0	2.863207
138	1399	0	0	0	2	0	2.413079
139	1412	0	0	0	2	0	2.506421
140	1421	0	0	0	2	0	2.202633
141	1429	0	0	0	0	0	2.671008
142	1439	0	0	0	1	0	2.478701
143	1448	0	0	0	2	0	1.134519
144	1457	0	0	0	2	0	2.902649
145	1464	0	0	0	0	0	2.560346
146	1479	0	0	0	1	0	2.235736
147	1496	0	0	0	0	0	1.553126
148	1502	0	0	0	2	0	2.537483
149	1511	0	0	0	0	0	1.639554
150	1523	0	0	0	2	0	2.509922
151	1531	0	0	0	0	0	1.685846
152	1546	0	0	0	0	0	2.045271
153	1558	0	0	0	2	0	1.282577
154	1569	0	0	0	1	0	1.884668
155	1573	0	0	0	2	0	1.456754
156	1581	0	0	0	2	0	1.356215
157	1588	0	0	0	0	0	1.915672
158	1604	0	0	0	2	0	2.046548
159	1611	0	0	0	1	0	2.622739
160	1616	0	0	0	0	0	2.508558
161	1626	0	0	0	1	0	2.568207
162	1633	0	0	0	2	0	1.989778
163	1643	0	0	0	0	0	1.087659
164	1648	0	0	0	0	0	1.371020
165	1658	0	0	0	0	0	2.176976
166	1669	0	0	0	2	0	1.186083
167	1680	0	0	0	1	0	1.208249
168	1687	0	0	0	2	0	2.106679
169	1695	0	0	0	2	0	1.294454
170	1707	0	0	0	2	0	2.277994
171	1720	0	0	0	0	0	2.259932
172	1728	0	0	0	1	0	2.911277
173	1739	0	0	0	0	0	1.710729
174	1751	0	0	0	0	0	2.792806
175	1758	0	0	0	0	0	2.060157
176	1771	0	0	0	1	0	1.073128
177	1784	0	0	0	1	0	1.067456
178	1797	0	0	0	0	0	2.596265
179	1805	0	0	0	2	0	1.197040
180	1812	0	0	0	0	0	1.509334
181	1830	0	0	0	0	0	1.043069
182	1842	0	0	0	2	0	2.484091
183	1850	0	0	0	1	0	2.877671
184	1856	0	0	0	2	0	2.506385
185	1863	0	0	0	1	0	2.254903
186	1875	0	0	0	2	0	2.579977
187	1888	0	0	0	0	0	1.837824
188	1898	0	0	0	1	0	2.944115
189	1907	0	0	0	1	0	2.945398
190	1921	0	0	0	0	0	1.464411
191	1932	0	0	0	2	0	2.009713
192	1941	0	0	0	2	0	2.149509
193	1954	0	0	0	2	0	2.873578
194	1963	0	0	0	2	0	2.269579
195	1975	0	0	0	0	0	2.708533
196	1985	0	0	0	2	0	1.367415
197	1994	0	0	0	0	0	2.432310
198	1998	0	0	0	0	0	2.111465
199	2006	0	0	0	0	0	1.511560
200	2013	0	0	0	1	0	2.927049
201	2019	0	0	0	1	0	1.635925
202	2023	0	0	0	0	0	2.898121
203	2036	0	0	0	2	0	2.624915
204	2043	0	0	0	0	0	1.527033
205	2051	0	0	0	0	0	1.397283
206	2062	0	0	0	0	0	1.295820
207	2071	0	0	0	0	0	1.295774
208	2080	0	0	0	1	0	1.464599
209	2085	0	0	0	1	0	1.398562
210	2099	0	0	0	1	0	1.294702
211	2106	0	0	0	1	0	1.662353
212	2115	0	0	0	1	0	2.544584
213	2127	0	0	0	1	0	1.425486
214	2137	0	0	0	0	0	2.182730
215	2144	0	0	0	0	0	2.322700
216	2149	0	0	0	0	0	1.100300
217	2159	0	0	0	0	0	2.095507
218	2163	0	0	0	0	0	2.146146
219	2177	0	0	0	0	0	1.196332
220	2182	0	0	0	2	0	1.191462
221	2186	0	0	0	2	0	2.595949
222	2198	0	0	0	0	0	2.419503
223	2209	0	0	0	0	0	1.811635
224	2218	0	0	0	0	0	2.645922
225	2228	0	0	0	2	0	2.191944
226	2239	0	0	0	0	0	2.158233
227	2253	0	0	0	0	0	2.912206
228	2266	0	0	0	1	0	1.886172
229	2278	0	0	0	0	0	2.191595
230	2293	0	0	0	2	0	2.340038
231	2306	0	0	0	0	0	2.258548
232	2314	0	0	0	1	0	2.583050
233	2319	0	0	0	1	0	1.211666
234	2332	0	0	0	1	0	1.769311
235	2343	0	0	0	1	0	2.783018
236	2350	0	0	0	1	0	2.650069
237	2364	0	0	0	0	0	1.666285
238	2377	0	0	0	1	0	2.127441
239	2387	0	0	0	0	0	2.498135
240	2399	0	0	0	1	0	1.176929
241	2412	0	0	0	1	0	2.458526
242	2416	0	0	0	1	0	1.005279
243	2424	0	0	0	1	0	2.361772
244	2429	0	0	0	0	0	2.953491
245	2435	0	0	0	1	0	1.963168
246	2447	0	0	0	0	0	2.713500
247	2458	0	0	0	0	0	1.304788
248	2467	0	0	0	2	0	2.832540
249	2483	0	0	0	1	0	2.442902
250	2491	0	0	0	0	0	2.332206
251	2504	0	0	0	2	0	2.691913
252	2518	0	0	0	2	0	1.117973
253	2526	0	0	0	2	0	1.029888
254	2539	0	0	0	0	0	1.239295
255	2546	0	0	0	2	0	1.392113
256	2558	0	0	0	2	0	2.680289
257	2567	0	0	0	2	0	2.262054
258	2577	0	0	0	0	0	2.049615
259	2588	0	0	0	1	0	2.929144
260	2596	0	0	0	1	0	2.092236
261	2604	0	0	0	2	0	2.878929
262	2612	0	0	0	0	0	2.547770
263	2631	0	0	0	1	0	2.681810
264	2639	0	0	0	0	0	1.492715
265	2650	0	0	0	0	0	1.749795
266	2659	0	0	0	1	0	1.236068
267	2679	0	0	0	1	0	1.601603
268	2689	0	0	0	0	0	1.512686
269	2698	0	0	0	1	0	2.096756
270	2704	0	0	0	0	0	2.851948
271	2716	0	0	0	0	0	1.955192
272	2722	0	0	0	2	0	2.865013
273	2733	0	0	0	2	0	1.586689
274	2742	0	0	0	1	0	1.481994
275	2750	0	0	0	2	0	2.504417
276	2764	0	0	0	0	0	1.617127
277	2774	0	0	0	1	0	2.533624
278	2783	0	0	0	1	0	1.558696
279	2787	0	0	0	1	0	2.524883
280	2794	0	0	0	1	0	2.875087
281	2807	0	0	0	2	0	1.941514
282	2811	0	0	0	2	0	1.416077
283	2831	0	0	0	2	0	1.416749
284	2843	0	0	0	0	0	1.973419
285	2852	0	0	0	0	0	1.325380
286	2871	0	0	0	1	0	1.864747
287	2882	0	0	0	0	0	1.271807
288	2887	0	0	0	1	0	2.808616
289	2899	0	0	0	1	0	1.524788
290	2908	0	0	0	1	0	1.349467
291	2916	0	0	0	2	0	1.374891
292	2924	0	0	0	1	0	1.479989
293	2935	0	0	0	2	0	1.212530
294	2944	0	0	0	0	0	2.254325
295	2956	0	0	0	2	0	1.098089
296	2969	0	0	0	2	0	2.493617
297	2975	0	0	0	1	0	2.676976
298	2984	0	0	0	2	0	2.249771
299	2992	0	0	0	0	0	1.724686
300	3000	0	0	0	1	0	2.198479
301	3010	0	0	0	1	0	1.523096
302	3015	0	0	0	2	0	2.653729
303	3026	0	0	0	1	0	1.455392
304	3038	0	0	0	1	0	2.514773
305	3053	0	0	0	1	0	2.313866
306	3065	0	0	0	2	0	2.357088
307	3075	0	0	0	0	0	1.261566
308	3079	0	0	0	0	0	2.560926
309	3083	0	0	0	2	0	2.813862
310	3096	0	0	0	2	0	1.545257
311	3110	0	0	0	0	0	2.630198
312	3123	0	0	0	1	0	1.010198
313	3128	0	0	0	1	0	1.101335
314	3137	0	0	0	0	0	1.320358
315	3144	0	0	0	0	0	2.640685
316	3150	0	0	0	2	0	1.387696
317	3163	0	0	0	2	0	2.426137
318	3175	0	0	0	2	0	2.027816
319	3188	0	0	0	2	0	2.001348
320	3201	0	0	0	1	0	2.871521
321	3211	0	0	0	1	0	2.987802
322	3221	0	0	0	2	0	2.725082
323	3232	0	0	0	0	0	2.563350
324	3239	0	0	0	0	0	2.715136
325	3248	0	0	0	2	0	2.434764
326	3255	0	0	0	0	0	1.820324
327	3263	0	0	0	0	0	2.365432
328	3275	0	0	0	2	0	1.747063
329	3287	0	0	0	2	0	1.214990
330	3297	0	0	0	1	0	1.493897
331	3306	0	0	0	0	0	1.782264
332	3316	0	0	0	0	0	2.603187
333	3325	0	0	0	0	0	1.610393
334	3334	0	0	0	0	0	1.259277
335	3338	0	0	0	0	0	1.064609
336	3352	0	0	0	0	0	2.340257
337	3364	0	0	0	0	0	2.443307
338	3373	0	0	0	0	0	1.635326
339	3377	0	0	0	1	0	1.477240
340	3392	0	0	0	0	0	1.782911
341	3403	0	0	0	2	0	1.097595
342	3412	0	0	0	2	0	1.051490
343	3424	0	0	0	0	0	1.654794
344	3433	0	0	0	2	0	1.008844
345	3438	0	0	0	0	0	1.433996
346	3451	0	0	0	0	0	2.570936
347	3455	0	0	0	0	0	2.807359
348	3469	0	0	0	0	0	1.569401
349	3479	0	0	0	2	0	1.884880
350	3489	0	0	0	0	0	2.755143
351	3494	0	0	0	1	0	2.051709
352	3500	0	0	0	0	0	1.762382
353	3513	0	0	0	1	0	1.612244
354	3521	0	0	0	1	0	1.164643
355	3529	0	0	0	2	0	2.134717
356	3540	0	0	0	1	0	1.957230
357	3549	0	0	0	1	0	1.452505
358	3557	0	0	0	0	0	1.985974
359	3570	0	0	0	1	0	2.304701
360	3584	0	0	0	0	0	2.623675
361	3596	0	0	0	0	0	1.436793
362	3608	0	0	0	0	0	1.526320
363	3618	0	0	0	0	0	2.495442
364	3629	0	0	0	0	0	2.954553
365	3636	0	0	0	1	0	1.162929
366	3643	0	0	0	1	0	1.185179
367	3653	0	0	0	0	0	2.361560
368	3661	0	0	0	2	0	2.135380
369	3668	0	0	0	0	0	1.141964
370	3677	0	0	0	0	0	1.858554
371	3689	0	0	0	1	0	1.068059
372	3702	0	0	0	2	0	2.868074
373	3709	0	0	0	1	0	1.310089
374	3718	0	0	0	1	0	1.048899
375	3728	0	0	0	1	0	2.093346
376	3737	0	0	0	1	0	2.877428
377	3746	0	0	0	2	0	2.972079
378	3759	0	0	0	2	0	2.184658
379	3769	0	0	0	1	0	1.084567
380	3778	0	0	0	0	0	2.556685
381	3794	0	0	0	1	0	2.356155
382	3804	0	0	0	1	0	1.534686
383	3814	0	0	0	0	0	2.854662
384	3819	0	0	0	2	0	2.928325
385	3833	0	0	0	2	0	1.920319
386	3841	0	0	0	1	0	2.965361
387	3855	0	0	0	0	0	1.020680
388	3871	0	0	0	1	0	2.538781
389	3875	0	0	0	1	0	2.505638
390	3885	0	0	0	0	0	2.225952
391	3892	0	0	0	1	0	1.323398
392	3901	0	0	0	2	0	2.234770
393	3915	0	0	0	2	0	1.486388
394	3927	0	0	0	2	0	2.573694
395	3937	0	0	0	0	0	1.451242
396	3951	0	0	0	2	0	2.281959
397	3968	0	0	0	0	0	1.251024
398	3977	0	0	0	0	0	1.719999
399	3988	0	0	0	1	0	2.824262
400	3996	0	0	0	2	0	2.705779
401	4007	0	0	0	1	0	2.223102
402	4021	0	0	0	1	0	1.444291
403	4033	0	0	0	1	0	2.237419
404	4043	0	0	0	1	0	2.912575
405	4052	0	0	0	0	0	1.518658
406	4058	0	0	0	0	0	1.149014
407	4066	0	0	0	1	0	1.681072
408	4074	0	0	0	1	0	1.086911
409	4082	0	0	0	2	0	2.551188
410	4092	0	0	0	0	0	2.158471
411	4104	0	0	0	2	0	1.465443
412	4116	0	0	0	0	0	1.828261
413	4121	0	0	0	1	0	1.781610
414	4129	0	0	0	0	0	1.180152
415	4138	0	0	0	0	0	1.952212
416	4146	0	0	0	0	0	1.018109
417	4160	0	0	0	2	0	2.343205
418	4170	0	0	0	0	0	1.948178
419	4179	0	0	0	2	0	1.371810
420	4190	0	0	0	0	0	2.119738
421	4204	0	0	0	1	0	1.417916
422	4216	0	0	0	1	0	1.589740
423	4227	0	0	0	0	0	1.869982
424	4234	0	0	0	1	0	2.745029
425	4243	0	0	0	0	0	1.788575
426	4250	0	0	0	2	0	1.451863
427	4260	0	0	0	2	0	1.016849
428	4269	0	0	0	0	0	2.734560
429	4275	0	0	0	0	0	1.324994
430	4284	0	0	0	2	0	2.612412
431	4294	0	0	0	1	0	2.302593
432	4303	0	0	0	0	0	1.618640
433	4311	0	0	0	0	0	1.004843
434	4325	0	0	0	2	0	1.698621
435	4336	0	0	0	0	0	1.612549
436	4341	0	0	0	0	0	1.265285
437	4350	0	0	0	0	0	2.805842
438	4362	0	0	0	0	0	2.915295
439	4372	0	0	0	1	0	1.680552
440	4390	0	0	0	2	0	2.652804
441	4396	0	0	0	2	0	2.990519
442	4410	0	0	0	2	0	1.159142
443	4421	0	0	0	1	0	1.986933
444	4431	0	0	0	0	0	2.255504
445	4442	0	0	0	2	0	2.145005
446	4455	0	0	0	2	0	2.607648
447	4468	0	0	0	0	0	1.661544
448	4477	0	0	0	0	0	2.649897
449	4488	0	0	0	0	0	2.520884
450	4500	0	0	0	1	0	1.646315
451	4505	0	0	0	2	0	1.145929
452	4511	0	0	0	1	0	1.437640
453	4525	0	0	0	1	0	1.111190
454	4537	0	0	0	2	0	1.036559
455	4543	0	0	0	1	0	2.958778
456	4555	0	0	0	2	0	1.666420
457	4562	0	0	0	0	0	1.611349
458	4572	0	0	0	2	0	2.810415
459	4579	0	0	0	1	0	2.998176
460	4586	0	0	0	2	0	2.499626
461	4597	0	0	0	1	0	2.927178
462	4609	0	0	0	2	0	1.583425
463	4616	0	0	0	1	0	1.087007
464	4622	0	0	0	0	0	1.442767
465	4633	0	0	0	0	0	1.349328
466	4640	0	0	0	0	0	1.419237
467	4648	0	0	0	1	0	1.917781
468	4659	0	0	0	1	0	2.650801
469	4674	0	0	0	2	0	1.533592
470	4686	0	0	0	1	0	1.246706
471	4703	0	0	0	0	0	1.442947
472	4716	0	0	0	1	0	2.112835
473	4731	0	0	0	0	0	1.415510
474	4737	0	0	0	1	0	2.337907
475	4747	0	0	0	1	0	2.135529
476	4761	0	0	0	1	0	1.953380
477	4771	0	0	0	1	0	1.399110
478	4786	0	0	0	0	0	1.134262
479	4795	0	0	0	2	0	2.808733
480	4805	0	0	0	2	0	1.943407
481	4815	0	0	0	0	0	1.184599
482	4826	0	0	0	1	0	2.678237
483	4837	0	0	0	1	0	2.861961
484	4853	0	0	0	0	0	1.846962
485	4863	0	0	0	0	0	1.669798
486	4873	0	0	0	1	0	2.289248
487	4883	0	0	0	2	0	2.371732
488	4894	0	0	0	0	0	2.528599
489	4907	0	0	0	2	0	2.570264
490	4919	0	0	0	0	0	2.494902
491	4928	0	0	0	0	0	1.802140
492	4937	0	0	0	2	0	2.419156
493	4949	0	0	0	0	0	2.929375
494	4958	0	0	0	1	0	1.419804
495	4975	0	0	0	1	0	2.333209
496	4987	0	0	0	0	0	2.018919
497	4994	0	0	0	0	0	2.896170
498	5008	0	0	0	1	0	1.882744
499	5019	0	0	0	2	0	2.629440
500	5029	0	0	0	2	0	1.669851
501	5034	0	0	0	0	0	1.250683
502	5043	0	0	0	0	0	1.814882
503	5055	0	0	0	0	0	2.475283
504	5072	0	0	0	2	0	1.647398
505	5082	0	0	0	1	0	2.669132
506	5092	0	0	0	0	0	2.676015
507	5103	0	0	0	2	0	2.621426
508	5113	0	0	0	1	0	2.904476
509	5118	0	0	0	1	0	1.659426
510	5125	0	0	0	0	0	2.695009
511	5138	0	0	0	2	0	2.954633
512	5152	0	0	0	2	0	2.622896
513	5159	0	0	0	2	0	1.378035
514	5167	0	0	0	1	0	1.082010
515	5173	0	0	0	0	0	2.581784
516	5181	0	0	0	0	0	2.547155
517	5192	0	0	0	0	0	2.267372
518	5207	0	0	0	2	0	1.114165
519	5217	0	0	0	1	0	2.616136
520	5232	0	0	0	0	0	2.343547
521	5241	0	0	0	0	0	1.791300
522	5250	0	0	0	2	0	1.761535
523	5258	0	0	0	2	0	1.673409
524	5263	0	0	0	0	0	1.456297
525	5274	0	0	0	1	0	1.530001
526	5282	0	0	0	0	0	1.227731
527	5289	0	0	0	0	0	1.568407
528	5303	0	0	0	0	0	2.448197
529	5316	0	0	0	0	0	2.749846
530	5322	0	0	0	1	0	2.102795
531	5335	0	0	0	1	0	1.176894
532	5344	0	0	0	2	0	2.222826
533	5355	0	0	0	2	0	2.055472
534	5366	0	0	0	1	0	2.150116
535	5375	0	0	0	0	0	1.154155
536	5387	0	0	0	2	0	2.736721
537	5398	0	0	0	0	0	2.573829
538	5413	0	0	0	2	0	2.286904
539	5428	0	0	0	1	0	1.780423
540	5434	0	0	0	1	0	1.713810
541	5445	0	0	0	2	0	1.782075
542	5450	0	0	0	0	0	1.939851
543	5465	0	0	0	0	0	1.810034
544	5476	0	0	0	1	0	1.770660
545	5486	0	0	0	0	0	1.903738
546	5497	0	0	0	0	0	1.791054
547	5508	0	0	0	1	0	2.979762
548	5519	0	0	0	2	0	2.737234
549	5531	0	0	0	0	0	1.177636
550	5540	0	0	0	0	0	1.917104
551	5550	0	0	0	0	0	2.299183
552	5560	0	0	0	0	0	1.115174
553	5568	0	0	0	2	0	1.126612
554	5578	0	0	0	0	0	1.006907
555	5582	0	0	0	1	0	1.212354
556	5591	0	0	0	0	0	2.272954
557	5596	0	0	0	0	0	2.416440
558	5607	0	0	0	1	0	2.211216
559	5615	0	0	0	1	0	1.105481
560	5629	0	0	0	0	0	2.849081
561	5639	0	0	0	0	0	2.544811
562	5655	0	0	0	1	0	2.369564
563	5662	0	0	0	0	0	1.546167
564	5675	0	0	0	2	0	1.130091
565	5685	0	0	0	2	0	2.271452
566	5701	0	0	0	2	0	1.124407
567	5706	0	0	0	1	0	1.425675
568	5719	0	0	0	2	0	2.749086
569	5733	0	0	0	2	0	2.381544
570	5745	0	0	0	0	0	1.103472
571	5752	0	0	0	2	0	1.628680
572	5761	0	0	0	1	0	2.739242
573	5768	0	0	0	1	0	1.375009
574	5782	0	0	0	1	0	2.346016
575	5788	0	0	0	1	0	2.422920
576	5797	0	0	0	0	0	2.509462
577	5812	0	0	0	1	0	1.396694
578	5818	0	0	0	0	0	1.064379
579	5826	0	0	0	2	0	1.249750
580	5837	0	0	0	2	0	2.130445
581	5848	0	0	0	0	0	2.623566
582	5857	0	0	0	2	0	2.028298
583	5864	0	0	0	0	0	2.459814
584	5867	0	0	0	2	0	2.044727
585	5873	0	0	0	2	0	2.789943
586	5885	0	0	0	2	0	2.907817
587	5899	0	0	0	1	0	1.671301
588	5907	0	0	0	0	0	2.496836
589	5914	0	0	0	1	0	2.595638
590	5925	0	0	0	1	0	2.073188
591	5938	0	0	0	2	0	2.778568
592	5943	0	0	0	1	0	2.256589
593	5957	0	0	0	0	0	1.876814
594	5967	0	0	0	2	0	2.185411
595	5976	0	0	0	1	0	1.312469
596	5987	0	0	0	0	0	2.529441
597	5999	0	0	0	2	0	1.960734
598	6009	0	0	0	2	0	2.032022
599	6015	0	0	0	0	0	2.492391
600	6028	0	0	0	1	0	2.723386
601	6036	0	0	0	0	0	2.828478
602	6045	0	0	0	2	0	1.436347
603	6058	0	0	0	0	0	2.286236
604	6066	0	0	0	1	0	1.753154
605	6080	0	0	0	2	0	1.183118
606	6093	0	0	0	2	0	1.999046
607	6099	0	0	0	2	0	1.710402
608	6104	0	0	0	0	0	2.713880
609	6114	0	0	0	2	0	1.073859
610	6126	0	0	0	1	0	1.040088
611	6135	0	0	0	0	0	1.743014
612	6145	0	0	0	1	0	2.806202
613	6152	0	0	0	1	0	1.257950
614	6161	0	0	0	2	0	2.558073
615	6168	0	0	0	2	0	1.751297
616	6174	0	0	0	0	0	2.627566
617	6191	0	0	0	0	0	1.094696
618	6203	0	0	0	0	0	1.823988
619	6208	0	0	0	0	0	2.312278
620	6221	0	0	0	2	0	2.155204
621	6234	0	0	0	0	0	2.425955
622	6242	0	0	0	0	0	2.903098
623	6253	0	0	0	2	0	2.843222
624	6257	0	0	0	1	0	1.123143
625	6270	0	0	0	1	0	2.928270
626	6279	0	0	0	2	0	2.571073
627	6291	0	0	0	0	0	1.580991
628	6302	0	0	0	1	0	2.918758
629	6317	0	0	0	0	0	1.616398
630	6329	0	0	0	2	0	1.166299
631	6340	0	0	0	2	0	1.291849
632	6357	0	0	0	0	0	1.821526
633	6363	0	0	0	0	0	1.191675
634	6368	0	0	0	1	0	2.688534
635	6374	0	0	0	0	0	1.065257
636	6382	0	0	0	0	0	2.504962
637	6394	0	0	0	2	0	2.006694
638	6404	0	0	0	1	0	2.280856
639	6413	0	0	0	0	0	1.041329
640	6427	0	0	0	0	0	2.361972
641	6437	0	0	0	1	0	2.282871
642	6445	0	0	0	0	0	1.547043
643	6450	0	0	0	2	0	1.960688
644	6458	0	0	0	1	0	1.781758
645	6465	0	0	0	1	0	2.568325
646	6471	0	0	0	2	0	1.071686
647	6480	0	0	0	2	0	2.919409
648	6493	0	0	0	2	0	2.206189
649	6509	0	0	0	1	0	1.756014
650	6519	0	0	0	0	0	2.881163
651	6537	0	0	0	1	0	2.736840
652	6551	0	0	0	0	0	2.748999
653	6560	0	0	0	1	0	2.820738
654	6570	0	0	0	1	0	2.795280
655	6575	0	0	0	0	0	2.795768
656	6590	0	0	0	2	0	2.750471
657	6600	0	0	0	2	0	2.230463
658	6618	0	0	0	2	0	1.816734
659	6634	0	0	0	0	0	1.428043
660	6642	0	0	0	0	0	1.680787
661	6647	0	0	0	0	0	2.741266
662	6654	0	0	0	0	0	2.901328
663	6665	0	0	0	2	0	2.982500
664	6678	0	0	0	1	0	1.176458
665	6686	0	0	0	2	0	1.171734
666	6692	0	0	0	0	0	1.033586
667	6706	0	0	0	1	0	2.266975
668	6719	0	0	0	1	0	1.878597
669	6731	0	0	0	2	0	1.149306
670	6739	0	0	0	2	0	2.120432
671	6746	0	0	0	0	0	2.153948
672	6753	0	0	0	1	0	2.532724
673	6764	0	0	0	0	0	1.803804
674	6777	0	0	0	1	0	2.927875
675	6790	0	0	0	2	0	2.686695
676	6801	0	0	0	2	0	2.648589
677	6813	0	0	0	0	0	2.885244
678	6828	0	0	0	0	0	1.316067
679	6837	0	0	0	2	0	1.147249
680	6849	0	0	0	1	0	1.134803
681	6861	0	0	0	0	0	1.159892
682	6873	0	0	0	0	0	2.959356
683	6878	0	0	0	2	0	2.282194
684	6890	0	0	0	0	0	2.949144
685	6902	0	0	0	0	0	2.755486
686	6914	0	0	0	1	0	1.496989
687	6921	0	0	0	1	0	2.924123
688	6934	0	0	0	0	0	2.267351
689	6939	0	0	0	0	0	2.343406
690	6957	0	0	0	2	0	1.580331
691	6964	0	0	0	0	0	2.658914
692	6972	0	0	0	0	0	1.320418
693	6982	0	0	0	0	0	1.466174
694	6998	0	0	0	2	0	1.078681
695	7013	0	0	0	2	0	2.334397
696	7023	0	0	0	1	0	1.405055
697	7029	0	0	0	1	0	2.324242
698	7040	0	0	0	0	0	2.358931
699	7045	0	0	0	0	0	2.387721
700	7058	0	0	0	1	0	2.559917
701	7065	0	0	0	1	0	1.995950
702	7072	0	0	0	2	0	1.849770
703	7079	0	0	0	0	0	1.654100
704	7091	0	0	0	2	0	2.212744
705	7100	0	0	0	2	0	1.453577
706	7110	0	0	0	1	0	1.063294
707	7118	0	0	0	0	0	2.690485
708	7128	0	0	0	1	0	2.220393
709	7135	0	0	0	2	0	1.969086
710	7145	0	0	0	1	0	2.083812
711	7153	0	0	0	1	0	2.699376
712	7161	0	0	0	0	0	1.975669
713	7171	0	0	0	1	0	1.872046
714	7177	0	0	0	0	0	1.670702
715	7191	0	0	0	1	0	1.320780
716	7196	0	0	0	0	0	2.577766
717	7204	0	0	0	0	0	1.938649
718	7211	0	0	0	2	0	1.327554
719	7221	0	0	0	0	0	2.011830
720	7231	0	0	0	0	0	1.334884
721	7241	0	0	0	0	0	1.877047
722	7249	0	0	0	1	0	1.297234
723	7256	0	0	0	1	0	1.915861
724	7264	0	0	0	2	0	2.199105
725	7276	0	0	0	1	0	2.225645
726	7288	0	0	0	2	0	1.329879
727	7301	0	0	0	1	0	1.916861
728	7314	0	0	0	0	0	1.310835
729	7326	0	0	0	0	0	2.870730
730	7334	0	0	0	2	0	1.984268
731	7349	0	0	0	2	0	2.211366
732	7361	0	0	0	2	0	2.547974
733	7374	0	0	0	1	0	1.843863
734	7386	0	0	0	0	0	2.753132
735	7401	0	0	0	0	0	2.488526
736	7409	0	0	0	1	0	1.503623
737	7420	0	0	0	0	0	1.861715
738	7429	0	0	0	2	0	1.253289
739	7446	0	0	0	1	0	2.898737
740	7456	0	0	0	0	0	1.767145
741	7468	0	0	0	0	0	2.942325
742	7479	0	0	0	0	0	2.123653
743	7491	0	0	0	0	0	2.286797
744	7501	0	0	0	1	0	2.303805
745	7510	0	0	0	1	0	2.845378
746	7516	0	0	0	2	0	2.232296
747	7524	0	0	0	1	0	2.042325
748	7535	0	0	0	0	0	1.214113
749	7547	0	0	0	0	0	2.075216
750	7555	0	0	0	1	0	1.637462
751	7566	0	0	0	0	0	2.235736
752	7574	0	0	0	1	0	2.747085
753	7583	0	0	0	1	0	1.468743
754	7595	0	0	0	0	0	1.316571
755	7604	0	0	0	1	0	1.489674
756	7614	0	0	0	2	0	1.213697
757	7628	0	0	0	2	0	2.818518
758	7638	0	0	0	1	0	1.221000
759	7645	0	0	0	1	0	2.731976
760	7653	0	0	0	1	0	1.222177
761	7671	0	0	0	0	0	1.675870
762	7676	0	0	0	0	0	1.304421
763	7683	0	0	0	0	0	1.655804
764	7687	0	0	0	0	0	1.573883
765	7695	0	0	0	1	0	2.811789
766	7701	0	0	0	0	0	2.858048
767	7707	0	0	0	1	0	2.216284
768	7717	0	0	0	1	0	1.748210
769	7727	0	0	0	1	0	1.707118
770	7741	0	0	0	0	0	1.991743
771	7757	0	0	0	2	0	1.369231
772	7767	0	0	0	1	0	1.781907
773	7775	0	0	0	1	0	2.353424
774	7787	0	0	0	0	0	2.370578
775	7792	0	0	0	0	0	1.137176
776	7802	0	0	0	1	0	2.498594
777	7814	0	0	0	0	0	1.687131
778	7824	0	0	0	0	0	1.745109
779	7837	0	0	0	0	0	2.886643
780	7846	0	0	0	0	0	2.186948
781	7855	0	0	0	2	0	2.283487
782	7870	0	0	0	0	0	2.411995
783	7882	0	0	0	0	0	2.319558
784	7891	0	0	0	2	0	2.474918
785	7900	0	0	0	1	0	1.194648
786	7910	0	0	0	1	0	2.968419
787	7916	0	0	0	2	0	2.009930
788	7925	0	0	0	2	0	2.137698
789	7933	0	0	0	0	0	1.572723
790	7948	0	0	0	0	0	2.046983
791	7963	0	0	0	1	0	1.782653
792	7977	0	0	0	0	0	1.455605
793	7983	0	0	0	2	0	1.370259
794	7997	0	0	0	0	0	2.182419
795	8010	0	0	0	0	0	2.465969
796	8017	0	0	0	2	0	2.032697
797	8028	0	0	0	1	0	2.740652
798	8040	0	0	0	0	0	1.806117
799	8048	0	0	0	0	0	1.977303
800	8056	0	0	0	2	0	1.961327
801	8068	0	0	0	1	0	2.749933
802	8079	0	0	0	0	0	2.712352
803	8089	0	0	0	1	0	2.630491
804	8094	0	0	0	0	0	1.857773
805	8113	0	0	0	0	0	1.764778
806	8129	0	0	0	1	0	2.488681
807	8138	0	0	0	1	0	1.528076
808	8150	0	0	0	0	0	1.570094
809	8162	0	0	0	0	0	1.359844
810	8177	0	0	0	1	0	2.783969
811	8185	0	0	0	2	0	1.029417
812	8194	0	0	0	2	0	1.379673
813	8203	0	0	0	2	0	1.246733
814	8212	0	0	0	1	0	1.950155
815	8221	0	0	0	0	0	2.964857
816	8227	0	0	0	1	0	2.485487
817	8239	0	0	0	2	0	2.480463
818	8252	0	0	0	1	0	1.959716
819	8264	0	0	0	1	0	2.060944
820	8272	0	0	0	1	0	1.356870
821	8290	0	0	0	1	0	2.894477
822	8296	0	0	0	2	0	1.456418
823	8304	0	0	0	1	0	1.498298
824	8313	0	0	0	0	0	1.390376
825	8328	0	0	0	0	0	2.315071
826	8336	0	0	0	2	0	1.738351
827	8346	0	0	0	0	0	2.692913
828	8359	0	0	0	1	0	2.919409
829	8374	0	0	0	0	0	1.223955
830	8383	0	0	0	1	0	2.583854
831	8392	0	0	0	2	0	1.960435
832	8402	0	0	0	2	0	1.103629
833	8419	0	0	0	1	0	1.725789
834	8426	0	0	0	1	0	1.457405
835	8433	0	0	0	0	0	1.156251
836	8448	0	0	0	2	0	1.587105
837	8455	0	0	0	1	0	2.238648
838	8471	0	0	0	2	0	1.638955
839	8484	0	0	0	0	0	2.358122
840	8496	0	0	0	0	0	2.755992
841	8502	0	0	0	0	0	2.616536
842	8514	0	0	0	0	0	1.969169
843	8529	0	0	0	0	0	1.193565
844	8548	0	0	0	1	0	2.536456
845	8562	0	0	0	0	0	2.947999
846	8570	0	0	0	1	0	2.393050
847	8582	0	0	0	0	0	2.357095
848	8592	0	0	0	1	0	2.320598
849	8597	0	0	0	2	0	1.243275
850	8606	0	0	0	1	0	2.186070
851	8615	0	0	0	2	0	1.505853
852	8625	0	0	0	1	0	1.097101
853	8637	0	0	0	0	0	1.416233
854	8643	0	0	0	0	0	2.961546
855	8655	0	0	0	0	0	2.123416
856	8669	0	0	0	2	0	2.216914
857	8682	0	0	0	0	0	1.980392
858	8691	0	0	0	1	0	1.106761
859	8696	0	0	0	1	0	1.515431
860	8708	0	0	0	1	0	1.430356
861	8713	0	0	0	1	0	2.435392
862	8727	0	0	0	0	0	1.490971
863	8736	0	0	0	0	0	2.700725
864	8743	0	0	0	0	0	2.790441
865	8756	0	0	0	0	0	2.217524
866	8762	0	0	0	2	0	1.138226
867	8771	0	0	0	0	0	2.139651
868	8781	0	0	0	2	0	2.460447
869	8784	0	0	0	2	0	2.739570
870	8793	0	0	0	0	0	2.335140
871	8801	0	0	0	1	0	1.003150
872	8805	0	0	0	2	0	2.360137
873	8817	0	0	0	0	0	1.375268
874	8826	0	0	0	1	0	2.242107
875	8842	0	0	0	2	0	2.497113
876	8848	0	0	0	1	0	2.088282
877	8858	0	0	0	0	0	2.408667
878	8863	0	0	0	0	0	2.815361
879	8873	0	0	0	1	0	2.628963
880	8890	0	0	0	2	0	2.092748
881	8897	0	0	0	1	0	2.392785
882	8906	0	0	0	1	0	2.034927
883	8919	0	0	0	0	0	1.116275
884	8928	0	0	0	2	0	2.053061
885	8939	0	0	0	1	0	2.806832
886	8946	0	0	0	1	0	2.501004
887	8952	0	0	0	0	0	2.352490
888	8965	0	0	0	2	0	1.341681
889	8978	0	0	0	2	0	1.575340
890	8986	0	0	0	2	0	1.568896
891	8993	0	0	0	2	0	1.752707
892	9004	0	0	0	0	0	1.562163
893	9012	0	0	0	1	0	1.488237
894	9024	0	0	0	0	0	1.231652
895	9031	0	0	0	1	0	2.582850
896	9040	0	0	0	0	0	2.759355
897	9048	0	0	0	2	0	1.899393
898	9056	0	0	0	0	0	1.142615
899	9067	0	0	0	0	0	1.949467
900	9081	0	0	0	2	0	2.059520
901	9094	0	0	0	0	0	2.807914
902	9103	0	0	0	2	0	2.197798
903	9110	0	0	0	1	0	1.589310
904	9115	0	0	0	0	0	1.357717
905	9122	0	0	0	1	0	2.745126
906	9135	0	0	0	1	0	1.248650
907	9147	0	0	0	0	0	1.956572
908	9161	0	0	0	0	0	2.277558
909	9169	0	0	0	0	0	2.026970
910	9174	0	0	0	0	0	2.833770
911	9184	0	0	0	1	0	1.790707
912	9196	0	0	0	2	0	2.290566
913	9208	0	0	0	2	0	1.368273
914	9225	0	0	0	0	0	1.140104
915	9243	0	0	0	2	0	2.659119
916	9254	0	0	0	1	0	1.732152
917	9265	0	0	0	2	0	1.860204
918	9280	0	0	0	0	0	2.395767
919	9289	0	0	0	0	0	1.680522
920	9299	0	0	0	1	0	2.289808
921	9306	0	0	0	1	0	2.792521
922	9311	0	0	0	1	0	1.941370
923	9319	0	0	0	2	0	2.298517
924	9328	0	0	0	1	0	2.352198
925	9345	0	0	0	2	0	2.334066
926	9350	0	0	0	2	0	1.826971
927	9358	0	0	0	2	0	2.590267
928	9368	0	0	0	0	0	1.523347
929	9377	0	0	0	0	0	2.768826
930	9384	0	0	0	0	0	1.276172
931	9391	0	0	0	1	0	2.104904
932	9400	0	0	0	1	0	1.062937
933	9410	0	0	0	0	0	1.348067
934	9420	0	0	0	2	0	1.549605
935	9430	0	0	0	2	0	2.025268
936	9438	0	0	0	1	0	2.520181
937	9452	0	0	0	2	0	1.282995
938	9456	0	0	0	1	0	1.270281
939	9464	0	0	0	2	0	1.759598
940	9473	0	0	0	0	0	1.777915
941	9486	0	0	0	0	0	1.159003
942	9501	0	0	0	2	0	2.693568
943	9509	0	0	0	0	0	1.672177
944	9516	0	0	0	2	0	2.463102
945	9527	0	0	0	0	0	1.206447
946	9536	0	0	0	1	0	1.561333
947	9541	0	0	0	0	0	2.259911
948	9546	0	0	0	2	0	2.162385
949	9559	0	0	0	2	0	2.664523
950	9571	0	0	0	0	0	2.446845
951	9579	0	0	0	1	0	2.799160
952	9587	0	0	0	1	0	1.513989
953	9603	0	0	0	2	0	1.532701
954	9614	0	0	0	0	0	2.153814
955	9627	0	0	0	0	0	2.729526
956	9639	0	0	0	2	0	2.593903
957	9653	0	0	0	1	0	2.573915
958	9663	0	0	0	1	0	2.259828
959	9669	0	0	0	0	0	2.174991
960	9673	0	0	0	2	0	2.088229
961	9682	0	0	0	1	0	2.275715
962	9695	0	0	0	1	0	1.842352
963	9707	0	0	0	1	0	2.851077
964	9716	0	0	0	1	0	1.649957
965	9724	0	0	0	0	0	2.788598
966	9733	0	0	0	1	0	1.292267
967	9739	0	0	0	1	0	2.681146
968	9753	0	0	0	1	0	1.238229
969	9762	0	0	0	2	0	1.233798
970	9770	0	0	0	0	0	1.427450
971	9780	0	0	0	1	0	2.597101
972	9790	0	0	0	2	0	2.901754
973	9797	0	0	0	2	0	2.034977
974	9808	0	0	0	0	0	2.668946
975	9818	0	0	0	2	0	2.266764
976	9826	0	0	0	1	0	1.034878
977	9839	0	0	0	0	0	1.534620
978	9846	0	0	0	1	0	1.025903
979	9861	0	0	0	1	0	2.671112
980	9871	0	0	0	0	0	2.134768
981	9889	0	0	0	1	0	2.863719
982	9905	0	0	0	0	0	2.657122
983	9915	0	0	0	0	0	2.028968
984	9929	0	0	0	0	0	1.511956
985	9937	0	0	0	1	0	2.259903
986	9947	0	0	0	0	0	2.002333
987	9960	0	0	0	0	0	2.333149
988	9970	0	0	0	0	0	2.826266
989	9978	0	0	0	1	0	2.741513
990	9983	0	0	0	2	0	1.253879
991	9989	0	0	0	1	0	1.451596
992	9997	0	0	0	2	0	2.610377
993	10002	0	0	0	1	0	1.572575
994	10013	0	0	0	0	0	2.189266
995	10021	0	0	0	1	0	1.110408
996	10037	0	0	0	0	0	2.124600
997	10046	0	0	0	1	0	1.524109
998	10056	0	0	0	1	0	2.990080
999	10065	0	0	0	0	0	2.760744
