0	1	0	0	0	2	0	2.633977
1	5	0	0	0	0	0	1.787081
2	12	0	0	0	1	0	2.919730
3	20	0	0	0	1	0	2.398068
4	32	0	0	0	0	0	2.990383
5	40	0	0	0	1	0	2.418652
6	50	0	0	0	0	0	1.669672
7	60	0	0	0	0	0	2.907885
8	73	0	0	0	0	0	1.448231
9	83	0	0	0	1	0	1.648035
10	90	0	0	0	1	0	1.211815
11	103	0	0	0	1	0	2.029215
12	114	0	0	0	2	0	1.823018
13	120	0	0	0	2	0	1.763624
14	129	0	0	0	0	0	2.258071
15	141	0	0	0	1	0	1.757009
16	153	0	0	0	1	0	1.100828
17	159	0	0	0	0	0	2.845614
18	168	0	0	0	2	0	2.422237
19	179	0	0	0	0	0	2.191071
20	190	0	0	0	0	0	2.618979
21	203	0	0	0	1	0	2.563719
22	212	0	0	0	2	0	2.433227
23	222	0	0	0	1	0	1.369380
24	231	0	0	0	2	0	1.554427
25	235	0	0	0	1	0	1.270345
26	246	0	0	0	0	0	2.727889
27	259	0	0	0	0	0	1.895575
28	265	0	0	0	2	0	1.686885
29	271	0	0	0	0	0	2.386911
30	288	0	0	0	0	0	1.371616
31	305	0	0	0	1	0	2.274975
32	319	0	0	0	1	0	1.884070
33	330	0	0	0	1	0	2.118631
34	339	0	0	0	2	0	2.376727
35	347	0	0	0	2	0	2.648742
36	360	0	0	0	0	0	2.353326
37	366	0	0	0	2	0	2.160153
38	374	0	0	0	1	0	1.977107
39	384	0	0	0	0	0	2.252419
40	392	0	0	0	1	0	1.634125
41	406	0	0	0	2	0	2.334039
42	424	0	0	0	1	0	1.381377
43	433	0	0	0	2	0	1.599154
44	442	0	0	0	2	0	1.750997
45	451	0	0	0	0	0	1.094975
46	465	0	0	0	0	0	2.388098
47	473	0	0	0	0	0	1.731193
48	484	0	0	0	1	0	2.969875
49	491	0	0	0	1	0	1.526380
50	505	0	0	0	2	0	2.591779
51	516	0	0	0	1	0	1.785051
52	526	0	0	0	0	0	2.669916
53	534	0	0	0	2	0	2.679601
54	540	0	0	0	2	0	2.183487
55	550	0	0	0	0	0	1.735999
56	560	0	0	0	1	0	1.607483
57	565	0	0	0	0	0	1.525829
58	576	0	0	0	2	0	2.386612
59	585	0	0	0	0	0	2.876717
60	598	0	0	0	0	0	2.383054
61	605	0	0	0	2	0	1.277240
62	612	0	0	0	1	0	2.834249
63	625	0	0	0	0	0	1.938151
64	638	0	0	0	2	0	1.707576
65	648	0	0	0	1	0	1.519253
66	653	0	0	0	2	0	1.021923
67	657	0	0	0	0	0	1.568912
68	666	0	0	0	1	0	2.320374
69	674	0	0	0	1	0	2.253415
70	683	0	0	0	0	0	2.620453
71	687	0	0	0	1	0	2.055614
72	701	0	0	0	0	0	1.892938
73	713	0	0	0	0	0	2.513801
74	724	0	0	0	2	0	2.517357
75	737	0	0	0	1	0	2.654603
76	744	0	0	0	2	0	1.020514
77	754	0	0	0	0	0	1.003189
78	770	0	0	0	0	0	1.333821
79	787	0	0	0	1	0	1.982285
80	797	0	0	0	2	0	1.474961
81	807	0	0	0	0	0	1.403628
82	818	0	0	0	0	0	2.553338
83	828	0	0	0	2	0	2.594005
84	838	0	0	0	0	0	1.205232
85	842	0	0	0	1	0	1.570505
86	852	0	0	0	0	0	2.425823
87	863	0	0	0	1	0	2.378669
88	870	0	0	0	1	0	1.954873
89	877	0	0	0	1	0	2.541046
90	887	0	0	0	1	0	2.013904
91	898	0	0	0	0	0	1.756503
92	909	0	0	0	2	0	2.046081
93	913	0	0	0	1	0	2.716888
94	926	0	0	0	0	0	2.707074
95	934	0	0	0	2	0	2.724215
96	942	0	0	0	0	0	1.287565
97	951	0	0	0	1	0	2.419047
98	957	0	0	0	2	0	2.687572
99	969	0	0	0	1	0	1.413516
100	983	0	0	0	2	0	1.850292
101	988	0	0	0	0	0	1.618354
102	1001	0	0	0	0	0	1.773316
103	1008	0	0	0	1	0	1.208117
104	1015	0	0	0	0	0	1.436557
105	1024	0	0	0	2	0	1.975994
106	1028	0	0	0	0	0	2.481029
107	1043	0	0	0	0	0	2.972179
108	1051	0	0	0	1	0	1.452632
109	1055	0	0	0	2	0	2.256210
110	1063	0	0	0	0	0	2.365197
111	1077	0	0	0	0	0	2.254557
112	1083	0	0	0	1	0	2.327916
113	1091	0	0	0	0	0	2.138612
114	1097	0	0	0	1	0	1.280652
115	1108	0	0	0	0	0	1.959266
116	1115	0	0	0	2	0	2.744961
117	1126	0	0	0	0	0	1.063559
118	1134	0	0	0	0	0	2.293731
119	1145	0	0	0	1	0	1.390350
120	1156	0	0	0	2	0	1.894460
121	1162	0	0	0	2	0	2.819966
122	1168	0	0	0	0	0	2.923370
123	1177	0	0	0	0	0	1.250754
124	1185	0	0	0	0	0	1.519005
125	1198	0	0	0	1	0	1.435196
126	1207	0	0	0	0	0	2.723543
127	1214	0	0	0	0	0	1.671611
128	1227	0	0	0	1	0	1.698447
129	1237	0	0	0	0	0	2.491623
130	1246	0	0	0	1	0	2.464655
131	1258	0	0	0	1	0	2.467834
132	1266	0	0	0	0	0	1.119516
133	1276	0	0	0	0	0	1.193017
134	1292	0	0	0	1	0	2.896453
135	1304	0	0	0	1	0	2.666383
136	1320	0	0	0	0	0	1.478800
137	1332	0	0	0	1	0	2.814734
138	1343	0	0	0	2	0	2.646363
139	1359	0	0	0	2	0	1.426319
140	1372	0	0	0	0	0	2.410813
141	1381	0	0	0	1	0	2.965041
142	1396	0	0	0	2	0	2.343560
143	1404	0	0	0	0	0	1.874285
144	1412	0	0	0	1	0	2.695830
145	1419	0	0	0	0	0	1.088846
146	1425	0	0	0	0	0	2.012598
147	1432	0	0	0	1	0	1.212049
148	1441	0	0	0	1	0	2.750757
149	1448	0	0	0	1	0	1.922453
150	1460	0	0	0	2	0	1.117487
151	1466	0	0	0	1	0	1.230320
152	1482	0	0	0	2	0	2.080917
153	1497	0	0	0	1	0	1.592647
154	1508	0	0	0	1	0	2.016265
155	1513	0	0	0	2	0	1.870775
156	1523	0	0	0	0	0	1.591374
157	1538	0	0	0	0	0	2.901604
158	1555	0	0	0	0	0	2.473077
159	1567	0	0	0	1	0	1.004241
160	1578	0	0	0	2	0	1.986718
161	1593	0	0	0	0	0	2.885163
162	1603	0	0	0	0	0	1.167410
163	1614	0	0	0	0	0	2.952976
164	1619	0	0	0	2	0	2.434877
165	1630	0	0	0	2	0	1.509567
166	1640	0	0	0	0	0	1.843429
167	1642	0	0	0	2	0	1.915263
168	1656	0	0	0	1	0	1.539804
169	1668	0	0	0	0	0	2.363414
170	1677	0	0	0	1	0	2.812413
171	1685	0	0	0	1	0	2.297613
172	1696	0	0	0	2	0	2.784055
173	1705	0	0	0	2	0	1.615299
174	1718	0	0	0	0	0	1.665629
175	1723	0	0	0	2	0	2.630877
176	1730	0	0	0	0	0	2.599887
177	1738	0	0	0	2	0	2.585258
178	1749	0	0	0	1	0	2.799039
179	1760	0	0	0	1	0	2.991986
180	1769	0	0	0	2	0	2.086552
181	1777	0	0	0	1	0	2.200225
182	1788	0	0	0	0	0	1.563324
183	1792	0	0	0	2	0	1.256768
184	1811	0	0	0	1	0	1.873201
185	1817	0	0	0	1	0	2.428889
186	1829	0	0	0	1	0	1.794607
187	1837	0	0	0	0	0	2.561729
188	1844	0	0	0	1	0	2.631857
189	1853	0	0	0	1	0	1.478070
190	1865	0	0	0	2	0	1.104608
191	1876	0	0	0	0	0	2.498189
192	1890	0	0	0	2	0	1.543976
193	1903	0	0	0	1	0	2.409379
194	1916	0	0	0	0	0	1.047374
195	1923	0	0	0	1	0	2.892839
196	1935	0	0	0	1	0	2.455340
197	1944	0	0	0	1	0	2.578306
198	1948	0	0	0	2	0	2.177001
199	1961	0	0	0	2	0	1.791227
200	1967	0	0	0	1	0	2.784399
201	1975	0	0	0	1	0	2.968930
202	1988	0	0	0	2	0	1.642433
203	2003	0	0	0	2	0	2.588963
204	2011	0	0	0	2	0	2.423818
205	2026	0	0	0	2	0	1.812629
206	2037	0	0	0	2	0	2.386271
207	2051	0	0	0	1	0	1.744633
208	2060	0	0	0	2	0	1.472971
209	2072	0	0	0	0	0	1.370326
210	2084	0	0	0	1	0	1.428682
211	2096	0	0	0	1	0	2.734592
212	2103	0	0	0	0	0	2.488280
213	2111	0	0	0	0	0	1.253071
214	2122	0	0	0	1	0	1.285733
215	2129	0	0	0	2	0	1.459466
216	2133	0	0	0	1	0	1.203160
217	2140	0	0	0	2	0	1.311421
218	2149	0	0	0	2	0	1.345978
219	2160	0	0	0	0	0	2.938689
220	2175	0	0	0	1	0	2.567622
221	2183	0	0	0	1	0	2.337388
222	2195	0	0	0	1	0	1.746175
223	2202	0	0	0	0	0	1.337959
224	2213	0	0	0	0	0	2.522120
225	2224	0	0	0	2	0	1.346031
226	2235	0	0	0	0	0	1.702533
227	2239	0	0	0	2	0	1.046965
228	2251	0	0	0	0	0	2.957634
229	2260	0	0	0	2	0	2.611540
230	2271	0	0	0	1	0	2.799911
231	2283	0	0	0	0	0	1.307146
232	2291	0	0	0	0	0	2.102174
233	2297	0	0	0	1	0	1.827430
234	2309	0	0	0	2	0	2.071875
235	2317	0	0	0	2	0	2.259329
236	2329	0	0	0	2	0	1.202420
237	2338	0	0	0	2	0	2.287420
238	2344	0	0	0	1	0	2.258960
239	2355	0	0	0	0	0	1.590012
240	2366	0	0	0	2	0	2.650904
241	2377	0	0	0	0	0	1.870315
242	2386	0	0	0	2	0	2.982840
243	2398	0	0	0	1	0	1.476757
244	2410	0	0	0	2	0	1.605138
245	2413	0	0	0	1	0	1.653717
246	2423	0	0	0	0	0	2.081960
247	2428	0	0	0	0	0	1.093027
248	2438	0	0	0	0	0	2.998340
249	2449	0	0	0	2	0	2.143875
250	2456	0	0	0	2	0	2.468323
251	2466	0	0	0	2	0	1.539306
252	2473	0	0	0	2	0	2.694211
253	2483	0	0	0	0	0	2.679213
254	2489	0	0	0	0	0	1.832272
255	2501	0	0	0	0	0	1.675506
256	2514	0	0	0	1	0	2.554948
257	2524	0	0	0	0	0	1.173129
258	2533	0	0	0	2	0	1.577015
259	2544	0	0	0	0	0	1.724238
260	2556	0	0	0	0	0	1.226339
261	2562	0	0	0	0	0	1.883229
262	2578	0	0	0	0	0	2.002053
263	2585	0	0	0	0	0	2.684987
264	2594	0	0	0	1	0	2.759460
265	2604	0	0	0	2	0	1.297347
266	2611	0	0	0	1	0	1.557977
267	2623	0	0	0	1	0	1.743772
268	2637	0	0	0	1	0	1.142150
269	2647	0	0	0	0	0	1.012072
270	2659	0	0	0	1	0	1.943549
271	2669	0	0	0	2	0	1.587486
272	2678	0	0	0	0	0	2.814198
273	2695	0	0	0	0	0	1.606524
274	2703	0	0	0	2	0	2.441222
275	2716	0	0	0	0	0	1.923429
276	2726	0	0	0	1	0	2.706865
277	2733	0	0	0	0	0	1.873488
278	2745	0	0	0	0	0	1.516327
279	2757	0	0	0	0	0	1.633721
280	2773	0	0	0	2	0	1.369545
281	2784	0	0	0	2	0	2.192123
282	2794	0	0	0	0	0	2.640761
283	2808	0	0	0	0	0	2.409668
284	2815	0	0	0	0	0	1.178060
285	2830	0	0	0	1	0	1.778206
286	2836	0	0	0	0	0	2.885615
287	2848	0	0	0	0	0	2.055233
288	2858	0	0	0	2	0	1.460190
289	2865	0	0	0	1	0	1.677501
290	2868	0	0	0	2	0	1.431404
291	2878	0	0	0	1	0	2.948237
292	2894	0	0	0	0	0	1.111229
293	2909	0	0	0	0	0	2.922434
294	2916	0	0	0	0	0	2.066838
295	2928	0	0	0	1	0	2.303902
296	2936	0	0	0	1	0	1.930972
297	2950	0	0	0	0	0	1.506024
298	2967	0	0	0	1	0	1.772832
299	2972	0	0	0	2	0	2.873544
300	2976	0	0	0	0	0	2.820234
301	2987	0	0	0	0	0	2.556451
302	3000	0	0	0	1	0	2.669680
303	3014	0	0	0	0	0	2.974119
304	3020	0	0	0	1	0	2.076292
305	3032	0	0	0	2	0	1.417421
306	3039	0	0	0	2	0	1.920935
307	3047	0	0	0	0	0	1.293699
308	3060	0	0	0	2	0	2.409201
309	3069	0	0	0	0	0	1.783769
310	3077	0	0	0	1	0	2.051124
311	3083	0	0	0	2	0	1.580810
312	3094	0	0	0	1	0	1.564951
313	3105	0	0	0	0	0	1.644307
314	3113	0	0	0	2	0	1.228547
315	3120	0	0	0	1	0	2.495730
316	3131	0	0	0	0	0	2.224063
317	3143	0	0	0	1	0	2.299160
318	3151	0	0	0	1	0	1.776255
319	3162	0	0	0	1	0	1.115536
320	3174	0	0	0	1	0	2.994505
321	3185	0	0	0	0	0	1.844566
322	3194	0	0	0	2	0	1.613954
323	3209	0	0	0	0	0	2.413900
324	3219	0	0	0	1	0	2.166836
325	3226	0	0	0	2	0	1.939602
326	3239	0	0	0	0	0	1.036099
327	3256	0	0	0	2	0	2.387298
328	3263	0	0	0	0	0	2.499225
329	3273	0	0	0	2	0	2.144711
330	3283	0	0	0	1	0	1.197300
331	3292	0	0	0	1	0	1.477225
332	3303	0	0	0	1	0	2.540939
333	3311	0	0	0	0	0	2.058120
334	3316	0	0	0	0	0	2.002888
335	3324	0	0	0	1	0	1.451534
336	3341	0	0	0	2	0	2.821480
337	3352	0	0	0	1	0	1.033661
338	3360	0	0	0	0	0	2.381775
339	3370	0	0	0	0	0	2.275024
340	3383	0	0	0	1	0	1.497176
341	3398	0	0	0	2	0	1.099355
342	3406	0	0	0	0	0	1.662372
343	3420	0	0	0	1	0	1.751177
344	3426	0	0	0	2	0	2.010077
345	3433	0	0	0	2	0	2.667618
346	3440	0	0	0	1	0	1.219531
347	3448	0	0	0	0	0	2.889878
348	3460	0	0	0	0	0	2.977819
349	3475	0	0	0	1	0	2.259609
350	3482	0	0	0	2	0	2.850784
351	3491	0	0	0	1	0	2.745850
352	3500	0	0	0	0	0	2.789372
353	3514	0	0	0	1	0	1.595306
354	3525	0	0	0	0	0	2.577550
355	3531	0	0	0	1	0	2.902941
356	3537	0	0	0	1	0	1.511081
357	3545	0	0	0	1	0	2.438069
358	3554	0	0	0	0	0	1.071203
359	3569	0	0	0	1	0	2.909708
360	3579	0	0	0	0	0	1.098295
361	3596	0	0	0	0	0	1.834264
362	3604	0	0	0	2	0	1.594840
363	3614	0	0	0	0	0	1.920963
364	3628	0	0	0	1	0	1.870752
365	3634	0	0	0	1	0	2.447096
366	3647	0	0	0	1	0	2.101529
367	3660	0	0	0	2	0	2.655532
368	3671	0	0	0	2	0	2.142765
369	3679	0	0	0	1	0	1.945004
370	3691	0	0	0	0	0	1.337273
371	3702	0	0	0	1	0	2.816747
372	3712	0	0	0	0	0	2.482783
373	3725	0	0	0	2	0	2.997751
374	3740	0	0	0	0	0	1.112830
375	3747	0	0	0	0	0	1.838096
376	3766	0	0	0	2	0	2.841167
377	3777	0	0	0	1	0	2.341575
378	3786	0	0	0	2	0	2.229198
379	3798	0	0	0	1	0	2.481855
380	3809	0	0	0	1	0	2.359155
381	3817	0	0	0	0	0	1.711883
382	3823	0	0	0	1	0	2.285888
383	3833	0	0	0	0	0	1.870543
384	3837	0	0	0	1	0	1.061153
385	3850	0	0	0	1	0	1.435268
386	3863	0	0	0	0	0	2.895829
387	3876	0	0	0	1	0	1.953918
388	3887	0	0	0	0	0	2.047603
389	3902	0	0	0	1	0	1.248087
390	3913	0	0	0	1	0	1.465077
391	3925	0	0	0	0	0	2.796869
392	3938	0	0	0	1	0	2.077725
393	3947	0	0	0	2	0	1.902486
394	3954	0	0	0	1	0	1.192114
395	3961	0	0	0	2	0	2.817362
396	3977	0	0	0	0	0	2.225324
397	3983	0	0	0	0	0	2.517531
398	3991	0	0	0	0	0	1.349515
399	4001	0	0	0	2	0	1.864041
400	4010	0	0	0	0	0	1.006112
401	4019	0	0	0	2	0	1.113002
402	4030	0	0	0	2	0	2.001457
403	4045	0	0	0	1	0	1.154262
404	4050	0	0	0	0	0	2.569166
405	4058	0	0	0	1	0	2.358999
406	4066	0	0	0	0	0	1.361859
407	4073	0	0	0	0	0	1.418911
408	4082	0	0	0	2	0	1.871731
409	4093	0	0	0	0	0	1.949517
410	4102	0	0	0	0	0	1.134124
411	4114	0	0	0	0	0	2.784708
412	4123	0	0	0	1	0	1.613152
413	4133	0	0	0	1	0	2.905344
414	4140	0	0	0	0	0	1.531828
415	4149	0	0	0	1	0	1.553757
416	4158	0	0	0	0	0	1.406398
417	4169	0	0	0	0	0	2.985583
418	4183	0	0	0	0	0	1.245228
419	4190	0	0	0	2	0	1.232937
420	4201	0	0	0	1	0	1.196795
421	4211	0	0	0	2	0	1.601881
422	4222	0	0	0	1	0	2.245063
423	4231	0	0	0	2	0	2.204066
424	4244	0	0	0	2	0	2.381377
425	4255	0	0	0	0	0	2.969109
426	4265	0	0	0	1	0	1.784625
427	4278	0	0	0	1	0	2.053249
428	4287	0	0	0	0	0	1.292512
429	4299	0	0	0	2	0	1.851929
430	4306	0	0	0	0	0	2.595540
431	4315	0	0	0	1	0	1.529458
432	4323	0	0	0	0	0	2.766685
433	4330	0	0	0	1	0	1.308677
434	4344	0	0	0	2	0	1.309696
435	4354	0	0	0	0	0	2.338908
436	4365	0	0	0	0	0	1.755312
437	4370	0	0	0	0	0	1.920767
438	4383	0	0	0	2	0	1.254183
439	4399	0	0	0	0	0	2.627292
440	4408	0	0	0	0	0	2.989609
441	4414	0	0	0	1	0	2.475259
442	4427	0	0	0	1	0	2.868951
443	4435	0	0	0	0	0	2.783836
444	4448	0	0	0	0	0	2.125259
445	4454	0	0	0	1	0	1.425048
446	4464	0	0	0	0	0	1.236960
447	4476	0	0	0	0	0	1.967392
448	4491	0	0	0	0	0	1.601928
449	4498	0	0	0	1	0	2.385797
450	4505	0	0	0	2	0	2.551934
451	4519	0	0	0	1	0	2.297136
452	4531	0	0	0	0	0	2.223284
453	4539	0	0	0	0	0	1.575440
454	4551	0	0	0	1	0	1.557671
455	4560	0	0	0	1	0	1.551354
456	4576	0	0	0	2	0	1.525598
457	4581	0	0	0	1	0	2.265028
458	4590	0	0	0	0	0	2.822894
459	4602	0	0	0	2	0	1.491708
460	4612	0	0	0	2	0	1.123397
461	4620	0	0	0	0	0	1.313501
462	4631	0	0	0	1	0	2.591480
463	4633	0	0	0	2	0	2.724018
464	4645	0	0	0	0	0	2.019790
465	4652	0	0	0	0	0	2.788494
466	4659	0	0	0	0	0	2.369037
467	4674	0	0	0	1	0	1.516732
468	4680	0	0	0	0	0	1.152345
469	4689	0	0	0	0	0	1.530061
470	4698	0	0	0	0	0	2.277170
471	4707	0	0	0	0	0	1.383281
472	4720	0	0	0	1	0	2.323654
473	4734	0	0	0	2	0	2.967239
474	4744	0	0	0	0	0	1.097873
475	4756	0	0	0	1	0	1.840813
476	4767	0	0	0	1	0	1.621109
477	4775	0	0	0	0	0	2.675721
478	4788	0	0	0	1	0	1.972039
479	4794	0	0	0	1	0	2.111992
480	4802	0	0	0	0	0	2.481378
481	4806	0	0	0	0	0	2.632130
482	4821	0	0	0	1	0	1.861384
483	4832	0	0	0	1	0	1.392424
484	4842	0	0	0	2	0	1.800691
485	4852	0	0	0	2	0	1.643855
486	4864	0	0	0	1	0	1.473272
487	4874	0	0	0	1	0	1.814538
488	4880	0	0	0	0	0	1.932684
489	4888	0	0	0	1	0	1.650602
490	4897	0	0	0	0	0	1.460001
491	4908	0	0	0	2	0	1.484277
492	4912	0	0	0	1	0	2.036932
493	4922	0	0	0	0	0	2.709445
494	4930	0	0	0	1	0	1.225835
495	4945	0	0	0	1	0	2.605892
496	4958	0	0	0	1	0	2.638109
497	4968	0	0	0	2	0	2.691526
498	4977	0	0	0	0	0	1.282873
499	4982	0	0	0	2	0	2.564496
500	4986	0	0	0	0	0	1.066455
501	4994	0	0	0	0	0	2.065920
502	5003	0	0	0	1	0	1.946173
503	5015	0	0	0	0	0	2.030868
504	5024	0	0	0	0	0	2.287244
505	5031	0	0	0	1	0	2.813174
506	5041	0	0	0	0	0	2.449471
507	5051	0	0	0	2	0	1.817244
508	5059	0	0	0	1	0	2.592215
509	5077	0	0	0	0	0	1.746421
510	5083	0	0	0	0	0	2.391856
511	5095	0	0	0	0	0	2.009897
512	5110	0	0	0	0	0	2.232674
513	5117	0	0	0	2	0	1.921571
514	5128	0	0	0	0	0	1.469012
515	5139	0	0	0	1	0	1.675687
516	5155	0	0	0	0	0	1.185451
517	5163	0	0	0	1	0	2.471577
518	5171	0	0	0	0	0	2.348603
519	5181	0	0	0	0	0	1.749212
520	5188	0	0	0	1	0	1.324007
521	5202	0	0	0	1	0	1.532989
522	5209	0	0	0	0	0	2.860436
523	5218	0	0	0	2	0	2.343279
524	5223	0	0	0	0	0	1.690964
525	5234	0	0	0	1	0	1.129326
526	5245	0	0	0	0	0	2.264256
527	5260	0	0	0	2	0	2.733865
528	5269	0	0	0	0	0	2.229676
529	5275	0	0	0	0	0	1.034565
530	5281	0	0	0	2	0	2.713024
531	5290	0	0	0	1	0	1.331511
532	5300	0	0	0	1	0	1.955944
533	5307	0	0	0	2	0	1.532497
534	5319	0	0	0	0	0	1.092038
535	5327	0	0	0	1	0	1.921811
536	5338	0	0	0	1	0	1.834989
537	5346	0	0	0	2	0	2.281044
538	5355	0	0	0	1	0	2.077219
539	5362	0	0	0	1	0	2.815729
540	5374	0	0	0	0	0	1.242995
541	5384	0	0	0	2	0	2.750874
542	5392	0	0	0	1	0	2.349262
543	5400	0	0	0	2	0	1.270833
544	5406	0	0	0	2	0	2.437160
545	5414	0	0	0	0	0	2.317252
546	5432	0	0	0	2	0	1.586798
547	5447	0	0	0	1	0	2.431248
548	5456	0	0	0	0	0	2.322181
549	5466	0	0	0	1	0	2.608198
550	5477	0	0	0	1	0	2.038512
551	5483	0	0	0	1	0	2.937130
552	5492	0	0	0	1	0	1.837040
553	5499	0	0	0	0	0	2.598680
554	5518	0	0	0	0	0	2.565327
555	5527	0	0	0	2	0	2.427945
556	5537	0	0	0	2	0	2.315861
557	5546	0	0	0	0	0	1.493331
558	5554	0	0	0	0	0	1.694220
559	5568	0	0	0	0	0	2.148204
560	5576	0	0	0	2	0	2.889848
561	5586	0	0	0	1	0	1.632175
562	5597	0	0	0	0	0	2.706697
563	5605	0	0	0	0	0	1.069358
564	5616	0	0	0	0	0	1.252653
565	5633	0	0	0	1	0	1.348621
566	5641	0	0	0	2	0	2.279073
567	5646	0	0	0	1	0	2.878998
568	5655	0	0	0	1	0	2.429440
569	5666	0	0	0	2	0	2.007617
570	5679	0	0	0	0	0	1.429260
571	5689	0	0	0	1	0	2.937362
572	5694	0	0	0	1	0	2.282799
573	5705	0	0	0	2	0	2.814832
574	5716	0	0	0	1	0	2.804295
575	5723	0	0	0	0	0	1.688347
576	5729	0	0	0	0	0	2.784241
577	5740	0	0	0	2	0	2.678773
578	5753	0	0	0	0	0	2.803193
579	5763	0	0	0	2	0	2.479681
580	5782	0	0	0	0	0	1.316434
581	5787	0	0	0	0	0	2.351964
582	5797	0	0	0	1	0	1.523401
583	5813	0	0	0	1	0	1.667786
584	5824	0	0	0	0	0	2.383796
585	5835	0	0	0	2	0	1.236760
586	5847	0	0	0	2	0	1.654623
587	5858	0	0	0	1	0	2.953246
588	5864	0	0	0	2	0	1.625959
589	5871	0	0	0	0	0	2.366984
590	5880	0	0	0	1	0	2.324524
591	5892	0	0	0	2	0	1.388426
592	5905	0	0	0	0	0	2.190867
593	5916	0	0	0	2	0	2.438544
594	5927	0	0	0	2	0	2.200814
595	5943	0	0	0	1	0	1.730329
596	5950	0	0	0	2	0	1.375712
597	5959	0	0	0	0	0	2.416036
598	5972	0	0	0	0	0	2.730297
599	5984	0	0	0	0	0	1.747938
600	5992	0	0	0	0	0	2.476574
601	5999	0	0	0	0	0	1.345466
602	6006	0	0	0	0	0	2.291977
603	6013	0	0	0	1	0	2.598905
604	6023	0	0	0	1	0	2.081083
605	6032	0	0	0	2	0	2.542806
606	6045	0	0	0	1	0	2.672422
607	6053	0	0	0	2	0	2.254172
608	6058	0	0	0	1	0	2.966829
609	6070	0	0	0	2	0	2.613585
610	6082	0	0	0	0	0	2.674123
611	6097	0	0	0	0	0	1.464876
612	6106	0	0	0	0	0	2.337809
613	6114	0	0	0	0	0	1.816323
614	6121	0	0	0	1	0	2.568204
615	6132	0	0	0	0	0	1.977247
616	6140	0	0	0	0	0	2.280214
617	6147	0	0	0	2	0	2.131728
618	6157	0	0	0	2	0	1.485034
619	6162	0	0	0	0	0	2.966092
620	6175	0	0	0	0	0	1.941884
621	6184	0	0	0	0	0	1.736934
622	6194	0	0	0	2	0	2.739670
623	6204	0	0	0	1	0	2.140957
624	6221	0	0	0	0	0	1.379341
625	6227	0	0	0	1	0	1.655635
626	6241	0	0	0	1	0	1.700168
627	6253	0	0	0	0	0	1.888652
628	6261	0	0	0	2	0	1.637123
629	6268	0	0	0	1	0	2.675878
630	6275	0	0	0	2	0	1.752855
631	6286	0	0	0	2	0	2.344629
632	6295	0	0	0	0	0	2.796665
633	6312	0	0	0	0	0	2.400941
634	6323	0	0	0	0	0	2.756361
635	6336	0	0	0	0	0	2.944009
636	6340	0	0	0	0	0	2.506690
637	6354	0	0	0	1	0	1.116827
638	6359	0	0	0	1	0	2.028592
639	6367	0	0	0	1	0	1.208813
640	6376	0	0	0	2	0	2.271076
641	6389	0	0	0	1	0	2.889504
642	6397	0	0	0	0	0	1.528974
643	6409	0	0	0	1	0	1.527295
644	6418	0	0	0	0	0	1.700790
645	6425	0	0	0	1	0	1.617662
646	6440	0	0	0	0	0	2.255159
647	6449	0	0	0	0	0	2.893496
648	6461	0	0	0	0	0	2.664400
649	6466	0	0	0	2	0	2.052907
650	6481	0	0	0	2	0	1.025106
651	6492	0	0	0	0	0	2.522883
652	6508	0	0	0	0	0	1.283172
653	6518	0	0	0	1	0	1.045642
654	6530	0	0	0	1	0	2.951250
655	6544	0	0	0	1	0	1.379337
656	6558	0	0	0	0	0	2.985540
657	6573	0	0	0	0	0	2.470024
658	6578	0	0	0	2	0	2.721442
659	6585	0	0	0	1	0	2.376917
660	6594	0	0	0	1	0	1.112327
661	6607	0	0	0	2	0	1.680525
662	6618	0	0	0	0	0	1.426141
663	6630	0	0	0	1	0	2.145841
664	6647	0	0	0	2	0	1.240564
665	6659	0	0	0	2	0	2.466672
666	6673	0	0	0	0	0	1.768175
667	6682	0	0	0	0	0	2.651763
668	6689	0	0	0	0	0	1.234262
669	6697	0	0	0	1	0	2.544264
670	6706	0	0	0	0	0	2.790582
671	6720	0	0	0	2	0	1.244291
672	6727	0	0	0	0	0	1.794896
673	6736	0	0	0	0	0	2.971369
674	6745	0	0	0	2	0	1.301007
675	6756	0	0	0	2	0	1.484598
676	6768	0	0	0	0	0	2.139805
677	6781	0	0	0	2	0	2.521786
678	6789	0	0	0	0	0	2.524039
679	6804	0	0	0	2	0	1.810963
680	6809	0	0	0	1	0	1.435465
681	6820	0	0	0	0	0	1.422652
682	6837	0	0	0	0	0	1.295407
683	6846	0	0	0	1	0	1.336901
684	6853	0	0	0	0	0	1.592777
685	6871	0	0	0	0	0	2.014283
686	6878	0	0	0	1	0	2.980758
687	6891	0	0	0	0	0	2.477740
688	6901	0	0	0	0	0	1.975254
689	6913	0	0	0	2	0	1.194742
690	6928	0	0	0	0	0	1.513121
691	6939	0	0	0	0	0	1.042719
692	6950	0	0	0	0	0	2.464059
693	6958	0	0	0	0	0	2.203283
694	6971	0	0	0	0	0	1.406232
695	6981	0	0	0	0	0	2.313470
696	6991	0	0	0	0	0	2.391669
697	7001	0	0	0	1	0	2.409003
698	7019	0	0	0	2	0	2.017238
699	7027	0	0	0	0	0	1.450633
700	7038	0	0	0	1	0	2.253454
701	7049	0	0	0	1	0	2.216282
702	7062	0	0	0	1	0	1.583408
703	7071	0	0	0	1	0	1.149729
704	7078	0	0	0	2	0	2.886614
705	7094	0	0	0	1	0	1.095069
706	7101	0	0	0	1	0	2.259692
707	7109	0	0	0	0	0	1.520289
708	7116	0	0	0	1	0	2.398645
709	7129	0	0	0	1	0	2.418800
710	7140	0	0	0	0	0	2.391715
711	7150	0	0	0	0	0	2.752857
712	7160	0	0	0	1	0	1.924878
713	7168	0	0	0	0	0	2.203184
714	7176	0	0	0	0	0	1.924676
715	7186	0	0	0	2	0	1.682132
716	7194	0	0	0	0	0	2.489834
717	7203	0	0	0	0	0	2.328540
718	7223	0	0	0	2	0	2.675989
719	7234	0	0	0	2	0	2.507436
720	7237	0	0	0	0	0	2.017622
721	7250	0	0	0	0	0	1.719670
722	7264	0	0	0	2	0	1.656297
723	7273	0	0	0	0	0	1.291564
724	7283	0	0	0	0	0	1.828752
725	7301	0	0	0	0	0	1.674094
726	7310	0	0	0	2	0	2.141061
727	7317	0	0	0	1	0	2.621321
728	7327	0	0	0	1	0	2.523877
729	7335	0	0	0	2	0	2.865967
730	7345	0	0	0	0	0	2.098224
731	7355	0	0	0	2	0	1.474102
732	7366	0	0	0	2	0	2.209883
733	7379	0	0	0	0	0	2.888975
734	7384	0	0	0	1	0	1.661107
735	7399	0	0	0	2	0	2.412894
736	7405	0	0	0	1	0	1.239403
737	7414	0	0	0	0	0	1.400327
738	7419	0	0	0	2	0	1.415956
739	7433	0	0	0	0	0	2.684935
740	7441	0	0	0	0	0	2.626064
741	7453	0	0	0	2	0	2.631057
742	7465	0	0	0	2	0	2.452773
743	7481	0	0	0	0	0	1.016089
744	7491	0	0	0	2	0	1.524188
745	7503	0	0	0	0	0	2.901748
746	7513	0	0	0	1	0	1.830900
747	7519	0	0	0	1	0	1.801479
748	7532	0	0	0	0	0	2.142023
749	7549	0	0	0	2	0	2.528522
750	7563	0	0	0	0	0	2.468412
751	7568	0	0	0	2	0	2.979315
752	7579	0	0	0	0	0	2.780901
753	7590	0	0	0	1	0	2.529467
754	7600	0	0	0	2	0	2.516578
755	7614	0	0	0	0	0	1.570985
756	7623	0	0	0	2	0	2.366782
757	7631	0	0	0	2	0	2.045031
758	7644	0	0	0	0	0	2.227053
759	7653	0	0	0	2	0	2.436725
760	7660	0	0	0	0	0	2.540014
761	7669	0	0	0	0	0	1.635146
762	7678	0	0	0	2	0	2.196222
763	7696	0	0	0	0	0	1.433126
764	7704	0	0	0	0	0	1.234832
765	7710	0	0	0	2	0	2.262447
766	7719	0	0	0	2	0	1.928865
767	7731	0	0	0	2	0	2.473489
768	7740	0	0	0	0	0	2.296646
769	7750	0	0	0	1	0	1.814292
770	7760	0	0	0	0	0	2.711362
771	7767	0	0	0	2	0	2.613920
772	7776	0	0	0	1	0	1.153022
773	7780	0	0	0	1	0	1.781443
774	7784	0	0	0	1	0	2.515270
775	7798	0	0	0	0	0	1.878693
776	7803	0	0	0	2	0	1.773459
777	7808	0	0	0	0	0	1.030469
778	7815	0	0	0	2	0	2.451201
779	7824	0	0	0	1	0	1.177680
780	7828	0	0	0	1	0	2.738426
781	7842	0	0	0	0	0	2.601854
782	7847	0	0	0	0	0	2.747276
783	7857	0	0	0	1	0	2.955595
784	7866	0	0	0	0	0	2.756278
785	7879	0	0	0	0	0	1.665902
786	7888	0	0	0	0	0	2.255453
787	7896	0	0	0	1	0	1.891712
788	7907	0	0	0	2	0	1.619709
789	7916	0	0	0	0	0	2.666499
790	7925	0	0	0	1	0	2.468804
791	7936	0	0	0	0	0	2.566639
792	7952	0	0	0	0	0	1.595152
793	7961	0	0	0	2	0	2.750563
794	7968	0	0	0	0	0	2.466000
795	7976	0	0	0	0	0	2.976294
796	7987	0	0	0	0	0	1.543892
797	8000	0	0	0	2	0	1.097658
798	8006	0	0	0	0	0	1.111083
799	8020	0	0	0	0	0	2.880812
800	8034	0	0	0	1	0	1.221136
801	8040	0	0	0	1	0	1.843419
802	8054	0	0	0	1	0	2.361578
803	8066	0	0	0	1	0	2.928637
804	8069	0	0	0	0	0	2.326038
805	8081	0	0	0	0	0	2.069052
806	8091	0	0	0	0	0	1.036370
807	8104	0	0	0	0	0	2.001452
808	8113	0	0	0	2	0	2.994766
809	8121	0	0	0	1	0	1.467514
810	8136	0	0	0	1	0	1.597374
811	8147	0	0	0	0	0	1.122774
812	8156	0	0	0	2	0	1.645567
813	8164	0	0	0	0	0	2.913029
814	8169	0	0	0	0	0	2.880754
815	8176	0	0	0	1	0	1.305022
816	8184	0	0	0	2	0	2.851734
817	8189	0	0	0	1	0	2.776343
818	8200	0	0	0	2	0	1.970561
819	8210	0	0	0	0	0	1.054097
820	8227	0	0	0	1	0	1.693450
821	8239	0	0	0	0	0	1.357424
822	8249	0	0	0	2	0	1.612658
823	8259	0	0	0	0	0	1.054303
824	8266	0	0	0	2	0	1.432924
825	8274	0	0	0	1	0	2.214520
826	8283	0	0	0	0	0	1.375386
827	8295	0	0	0	2	0	1.459413
828	8306	0	0	0	0	0	2.564259
829	8310	0	0	0	0	0	2.801008
830	8315	0	0	0	2	0	2.050472
831	8329	0	0	0	1	0	2.533785
832	8336	0	0	0	1	0	1.094368
833	8344	0	0	0	1	0	1.093798
834	8350	0	0	0	1	0	2.460712
835	8367	0	0	0	0	0	2.521149
836	8378	0	0	0	2	0	2.344161
837	8388	0	0	0	0	0	1.966118
838	8394	0	0	0	0	0	2.388472
839	8405	0	0	0	1	0	1.605989
840	8420	0	0	0	0	0	2.086185
841	8432	0	0	0	2	0	2.426432
842	8444	0	0	0	1	0	2.749506
843	8451	0	0	0	0	0	1.700974
844	8459	0	0	0	0	0	1.193863
845	8468	0	0	0	1	0	1.108929
846	8479	0	0	0	0	0	1.751193
847	8493	0	0	0	1	0	2.972390
848	8501	0	0	0	1	0	2.548864
849	8517	0	0	0	2	0	1.451175
850	8524	0	0	0	2	0	1.733420
851	8538	0	0	0	0	0	2.089051
852	8542	0	0	0	2	0	2.875491
853	8555	0	0	0	0	0	2.705398
854	8562	0	0	0	2	0	1.633074
855	8567	0	0	0	1	0	2.091445
856	8579	0	0	0	2	0	1.295029
857	8585	0	0	0	1	0	1.619213
858	8592	0	0	0	0	0	1.523409
859	8603	0	0	0	1	0	2.571877
860	8610	0	0	0	1	0	2.565626
861	8619	0	0	0	0	0	2.555126
862	8629	0	0	0	0	0	2.074162
863	8641	0	0	0	0	0	1.217104
864	8654	0	0	0	1	0	2.077748
865	8666	0	0	0	1	0	2.116806
866	8673	0	0	0	2	0	2.855428
867	8686	0	0	0	0	0	1.637774
868	8696	0	0	0	0	0	1.429961
869	8708	0	0	0	1	0	1.620462
870	8714	0	0	0	2	0	2.815265
871	8721	0	0	0	2	0	2.100555
872	8733	0	0	0	0	0	2.902765
873	8746	0	0	0	1	0	2.971401
874	8757	0	0	0	0	0	1.007435
875	8765	0	0	0	0	0	1.204733
876	8779	0	0	0	0	0	1.672221
877	8790	0	0	0	2	0	1.161093
878	8798	0	0	0	2	0	1.643741
879	8805	0	0	0	2	0	2.669026
880	8815	0	0	0	1	0	2.688125
881	8824	0	0	0	1	0	2.434458
882	8834	0	0	0	1	0	2.997076
883	8842	0	0	0	2	0	2.251468
884	8850	0	0	0	1	0	1.903034
885	8859	0	0	0	0	0	2.584847
886	8864	0	0	0	0	0	1.388353
887	8873	0	0	0	1	0	2.608579
888	8882	0	0	0	0	0	2.864740
889	8889	0	0	0	1	0	2.680245
890	8900	0	0	0	1	0	1.626970
891	8910	0	0	0	1	0	1.270542
892	8920	0	0	0	0	0	1.166087
893	8930	0	0	0	0	0	2.387765
894	8941	0	0	0	0	0	1.152682
895	8953	0	0	0	0	0	2.538585
896	8962	0	0	0	1	0	1.662280
897	8969	0	0	0	0	0	2.379196
898	8978	0	0	0	0	0	1.327105
899	8993	0	0	0	2	0	2.935969
900	9005	0	0	0	0	0	1.826250
901	9016	0	0	0	1	0	1.813212
902	9019	0	0	0	1	0	1.997411
903	9031	0	0	0	0	0	2.281612
904	9043	0	0	0	0	0	2.637215
905	9055	0	0	0	0	0	1.071657
906	9064	0	0	0	2	0	1.789669
907	9075	0	0	0	1	0	1.463473
908	9085	0	0	0	1	0	2.254161
909	9096	0	0	0	1	0	2.805474
910	9105	0	0	0	1	0	2.786439
911	9114	0	0	0	0	0	1.885181
912	9126	0	0	0	1	0	1.536158
913	9135	0	0	0	0	0	1.736446
914	9140	0	0	0	1	0	1.737513
915	9145	0	0	0	1	0	2.442392
916	9162	0	0	0	1	0	1.435933
917	9171	0	0	0	2	0	1.106486
918	9178	0	0	0	0	0	1.062632
919	9190	0	0	0	1	0	1.169111
920	9200	0	0	0	0	0	1.106167
921	9217	0	0	0	1	0	1.500771
922	9223	0	0	0	1	0	2.623465
923	9230	0	0	0	2	0	2.640336
924	9240	0	0	0	1	0	2.939150
925	9252	0	0	0	0	0	1.672587
926	9263	0	0	0	0	0	2.379234
927	9273	0	0	0	1	0	1.721371
928	9282	0	0	0	2	0	1.078194
929	9292	0	0	0	2	0	2.776807
930	9307	0	0	0	2	0	2.753180
931	9317	0	0	0	0	0	1.833563
932	9328	0	0	0	1	0	2.831166
933	9335	0	0	0	0	0	2.743401
934	9354	0	0	0	0	0	2.851879
935	9362	0	0	0	0	0	2.793816
936	9375	0	0	0	0	0	2.640869
937	9383	0	0	0	0	0	1.182707
938	9392	0	0	0	1	0	2.882802
939	9406	0	0	0	1	0	2.995315
940	9416	0	0	0	0	0	1.325720
941	9432	0	0	0	2	0	1.660457
942	9440	0	0	0	0	0	2.884707
943	9450	0	0	0	1	0	1.534628
944	9460	0	0	0	1	0	2.346666
945	9469	0	0	0	2	0	2.058333
946	9477	0	0	0	2	0	2.112021
947	9492	0	0	0	2	0	2.943664
948	9503	0	0	0	1	0	2.659748
949	9513	0	0	0	2	0	1.322905
950	9522	0	0	0	0	0	1.102245
951	9527	0	0	0	2	0	2.103936
952	9535	0	0	0	1	0	2.828748
953	9544	0	0	0	0	0	2.900147
954	9557	0	0	0	0	0	1.958468
955	9568	0	0	0	0	0	1.942863
956	9576	0	0	0	1	0	1.525917
957	9584	0	0	0	0	0	2.086866
958	9596	0	0	0	0	0	2.347081
959	9604	0	0	0	1	0	2.384755
960	9614	0	0	0	2	0	1.976696
961	9619	0	0	0	1	0	2.876084
962	9628	0	0	0	0	0	1.916481
963	9640	0	0	0	1	0	2.929054
964	9655	0	0	0	1	0	1.657203
965	9664	0	0	0	2	0	1.952807
966	9671	0	0	0	0	0	1.609684
967	9680	0	0	0	1	0	2.268703
968	9697	0	0	0	0	0	2.112570
969	9709	0	0	0	2	0	1.024086
970	9713	0	0	0	2	0	2.998567
971	9725	0	0	0	1	0	2.361732
972	9734	0	0	0	0	0	1.774039
973	9743	0	0	0	1	0	1.120194
974	9749	0	0	0	2	0	2.934827
975	9754	0	0	0	0	0	2.564603
976	9763	0	0	0	1	0	1.067853
977	9771	0	0	0	0	0	1.556600
978	9784	0	0	0	0	0	1.974507
979	9792	0	0	0	2	0	1.981323
980	9804	0	0	0	0	0	1.899951
981	9818	0	0	0	0	0	1.832638
982	9828	0	0	0	2	0	2.883318
983	9837	0	0	0	0	0	2.880741
984	9844	0	0	0	0	0	1.725052
985	9864	0	0	0	0	0	2.374721
986	9872	0	0	0	1	0	1.772609
987	9877	0	0	0	0	0	2.444635
988	9883	0	0	0	1	0	1.477663
989	9888	0	0	0	2	0	2.218774
990	9899	0	0	0	0	0	2.052723
991	9911	0	0	0	2	0	1.956206
992	9918	0	0	0	0	0	1.805306
993	9928	0	0	0	0	0	2.516505
994	9937	0	0	0	2	0	2.018857
995	9948	0	0	0	1	0	2.969563
996	9963	0	0	0	1	0	2.321432
997	9969	0	0	0	0	0	2.684147
998	9977	0	0	0	2	0	1.326411
999	9981	0	0	0	2	0	1.360795
