0	1	0	0	0	0	0	2.886537
1	13	0	0	0	1	0	2.115794
2	20	0	0	0	2	0	2.002499
3	25	0	0	0	0	0	1.387693
4	39	0	0	0	1	0	2.542944
5	43	0	0	0	0	0	2.071927
6	55	0	0	0	0	0	2.228122
7	63	0	0	0	0	0	2.951760
8	74	0	0	0	1	0	1.506395
9	85	0	0	0	0	0	2.266191
10	88	0	0	0	0	0	1.234622
11	98	0	0	0	0	0	2.160628
12	108	0	0	0	1	0	2.684971
13	121	0	0	0	0	0	2.064917
14	129	0	0	0	0	0	2.380645
15	141	0	0	0	0	0	2.656728
16	152	0	0	0	1	0	1.009527
17	164	0	0	0	0	0	2.230442
18	174	0	0	0	0	0	1.149938
19	187	0	0	0	1	0	1.253401
20	191	0	0	0	1	0	2.812028
21	198	0	0	0	1	0	1.059455
22	210	0	0	0	2	0	1.870645
23	217	0	0	0	1	0	2.525252
24	223	0	0	0	2	0	2.578775
25	233	0	0	0	0	0	2.702530
26	241	0	0	0	0	0	2.629208
27	246	0	0	0	1	0	2.450223
28	251	0	0	0	2	0	1.713754
29	260	0	0	0	1	0	2.828433
30	274	0	0	0	1	0	1.110132
31	283	0	0	0	1	0	2.445387
32	296	0	0	0	0	0	1.949993
33	308	0	0	0	0	0	2.626449
34	315	0	0	0	0	0	2.862449
35	328	0	0	0	1	0	2.200937
36	336	0	0	0	1	0	1.713841
37	345	0	0	0	1	0	2.629282
38	359	0	0	0	0	0	2.899022
39	364	0	0	0	1	0	1.029455
40	373	0	0	0	0	0	2.286772
41	383	0	0	0	0	0	2.905596
42	393	0	0	0	0	0	2.046553
43	404	0	0	0	1	0	1.394615
44	414	0	0	0	1	0	2.014699
45	428	0	0	0	0	0	1.287450
46	439	0	0	0	2	0	2.869597
47	449	0	0	0	1	0	2.770666
48	459	0	0	0	1	0	2.221099
49	471	0	0	0	0	0	1.370834
50	481	0	0	0	1	0	2.473273
51	493	0	0	0	0	0	1.340443
52	507	0	0	0	2	0	2.031801
53	515	0	0	0	2	0	1.417991
54	528	0	0	0	2	0	1.024266
55	538	0	0	0	0	0	2.429399
56	548	0	0	0	2	0	1.335921
57	554	0	0	0	0	0	1.373040
58	560	0	0	0	0	0	1.990980
59	570	0	0	0	1	0	1.903495
60	581	0	0	0	0	0	2.939018
61	594	0	0	0	0	0	1.207681
62	604	0	0	0	0	0	2.154871
63	615	0	0	0	1	0	2.730582
64	624	0	0	0	1	0	2.561263
65	632	0	0	0	1	0	1.509362
66	644	0	0	0	1	0	2.775818
67	652	0	0	0	1	0	1.074472
68	663	0	0	0	1	0	2.034605
69	670	0	0	0	1	0	1.555241
70	680	0	0	0	1	0	1.665832
71	686	0	0	0	1	0	1.653153
72	689	0	0	0	0	0	1.422798
73	699	0	0	0	0	0	2.021321
74	706	0	0	0	0	0	1.843336
75	718	0	0	0	1	0	1.903543
76	729	0	0	0	1	0	2.489393
77	740	0	0	0	1	0	1.470483
78	753	0	0	0	2	0	2.617478
79	759	0	0	0	0	0	1.151477
80	770	0	0	0	2	0	1.443314
81	781	0	0	0	0	0	2.966261
82	788	0	0	0	2	0	2.060762
83	798	0	0	0	2	0	1.758618
84	806	0	0	0	1	0	2.477820
85	816	0	0	0	0	0	2.242634
86	823	0	0	0	0	0	2.482458
87	833	0	0	0	0	0	1.533214
88	843	0	0	0	0	0	1.767941
89	851	0	0	0	0	0	2.177620
90	863	0	0	0	0	0	1.665744
91	877	0	0	0	0	0	2.171332
92	881	0	0	0	0	0	1.902065
93	891	0	0	0	1	0	2.012812
94	899	0	0	0	2	0	2.234157
95	910	0	0	0	1	0	2.127362
96	920	0	0	0	1	0	2.201789
97	929	0	0	0	1	0	2.233256
98	938	0	0	0	1	0	2.296234
99	943	0	0	0	0	0	1.425330
100	948	0	0	0	2	0	2.175783
101	952	0	0	0	0	0	1.213426
102	966	0	0	0	0	0	1.191412
103	973	0	0	0	2	0	2.532540
104	983	0	0	0	1	0	2.258129
105	988	0	0	0	1	0	1.211516
106	995	0	0	0	1	0	2.296244
107	1008	0	0	0	2	0	1.001706
108	1020	0	0	0	1	0	1.798385
109	1033	0	0	0	2	0	2.303758
110	1038	0	0	0	0	0	2.669303
111	1045	0	0	0	1	0	1.338333
112	1055	0	0	0	1	0	2.277108
113	1063	0	0	0	0	0	2.546391
114	1077	0	0	0	1	0	2.904798
115	1084	0	0	0	0	0	2.830150
116	1093	0	0	0	1	0	1.565081
117	1105	0	0	0	1	0	2.592048
118	1118	0	0	0	2	0	2.444267
119	1124	0	0	0	0	0	1.889678
120	1131	0	0	0	1	0	2.105902
121	1138	0	0	0	0	0	1.758683
122	1148	0	0	0	0	0	2.019354
123	1155	0	0	0	1	0	1.789979
124	1161	0	0	0	0	0	2.083370
125	1172	0	0	0	0	0	2.133685
126	1182	0	0	0	2	0	1.068286
127	1190	0	0	0	2	0	2.088962
128	1195	0	0	0	2	0	2.428969
129	1205	0	0	0	1	0	1.384539
130	1218	0	0	0	1	0	1.381005
131	1226	0	0	0	0	0	1.594147
132	1234	0	0	0	0	0	2.237393
133	1247	0	0	0	0	0	1.502153
134	1255	0	0	0	0	0	2.920969
135	1261	0	0	0	2	0	1.751968
136	1268	0	0	0	2	0	2.206668
137	1278	0	0	0	0	0	1.581313
138	1288	0	0	0	2	0	1.877610
139	1302	0	0	0	0	0	1.893943
140	1317	0	0	0	1	0	2.934070
141	1324	0	0	0	1	0	2.667296
142	1334	0	0	0	1	0	1.431951
143	1342	0	0	0	1	0	2.505145
144	1352	0	0	0	2	0	1.433268
145	1360	0	0	0	0	0	2.121118
146	1369	0	0	0	0	0	2.398845
147	1377	0	0	0	0	0	2.831529
148	1386	0	0	0	1	0	1.011220
149	1395	0	0	0	2	0	2.382184
150	1403	0	0	0	1	0	1.834100
151	1419	0	0	0	2	0	2.472869
152	1425	0	0	0	2	0	1.057176
153	1439	0	0	0	0	0	2.606374
154	1445	0	0	0	0	0	1.910443
155	1456	0	0	0	1	0	2.052752
156	1465	0	0	0	0	0	2.166988
157	1475	0	0	0	0	0	2.321437
158	1487	0	0	0	0	0	1.605060
159	1500	0	0	0	0	0	1.446827
160	1514	0	0	0	0	0	2.231277
161	1528	0	0	0	1	0	2.339415
162	1545	0	0	0	1	0	2.365387
163	1555	0	0	0	1	0	1.546587
164	1566	0	0	0	1	0	2.385167
165	1573	0	0	0	1	0	2.802097
166	1581	0	0	0	0	0	1.549344
167	1588	0	0	0	0	0	1.833577
168	1594	0	0	0	1	0	2.236110
169	1600	0	0	0	1	0	1.634552
170	1608	0	0	0	1	0	2.922846
171	1619	0	0	0	0	0	2.035063
172	1629	0	0	0	1	0	2.638497
173	1640	0	0	0	1	0	1.165101
174	1647	0	0	0	0	0	1.120018
175	1658	0	0	0	2	0	2.936518
176	1665	0	0	0	2	0	1.735717
177	1675	0	0	0	1	0	2.916460
178	1684	0	0	0	0	0	2.310277
179	1697	0	0	0	0	0	1.928388
180	1705	0	0	0	2	0	1.152977
181	1713	0	0	0	2	0	2.818144
182	1722	0	0	0	0	0	2.396758
183	1729	0	0	0	0	0	1.945996
184	1747	0	0	0	0	0	1.072232
185	1759	0	0	0	1	0	2.685908
186	1766	0	0	0	1	0	1.839777
187	1770	0	0	0	2	0	1.700828
188	1782	0	0	0	0	0	1.590496
189	1790	0	0	0	2	0	2.113843
190	1798	0	0	0	1	0	1.717694
191	1808	0	0	0	1	0	1.633327
192	1827	0	0	0	1	0	1.200157
193	1842	0	0	0	0	0	1.783573
194	1850	0	0	0	1	0	1.930159
195	1865	0	0	0	1	0	1.025085
196	1871	0	0	0	1	0	2.870447
197	1878	0	0	0	0	0	2.015588
198	1885	0	0	0	1	0	1.294087
199	1896	0	0	0	0	0	1.942052
200	1904	0	0	0	1	0	2.594036
201	1915	0	0	0	2	0	1.172884
202	1925	0	0	0	2	0	2.713660
203	1932	0	0	0	0	0	2.854861
204	1940	0	0	0	1	0	1.761586
205	1949	0	0	0	1	0	1.553855
206	1961	0	0	0	2	0	2.168184
207	1976	0	0	0	2	0	2.340291
208	1982	0	0	0	0	0	1.986636
209	1990	0	0	0	1	0	2.417495
210	2001	0	0	0	1	0	2.561257
211	2010	0	0	0	0	0	2.570898
212	2020	0	0	0	0	0	2.264563
213	2023	0	0	0	2	0	1.039007
214	2038	0	0	0	1	0	1.840229
215	2050	0	0	0	2	0	2.740459
216	2061	0	0	0	1	0	1.425606
217	2073	0	0	0	1	0	2.735446
218	2080	0	0	0	0	0	1.370808
219	2091	0	0	0	1	0	1.922188
220	2102	0	0	0	1	0	1.503429
221	2115	0	0	0	1	0	2.832224
222	2120	0	0	0	0	0	2.541901
223	2132	0	0	0	0	0	2.832616
224	2143	0	0	0	2	0	2.487942
225	2154	0	0	0	0	0	2.438039
226	2162	0	0	0	1	0	2.707991
227	2172	0	0	0	2	0	1.168246
228	2179	0	0	0	1	0	2.834391
229	2187	0	0	0	1	0	2.000514
230	2200	0	0	0	1	0	1.608667
231	2213	0	0	0	2	0	1.252884
232	2228	0	0	0	0	0	1.106051
233	2246	0	0	0	1	0	2.881828
234	2257	0	0	0	1	0	2.435075
235	2267	0	0	0	0	0	2.527379
236	2276	0	0	0	0	0	1.712595
237	2283	0	0	0	0	0	1.158907
238	2291	0	0	0	1	0	2.206606
239	2303	0	0	0	0	0	1.842327
240	2313	0	0	0	1	0	1.483566
241	2319	0	0	0	1	0	2.691581
242	2328	0	0	0	2	0	1.037268
243	2335	0	0	0	1	0	1.785192
244	2344	0	0	0	1	0	2.974358
245	2354	0	0	0	0	0	1.444997
246	2368	0	0	0	1	0	2.937568
247	2373	0	0	0	2	0	1.877677
248	2386	0	0	0	2	0	2.000770
249	2398	0	0	0	0	0	1.677654
250	2412	0	0	0	2	0	1.830520
251	2423	0	0	0	0	0	2.962794
252	2435	0	0	0	1	0	2.906703
253	2445	0	0	0	2	0	1.204147
254	2455	0	0	0	0	0	1.687741
255	2466	0	0	0	1	0	1.845427
256	2476	0	0	0	1	0	1.115244
257	2484	0	0	0	2	0	1.205182
258	2497	0	0	0	1	0	2.283488
259	2506	0	0	0	0	0	2.184553
260	2517	0	0	0	0	0	1.908890
261	2528	0	0	0	2	0	2.065168
262	2540	0	0	0	0	0	2.906270
263	2551	0	0	0	1	0	2.538247
264	2560	0	0	0	0	0	2.842928
265	2568	0	0	0	2	0	1.255388
266	2577	0	0	0	0	0	1.303005
267	2590	0	0	0	0	0	1.698374
268	2601	0	0	0	0	0	2.600404
269	2611	0	0	0	2	0	1.215698
270	2626	0	0	0	1	0	2.386586
271	2638	0	0	0	2	0	2.596631
272	2645	0	0	0	1	0	1.537417
273	2659	0	0	0	1	0	1.246210
274	2668	0	0	0	1	0	2.508202
275	2677	0	0	0	2	0	1.297752
276	2685	0	0	0	0	0	2.059857
277	2697	0	0	0	0	0	2.732085
278	2706	0	0	0	0	0	2.192113
279	2718	0	0	0	2	0	1.440711
280	2726	0	0	0	0	0	1.155534
281	2732	0	0	0	2	0	2.167100
282	2747	0	0	0	0	0	2.438205
283	2753	0	0	0	1	0	1.875552
284	2767	0	0	0	0	0	2.683287
285	2778	0	0	0	0	0	1.549152
286	2789	0	0	0	0	0	1.318574
287	2802	0	0	0	0	0	2.106796
288	2808	0	0	0	1	0	2.119001
289	2819	0	0	0	1	0	2.638676
290	2828	0	0	0	2	0	2.850374
291	2836	0	0	0	1	0	1.662986
292	2846	0	0	0	0	0	2.141680
293	2852	0	0	0	1	0	2.192725
294	2864	0	0	0	2	0	1.354369
295	2871	0	0	0	0	0	1.469541
296	2884	0	0	0	0	0	2.793629
297	2897	0	0	0	2	0	1.629635
298	2907	0	0	0	1	0	2.675937
299	2916	0	0	0	1	0	1.532936
300	2926	0	0	0	1	0	2.416332
301	2934	0	0	0	0	0	2.712710
302	2946	0	0	0	2	0	2.018701
303	2958	0	0	0	0	0	2.871723
304	2968	0	0	0	0	0	1.517985
305	2976	0	0	0	2	0	1.465689
306	2989	0	0	0	2	0	1.012587
307	3001	0	0	0	2	0	1.218536
308	3019	0	0	0	1	0	1.815620
309	3026	0	0	0	0	0	1.995953
310	3035	0	0	0	2	0	2.200246
311	3042	0	0	0	2	0	2.584031
312	3050	0	0	0	2	0	2.314409
313	3057	0	0	0	0	0	2.829586
314	3066	0	0	0	0	0	1.005112
315	3079	0	0	0	0	0	2.524276
316	3088	0	0	0	0	0	1.936228
317	3099	0	0	0	1	0	1.559544
318	3106	0	0	0	0	0	2.501018
319	3113	0	0	0	2	0	1.879652
320	3127	0	0	0	1	0	1.334122
321	3129	0	0	0	2	0	2.714802
322	3134	0	0	0	1	0	2.684678
323	3138	0	0	0	1	0	2.385430
324	3150	0	0	0	0	0	1.009783
325	3160	0	0	0	0	0	2.912105
326	3165	0	0	0	2	0	2.561939
327	3175	0	0	0	0	0	1.752913
328	3186	0	0	0	1	0	1.114662
329	3196	0	0	0	0	0	2.323123
330	3208	0	0	0	0	0	1.911232
331	3219	0	0	0	2	0	1.295320
332	3231	0	0	0	1	0	2.188098
333	3243	0	0	0	1	0	1.608267
334	3247	0	0	0	1	0	1.427549
335	3259	0	0	0	2	0	2.163930
336	3267	0	0	0	1	0	2.283098
337	3274	0	0	0	2	0	1.797639
338	3283	0	0	0	0	0	2.926091
339	3291	0	0	0	2	0	2.484072
340	3298	0	0	0	2	0	1.467537
341	3307	0	0	0	2	0	1.076731
342	3311	0	0	0	0	0	2.895684
343	3319	0	0	0	2	0	2.238806
344	3331	0	0	0	2	0	2.935683
345	3343	0	0	0	1	0	2.991427
346	3359	0	0	0	2	0	1.930314
347	3368	0	0	0	0	0	2.688573
348	3375	0	0	0	0	0	1.825747
349	3388	0	0	0	2	0	2.842854
350	3402	0	0	0	2	0	2.619547
351	3414	0	0	0	1	0	1.489947
352	3418	0	0	0	0	0	1.168858
353	3430	0	0	0	1	0	1.340956
354	3438	0	0	0	1	0	1.391672
355	3451	0	0	0	2	0	1.330789
356	3464	0	0	0	1	0	1.070413
357	3477	0	0	0	1	0	2.172483
358	3484	0	0	0	0	0	1.389911
359	3492	0	0	0	1	0	2.837359
360	3506	0	0	0	0	0	1.837951
361	3519	0	0	0	0	0	1.302918
362	3532	0	0	0	0	0	1.527579
363	3543	0	0	0	0	0	1.700033
364	3554	0	0	0	0	0	2.428547
365	3570	0	0	0	1	0	2.140668
366	3580	0	0	0	2	0	2.000328
367	3591	0	0	0	0	0	1.290623
368	3601	0	0	0	1	0	2.809193
369	3608	0	0	0	0	0	2.482129
370	3619	0	0	0	0	0	1.793503
371	3626	0	0	0	1	0	1.210852
372	3637	0	0	0	2	0	2.810906
373	3648	0	0	0	2	0	2.489350
374	3658	0	0	0	0	0	1.484989
375	3664	0	0	0	1	0	1.733504
376	3680	0	0	0	0	0	1.226324
377	3690	0	0	0	0	0	2.893762
378	3700	0	0	0	1	0	2.424390
379	3707	0	0	0	2	0	2.643956
380	3720	0	0	0	2	0	1.395312
381	3734	0	0	0	0	0	2.298007
382	3745	0	0	0	1	0	1.841988
383	3751	0	0	0	1	0	2.196111
384	3758	0	0	0	0	0	1.701333
385	3764	0	0	0	0	0	2.749326
386	3774	0	0	0	2	0	1.670879
387	3790	0	0	0	1	0	2.536404
388	3799	0	0	0	0	0	2.518386
389	3813	0	0	0	1	0	2.006734
390	3821	0	0	0	1	0	2.838807
391	3834	0	0	0	0	0	1.852557
392	3840	0	0	0	0	0	1.350900
393	3846	0	0	0	2	0	1.861417
394	3852	0	0	0	1	0	2.084139
395	3855	0	0	0	2	0	1.447614
396	3865	0	0	0	0	0	1.092510
397	3875	0	0	0	2	0	2.019154
398	3879	0	0	0	0	0	2.518170
399	3887	0	0	0	0	0	2.398750
400	3899	0	0	0	1	0	1.143025
401	3909	0	0	0	1	0	1.544495
402	3922	0	0	0	1	0	1.814015
403	3928	0	0	0	1	0	1.762490
404	3936	0	0	0	0	0	2.879270
405	3946	0	0	0	0	0	1.649344
406	3952	0	0	0	0	0	2.806217
407	3961	0	0	0	2	0	2.576212
408	3972	0	0	0	1	0	2.853091
409	3980	0	0	0	0	0	1.061246
410	3987	0	0	0	0	0	2.844632
411	3996	0	0	0	0	0	2.598562
412	4013	0	0	0	0	0	1.621041
413	4022	0	0	0	2	0	2.754060
414	4032	0	0	0	0	0	1.193727
415	4047	0	0	0	1	0	1.641377
416	4054	0	0	0	2	0	1.846335
417	4065	0	0	0	0	0	2.479480
418	4073	0	0	0	0	0	1.077217
419	4079	0	0	0	2	0	1.157931
420	4087	0	0	0	0	0	1.728357
421	4094	0	0	0	2	0	2.627301
422	4105	0	0	0	2	0	2.707319
423	4112	0	0	0	2	0	2.319312
424	4125	0	0	0	1	0	2.324697
425	4137	0	0	0	1	0	1.807613
426	4149	0	0	0	1	0	1.215674
427	4154	0	0	0	1	0	2.641390
428	4160	0	0	0	0	0	1.103915
429	4168	0	0	0	0	0	2.121421
430	4177	0	0	0	2	0	1.092657
431	4188	0	0	0	0	0	2.160648
432	4196	0	0	0	0	0	1.869889
433	4209	0	0	0	1	0	1.034396
434	4219	0	0	0	1	0	2.416658
435	4236	0	0	0	0	0	1.895947
436	4244	0	0	0	0	0	2.121605
437	4258	0	0	0	0	0	2.899850
438	4269	0	0	0	2	0	1.806893
439	4277	0	0	0	1	0	2.695825
440	4285	0	0	0	2	0	1.627894
441	4298	0	0	0	1	0	2.447730
442	4310	0	0	0	1	0	2.753896
443	4319	0	0	0	1	0	1.167433
444	4335	0	0	0	0	0	1.442401
445	4343	0	0	0	0	0	1.772526
446	4356	0	0	0	2	0	2.799184
447	4364	0	0	0	2	0	1.368712
448	4374	0	0	0	2	0	2.960589
449	4381	0	0	0	1	0	1.652033
450	4390	0	0	0	2	0	1.600974
451	4402	0	0	0	0	0	1.535770
452	4409	0	0	0	1	0	1.083720
453	4420	0	0	0	0	0	1.952145
454	4430	0	0	0	1	0	1.460356
455	4442	0	0	0	1	0	2.933050
456	4456	0	0	0	1	0	1.177841
457	4463	0	0	0	1	0	2.410400
458	4476	0	0	0	1	0	2.272119
459	4483	0	0	0	0	0	2.866912
460	4497	0	0	0	1	0	1.316200
461	4504	0	0	0	2	0	1.712641
462	4517	0	0	0	1	0	1.216883
463	4523	0	0	0	0	0	2.698814
464	4533	0	0	0	1	0	2.192832
465	4541	0	0	0	0	0	1.115594
466	4550	0	0	0	1	0	2.363047
467	4559	0	0	0	1	0	1.056796
468	4567	0	0	0	0	0	1.096691
469	4575	0	0	0	2	0	1.289625
470	4583	0	0	0	2	0	1.331422
471	4590	0	0	0	2	0	1.849976
472	4596	0	0	0	2	0	2.293019
473	4604	0	0	0	0	0	2.414446
474	4615	0	0	0	0	0	2.381690
475	4629	0	0	0	2	0	2.637153
476	4641	0	0	0	2	0	1.953359
477	4652	0	0	0	1	0	2.129494
478	4655	0	0	0	1	0	1.534269
479	4667	0	0	0	2	0	2.128274
480	4673	0	0	0	0	0	2.563541
481	4680	0	0	0	2	0	1.441045
482	4691	0	0	0	0	0	1.296555
483	4702	0	0	0	0	0	2.213792
484	4711	0	0	0	2	0	1.144899
485	4720	0	0	0	2	0	2.550235
486	4729	0	0	0	1	0	2.362849
487	4736	0	0	0	1	0	2.760581
488	4743	0	0	0	0	0	1.153832
489	4751	0	0	0	2	0	2.814720
490	4761	0	0	0	1	0	1.610158
491	4765	0	0	0	1	0	1.856346
492	4775	0	0	0	0	0	2.265926
493	4782	0	0	0	1	0	1.055780
494	4795	0	0	0	1	0	1.924723
495	4802	0	0	0	2	0	2.065586
496	4814	0	0	0	1	0	1.593964
497	4817	0	0	0	2	0	1.872904
498	4829	0	0	0	2	0	2.959203
499	4842	0	0	0	2	0	2.949550
500	4854	0	0	0	0	0	2.133571
501	4864	0	0	0	0	0	2.842688
502	4873	0	0	0	1	0	1.926877
503	4882	0	0	0	0	0	2.679156
504	4889	0	0	0	2	0	2.513972
505	4905	0	0	0	1	0	2.813016
506	4912	0	0	0	1	0	1.213439
507	4921	0	0	0	0	0	2.668601
508	4930	0	0	0	2	0	2.307997
509	4939	0	0	0	2	0	2.665894
510	4953	0	0	0	1	0	2.870567
511	4963	0	0	0	0	0	2.485557
512	4971	0	0	0	0	0	1.951910
513	4980	0	0	0	0	0	1.566180
514	4987	0	0	0	0	0	2.542160
515	4995	0	0	0	1	0	1.024748
516	5008	0	0	0	2	0	2.564180
517	5013	0	0	0	0	0	2.523304
518	5023	0	0	0	1	0	2.662702
519	5038	0	0	0	0	0	1.136204
520	5046	0	0	0	1	0	1.758532
521	5057	0	0	0	0	0	1.139842
522	5067	0	0	0	0	0	2.136482
523	5073	0	0	0	1	0	2.014376
524	5080	0	0	0	0	0	2.829306
525	5091	0	0	0	0	0	1.505992
526	5104	0	0	0	0	0	1.110022
527	5120	0	0	0	0	0	2.235359
528	5133	0	0	0	1	0	1.754908
529	5139	0	0	0	0	0	1.627873
530	5145	0	0	0	0	0	1.803802
531	5157	0	0	0	2	0	1.416267
532	5169	0	0	0	1	0	2.307956
533	5177	0	0	0	0	0	1.405747
534	5189	0	0	0	1	0	2.388794
535	5199	0	0	0	1	0	2.771072
536	5207	0	0	0	1	0	2.365595
537	5213	0	0	0	2	0	1.385803
538	5218	0	0	0	2	0	1.500296
539	5227	0	0	0	2	0	2.017073
540	5237	0	0	0	0	0	2.602026
541	5247	0	0	0	0	0	1.125723
542	5254	0	0	0	0	0	1.073721
543	5263	0	0	0	2	0	1.397931
544	5271	0	0	0	2	0	2.664533
545	5276	0	0	0	0	0	2.415686
546	5293	0	0	0	2	0	2.676138
547	5302	0	0	0	0	0	1.010069
548	5318	0	0	0	1	0	2.940783
549	5326	0	0	0	1	0	2.130982
550	5332	0	0	0	1	0	2.716870
551	5341	0	0	0	1	0	1.456977
552	5353	0	0	0	2	0	2.491148
553	5361	0	0	0	1	0	2.955862
554	5365	0	0	0	0	0	1.865497
555	5367	0	0	0	1	0	1.049359
556	5380	0	0	0	2	0	1.013439
557	5388	0	0	0	0	0	1.867759
558	5396	0	0	0	0	0	2.847678
559	5406	0	0	0	2	0	2.708104
560	5413	0	0	0	1	0	2.076910
561	5423	0	0	0	0	0	1.757898
562	5438	0	0	0	1	0	2.167334
563	5448	0	0	0	0	0	2.613174
564	5455	0	0	0	1	0	1.501165
565	5462	0	0	0	1	0	2.220100
566	5477	0	0	0	0	0	2.541053
567	5492	0	0	0	1	0	1.829617
568	5502	0	0	0	1	0	2.471596
569	5511	0	0	0	1	0	2.967286
570	5520	0	0	0	2	0	2.333760
571	5527	0	0	0	2	0	2.173043
572	5537	0	0	0	1	0	2.610858
573	5547	0	0	0	0	0	1.720926
574	5556	0	0	0	0	0	1.901180
575	5572	0	0	0	0	0	2.816151
576	5585	0	0	0	2	0	1.881525
577	5596	0	0	0	0	0	2.773441
578	5606	0	0	0	2	0	1.501967
579	5619	0	0	0	2	0	2.007886
580	5635	0	0	0	2	0	1.422182
581	5642	0	0	0	0	0	1.461722
582	5653	0	0	0	1	0	2.583484
583	5668	0	0	0	1	0	2.278617
584	5674	0	0	0	1	0	2.502982
585	5684	0	0	0	0	0	2.122076
586	5692	0	0	0	0	0	1.185258
587	5701	0	0	0	1	0	1.705967
588	5710	0	0	0	0	0	2.551960
589	5722	0	0	0	2	0	1.570916
590	5738	0	0	0	0	0	2.470939
591	5746	0	0	0	1	0	2.328938
592	5757	0	0	0	1	0	1.902811
593	5765	0	0	0	0	0	2.359893
594	5777	0	0	0	0	0	1.313357
595	5787	0	0	0	1	0	1.264368
596	5794	0	0	0	1	0	1.433025
597	5804	0	0	0	1	0	1.360383
598	5816	0	0	0	0	0	1.876058
599	5826	0	0	0	2	0	2.451647
600	5836	0	0	0	1	0	1.054437
601	5843	0	0	0	0	0	1.018187
602	5855	0	0	0	0	0	1.515940
603	5864	0	0	0	0	0	2.158554
604	5872	0	0	0	0	0	1.666957
605	5879	0	0	0	0	0	2.942327
606	5883	0	0	0	0	0	1.800814
607	5892	0	0	0	2	0	1.123945
608	5907	0	0	0	2	0	2.685159
609	5914	0	0	0	0	0	2.986423
610	5923	0	0	0	0	0	1.035623
611	5929	0	0	0	1	0	1.254941
612	5940	0	0	0	1	0	2.106100
613	5953	0	0	0	0	0	1.172583
614	5961	0	0	0	0	0	1.733007
615	5970	0	0	0	1	0	1.290356
616	5976	0	0	0	1	0	2.966704
617	5989	0	0	0	1	0	2.947309
618	5999	0	0	0	1	0	1.938139
619	6009	0	0	0	2	0	1.491152
620	6020	0	0	0	2	0	2.177267
621	6032	0	0	0	0	0	1.467420
622	6039	0	0	0	0	0	2.690550
623	6044	0	0	0	0	0	2.749469
624	6051	0	0	0	0	0	1.004068
625	6057	0	0	0	2	0	1.767707
626	6064	0	0	0	0	0	1.304751
627	6068	0	0	0	0	0	2.048226
628	6083	0	0	0	0	0	2.358516
629	6091	0	0	0	0	0	1.111677
630	6097	0	0	0	1	0	1.759358
631	6103	0	0	0	1	0	2.355995
632	6112	0	0	0	1	0	2.919774
633	6129	0	0	0	0	0	1.966636
634	6136	0	0	0	0	0	2.655135
635	6148	0	0	0	1	0	1.652227
636	6155	0	0	0	1	0	2.900240
637	6164	0	0	0	2	0	1.199988
638	6174	0	0	0	2	0	2.675416
639	6186	0	0	0	1	0	1.011682
640	6195	0	0	0	1	0	2.195208
641	6208	0	0	0	0	0	2.261619
642	6215	0	0	0	1	0	1.465855
643	6223	0	0	0	2	0	2.914015
644	6228	0	0	0	2	0	2.778684
645	6239	0	0	0	1	0	1.792867
646	6251	0	0	0	1	0	2.246922
647	6263	0	0	0	1	0	2.107551
648	6274	0	0	0	2	0	1.322063
649	6283	0	0	0	0	0	2.828598
650	6294	0	0	0	1	0	1.118308
651	6303	0	0	0	0	0	1.368458
652	6311	0	0	0	1	0	2.046470
653	6319	0	0	0	0	0	2.842894
654	6328	0	0	0	1	0	1.507197
655	6341	0	0	0	0	0	2.043449
656	6351	0	0	0	0	0	1.219356
657	6362	0	0	0	0	0	1.339669
658	6372	0	0	0	1	0	1.452614
659	6384	0	0	0	2	0	2.916707
660	6395	0	0	0	0	0	1.843625
661	6402	0	0	0	2	0	2.992726
662	6418	0	0	0	2	0	1.720004
663	6431	0	0	0	2	0	1.945234
664	6440	0	0	0	2	0	2.635053
665	6452	0	0	0	0	0	1.444593
666	6459	0	0	0	0	0	1.026085
667	6470	0	0	0	2	0	1.279766
668	6481	0	0	0	2	0	2.405626
669	6493	0	0	0	0	0	2.079081
670	6505	0	0	0	1	0	2.311811
671	6515	0	0	0	1	0	2.299026
672	6521	0	0	0	1	0	1.302343
673	6527	0	0	0	0	0	1.787619
674	6533	0	0	0	2	0	1.668867
675	6539	0	0	0	1	0	2.724772
676	6558	0	0	0	1	0	1.748200
677	6564	0	0	0	1	0	1.986074
678	6575	0	0	0	1	0	2.545945
679	6583	0	0	0	1	0	1.749876
680	6594	0	0	0	2	0	1.426465
681	6607	0	0	0	2	0	1.694020
682	6620	0	0	0	0	0	2.920999
683	6631	0	0	0	1	0	2.153873
684	6638	0	0	0	1	0	1.235535
685	6646	0	0	0	1	0	2.673181
686	6652	0	0	0	2	0	1.510262
687	6657	0	0	0	1	0	1.966133
688	6668	0	0	0	0	0	2.380464
689	6677	0	0	0	0	0	1.205868
690	6689	0	0	0	0	0	2.359054
691	6703	0	0	0	2	0	2.683646
692	6714	0	0	0	0	0	2.172370
693	6724	0	0	0	0	0	1.545231
694	6735	0	0	0	2	0	1.747462
695	6746	0	0	0	2	0	2.414116
696	6755	0	0	0	0	0	1.989787
697	6759	0	0	0	1	0	2.500559
698	6766	0	0	0	1	0	2.226199
699	6776	0	0	0	0	0	2.572333
700	6784	0	0	0	0	0	2.618041
701	6791	0	0	0	0	0	1.675135
702	6796	0	0	0	0	0	1.042642
703	6809	0	0	0	0	0	1.022903
704	6825	0	0	0	2	0	2.403539
705	6837	0	0	0	0	0	1.853416
706	6854	0	0	0	1	0	1.097305
707	6863	0	0	0	1	0	2.883407
708	6872	0	0	0	0	0	2.197795
709	6882	0	0	0	1	0	2.586415
710	6889	0	0	0	0	0	2.799143
711	6895	0	0	0	2	0	1.262443
712	6903	0	0	0	2	0	2.670336
713	6913	0	0	0	0	0	2.943822
714	6923	0	0	0	2	0	1.236772
715	6927	0	0	0	0	0	1.784723
716	6937	0	0	0	2	0	2.260854
717	6945	0	0	0	2	0	1.175428
718	6954	0	0	0	0	0	1.494579
719	6964	0	0	0	2	0	2.598770
720	6980	0	0	0	0	0	2.693869
721	6993	0	0	0	1	0	1.138931
722	7003	0	0	0	0	0	1.617602
723	7014	0	0	0	1	0	1.302252
724	7025	0	0	0	2	0	2.738111
725	7032	0	0	0	0	0	2.672642
726	7040	0	0	0	1	0	2.519961
727	7052	0	0	0	1	0	1.269854
728	7063	0	0	0	1	0	2.422882
729	7074	0	0	0	0	0	1.205243
730	7084	0	0	0	2	0	1.189270
731	7095	0	0	0	0	0	1.993005
732	7107	0	0	0	0	0	2.291583
733	7120	0	0	0	0	0	2.127645
734	7130	0	0	0	1	0	1.524096
735	7142	0	0	0	0	0	1.884473
736	7153	0	0	0	2	0	2.062194
737	7161	0	0	0	1	0	2.154562
738	7174	0	0	0	0	0	2.044986
739	7189	0	0	0	0	0	2.931259
740	7195	0	0	0	0	0	2.399798
741	7206	0	0	0	0	0	2.249745
742	7217	0	0	0	0	0	2.743544
743	7223	0	0	0	0	0	1.551531
744	7234	0	0	0	1	0	2.617528
745	7242	0	0	0	2	0	2.178306
746	7249	0	0	0	2	0	1.018588
747	7263	0	0	0	0	0	2.399229
748	7270	0	0	0	1	0	2.495656
749	7277	0	0	0	2	0	1.802449
750	7285	0	0	0	2	0	1.918378
751	7290	0	0	0	1	0	2.537312
752	7299	0	0	0	1	0	1.798183
753	7312	0	0	0	1	0	2.318593
754	7321	0	0	0	0	0	2.400795
755	7329	0	0	0	0	0	1.782898
756	7336	0	0	0	1	0	2.137546
757	7343	0	0	0	2	0	2.984700
758	7356	0	0	0	0	0	2.594213
759	7365	0	0	0	1	0	2.388968
760	7374	0	0	0	1	0	2.574206
761	7382	0	0	0	1	0	1.339199
762	7393	0	0	0	1	0	1.676951
763	7407	0	0	0	0	0	2.879044
764	7419	0	0	0	1	0	2.073125
765	7430	0	0	0	2	0	1.783289
766	7440	0	0	0	0	0	2.894009
767	7447	0	0	0	1	0	2.467480
768	7460	0	0	0	0	0	1.658263
769	7465	0	0	0	0	0	1.511345
770	7474	0	0	0	0	0	1.957984
771	7489	0	0	0	0	0	2.397978
772	7503	0	0	0	0	0	2.081073
773	7509	0	0	0	1	0	2.750812
774	7516	0	0	0	0	0	2.958727
775	7522	0	0	0	2	0	2.322346
776	7537	0	0	0	1	0	2.019974
777	7547	0	0	0	0	0	2.070200
778	7558	0	0	0	2	0	1.872253
779	7561	0	0	0	0	0	2.921788
780	7570	0	0	0	0	0	2.021256
781	7582	0	0	0	0	0	2.089033
782	7595	0	0	0	0	0	2.662431
783	7602	0	0	0	0	0	2.539636
784	7612	0	0	0	1	0	1.039238
785	7621	0	0	0	0	0	1.562034
786	7629	0	0	0	0	0	2.890922
787	7637	0	0	0	0	0	2.163447
788	7646	0	0	0	1	0	1.364308
789	7651	0	0	0	1	0	2.087720
790	7663	0	0	0	0	0	1.722650
791	7677	0	0	0	1	0	1.843303
792	7687	0	0	0	1	0	2.788879
793	7697	0	0	0	1	0	1.236328
794	7710	0	0	0	2	0	1.064694
795	7724	0	0	0	2	0	1.347103
796	7735	0	0	0	2	0	2.866843
797	7740	0	0	0	0	0	1.517922
798	7755	0	0	0	2	0	2.767822
799	7764	0	0	0	2	0	1.274804
800	7773	0	0	0	0	0	1.550214
801	7786	0	0	0	2	0	2.552034
802	7795	0	0	0	0	0	1.678243
803	7802	0	0	0	0	0	2.009914
804	7809	0	0	0	0	0	1.297859
805	7824	0	0	0	1	0	1.500803
806	7834	0	0	0	2	0	1.941094
807	7843	0	0	0	2	0	1.638704
808	7851	0	0	0	0	0	1.663834
809	7859	0	0	0	1	0	2.888737
810	7868	0	0	0	1	0	1.235201
811	7872	0	0	0	0	0	1.724481
812	7884	0	0	0	1	0	1.445611
813	7890	0	0	0	1	0	2.061022
814	7899	0	0	0	1	0	1.110350
815	7914	0	0	0	0	0	2.632832
816	7926	0	0	0	0	0	1.190504
817	7938	0	0	0	2	0	2.674287
818	7949	0	0	0	1	0	2.247627
819	7967	0	0	0	0	0	2.274834
820	7979	0	0	0	1	0	1.843627
821	7988	0	0	0	0	0	1.676657
822	7994	0	0	0	0	0	2.617227
823	8004	0	0	0	0	0	2.454215
824	8010	0	0	0	1	0	1.423951
825	8019	0	0	0	0	0	1.591129
826	8025	0	0	0	0	0	1.302851
827	8031	0	0	0	0	0	2.425961
828	8040	0	0	0	0	0	1.478381
829	8052	0	0	0	1	0	2.227933
830	8061	0	0	0	0	0	2.949420
831	8067	0	0	0	1	0	2.193057
832	8079	0	0	0	0	0	1.510878
833	8084	0	0	0	1	0	1.581126
834	8092	0	0	0	0	0	1.413714
835	8102	0	0	0	0	0	1.306502
836	8108	0	0	0	1	0	1.760293
837	8112	0	0	0	1	0	1.716180
838	8124	0	0	0	1	0	1.812867
839	8134	0	0	0	1	0	2.714189
840	8150	0	0	0	0	0	2.308882
841	8159	0	0	0	1	0	2.832148
842	8167	0	0	0	0	0	1.008466
843	8177	0	0	0	1	0	1.283449
844	8188	0	0	0	2	0	2.718119
845	8197	0	0	0	1	0	1.422825
846	8211	0	0	0	0	0	1.030400
847	8214	0	0	0	1	0	1.731347
848	8217	0	0	0	1	0	1.199952
849	8230	0	0	0	1	0	2.683844
850	8239	0	0	0	0	0	1.457855
851	8254	0	0	0	1	0	2.365614
852	8263	0	0	0	0	0	2.083777
853	8270	0	0	0	0	0	2.229571
854	8282	0	0	0	0	0	2.257211
855	8289	0	0	0	1	0	2.590650
856	8307	0	0	0	1	0	1.821015
857	8318	0	0	0	1	0	2.251159
858	8329	0	0	0	2	0	1.307043
859	8337	0	0	0	1	0	1.467048
860	8351	0	0	0	2	0	1.959106
861	8360	0	0	0	1	0	2.732638
862	8370	0	0	0	2	0	2.980701
863	8382	0	0	0	2	0	1.214173
864	8393	0	0	0	2	0	2.014180
865	8404	0	0	0	1	0	1.794435
866	8414	0	0	0	0	0	2.861441
867	8422	0	0	0	1	0	1.975490
868	8440	0	0	0	2	0	1.852763
869	8449	0	0	0	2	0	1.306125
870	8453	0	0	0	2	0	2.049767
871	8462	0	0	0	1	0	1.392570
872	8467	0	0	0	0	0	1.166683
873	8477	0	0	0	1	0	1.380570
874	8492	0	0	0	1	0	2.317683
875	8499	0	0	0	1	0	1.696138
876	8515	0	0	0	2	0	1.938763
877	8527	0	0	0	1	0	1.075956
878	8535	0	0	0	0	0	1.839065
879	8543	0	0	0	0	0	2.428042
880	8562	0	0	0	0	0	2.526731
881	8567	0	0	0	1	0	2.592987
882	8580	0	0	0	1	0	1.992424
883	8593	0	0	0	0	0	1.808818
884	8609	0	0	0	1	0	1.271742
885	8619	0	0	0	0	0	1.638405
886	8632	0	0	0	2	0	2.499459
887	8645	0	0	0	1	0	2.675918
888	8656	0	0	0	1	0	1.418943
889	8665	0	0	0	0	0	1.035576
890	8679	0	0	0	0	0	1.992866
891	8696	0	0	0	1	0	1.249918
892	8706	0	0	0	0	0	2.539372
893	8723	0	0	0	2	0	1.841929
894	8731	0	0	0	1	0	1.371761
895	8737	0	0	0	1	0	2.143049
896	8743	0	0	0	0	0	2.950228
897	8757	0	0	0	1	0	1.654739
898	8763	0	0	0	2	0	1.232073
899	8770	0	0	0	1	0	2.534991
900	8772	0	0	0	2	0	1.869621
901	8782	0	0	0	2	0	2.285728
902	8792	0	0	0	0	0	2.175884
903	8802	0	0	0	2	0	1.706771
904	8811	0	0	0	0	0	1.258959
905	8823	0	0	0	1	0	2.150132
906	8835	0	0	0	2	0	1.076427
907	8851	0	0	0	0	0	2.976607
908	8858	0	0	0	0	0	1.926629
909	8873	0	0	0	1	0	2.765558
910	8882	0	0	0	0	0	2.921436
911	8893	0	0	0	1	0	1.920994
912	8902	0	0	0	1	0	1.357219
913	8912	0	0	0	0	0	2.222536
914	8918	0	0	0	2	0	1.325761
915	8930	0	0	0	1	0	2.938638
916	8944	0	0	0	0	0	1.699570
917	8953	0	0	0	0	0	1.108017
918	8965	0	0	0	1	0	2.839898
919	8977	0	0	0	1	0	1.314156
920	8989	0	0	0	2	0	2.566366
921	9001	0	0	0	1	0	1.589395
922	9004	0	0	0	1	0	2.633161
923	9012	0	0	0	1	0	1.237036
924	9022	0	0	0	0	0	2.242949
925	9027	0	0	0	1	0	2.022662
926	9041	0	0	0	0	0	1.719222
927	9050	0	0	0	2	0	1.282859
928	9063	0	0	0	0	0	1.368312
929	9077	0	0	0	0	0	2.207653
930	9091	0	0	0	2	0	1.335873
931	9099	0	0	0	2	0	1.622593
932	9109	0	0	0	0	0	2.353542
933	9125	0	0	0	2	0	2.704604
934	9136	0	0	0	0	0	1.382549
935	9143	0	0	0	2	0	2.646337
936	9152	0	0	0	1	0	1.646100
937	9169	0	0	0	2	0	2.458265
938	9179	0	0	0	2	0	1.059438
939	9185	0	0	0	1	0	2.376248
940	9196	0	0	0	1	0	2.174253
941	9210	0	0	0	1	0	2.374889
942	9221	0	0	0	0	0	1.899149
943	9229	0	0	0	0	0	1.104252
944	9236	0	0	0	0	0	1.212735
945	9243	0	0	0	1	0	2.550359
946	9252	0	0	0	2	0	1.055762
947	9262	0	0	0	2	0	1.428512
948	9271	0	0	0	0	0	1.776628
949	9280	0	0	0	1	0	1.940008
950	9286	0	0	0	1	0	2.232808
951	9294	0	0	0	1	0	2.221393
952	9299	0	0	0	0	0	2.495160
953	9308	0	0	0	0	0	2.687268
954	9319	0	0	0	2	0	1.034755
955	9327	0	0	0	0	0	2.780570
956	9333	0	0	0	2	0	2.947374
957	9343	0	0	0	2	0	2.254389
958	9353	0	0	0	1	0	2.984475
959	9370	0	0	0	0	0	1.505945
960	9380	0	0	0	2	0	1.026450
961	9389	0	0	0	1	0	1.881863
962	9391	0	0	0	0	0	2.694778
963	9402	0	0	0	1	0	2.818737
964	9410	0	0	0	0	0	1.958343
965	9422	0	0	0	2	0	2.496146
966	9429	0	0	0	2	0	2.078483
967	9442	0	0	0	1	0	1.351454
968	9448	0	0	0	0	0	1.773325
969	9462	0	0	0	2	0	1.403533
970	9472	0	0	0	1	0	1.618326
971	9483	0	0	0	1	0	1.591959
972	9490	0	0	0	1	0	2.699320
973	9498	0	0	0	0	0	1.839557
974	9511	0	0	0	1	0	1.116923
975	9526	0	0	0	2	0	2.744153
976	9531	0	0	0	1	0	2.271607
977	9542	0	0	0	2	0	1.755046
978	9553	0	0	0	1	0	1.622983
979	9564	0	0	0	0	0	2.652046
980	9579	0	0	0	2	0	1.782243
981	9590	0	0	0	1	0	2.246383
982	9604	0	0	0	1	0	1.265857
983	9608	0	0	0	2	0	2.335827
984	9618	0	0	0	0	0	1.143561
985	9631	0	0	0	1	0	1.723813
986	9645	0	0	0	0	0	1.857155
987	9653	0	0	0	1	0	1.490959
988	9659	0	0	0	2	0	1.879616
989	9669	0	0	0	2	0	1.007600
990	9675	0	0	0	2	0	1.380855
991	9683	0	0	0	1	0	1.025833
992	9689	0	0	0	0	0	2.824397
993	9696	0	0	0	0	0	2.471324
994	9706	0	0	0	0	0	1.785352
995	9714	0	0	0	0	0	1.724824
996	9721	0	0	0	1	0	1.785885
997	9731	0	0	0	0	0	1.047019
998	9738	0	0	0	2	0	1.859678
999	9752	0	0	0	2	0	2.997189
