0	1	0	0	0	2	0	2.985510
1	10	0	0	0	1	0	1.159289
2	21	0	0	0	0	0	1.996496
3	30	0	0	0	2	0	1.549300
4	41	0	0	0	1	0	1.832990
5	49	0	0	0	0	0	1.543694
6	58	0	0	0	0	0	1.605701
7	67	0	0	0	0	0	1.570782
8	79	0	0	0	0	0	2.930477
9	86	0	0	0	1	0	2.939403
10	96	0	0	0	1	0	1.032338
11	102	0	0	0	0	0	1.327716
12	117	0	0	0	1	0	2.224627
13	126	0	0	0	1	0	2.255976
14	135	0	0	0	0	0	2.698532
15	148	0	0	0	0	0	1.425371
16	159	0	0	0	0	0	1.937857
17	163	0	0	0	0	0	2.840191
18	174	0	0	0	2	0	2.483674
19	182	0	0	0	0	0	1.230919
20	195	0	0	0	1	0	2.527655
21	207	0	0	0	0	0	1.984452
22	225	0	0	0	2	0	2.002381
23	234	0	0	0	1	0	1.808315
24	244	0	0	0	2	0	1.557086
25	250	0	0	0	1	0	1.818131
26	264	0	0	0	0	0	2.911110
27	274	0	0	0	0	0	2.926628
28	286	0	0	0	1	0	1.094852
29	297	0	0	0	2	0	2.046560
30	311	0	0	0	2	0	1.953005
31	325	0	0	0	1	0	2.799698
32	331	0	0	0	0	0	2.745928
33	338	0	0	0	0	0	2.788190
34	352	0	0	0	1	0	1.475786
35	362	0	0	0	0	0	1.641705
36	368	0	0	0	1	0	1.829642
37	375	0	0	0	2	0	2.645297
38	386	0	0	0	0	0	2.659452
39	398	0	0	0	0	0	1.802586
40	415	0	0	0	0	0	2.014100
41	420	0	0	0	0	0	1.326333
42	423	0	0	0	2	0	2.067002
43	435	0	0	0	1	0	1.460732
44	448	0	0	0	2	0	2.763500
45	452	0	0	0	1	0	1.673838
46	461	0	0	0	0	0	2.617118
47	472	0	0	0	0	0	2.531196
48	479	0	0	0	1	0	1.256262
49	490	0	0	0	1	0	2.275992
50	505	0	0	0	2	0	1.821302
51	510	0	0	0	1	0	1.419849
52	518	0	0	0	1	0	2.056083
53	527	0	0	0	0	0	2.732386
54	535	0	0	0	0	0	2.257073
55	540	0	0	0	1	0	1.187231
56	550	0	0	0	0	0	2.340990
57	558	0	0	0	0	0	1.629461
58	568	0	0	0	2	0	2.979271
59	575	0	0	0	2	0	2.485273
60	580	0	0	0	0	0	1.194026
61	590	0	0	0	0	0	2.058537
62	602	0	0	0	0	0	2.878501
63	614	0	0	0	0	0	1.399848
64	631	0	0	0	0	0	1.410767
65	644	0	0	0	1	0	1.387044
66	662	0	0	0	2	0	1.970384
67	672	0	0	0	0	0	1.990429
68	683	0	0	0	2	0	1.092476
69	694	0	0	0	1	0	2.935977
70	705	0	0	0	2	0	2.323519
71	712	0	0	0	0	0	2.269200
72	719	0	0	0	0	0	1.099355
73	734	0	0	0	0	0	1.880985
74	742	0	0	0	0	0	1.074821
75	751	0	0	0	0	0	2.444364
76	763	0	0	0	0	0	2.663451
77	776	0	0	0	0	0	1.349201
78	783	0	0	0	0	0	2.032808
79	793	0	0	0	1	0	2.970537
80	801	0	0	0	2	0	1.438378
81	809	0	0	0	0	0	2.257633
82	818	0	0	0	0	0	1.848151
83	830	0	0	0	0	0	1.266015
84	835	0	0	0	2	0	2.243611
85	843	0	0	0	0	0	2.038012
86	852	0	0	0	0	0	2.836448
87	858	0	0	0	2	0	1.979909
88	863	0	0	0	0	0	2.097856
89	877	0	0	0	2	0	1.169559
90	880	0	0	0	1	0	2.680293
91	894	0	0	0	1	0	2.824082
92	913	0	0	0	2	0	2.659465
93	924	0	0	0	2	0	2.064941
94	929	0	0	0	1	0	1.440360
95	942	0	0	0	0	0	1.196488
96	950	0	0	0	1	0	1.720369
97	956	0	0	0	1	0	1.982387
98	964	0	0	0	0	0	2.972971
99	977	0	0	0	2	0	2.784597
100	990	0	0	0	2	0	1.353243
101	1006	0	0	0	1	0	2.002427
102	1010	0	0	0	1	0	2.001349
103	1018	0	0	0	0	0	1.449363
104	1029	0	0	0	0	0	1.227455
105	1038	0	0	0	1	0	1.410446
106	1048	0	0	0	0	0	1.442698
107	1062	0	0	0	2	0	2.987663
108	1067	0	0	0	0	0	2.394541
109	1077	0	0	0	0	0	2.696140
110	1085	0	0	0	2	0	1.862999
111	1092	0	0	0	1	0	2.333493
112	1105	0	0	0	0	0	1.365257
113	1118	0	0	0	0	0	1.806441
114	1125	0	0	0	1	0	1.923060
115	1135	0	0	0	2	0	2.958727
116	1144	0	0	0	0	0	1.951453
117	1153	0	0	0	2	0	2.737685
118	1157	0	0	0	1	0	2.297333
119	1166	0	0	0	1	0	1.728252
120	1172	0	0	0	0	0	1.200002
121	1174	0	0	0	1	0	2.392876
122	1188	0	0	0	0	0	1.130955
123	1200	0	0	0	1	0	1.073704
124	1209	0	0	0	2	0	1.286066
125	1220	0	0	0	0	0	2.208399
126	1227	0	0	0	1	0	2.037193
127	1240	0	0	0	1	0	1.492816
128	1253	0	0	0	0	0	1.557655
129	1269	0	0	0	1	0	2.204681
130	1275	0	0	0	1	0	1.218491
131	1283	0	0	0	2	0	2.952328
132	1292	0	0	0	2	0	2.408620
133	1295	0	0	0	0	0	2.588714
134	1305	0	0	0	0	0	1.941975
135	1317	0	0	0	1	0	2.695858
136	1327	0	0	0	1	0	1.260807
137	1338	0	0	0	2	0	2.079522
138	1347	0	0	0	0	0	1.139665
139	1357	0	0	0	1	0	1.835776
140	1364	0	0	0	0	0	1.863995
141	1376	0	0	0	0	0	2.087322
142	1383	0	0	0	1	0	1.839249
143	1391	0	0	0	0	0	1.485034
144	1396	0	0	0	1	0	1.831117
145	1404	0	0	0	0	0	1.800559
146	1416	0	0	0	1	0	1.352086
147	1427	0	0	0	1	0	1.437152
148	1434	0	0	0	0	0	1.793442
149	1446	0	0	0	1	0	1.718289
150	1456	0	0	0	0	0	1.939944
151	1468	0	0	0	1	0	2.658411
152	1480	0	0	0	0	0	1.266565
153	1485	0	0	0	2	0	1.895361
154	1494	0	0	0	0	0	2.618504
155	1504	0	0	0	0	0	1.722058
156	1511	0	0	0	2	0	2.414425
157	1520	0	0	0	1	0	1.732795
158	1535	0	0	0	2	0	2.169986
159	1541	0	0	0	0	0	2.283652
160	1558	0	0	0	1	0	1.278475
161	1570	0	0	0	2	0	1.372945
162	1586	0	0	0	0	0	2.519390
163	1598	0	0	0	2	0	2.126431
164	1607	0	0	0	1	0	1.782782
165	1614	0	0	0	2	0	2.430418
166	1622	0	0	0	0	0	1.765196
167	1627	0	0	0	1	0	2.047924
168	1634	0	0	0	0	0	2.358124
169	1649	0	0	0	1	0	2.835461
170	1659	0	0	0	0	0	2.315710
171	1663	0	0	0	1	0	1.662867
172	1675	0	0	0	1	0	1.964253
173	1682	0	0	0	1	0	2.059118
174	1695	0	0	0	0	0	2.432495
175	1706	0	0	0	2	0	1.915500
176	1710	0	0	0	2	0	1.308693
177	1722	0	0	0	2	0	2.964159
178	1731	0	0	0	2	0	1.319051
179	1739	0	0	0	0	0	1.166812
180	1745	0	0	0	2	0	1.225729
181	1761	0	0	0	2	0	2.435747
182	1768	0	0	0	1	0	2.455277
183	1773	0	0	0	0	0	1.550885
184	1781	0	0	0	2	0	2.617930
185	1796	0	0	0	2	0	1.274918
186	1806	0	0	0	1	0	2.243906
187	1818	0	0	0	2	0	2.939320
188	1822	0	0	0	0	0	2.093953
189	1835	0	0	0	1	0	2.877793
190	1849	0	0	0	0	0	2.574491
191	1859	0	0	0	0	0	1.462522
192	1875	0	0	0	1	0	1.914832
193	1890	0	0	0	0	0	1.450809
194	1896	0	0	0	0	0	1.196886
195	1902	0	0	0	2	0	1.935845
196	1910	0	0	0	2	0	1.098104
197	1916	0	0	0	2	0	1.448859
198	1926	0	0	0	1	0	2.036034
199	1934	0	0	0	1	0	2.217753
200	1946	0	0	0	2	0	1.829476
201	1958	0	0	0	0	0	2.186914
202	1963	0	0	0	0	0	1.952933
203	1970	0	0	0	2	0	2.091788
204	1976	0	0	0	1	0	1.662597
205	1991	0	0	0	2	0	2.097853
206	2007	0	0	0	2	0	2.313057
207	2017	0	0	0	0	0	2.616903
208	2031	0	0	0	2	0	2.973548
209	2041	0	0	0	1	0	1.702044
210	2051	0	0	0	2	0	2.969204
211	2064	0	0	0	1	0	1.000754
212	2074	0	0	0	2	0	1.232444
213	2086	0	0	0	0	0	1.119549
214	2090	0	0	0	1	0	1.212956
215	2097	0	0	0	0	0	1.130593
216	2109	0	0	0	1	0	1.147380
217	2120	0	0	0	2	0	2.507222
218	2132	0	0	0	2	0	1.149440
219	2148	0	0	0	2	0	2.167988
220	2161	0	0	0	0	0	1.440657
221	2170	0	0	0	1	0	2.541940
222	2181	0	0	0	0	0	1.934358
223	2188	0	0	0	0	0	2.532744
224	2205	0	0	0	1	0	2.787906
225	2217	0	0	0	2	0	2.896731
226	2223	0	0	0	2	0	1.795064
227	2242	0	0	0	2	0	1.581010
228	2253	0	0	0	1	0	2.703427
229	2266	0	0	0	1	0	2.198351
230	2281	0	0	0	2	0	1.283534
231	2288	0	0	0	0	0	2.788451
232	2300	0	0	0	0	0	1.900016
233	2320	0	0	0	1	0	1.571163
234	2328	0	0	0	1	0	2.893680
235	2339	0	0	0	0	0	2.530163
236	2348	0	0	0	1	0	1.578466
237	2360	0	0	0	1	0	1.351646
238	2369	0	0	0	1	0	1.466604
239	2374	0	0	0	2	0	1.896890
240	2381	0	0	0	1	0	1.344547
241	2391	0	0	0	1	0	1.778779
242	2402	0	0	0	1	0	1.200341
243	2416	0	0	0	1	0	1.841676
244	2427	0	0	0	0	0	1.822334
245	2446	0	0	0	0	0	1.355270
246	2456	0	0	0	2	0	2.571077
247	2464	0	0	0	1	0	1.617136
248	2481	0	0	0	1	0	2.000667
249	2491	0	0	0	1	0	1.871112
250	2501	0	0	0	0	0	2.396459
251	2517	0	0	0	0	0	2.017362
252	2525	0	0	0	2	0	2.275764
253	2536	0	0	0	1	0	2.106021
254	2551	0	0	0	0	0	1.040877
255	2567	0	0	0	2	0	2.868240
256	2578	0	0	0	0	0	1.484838
257	2590	0	0	0	0	0	1.685739
258	2600	0	0	0	0	0	2.051950
259	2608	0	0	0	2	0	2.286899
260	2614	0	0	0	1	0	1.588938
261	2625	0	0	0	0	0	2.241601
262	2638	0	0	0	2	0	2.033337
263	2648	0	0	0	1	0	1.864163
264	2658	0	0	0	0	0	2.305241
265	2671	0	0	0	0	0	1.250253
266	2680	0	0	0	2	0	2.229361
267	2697	0	0	0	1	0	1.821031
268	2711	0	0	0	1	0	2.376910
269	2721	0	0	0	1	0	2.363601
270	2735	0	0	0	1	0	2.677994
271	2744	0	0	0	1	0	1.664635
272	2755	0	0	0	2	0	2.102303
273	2768	0	0	0	0	0	2.191340
274	2774	0	0	0	1	0	2.773420
275	2785	0	0	0	2	0	2.670877
276	2793	0	0	0	0	0	2.238982
277	2803	0	0	0	0	0	1.048811
278	2811	0	0	0	2	0	1.717500
279	2814	0	0	0	2	0	1.245716
280	2828	0	0	0	1	0	2.504573
281	2837	0	0	0	1	0	2.890528
282	2847	0	0	0	0	0	1.420945
283	2860	0	0	0	0	0	1.371586
284	2871	0	0	0	2	0	1.848472
285	2881	0	0	0	1	0	2.892482
286	2890	0	0	0	0	0	2.371855
287	2902	0	0	0	1	0	2.771429
288	2921	0	0	0	2	0	2.776943
289	2937	0	0	0	0	0	1.440346
290	2945	0	0	0	0	0	2.048538
291	2957	0	0	0	0	0	1.190456
292	2971	0	0	0	0	0	2.107701
293	2984	0	0	0	0	0	1.833610
294	2991	0	0	0	1	0	1.232346
295	3004	0	0	0	1	0	1.609149
296	3014	0	0	0	1	0	1.214273
297	3024	0	0	0	0	0	1.277079
298	3035	0	0	0	1	0	2.618597
299	3048	0	0	0	0	0	2.615739
300	3054	0	0	0	0	0	2.632105
301	3062	0	0	0	0	0	2.345689
302	3074	0	0	0	2	0	2.421125
303	3090	0	0	0	2	0	1.960718
304	3100	0	0	0	0	0	2.155806
305	3113	0	0	0	0	0	2.779809
306	3121	0	0	0	2	0	1.503605
307	3132	0	0	0	0	0	1.566175
308	3144	0	0	0	2	0	1.016332
309	3153	0	0	0	0	0	2.571573
310	3166	0	0	0	0	0	2.477616
311	3177	0	0	0	0	0	2.239034
312	3191	0	0	0	1	0	1.746355
313	3201	0	0	0	2	0	1.420524
314	3212	0	0	0	2	0	1.633127
315	3215	0	0	0	1	0	1.232635
316	3230	0	0	0	2	0	2.111531
317	3240	0	0	0	2	0	1.641670
318	3250	0	0	0	1	0	1.594483
319	3266	0	0	0	1	0	1.746910
320	3271	0	0	0	0	0	2.539300
321	3285	0	0	0	0	0	1.020188
322	3294	0	0	0	1	0	1.380032
323	3306	0	0	0	0	0	2.726531
324	3325	0	0	0	0	0	1.893297
325	3340	0	0	0	0	0	1.112675
326	3349	0	0	0	0	0	2.993815
327	3363	0	0	0	1	0	1.750989
328	3370	0	0	0	1	0	1.661276
329	3375	0	0	0	0	0	2.343275
330	3382	0	0	0	0	0	1.412724
331	3390	0	0	0	1	0	2.501728
332	3395	0	0	0	2	0	2.955976
333	3406	0	0	0	1	0	2.196594
334	3416	0	0	0	0	0	1.184299
335	3420	0	0	0	0	0	1.074898
336	3434	0	0	0	2	0	1.648199
337	3442	0	0	0	1	0	1.407806
338	3459	0	0	0	1	0	2.919895
339	3466	0	0	0	2	0	2.200798
340	3474	0	0	0	1	0	2.822087
341	3483	0	0	0	0	0	2.261379
342	3491	0	0	0	2	0	1.757707
343	3501	0	0	0	0	0	2.057428
344	3506	0	0	0	2	0	1.581065
345	3517	0	0	0	0	0	2.961745
346	3527	0	0	0	0	0	2.432103
347	3535	0	0	0	0	0	1.103670
348	3538	0	0	0	0	0	1.618115
349	3545	0	0	0	2	0	2.569923
350	3556	0	0	0	1	0	2.706003
351	3564	0	0	0	1	0	1.565654
352	3574	0	0	0	1	0	1.169066
353	3583	0	0	0	1	0	1.896269
354	3591	0	0	0	0	0	1.473796
355	3603	0	0	0	0	0	2.794943
356	3613	0	0	0	1	0	1.972385
357	3618	0	0	0	0	0	2.999938
358	3631	0	0	0	2	0	2.628589
359	3645	0	0	0	1	0	1.519616
360	3654	0	0	0	0	0	1.016293
361	3662	0	0	0	0	0	1.531344
362	3672	0	0	0	1	0	2.566497
363	3681	0	0	0	0	0	2.077727
364	3686	0	0	0	2	0	1.261628
365	3696	0	0	0	2	0	2.302501
366	3701	0	0	0	0	0	1.275242
367	3715	0	0	0	1	0	2.828050
368	3727	0	0	0	2	0	1.368732
369	3741	0	0	0	1	0	2.817183
370	3752	0	0	0	1	0	2.374199
371	3761	0	0	0	0	0	1.861868
372	3769	0	0	0	2	0	2.541568
373	3784	0	0	0	2	0	1.171007
374	3789	0	0	0	1	0	2.807613
375	3798	0	0	0	1	0	2.032450
376	3807	0	0	0	0	0	2.807265
377	3821	0	0	0	0	0	2.564159
378	3832	0	0	0	1	0	1.406802
379	3838	0	0	0	0	0	1.953310
380	3848	0	0	0	0	0	1.773606
381	3861	0	0	0	1	0	2.573692
382	3871	0	0	0	0	0	2.919222
383	3879	0	0	0	1	0	2.979263
384	3890	0	0	0	2	0	1.650082
385	3900	0	0	0	1	0	1.405476
386	3909	0	0	0	1	0	2.040387
387	3916	0	0	0	2	0	2.527200
388	3924	0	0	0	2	0	2.865853
389	3935	0	0	0	1	0	2.684934
390	3950	0	0	0	1	0	2.504059
391	3961	0	0	0	1	0	2.339521
392	3972	0	0	0	2	0	2.722664
393	3983	0	0	0	2	0	1.219984
394	3996	0	0	0	0	0	2.909208
395	4003	0	0	0	2	0	2.051966
396	4014	0	0	0	0	0	1.950756
397	4026	0	0	0	2	0	2.880822
398	4040	0	0	0	1	0	2.670214
399	4053	0	0	0	0	0	1.687663
400	4066	0	0	0	2	0	1.750354
401	4076	0	0	0	2	0	2.232484
402	4086	0	0	0	0	0	1.995921
403	4094	0	0	0	1	0	2.582232
404	4105	0	0	0	0	0	2.162426
405	4115	0	0	0	1	0	2.544113
406	4127	0	0	0	0	0	2.759746
407	4138	0	0	0	1	0	2.616588
408	4144	0	0	0	1	0	1.678799
409	4150	0	0	0	1	0	2.353180
410	4158	0	0	0	1	0	1.593042
411	4167	0	0	0	1	0	2.171990
412	4176	0	0	0	1	0	1.663717
413	4183	0	0	0	1	0	1.987444
414	4197	0	0	0	2	0	1.122435
415	4208	0	0	0	2	0	1.718772
416	4216	0	0	0	2	0	2.181932
417	4228	0	0	0	1	0	1.552301
418	4234	0	0	0	0	0	1.357081
419	4247	0	0	0	1	0	1.462123
420	4258	0	0	0	0	0	1.552363
421	4265	0	0	0	0	0	1.131859
422	4275	0	0	0	0	0	1.540132
423	4284	0	0	0	2	0	2.499846
424	4291	0	0	0	1	0	2.230984
425	4312	0	0	0	2	0	2.642756
426	4320	0	0	0	0	0	2.787126
427	4327	0	0	0	0	0	1.614851
428	4336	0	0	0	0	0	1.006753
429	4346	0	0	0	0	0	2.633047
430	4353	0	0	0	1	0	1.181394
431	4364	0	0	0	0	0	1.402149
432	4377	0	0	0	1	0	2.527796
433	4382	0	0	0	2	0	1.554255
434	4391	0	0	0	1	0	2.063759
435	4404	0	0	0	1	0	1.218732
436	4416	0	0	0	1	0	2.563289
437	4427	0	0	0	1	0	1.857176
438	4437	0	0	0	0	0	2.716981
439	4443	0	0	0	1	0	1.821502
440	4451	0	0	0	2	0	2.523919
441	4457	0	0	0	1	0	1.417274
442	4469	0	0	0	2	0	1.673558
443	4481	0	0	0	2	0	1.956486
444	4493	0	0	0	1	0	1.253504
445	4500	0	0	0	0	0	1.687047
446	4508	0	0	0	1	0	1.975886
447	4514	0	0	0	0	0	1.301955
448	4528	0	0	0	1	0	2.217554
449	4538	0	0	0	0	0	1.079764
450	4550	0	0	0	1	0	2.350709
451	4559	0	0	0	0	0	2.582752
452	4568	0	0	0	0	0	1.907752
453	4582	0	0	0	2	0	2.865840
454	4589	0	0	0	1	0	2.956862
455	4604	0	0	0	0	0	1.411803
456	4614	0	0	0	0	0	1.873417
457	4619	0	0	0	0	0	2.128831
458	4632	0	0	0	0	0	2.792897
459	4637	0	0	0	1	0	1.872366
460	4648	0	0	0	1	0	1.000287
461	4658	0	0	0	1	0	2.358053
462	4670	0	0	0	0	0	2.347812
463	4691	0	0	0	1	0	2.497362
464	4700	0	0	0	2	0	1.360957
465	4708	0	0	0	1	0	2.002355
466	4722	0	0	0	1	0	2.640289
467	4735	0	0	0	0	0	2.838048
468	4744	0	0	0	2	0	1.452809
469	4751	0	0	0	2	0	2.201551
470	4764	0	0	0	2	0	1.905778
471	4775	0	0	0	2	0	2.089408
472	4786	0	0	0	0	0	1.169714
473	4795	0	0	0	2	0	1.820254
474	4801	0	0	0	2	0	2.997516
475	4812	0	0	0	1	0	2.955002
476	4825	0	0	0	1	0	2.379760
477	4837	0	0	0	1	0	2.247676
478	4849	0	0	0	1	0	2.860703
479	4855	0	0	0	1	0	1.436396
480	4866	0	0	0	1	0	2.054518
481	4874	0	0	0	1	0	2.065779
482	4887	0	0	0	1	0	1.052930
483	4894	0	0	0	2	0	1.923723
484	4901	0	0	0	1	0	2.543998
485	4909	0	0	0	0	0	2.870617
486	4915	0	0	0	0	0	1.315384
487	4921	0	0	0	2	0	2.751715
488	4928	0	0	0	1	0	2.308441
489	4938	0	0	0	2	0	1.778460
490	4947	0	0	0	2	0	2.034137
491	4955	0	0	0	1	0	1.075760
492	4961	0	0	0	2	0	2.261381
493	4972	0	0	0	0	0	2.938814
494	4984	0	0	0	1	0	2.605419
495	4989	0	0	0	2	0	1.622154
496	4997	0	0	0	1	0	2.991374
497	5005	0	0	0	2	0	2.353366
498	5016	0	0	0	0	0	1.546180
499	5030	0	0	0	2	0	1.022623
500	5042	0	0	0	0	0	1.984247
501	5053	0	0	0	1	0	1.336829
502	5061	0	0	0	2	0	2.169779
503	5069	0	0	0	1	0	2.652809
504	5079	0	0	0	2	0	1.606173
505	5087	0	0	0	0	0	1.027388
506	5097	0	0	0	1	0	2.871457
507	5102	0	0	0	1	0	2.518139
508	5112	0	0	0	2	0	1.215110
509	5120	0	0	0	0	0	2.823075
510	5129	0	0	0	1	0	1.778428
511	5139	0	0	0	0	0	1.135688
512	5146	0	0	0	1	0	1.960635
513	5153	0	0	0	0	0	2.306198
514	5162	0	0	0	1	0	1.096099
515	5175	0	0	0	2	0	1.874337
516	5188	0	0	0	1	0	2.511528
517	5198	0	0	0	0	0	1.323057
518	5207	0	0	0	1	0	2.060638
519	5221	0	0	0	2	0	2.032711
520	5236	0	0	0	2	0	2.017736
521	5245	0	0	0	1	0	1.049851
522	5254	0	0	0	2	0	1.204815
523	5262	0	0	0	0	0	1.744009
524	5281	0	0	0	1	0	2.606248
525	5288	0	0	0	0	0	1.396950
526	5300	0	0	0	2	0	2.738269
527	5311	0	0	0	0	0	2.621580
528	5323	0	0	0	1	0	2.400247
529	5332	0	0	0	2	0	2.620451
530	5342	0	0	0	0	0	1.304814
531	5353	0	0	0	2	0	1.437583
532	5367	0	0	0	1	0	1.355587
533	5373	0	0	0	1	0	2.228606
534	5388	0	0	0	1	0	1.709447
535	5391	0	0	0	0	0	2.404284
536	5400	0	0	0	0	0	2.340506
537	5409	0	0	0	1	0	1.389568
538	5423	0	0	0	0	0	1.069611
539	5432	0	0	0	0	0	1.595744
540	5442	0	0	0	2	0	2.791042
541	5451	0	0	0	2	0	1.433934
542	5460	0	0	0	0	0	1.660107
543	5465	0	0	0	1	0	2.430197
544	5477	0	0	0	2	0	1.050401
545	5491	0	0	0	0	0	1.616819
546	5496	0	0	0	1	0	1.003788
547	5507	0	0	0	1	0	2.722836
548	5526	0	0	0	1	0	1.097021
549	5536	0	0	0	0	0	1.186980
550	5546	0	0	0	1	0	2.025424
551	5554	0	0	0	0	0	2.630088
552	5567	0	0	0	1	0	1.050824
553	5578	0	0	0	2	0	1.492446
554	5586	0	0	0	2	0	2.698964
555	5593	0	0	0	0	0	2.276625
556	5601	0	0	0	2	0	2.622380
557	5605	0	0	0	0	0	1.474497
558	5619	0	0	0	0	0	2.454557
559	5627	0	0	0	1	0	2.962805
560	5636	0	0	0	0	0	2.619694
561	5646	0	0	0	0	0	1.730036
562	5652	0	0	0	0	0	2.731416
563	5659	0	0	0	2	0	1.979420
564	5665	0	0	0	0	0	2.702653
565	5680	0	0	0	0	0	1.610563
566	5692	0	0	0	0	0	2.107433
567	5701	0	0	0	0	0	1.533770
568	5715	0	0	0	1	0	2.279141
569	5729	0	0	0	0	0	2.413157
570	5737	0	0	0	1	0	2.531562
571	5749	0	0	0	2	0	2.425400
572	5758	0	0	0	1	0	2.528602
573	5765	0	0	0	0	0	1.501277
574	5773	0	0	0	2	0	2.773621
575	5786	0	0	0	0	0	2.396035
576	5804	0	0	0	2	0	2.985337
577	5816	0	0	0	1	0	2.545317
578	5829	0	0	0	2	0	2.798810
579	5840	0	0	0	2	0	1.842837
580	5849	0	0	0	2	0	1.864380
581	5857	0	0	0	2	0	1.888861
582	5868	0	0	0	2	0	1.546368
583	5880	0	0	0	2	0	2.887726
584	5888	0	0	0	2	0	2.405378
585	5896	0	0	0	2	0	1.798290
586	5911	0	0	0	1	0	2.343086
587	5921	0	0	0	1	0	1.662147
588	5931	0	0	0	1	0	2.229969
589	5943	0	0	0	1	0	1.501110
590	5953	0	0	0	0	0	1.438374
591	5963	0	0	0	0	0	1.661456
592	5969	0	0	0	2	0	2.900391
593	5974	0	0	0	1	0	2.886596
594	5982	0	0	0	0	0	2.599491
595	5992	0	0	0	1	0	1.741727
596	5999	0	0	0	0	0	2.923870
597	6011	0	0	0	0	0	1.253350
598	6020	0	0	0	1	0	1.263939
599	6032	0	0	0	2	0	2.234777
600	6046	0	0	0	0	0	1.579020
601	6057	0	0	0	2	0	2.828232
602	6068	0	0	0	0	0	1.407811
603	6083	0	0	0	0	0	2.846361
604	6090	0	0	0	1	0	1.645158
605	6099	0	0	0	0	0	1.577824
606	6109	0	0	0	0	0	2.040393
607	6118	0	0	0	2	0	1.018203
608	6129	0	0	0	0	0	2.056569
609	6140	0	0	0	1	0	2.954302
610	6149	0	0	0	0	0	2.554239
611	6158	0	0	0	0	0	1.720760
612	6170	0	0	0	1	0	1.342725
613	6181	0	0	0	0	0	1.966504
614	6189	0	0	0	2	0	1.479823
615	6199	0	0	0	0	0	1.288058
616	6210	0	0	0	1	0	2.189500
617	6218	0	0	0	0	0	1.527236
618	6232	0	0	0	2	0	1.963412
619	6243	0	0	0	0	0	2.727998
620	6252	0	0	0	1	0	2.322104
621	6261	0	0	0	1	0	1.184104
622	6267	0	0	0	0	0	1.975453
623	6279	0	0	0	1	0	2.596543
624	6290	0	0	0	1	0	2.933970
625	6308	0	0	0	1	0	2.587225
626	6321	0	0	0	1	0	2.298035
627	6328	0	0	0	1	0	1.990270
628	6338	0	0	0	0	0	1.917280
629	6350	0	0	0	1	0	2.343004
630	6365	0	0	0	1	0	2.502219
631	6373	0	0	0	1	0	2.973944
632	6382	0	0	0	1	0	1.586413
633	6392	0	0	0	2	0	2.747435
634	6398	0	0	0	2	0	2.303371
635	6403	0	0	0	2	0	2.899380
636	6414	0	0	0	2	0	1.113285
637	6428	0	0	0	0	0	1.985479
638	6436	0	0	0	0	0	1.534167
639	6444	0	0	0	2	0	2.815917
640	6450	0	0	0	0	0	1.785031
641	6459	0	0	0	0	0	1.995748
642	6476	0	0	0	2	0	2.168829
643	6485	0	0	0	0	0	2.646998
644	6494	0	0	0	1	0	2.396760
645	6500	0	0	0	2	0	1.897937
646	6509	0	0	0	0	0	1.438587
647	6519	0	0	0	0	0	2.208211
648	6527	0	0	0	1	0	2.734045
649	6536	0	0	0	2	0	1.979500
650	6549	0	0	0	0	0	1.672575
651	6562	0	0	0	1	0	1.135374
652	6572	0	0	0	2	0	2.552001
653	6583	0	0	0	1	0	2.897908
654	6591	0	0	0	1	0	1.769639
655	6603	0	0	0	0	0	1.101164
656	6610	0	0	0	1	0	2.479708
657	6621	0	0	0	1	0	1.203304
658	6632	0	0	0	1	0	2.262224
659	6645	0	0	0	2	0	2.573747
660	6656	0	0	0	0	0	1.480875
661	6660	0	0	0	1	0	2.485829
662	6675	0	0	0	0	0	1.562551
663	6689	0	0	0	2	0	1.297455
664	6696	0	0	0	0	0	1.437977
665	6707	0	0	0	0	0	1.287486
666	6720	0	0	0	2	0	2.745364
667	6732	0	0	0	1	0	1.924894
668	6743	0	0	0	1	0	1.811555
669	6755	0	0	0	0	0	2.939515
670	6764	0	0	0	1	0	1.124691
671	6774	0	0	0	0	0	1.152112
672	6782	0	0	0	0	0	2.017528
673	6792	0	0	0	1	0	2.889767
674	6807	0	0	0	2	0	1.415827
675	6815	0	0	0	1	0	2.992468
676	6829	0	0	0	1	0	2.517627
677	6840	0	0	0	2	0	2.429892
678	6843	0	0	0	0	0	1.937473
679	6852	0	0	0	0	0	2.774415
680	6862	0	0	0	2	0	1.920219
681	6873	0	0	0	1	0	2.047458
682	6881	0	0	0	1	0	1.291506
683	6890	0	0	0	2	0	1.204364
684	6899	0	0	0	1	0	1.683941
685	6909	0	0	0	1	0	1.499875
686	6916	0	0	0	2	0	2.753331
687	6926	0	0	0	1	0	2.924017
688	6936	0	0	0	2	0	2.215237
689	6941	0	0	0	1	0	1.889215
690	6953	0	0	0	0	0	1.519698
691	6963	0	0	0	1	0	1.587561
692	6972	0	0	0	1	0	1.578633
693	6976	0	0	0	1	0	2.055464
694	6982	0	0	0	1	0	1.315510
695	6993	0	0	0	0	0	1.796747
696	7002	0	0	0	0	0	1.786661
697	7014	0	0	0	1	0	1.030617
698	7021	0	0	0	0	0	2.453508
699	7030	0	0	0	1	0	2.866889
700	7036	0	0	0	1	0	2.210275
701	7047	0	0	0	0	0	2.608358
702	7059	0	0	0	1	0	2.213249
703	7069	0	0	0	0	0	2.042478
704	7075	0	0	0	1	0	1.985810
705	7083	0	0	0	1	0	2.459074
706	7088	0	0	0	0	0	1.454737
707	7100	0	0	0	1	0	2.490428
708	7109	0	0	0	1	0	2.996038
709	7121	0	0	0	2	0	1.909039
710	7131	0	0	0	2	0	1.003848
711	7149	0	0	0	2	0	1.200684
712	7160	0	0	0	0	0	1.547003
713	7166	0	0	0	0	0	2.334311
714	7175	0	0	0	2	0	1.766973
715	7186	0	0	0	2	0	2.528929
716	7199	0	0	0	1	0	1.120053
717	7212	0	0	0	0	0	1.293678
718	7222	0	0	0	1	0	2.973820
719	7231	0	0	0	1	0	1.375716
720	7243	0	0	0	1	0	1.388582
721	7256	0	0	0	0	0	1.532116
722	7272	0	0	0	0	0	2.393880
723	7280	0	0	0	0	0	2.552505
724	7290	0	0	0	0	0	1.063455
725	7298	0	0	0	0	0	2.242241
726	7310	0	0	0	1	0	2.885608
727	7321	0	0	0	2	0	1.780219
728	7333	0	0	0	1	0	2.956690
729	7348	0	0	0	2	0	1.868531
730	7355	0	0	0	2	0	2.382630
731	7363	0	0	0	1	0	1.709262
732	7377	0	0	0	0	0	1.456786
733	7389	0	0	0	1	0	2.838452
734	7398	0	0	0	0	0	2.896736
735	7405	0	0	0	0	0	2.617450
736	7416	0	0	0	0	0	1.459666
737	7422	0	0	0	1	0	1.878123
738	7431	0	0	0	2	0	1.363248
739	7439	0	0	0	2	0	1.911080
740	7448	0	0	0	0	0	2.430656
741	7463	0	0	0	0	0	2.925826
742	7468	0	0	0	2	0	1.597273
743	7482	0	0	0	1	0	2.992000
744	7493	0	0	0	2	0	2.444317
745	7508	0	0	0	1	0	2.721199
746	7518	0	0	0	1	0	1.351574
747	7526	0	0	0	0	0	2.455495
748	7534	0	0	0	0	0	2.326639
749	7541	0	0	0	1	0	2.938826
750	7545	0	0	0	0	0	2.667772
751	7554	0	0	0	2	0	1.902059
752	7569	0	0	0	0	0	1.173805
753	7579	0	0	0	1	0	1.876887
754	7589	0	0	0	2	0	1.563812
755	7604	0	0	0	1	0	2.298035
756	7614	0	0	0	2	0	1.321795
757	7627	0	0	0	0	0	2.520702
758	7640	0	0	0	1	0	2.674975
759	7659	0	0	0	1	0	1.741303
760	7667	0	0	0	1	0	2.588217
761	7682	0	0	0	1	0	2.598347
762	7693	0	0	0	1	0	2.480955
763	7706	0	0	0	1	0	2.692827
764	7714	0	0	0	1	0	1.072415
765	7726	0	0	0	0	0	1.516456
766	7736	0	0	0	0	0	1.642400
767	7743	0	0	0	1	0	1.909912
768	7755	0	0	0	2	0	1.197117
769	7771	0	0	0	2	0	1.867262
770	7779	0	0	0	1	0	2.831426
771	7790	0	0	0	0	0	1.520267
772	7804	0	0	0	2	0	1.859609
773	7806	0	0	0	0	0	2.446725
774	7813	0	0	0	1	0	1.273615
775	7825	0	0	0	0	0	1.784596
776	7830	0	0	0	0	0	1.700867
777	7851	0	0	0	0	0	1.374003
778	7856	0	0	0	0	0	2.259498
779	7868	0	0	0	1	0	1.683990
780	7870	0	0	0	0	0	1.586306
781	7881	0	0	0	2	0	1.634217
782	7891	0	0	0	2	0	2.729782
783	7895	0	0	0	1	0	1.046806
784	7905	0	0	0	2	0	1.462177
785	7913	0	0	0	1	0	2.539706
786	7926	0	0	0	0	0	1.577428
787	7942	0	0	0	0	0	2.897138
788	7945	0	0	0	2	0	2.019540
789	7953	0	0	0	1	0	2.619607
790	7964	0	0	0	1	0	1.438643
791	7976	0	0	0	0	0	2.064863
792	7984	0	0	0	1	0	2.096616
793	7997	0	0	0	2	0	1.014855
794	8008	0	0	0	1	0	2.512408
795	8019	0	0	0	0	0	2.661689
796	8031	0	0	0	1	0	1.979154
797	8042	0	0	0	2	0	1.107203
798	8055	0	0	0	0	0	2.955749
799	8069	0	0	0	1	0	1.721908
800	8075	0	0	0	0	0	2.272941
801	8087	0	0	0	1	0	2.440276
802	8095	0	0	0	1	0	2.744179
803	8105	0	0	0	2	0	2.044258
804	8118	0	0	0	2	0	1.787238
805	8127	0	0	0	0	0	2.246735
806	8146	0	0	0	1	0	2.207343
807	8155	0	0	0	1	0	2.369931
808	8167	0	0	0	0	0	1.108500
809	8177	0	0	0	0	0	1.682549
810	8178	0	0	0	0	0	2.776068
811	8190	0	0	0	2	0	2.975363
812	8200	0	0	0	0	0	2.914650
813	8213	0	0	0	0	0	2.323713
814	8224	0	0	0	2	0	1.249357
815	8230	0	0	0	2	0	2.153758
816	8236	0	0	0	1	0	2.576624
817	8246	0	0	0	1	0	1.095380
818	8254	0	0	0	2	0	1.607167
819	8260	0	0	0	2	0	1.131523
820	8269	0	0	0	0	0	1.288057
821	8284	0	0	0	0	0	2.515409
822	8291	0	0	0	2	0	1.878445
823	8306	0	0	0	0	0	2.473780
824	8313	0	0	0	0	0	2.316268
825	8323	0	0	0	0	0	2.918319
826	8332	0	0	0	1	0	1.941620
827	8348	0	0	0	2	0	2.365325
828	8356	0	0	0	1	0	2.296637
829	8365	0	0	0	1	0	1.691305
830	8375	0	0	0	1	0	1.271236
831	8381	0	0	0	0	0	2.309373
832	8390	0	0	0	0	0	2.245990
833	8402	0	0	0	0	0	2.825268
834	8408	0	0	0	1	0	1.091463
835	8419	0	0	0	0	0	1.831815
836	8431	0	0	0	0	0	2.293058
837	8445	0	0	0	0	0	1.682535
838	8451	0	0	0	0	0	1.370178
839	8462	0	0	0	1	0	1.464486
840	8471	0	0	0	0	0	2.648008
841	8477	0	0	0	2	0	2.696811
842	8490	0	0	0	0	0	1.586258
843	8498	0	0	0	1	0	1.231000
844	8512	0	0	0	0	0	2.954749
845	8523	0	0	0	0	0	1.006861
846	8533	0	0	0	2	0	2.541096
847	8541	0	0	0	1	0	1.134077
848	8553	0	0	0	0	0	2.881184
849	8565	0	0	0	0	0	2.389584
850	8578	0	0	0	1	0	1.790801
851	8585	0	0	0	2	0	1.372891
852	8594	0	0	0	1	0	2.651263
853	8606	0	0	0	0	0	2.504363
854	8613	0	0	0	2	0	2.405970
855	8624	0	0	0	0	0	1.672353
856	8638	0	0	0	2	0	2.221831
857	8648	0	0	0	0	0	2.996023
858	8663	0	0	0	2	0	1.360255
859	8670	0	0	0	0	0	2.611163
860	8687	0	0	0	2	0	1.440052
861	8698	0	0	0	1	0	2.118159
862	8705	0	0	0	0	0	1.954856
863	8711	0	0	0	0	0	2.196134
864	8720	0	0	0	1	0	2.667260
865	8728	0	0	0	1	0	1.459698
866	8740	0	0	0	2	0	1.405263
867	8753	0	0	0	1	0	1.797011
868	8765	0	0	0	0	0	1.317480
869	8779	0	0	0	1	0	2.336846
870	8791	0	0	0	1	0	1.319597
871	8801	0	0	0	2	0	1.913739
872	8813	0	0	0	1	0	1.816084
873	8822	0	0	0	1	0	1.612889
874	8831	0	0	0	1	0	1.535156
875	8841	0	0	0	0	0	1.537631
876	8852	0	0	0	0	0	1.627177
877	8866	0	0	0	1	0	1.344890
878	8880	0	0	0	0	0	2.824846
879	8892	0	0	0	2	0	1.948229
880	8904	0	0	0	0	0	2.104625
881	8911	0	0	0	1	0	2.084833
882	8922	0	0	0	0	0	2.261745
883	8929	0	0	0	0	0	2.286623
884	8941	0	0	0	0	0	1.663831
885	8949	0	0	0	2	0	1.799338
886	8964	0	0	0	0	0	1.365498
887	8975	0	0	0	0	0	1.584142
888	8988	0	0	0	1	0	2.451293
889	8996	0	0	0	2	0	2.327206
890	9011	0	0	0	0	0	2.823045
891	9023	0	0	0	0	0	2.378863
892	9036	0	0	0	1	0	2.112817
893	9046	0	0	0	1	0	2.979764
894	9050	0	0	0	2	0	2.175838
895	9061	0	0	0	2	0	1.368298
896	9075	0	0	0	0	0	1.016843
897	9083	0	0	0	1	0	1.526735
898	9094	0	0	0	1	0	1.694986
899	9108	0	0	0	0	0	1.839075
900	9113	0	0	0	2	0	1.295849
901	9126	0	0	0	0	0	2.384905
902	9136	0	0	0	2	0	2.019980
903	9150	0	0	0	0	0	1.017159
904	9155	0	0	0	1	0	1.989332
905	9175	0	0	0	0	0	1.471652
906	9184	0	0	0	0	0	2.001753
907	9194	0	0	0	1	0	2.206810
908	9206	0	0	0	0	0	2.431714
909	9218	0	0	0	1	0	2.501312
910	9233	0	0	0	0	0	1.363831
911	9243	0	0	0	0	0	2.123898
912	9252	0	0	0	0	0	1.866345
913	9263	0	0	0	2	0	1.852917
914	9277	0	0	0	2	0	1.370238
915	9291	0	0	0	1	0	1.082138
916	9303	0	0	0	0	0	1.787956
917	9316	0	0	0	0	0	1.853191
918	9327	0	0	0	1	0	1.861984
919	9344	0	0	0	1	0	1.265629
920	9360	0	0	0	1	0	1.391331
921	9369	0	0	0	0	0	2.062137
922	9377	0	0	0	0	0	2.656909
923	9385	0	0	0	2	0	2.288464
924	9397	0	0	0	0	0	2.936565
925	9409	0	0	0	0	0	1.777052
926	9415	0	0	0	0	0	1.178221
927	9429	0	0	0	0	0	1.156916
928	9437	0	0	0	1	0	2.239873
929	9448	0	0	0	1	0	1.122077
930	9457	0	0	0	1	0	2.642605
931	9468	0	0	0	2	0	1.097305
932	9477	0	0	0	2	0	1.871082
933	9488	0	0	0	0	0	1.983916
934	9497	0	0	0	0	0	1.452967
935	9511	0	0	0	0	0	1.267566
936	9522	0	0	0	1	0	1.899365
937	9534	0	0	0	0	0	2.350118
938	9543	0	0	0	2	0	1.826634
939	9555	0	0	0	0	0	1.760627
940	9566	0	0	0	1	0	1.653411
941	9575	0	0	0	1	0	1.868815
942	9590	0	0	0	0	0	1.530738
943	9596	0	0	0	0	0	1.505526
944	9604	0	0	0	0	0	2.646095
945	9614	0	0	0	1	0	1.322684
946	9623	0	0	0	0	0	1.617431
947	9636	0	0	0	1	0	2.318292
948	9645	0	0	0	1	0	2.278459
949	9657	0	0	0	2	0	2.359915
950	9669	0	0	0	2	0	2.828288
951	9677	0	0	0	1	0	2.074911
952	9687	0	0	0	1	0	1.161919
953	9699	0	0	0	1	0	1.746222
954	9707	0	0	0	1	0	1.116283
955	9725	0	0	0	2	0	1.208668
956	9735	0	0	0	0	0	2.800428
957	9748	0	0	0	1	0	2.069783
958	9763	0	0	0	1	0	1.173651
959	9772	0	0	0	2	0	1.351903
960	9787	0	0	0	2	0	2.726616
961	9795	0	0	0	0	0	2.940395
962	9807	0	0	0	1	0	2.090546
963	9818	0	0	0	1	0	1.048149
964	9832	0	0	0	0	0	2.797120
965	9843	0	0	0	0	0	1.790427
966	9851	0	0	0	0	0	2.295635
967	9861	0	0	0	1	0	1.212108
968	9868	0	0	0	1	0	1.889965
969	9882	0	0	0	1	0	1.155839
970	9890	0	0	0	1	0	1.770358
971	9903	0	0	0	1	0	2.386931
972	9908	0	0	0	1	0	1.874375
973	9919	0	0	0	0	0	2.763426
974	9934	0	0	0	2	0	1.559611
975	9942	0	0	0	0	0	1.909025
976	9950	0	0	0	2	0	2.134350
977	9961	0	0	0	0	0	2.853019
978	9969	0	0	0	2	0	1.383323
979	9979	0	0	0	1	0	1.003722
980	9999	0	0	0	1	0	1.074131
981	10013	0	0	0	1	0	1.422837
982	10028	0	0	0	1	0	1.124753
983	10036	0	0	0	0	0	2.341795
984	10046	0	0	0	1	0	1.820187
985	10054	0	0	0	2	0	1.676210
986	10067	0	0	0	0	0	2.118532
987	10080	0	0	0	1	0	2.947581
988	10086	0	0	0	2	0	1.233141
989	10093	0	0	0	0	0	1.148861
990	10105	0	0	0	0	0	1.046646
991	10115	0	0	0	0	0	2.653110
992	10128	0	0	0	1	0	1.908650
993	10137	0	0	0	0	0	1.903811
994	10144	0	0	0	2	0	2.686741
995	10160	0	0	0	0	0	2.054561
996	10166	0	0	0	1	0	2.797698
997	10178	0	0	0	0	0	2.211787
998	10189	0	0	0	1	0	2.508935
999	10200	0	0	0	0	0	2.579108
