0	1	0	0	0	0	0	1.777873
1	13	0	0	0	1	0	1.842038
2	17	0	0	0	1	0	2.210890
3	30	0	0	0	0	0	1.512910
4	41	0	0	0	2	0	2.594575
5	46	0	0	0	0	0	2.660591
6	57	0	0	0	1	0	2.321661
7	70	0	0	0	0	0	2.504014
8	81	0	0	0	0	0	2.983762
9	90	0	0	0	1	0	1.395435
10	97	0	0	0	2	0	1.622362
11	110	0	0	0	2	0	1.152193
12	120	0	0	0	0	0	1.710135
13	134	0	0	0	2	0	2.139430
14	137	0	0	0	0	0	2.240891
15	148	0	0	0	2	0	1.842426
16	157	0	0	0	0	0	1.305473
17	171	0	0	0	1	0	1.224163
18	178	0	0	0	0	0	2.806302
19	194	0	0	0	0	0	2.249839
20	206	0	0	0	1	0	2.279704
21	218	0	0	0	1	0	2.841816
22	229	0	0	0	0	0	2.391871
23	243	0	0	0	0	0	1.256999
24	250	0	0	0	0	0	1.454713
25	256	0	0	0	1	0	2.187479
26	267	0	0	0	1	0	2.352273
27	276	0	0	0	0	0	2.476045
28	287	0	0	0	1	0	2.749396
29	299	0	0	0	2	0	2.762512
30	311	0	0	0	0	0	1.928554
31	320	0	0	0	0	0	1.025395
32	327	0	0	0	2	0	2.895071
33	331	0	0	0	1	0	2.748474
34	336	0	0	0	0	0	1.098513
35	346	0	0	0	1	0	1.539763
36	357	0	0	0	1	0	1.732815
37	364	0	0	0	1	0	2.999331
38	376	0	0	0	2	0	2.843323
39	384	0	0	0	1	0	1.248554
40	392	0	0	0	1	0	2.610457
41	397	0	0	0	2	0	1.551397
42	404	0	0	0	1	0	2.223565
43	415	0	0	0	1	0	1.337097
44	426	0	0	0	1	0	2.031423
45	436	0	0	0	2	0	1.547434
46	443	0	0	0	1	0	2.727555
47	452	0	0	0	2	0	1.877260
48	462	0	0	0	1	0	1.220712
49	472	0	0	0	1	0	2.564212
50	479	0	0	0	0	0	1.157600
51	493	0	0	0	1	0	2.280580
52	506	0	0	0	0	0	1.774968
53	515	0	0	0	2	0	1.032634
54	526	0	0	0	0	0	2.310578
55	540	0	0	0	2	0	2.063512
56	547	0	0	0	0	0	1.478915
57	555	0	0	0	0	0	1.909060
58	568	0	0	0	0	0	2.829992
59	576	0	0	0	2	0	1.991107
60	584	0	0	0	0	0	1.154918
61	591	0	0	0	0	0	1.249978
62	598	0	0	0	1	0	2.301684
63	610	0	0	0	0	0	2.205105
64	615	0	0	0	0	0	2.708717
65	623	0	0	0	0	0	1.911032
66	631	0	0	0	0	0	2.351812
67	643	0	0	0	1	0	2.763873
68	653	0	0	0	1	0	1.146546
69	664	0	0	0	1	0	1.343153
70	669	0	0	0	0	0	1.602248
71	677	0	0	0	0	0	1.534288
72	683	0	0	0	1	0	1.690670
73	694	0	0	0	1	0	1.294958
74	700	0	0	0	0	0	2.684251
75	705	0	0	0	2	0	2.889970
76	711	0	0	0	0	0	2.459551
77	719	0	0	0	1	0	1.120549
78	725	0	0	0	0	0	1.750224
79	741	0	0	0	1	0	2.569287
80	748	0	0	0	2	0	1.141950
81	754	0	0	0	2	0	1.625813
82	770	0	0	0	0	0	1.301456
83	782	0	0	0	0	0	2.943847
84	789	0	0	0	1	0	2.585619
85	798	0	0	0	0	0	1.537350
86	810	0	0	0	2	0	2.862553
87	821	0	0	0	0	0	1.040142
88	831	0	0	0	1	0	2.979176
89	839	0	0	0	0	0	2.509647
90	853	0	0	0	0	0	2.622661
91	865	0	0	0	0	0	1.473137
92	873	0	0	0	1	0	1.311052
93	886	0	0	0	1	0	1.438090
94	901	0	0	0	0	0	1.059357
95	907	0	0	0	2	0	1.883569
96	918	0	0	0	0	0	2.821759
97	930	0	0	0	2	0	1.225737
98	938	0	0	0	1	0	2.859378
99	953	0	0	0	0	0	1.869228
100	964	0	0	0	1	0	2.598439
101	976	0	0	0	0	0	1.649259
102	993	0	0	0	0	0	1.555977
103	1003	0	0	0	2	0	1.009261
104	1014	0	0	0	1	0	2.304070
105	1032	0	0	0	1	0	1.124655
106	1041	0	0	0	1	0	1.360986
107	1052	0	0	0	0	0	2.472614
108	1063	0	0	0	0	0	2.580087
109	1073	0	0	0	0	0	2.433631
110	1084	0	0	0	0	0	1.602532
111	1090	0	0	0	1	0	2.228740
112	1102	0	0	0	0	0	2.938069
113	1116	0	0	0	0	0	2.031975
114	1125	0	0	0	0	0	1.454305
115	1142	0	0	0	2	0	2.790678
116	1155	0	0	0	1	0	2.578445
117	1166	0	0	0	1	0	2.680158
118	1179	0	0	0	0	0	1.135960
119	1187	0	0	0	0	0	1.925026
120	1204	0	0	0	0	0	2.557003
121	1210	0	0	0	0	0	2.654552
122	1222	0	0	0	2	0	2.690809
123	1233	0	0	0	1	0	2.976827
124	1243	0	0	0	0	0	1.950696
125	1253	0	0	0	0	0	1.671772
126	1265	0	0	0	0	0	1.023624
127	1273	0	0	0	2	0	1.828012
128	1276	0	0	0	1	0	2.310672
129	1284	0	0	0	2	0	2.330984
130	1296	0	0	0	0	0	2.758174
131	1311	0	0	0	0	0	1.190683
132	1323	0	0	0	2	0	2.277768
133	1337	0	0	0	0	0	2.575408
134	1344	0	0	0	1	0	2.092864
135	1355	0	0	0	1	0	2.134205
136	1366	0	0	0	1	0	2.824088
137	1375	0	0	0	1	0	2.523497
138	1388	0	0	0	1	0	2.705048
139	1400	0	0	0	2	0	2.948826
140	1410	0	0	0	1	0	2.688464
141	1420	0	0	0	0	0	2.526493
142	1428	0	0	0	2	0	1.691655
143	1438	0	0	0	2	0	2.122018
144	1450	0	0	0	0	0	2.849558
145	1456	0	0	0	1	0	2.328581
146	1468	0	0	0	1	0	2.349764
147	1485	0	0	0	0	0	2.491553
148	1491	0	0	0	1	0	2.434106
149	1503	0	0	0	2	0	2.313382
150	1510	0	0	0	2	0	1.054407
151	1519	0	0	0	2	0	2.214185
152	1527	0	0	0	0	0	1.447265
153	1536	0	0	0	2	0	2.444458
154	1551	0	0	0	1	0	1.182591
155	1561	0	0	0	0	0	2.612360
156	1574	0	0	0	2	0	1.405537
157	1583	0	0	0	1	0	1.585744
158	1593	0	0	0	2	0	1.980995
159	1597	0	0	0	1	0	1.901962
160	1607	0	0	0	1	0	2.679628
161	1614	0	0	0	2	0	2.072169
162	1626	0	0	0	0	0	2.270266
163	1643	0	0	0	1	0	2.551688
164	1652	0	0	0	0	0	2.491844
165	1662	0	0	0	0	0	1.183597
166	1670	0	0	0	1	0	1.761152
167	1681	0	0	0	0	0	2.048598
168	1690	0	0	0	1	0	1.569430
169	1696	0	0	0	1	0	2.028698
170	1702	0	0	0	0	0	1.375226
171	1714	0	0	0	0	0	1.297479
172	1720	0	0	0	0	0	1.321949
173	1739	0	0	0	2	0	2.140291
174	1744	0	0	0	1	0	2.874523
175	1752	0	0	0	1	0	1.374203
176	1764	0	0	0	0	0	2.967912
177	1779	0	0	0	0	0	1.005414
178	1787	0	0	0	2	0	2.978261
179	1799	0	0	0	0	0	2.320559
180	1806	0	0	0	1	0	2.345691
181	1814	0	0	0	1	0	1.108064
182	1823	0	0	0	2	0	1.821862
183	1838	0	0	0	2	0	2.934350
184	1848	0	0	0	1	0	1.889987
185	1863	0	0	0	0	0	2.871364
186	1881	0	0	0	0	0	1.490841
187	1890	0	0	0	1	0	2.153955
188	1900	0	0	0	0	0	1.446451
189	1913	0	0	0	1	0	2.349324
190	1923	0	0	0	1	0	1.764536
191	1931	0	0	0	1	0	1.371715
192	1944	0	0	0	1	0	2.243031
193	1952	0	0	0	0	0	1.648748
194	1965	0	0	0	2	0	1.140556
195	1974	0	0	0	1	0	2.210296
196	1985	0	0	0	0	0	1.041567
197	1997	0	0	0	0	0	2.395519
198	2010	0	0	0	2	0	1.320752
199	2018	0	0	0	0	0	2.386694
200	2027	0	0	0	0	0	2.622044
201	2036	0	0	0	1	0	2.402029
202	2043	0	0	0	1	0	2.024127
203	2052	0	0	0	0	0	1.810288
204	2062	0	0	0	0	0	2.900803
205	2077	0	0	0	0	0	1.170195
206	2088	0	0	0	2	0	2.992669
207	2093	0	0	0	1	0	2.336135
208	2102	0	0	0	0	0	1.206009
209	2107	0	0	0	0	0	1.580550
210	2117	0	0	0	1	0	2.780319
211	2127	0	0	0	0	0	2.151006
212	2132	0	0	0	1	0	1.800676
213	2140	0	0	0	1	0	2.551191
214	2148	0	0	0	0	0	2.336900
215	2159	0	0	0	2	0	2.047792
216	2174	0	0	0	1	0	1.555229
217	2182	0	0	0	1	0	1.350054
218	2191	0	0	0	1	0	2.586220
219	2200	0	0	0	2	0	1.710178
220	2211	0	0	0	1	0	2.071254
221	2226	0	0	0	2	0	2.433981
222	2235	0	0	0	2	0	1.170076
223	2247	0	0	0	2	0	1.522569
224	2259	0	0	0	0	0	2.140208
225	2263	0	0	0	2	0	1.163550
226	2279	0	0	0	1	0	1.802890
227	2288	0	0	0	2	0	2.099795
228	2301	0	0	0	0	0	1.449785
229	2313	0	0	0	1	0	2.173611
230	2325	0	0	0	2	0	1.657967
231	2334	0	0	0	0	0	1.524896
232	2340	0	0	0	1	0	1.176427
233	2351	0	0	0	1	0	1.636688
234	2358	0	0	0	1	0	1.715965
235	2370	0	0	0	0	0	1.315062
236	2373	0	0	0	2	0	2.604174
237	2380	0	0	0	0	0	1.575969
238	2389	0	0	0	0	0	1.566584
239	2399	0	0	0	2	0	2.782027
240	2409	0	0	0	2	0	1.802848
241	2421	0	0	0	0	0	2.409366
242	2434	0	0	0	2	0	1.752587
243	2444	0	0	0	0	0	2.633186
244	2451	0	0	0	0	0	2.602356
245	2462	0	0	0	2	0	2.996995
246	2471	0	0	0	1	0	2.864896
247	2480	0	0	0	1	0	2.761289
248	2490	0	0	0	2	0	1.036227
249	2503	0	0	0	1	0	1.275930
250	2512	0	0	0	0	0	2.190576
251	2520	0	0	0	1	0	2.851418
252	2530	0	0	0	1	0	2.692438
253	2544	0	0	0	1	0	1.883711
254	2556	0	0	0	1	0	2.947806
255	2569	0	0	0	2	0	1.024931
256	2583	0	0	0	0	0	2.278635
257	2593	0	0	0	0	0	1.511809
258	2602	0	0	0	2	0	1.824248
259	2616	0	0	0	1	0	1.665738
260	2627	0	0	0	0	0	2.209888
261	2641	0	0	0	2	0	2.114667
262	2653	0	0	0	0	0	1.904969
263	2663	0	0	0	1	0	1.757223
264	2670	0	0	0	1	0	2.308116
265	2675	0	0	0	2	0	2.273612
266	2685	0	0	0	2	0	1.968775
267	2696	0	0	0	1	0	2.997777
268	2706	0	0	0	2	0	1.936588
269	2718	0	0	0	0	0	1.351791
270	2728	0	0	0	0	0	1.025415
271	2737	0	0	0	2	0	1.760306
272	2741	0	0	0	0	0	2.965831
273	2749	0	0	0	2	0	1.394576
274	2753	0	0	0	1	0	2.679728
275	2763	0	0	0	1	0	2.423642
276	2777	0	0	0	0	0	2.623312
277	2788	0	0	0	1	0	1.143636
278	2798	0	0	0	0	0	1.745903
279	2803	0	0	0	1	0	2.466339
280	2812	0	0	0	0	0	1.580875
281	2822	0	0	0	1	0	2.280087
282	2832	0	0	0	2	0	2.415392
283	2846	0	0	0	0	0	1.679227
284	2858	0	0	0	1	0	2.955305
285	2867	0	0	0	1	0	2.191431
286	2876	0	0	0	1	0	1.412535
287	2889	0	0	0	1	0	1.897254
288	2897	0	0	0	0	0	2.157395
289	2910	0	0	0	2	0	1.017209
290	2921	0	0	0	2	0	1.142432
291	2929	0	0	0	2	0	1.742952
292	2938	0	0	0	2	0	1.933436
293	2950	0	0	0	0	0	2.618853
294	2960	0	0	0	1	0	2.556426
295	2969	0	0	0	0	0	1.054271
296	2979	0	0	0	0	0	1.386000
297	2992	0	0	0	2	0	2.520387
298	3002	0	0	0	1	0	2.455210
299	3011	0	0	0	0	0	2.127056
300	3024	0	0	0	1	0	1.887718
301	3037	0	0	0	1	0	1.762609
302	3046	0	0	0	1	0	2.512036
303	3051	0	0	0	1	0	2.101830
304	3060	0	0	0	2	0	2.926568
305	3066	0	0	0	1	0	2.665977
306	3071	0	0	0	0	0	2.743699
307	3081	0	0	0	0	0	2.783046
308	3099	0	0	0	0	0	2.927655
309	3113	0	0	0	0	0	1.923428
310	3120	0	0	0	1	0	1.236705
311	3132	0	0	0	1	0	1.448362
312	3142	0	0	0	0	0	1.838484
313	3153	0	0	0	1	0	1.822463
314	3163	0	0	0	1	0	2.079528
315	3172	0	0	0	1	0	2.564982
316	3188	0	0	0	0	0	2.470257
317	3200	0	0	0	0	0	2.207888
318	3207	0	0	0	1	0	2.675129
319	3214	0	0	0	2	0	1.029374
320	3220	0	0	0	2	0	1.287832
321	3225	0	0	0	0	0	1.592936
322	3233	0	0	0	2	0	2.687637
323	3239	0	0	0	0	0	1.505371
324	3250	0	0	0	0	0	1.664990
325	3260	0	0	0	2	0	2.722922
326	3267	0	0	0	1	0	2.733437
327	3278	0	0	0	1	0	2.082534
328	3289	0	0	0	1	0	2.290602
329	3295	0	0	0	0	0	2.812849
330	3306	0	0	0	2	0	2.776333
331	3316	0	0	0	1	0	1.068771
332	3321	0	0	0	0	0	2.452771
333	3338	0	0	0	2	0	2.440371
334	3352	0	0	0	0	0	2.133399
335	3362	0	0	0	0	0	1.458426
336	3372	0	0	0	2	0	2.081427
337	3385	0	0	0	0	0	1.746102
338	3397	0	0	0	0	0	2.235496
339	3402	0	0	0	0	0	1.477266
340	3406	0	0	0	0	0	2.394839
341	3420	0	0	0	1	0	1.224921
342	3432	0	0	0	1	0	2.415873
343	3444	0	0	0	0	0	2.806179
344	3453	0	0	0	0	0	1.218303
345	3462	0	0	0	2	0	2.731772
346	3468	0	0	0	0	0	2.911568
347	3471	0	0	0	1	0	1.227948
348	3482	0	0	0	2	0	2.888802
349	3489	0	0	0	2	0	1.569258
350	3498	0	0	0	2	0	1.298689
351	3506	0	0	0	0	0	2.364928
352	3517	0	0	0	2	0	1.360911
353	3527	0	0	0	1	0	1.974276
354	3537	0	0	0	1	0	2.710393
355	3546	0	0	0	0	0	2.234252
356	3560	0	0	0	2	0	2.268776
357	3575	0	0	0	0	0	2.547402
358	3583	0	0	0	0	0	2.152663
359	3597	0	0	0	0	0	2.375162
360	3608	0	0	0	1	0	1.027749
361	3620	0	0	0	2	0	1.886755
362	3630	0	0	0	0	0	1.020951
363	3648	0	0	0	0	0	1.883108
364	3663	0	0	0	2	0	1.913598
365	3670	0	0	0	0	0	2.245819
366	3679	0	0	0	1	0	1.338197
367	3686	0	0	0	2	0	2.272160
368	3695	0	0	0	0	0	1.793808
369	3710	0	0	0	2	0	1.138639
370	3719	0	0	0	1	0	2.783917
371	3728	0	0	0	0	0	2.124483
372	3737	0	0	0	2	0	1.385257
373	3745	0	0	0	0	0	1.982113
374	3755	0	0	0	1	0	1.721231
375	3757	0	0	0	1	0	2.820912
376	3768	0	0	0	2	0	1.012930
377	3778	0	0	0	1	0	2.208852
378	3790	0	0	0	2	0	2.636626
379	3800	0	0	0	0	0	2.185054
380	3806	0	0	0	1	0	1.423395
381	3815	0	0	0	0	0	2.650335
382	3826	0	0	0	2	0	1.230804
383	3838	0	0	0	0	0	1.525712
384	3846	0	0	0	1	0	2.509335
385	3858	0	0	0	1	0	1.892066
386	3864	0	0	0	0	0	2.908156
387	3874	0	0	0	2	0	2.826382
388	3881	0	0	0	0	0	1.194145
389	3894	0	0	0	2	0	1.164108
390	3902	0	0	0	1	0	2.111434
391	3916	0	0	0	1	0	2.063871
392	3926	0	0	0	0	0	1.908174
393	3943	0	0	0	0	0	1.665294
394	3952	0	0	0	1	0	2.218338
395	3963	0	0	0	1	0	2.480905
396	3976	0	0	0	2	0	1.698813
397	3987	0	0	0	1	0	2.210261
398	3998	0	0	0	2	0	1.287408
399	4010	0	0	0	1	0	1.724062
400	4018	0	0	0	0	0	1.658863
401	4037	0	0	0	1	0	2.875726
402	4046	0	0	0	1	0	2.499136
403	4057	0	0	0	2	0	2.914348
404	4065	0	0	0	0	0	1.103478
405	4076	0	0	0	1	0	1.787754
406	4079	0	0	0	0	0	2.788091
407	4097	0	0	0	0	0	2.117417
408	4108	0	0	0	1	0	2.984586
409	4120	0	0	0	0	0	1.026223
410	4128	0	0	0	1	0	1.427382
411	4143	0	0	0	0	0	2.611458
412	4155	0	0	0	0	0	2.228786
413	4162	0	0	0	2	0	2.510171
414	4175	0	0	0	0	0	1.981325
415	4183	0	0	0	2	0	2.151582
416	4197	0	0	0	2	0	1.913010
417	4206	0	0	0	0	0	1.173765
418	4220	0	0	0	0	0	1.760228
419	4231	0	0	0	1	0	1.866545
420	4239	0	0	0	2	0	1.656823
421	4246	0	0	0	2	0	2.242498
422	4257	0	0	0	0	0	2.687439
423	4266	0	0	0	0	0	1.899822
424	4272	0	0	0	1	0	2.544939
425	4282	0	0	0	0	0	1.841129
426	4292	0	0	0	2	0	1.269296
427	4305	0	0	0	1	0	1.528254
428	4314	0	0	0	1	0	1.828263
429	4320	0	0	0	1	0	2.456733
430	4331	0	0	0	2	0	2.137725
431	4343	0	0	0	0	0	1.530102
432	4352	0	0	0	1	0	2.509590
433	4359	0	0	0	1	0	2.575326
434	4366	0	0	0	0	0	1.641658
435	4382	0	0	0	0	0	1.812064
436	4394	0	0	0	0	0	1.874297
437	4403	0	0	0	1	0	1.616449
438	4408	0	0	0	2	0	2.155937
439	4420	0	0	0	1	0	1.477348
440	4428	0	0	0	1	0	1.606902
441	4436	0	0	0	1	0	2.971983
442	4445	0	0	0	1	0	1.184048
443	4453	0	0	0	0	0	1.471883
444	4465	0	0	0	0	0	1.345658
445	4475	0	0	0	1	0	1.786699
446	4484	0	0	0	0	0	1.946588
447	4494	0	0	0	1	0	2.738335
448	4504	0	0	0	0	0	2.335706
449	4512	0	0	0	1	0	1.498927
450	4519	0	0	0	2	0	1.094544
451	4532	0	0	0	1	0	1.779381
452	4539	0	0	0	0	0	2.795934
453	4548	0	0	0	1	0	1.831643
454	4561	0	0	0	1	0	1.786330
455	4569	0	0	0	1	0	2.204935
456	4575	0	0	0	0	0	1.928587
457	4588	0	0	0	0	0	1.226582
458	4596	0	0	0	0	0	2.627173
459	4603	0	0	0	0	0	2.958625
460	4611	0	0	0	2	0	1.677669
461	4623	0	0	0	2	0	1.922031
462	4634	0	0	0	0	0	2.221813
463	4641	0	0	0	0	0	2.086603
464	4650	0	0	0	2	0	1.091729
465	4663	0	0	0	0	0	1.878849
466	4677	0	0	0	2	0	1.260026
467	4690	0	0	0	0	0	2.109558
468	4696	0	0	0	2	0	1.043892
469	4712	0	0	0	2	0	1.218968
470	4720	0	0	0	1	0	1.112132
471	4733	0	0	0	2	0	1.330286
472	4750	0	0	0	0	0	1.845415
473	4757	0	0	0	2	0	2.841567
474	4767	0	0	0	2	0	2.790623
475	4780	0	0	0	2	0	2.038242
476	4791	0	0	0	2	0	1.371124
477	4800	0	0	0	1	0	1.735857
478	4807	0	0	0	0	0	2.870776
479	4815	0	0	0	0	0	2.111587
480	4832	0	0	0	2	0	1.957216
481	4843	0	0	0	0	0	2.502209
482	4857	0	0	0	1	0	2.525946
483	4866	0	0	0	0	0	1.824360
484	4880	0	0	0	0	0	1.229095
485	4888	0	0	0	0	0	1.526480
486	4902	0	0	0	1	0	1.921450
487	4909	0	0	0	0	0	1.342594
488	4919	0	0	0	2	0	2.016494
489	4935	0	0	0	2	0	1.570321
490	4942	0	0	0	0	0	1.962703
491	4953	0	0	0	1	0	1.871308
492	4960	0	0	0	1	0	2.218167
493	4969	0	0	0	0	0	2.225093
494	4980	0	0	0	2	0	2.978690
495	4988	0	0	0	0	0	2.570686
496	4995	0	0	0	0	0	1.879932
497	5009	0	0	0	2	0	1.166453
498	5020	0	0	0	0	0	1.539807
499	5031	0	0	0	2	0	1.043887
500	5041	0	0	0	0	0	1.897660
501	5048	0	0	0	1	0	2.213259
502	5060	0	0	0	0	0	2.320969
503	5065	0	0	0	1	0	1.066206
504	5074	0	0	0	2	0	2.290537
505	5087	0	0	0	1	0	1.784585
506	5093	0	0	0	2	0	2.586591
507	5103	0	0	0	1	0	1.067682
508	5123	0	0	0	2	0	1.963713
509	5134	0	0	0	2	0	1.145461
510	5146	0	0	0	2	0	1.724512
511	5152	0	0	0	0	0	2.658083
512	5167	0	0	0	2	0	1.448382
513	5175	0	0	0	2	0	1.621356
514	5189	0	0	0	0	0	2.001365
515	5199	0	0	0	1	0	2.817504
516	5208	0	0	0	1	0	2.596251
517	5229	0	0	0	0	0	2.259058
518	5235	0	0	0	2	0	2.148519
519	5249	0	0	0	0	0	1.281128
520	5255	0	0	0	0	0	2.227205
521	5273	0	0	0	1	0	1.949455
522	5280	0	0	0	2	0	1.319183
523	5294	0	0	0	1	0	1.554558
524	5304	0	0	0	1	0	1.880672
525	5311	0	0	0	0	0	2.276214
526	5322	0	0	0	1	0	2.311870
527	5342	0	0	0	0	0	2.867573
528	5351	0	0	0	1	0	2.109775
529	5359	0	0	0	1	0	2.578283
530	5366	0	0	0	0	0	2.316984
531	5372	0	0	0	0	0	2.223539
532	5388	0	0	0	1	0	1.511206
533	5399	0	0	0	1	0	1.500954
534	5407	0	0	0	2	0	2.258988
535	5412	0	0	0	0	0	1.075847
536	5419	0	0	0	1	0	2.736114
537	5426	0	0	0	2	0	2.826381
538	5436	0	0	0	1	0	1.414330
539	5441	0	0	0	2	0	1.463674
540	5453	0	0	0	0	0	1.119874
541	5462	0	0	0	1	0	1.107442
542	5476	0	0	0	0	0	1.084462
543	5489	0	0	0	1	0	1.499315
544	5498	0	0	0	2	0	2.973359
545	5510	0	0	0	2	0	2.507957
546	5521	0	0	0	1	0	1.920613
547	5529	0	0	0	2	0	2.807579
548	5536	0	0	0	1	0	2.427913
549	5547	0	0	0	1	0	1.930134
550	5559	0	0	0	1	0	1.595370
551	5569	0	0	0	1	0	2.650828
552	5578	0	0	0	1	0	2.045961
553	5583	0	0	0	0	0	2.099952
554	5598	0	0	0	1	0	1.367361
555	5608	0	0	0	1	0	2.728858
556	5619	0	0	0	1	0	1.460659
557	5627	0	0	0	2	0	2.874633
558	5634	0	0	0	0	0	2.838354
559	5645	0	0	0	2	0	2.461596
560	5653	0	0	0	2	0	1.322643
561	5664	0	0	0	0	0	2.738479
562	5671	0	0	0	2	0	1.932642
563	5680	0	0	0	2	0	1.416338
564	5692	0	0	0	0	0	1.690521
565	5703	0	0	0	2	0	2.014179
566	5713	0	0	0	0	0	2.463160
567	5720	0	0	0	0	0	2.773576
568	5732	0	0	0	0	0	2.771810
569	5740	0	0	0	2	0	2.872192
570	5748	0	0	0	2	0	1.538395
571	5755	0	0	0	0	0	2.890293
572	5766	0	0	0	0	0	1.035328
573	5773	0	0	0	0	0	2.057962
574	5791	0	0	0	1	0	2.457511
575	5800	0	0	0	0	0	2.207333
576	5807	0	0	0	2	0	2.815385
577	5820	0	0	0	0	0	1.202280
578	5833	0	0	0	1	0	1.175596
579	5841	0	0	0	0	0	2.163246
580	5848	0	0	0	2	0	1.095364
581	5860	0	0	0	1	0	2.567320
582	5869	0	0	0	0	0	2.229943
583	5883	0	0	0	1	0	1.129191
584	5890	0	0	0	1	0	2.365019
585	5904	0	0	0	2	0	2.304786
586	5911	0	0	0	2	0	2.677352
587	5921	0	0	0	0	0	1.943374
588	5931	0	0	0	2	0	1.977486
589	5942	0	0	0	2	0	2.618043
590	5958	0	0	0	1	0	1.326640
591	5966	0	0	0	0	0	2.425921
592	5973	0	0	0	0	0	1.654365
593	5981	0	0	0	0	0	1.944612
594	5994	0	0	0	2	0	1.713002
595	6004	0	0	0	2	0	1.650055
596	6015	0	0	0	1	0	2.769949
597	6024	0	0	0	2	0	2.535846
598	6038	0	0	0	2	0	2.721320
599	6051	0	0	0	2	0	1.098183
600	6060	0	0	0	0	0	1.538627
601	6071	0	0	0	0	0	2.581045
602	6085	0	0	0	0	0	2.115731
603	6097	0	0	0	0	0	2.178013
604	6102	0	0	0	0	0	1.825853
605	6110	0	0	0	1	0	2.516761
606	6123	0	0	0	1	0	1.458071
607	6137	0	0	0	2	0	2.465168
608	6146	0	0	0	0	0	1.740332
609	6153	0	0	0	1	0	1.459160
610	6163	0	0	0	2	0	2.784898
611	6170	0	0	0	0	0	1.812910
612	6176	0	0	0	0	0	2.110515
613	6191	0	0	0	0	0	2.907658
614	6200	0	0	0	0	0	2.333529
615	6209	0	0	0	0	0	1.753147
616	6217	0	0	0	1	0	2.471300
617	6227	0	0	0	1	0	2.165337
618	6232	0	0	0	1	0	1.778633
619	6242	0	0	0	0	0	2.288675
620	6254	0	0	0	1	0	1.313503
621	6264	0	0	0	1	0	1.179759
622	6273	0	0	0	0	0	1.313364
623	6283	0	0	0	0	0	2.368680
624	6296	0	0	0	0	0	1.290322
625	6306	0	0	0	2	0	2.791292
626	6319	0	0	0	0	0	1.521643
627	6330	0	0	0	2	0	1.251326
628	6347	0	0	0	1	0	1.516186
629	6351	0	0	0	1	0	2.037543
630	6360	0	0	0	1	0	2.913582
631	6365	0	0	0	1	0	2.682928
632	6371	0	0	0	2	0	2.926626
633	6381	0	0	0	2	0	2.760409
634	6398	0	0	0	0	0	1.362288
635	6411	0	0	0	1	0	1.558118
636	6422	0	0	0	2	0	2.864658
637	6429	0	0	0	1	0	1.739979
638	6440	0	0	0	2	0	1.649249
639	6456	0	0	0	1	0	1.332801
640	6464	0	0	0	0	0	1.249793
641	6478	0	0	0	1	0	1.185124
642	6488	0	0	0	0	0	1.951704
643	6497	0	0	0	1	0	2.660047
644	6505	0	0	0	0	0	1.217813
645	6513	0	0	0	1	0	2.958530
646	6520	0	0	0	2	0	2.635345
647	6533	0	0	0	1	0	1.719558
648	6544	0	0	0	0	0	1.376507
649	6550	0	0	0	1	0	2.384823
650	6559	0	0	0	2	0	2.033182
651	6568	0	0	0	1	0	2.635088
652	6580	0	0	0	0	0	2.370300
653	6587	0	0	0	0	0	1.552180
654	6600	0	0	0	1	0	1.549410
655	6607	0	0	0	2	0	2.652312
656	6618	0	0	0	1	0	2.652178
657	6635	0	0	0	0	0	2.070650
658	6649	0	0	0	0	0	1.159055
659	6659	0	0	0	2	0	2.433577
660	6669	0	0	0	0	0	2.931759
661	6679	0	0	0	0	0	2.567185
662	6690	0	0	0	2	0	1.022780
663	6700	0	0	0	0	0	2.225173
664	6712	0	0	0	0	0	1.934770
665	6719	0	0	0	0	0	2.513861
666	6727	0	0	0	1	0	2.520562
667	6734	0	0	0	2	0	1.819532
668	6748	0	0	0	0	0	1.150751
669	6751	0	0	0	0	0	1.163466
670	6760	0	0	0	0	0	2.190480
671	6775	0	0	0	0	0	2.481585
672	6781	0	0	0	2	0	2.221904
673	6792	0	0	0	0	0	2.363142
674	6800	0	0	0	0	0	2.565347
675	6808	0	0	0	1	0	1.046330
676	6816	0	0	0	1	0	1.764623
677	6829	0	0	0	1	0	2.355569
678	6837	0	0	0	1	0	1.538727
679	6845	0	0	0	2	0	1.690605
680	6856	0	0	0	2	0	2.196024
681	6871	0	0	0	1	0	2.088167
682	6882	0	0	0	0	0	1.002122
683	6890	0	0	0	2	0	2.308190
684	6909	0	0	0	0	0	2.558549
685	6916	0	0	0	1	0	2.302611
686	6925	0	0	0	0	0	1.192688
687	6932	0	0	0	0	0	2.880957
688	6939	0	0	0	0	0	2.438070
689	6948	0	0	0	2	0	2.023081
690	6951	0	0	0	1	0	1.069567
691	6957	0	0	0	0	0	1.509286
692	6970	0	0	0	1	0	2.909425
693	6984	0	0	0	0	0	1.292763
694	6990	0	0	0	2	0	1.884472
695	6999	0	0	0	1	0	1.619324
696	7006	0	0	0	0	0	2.011179
697	7009	0	0	0	0	0	2.580597
698	7023	0	0	0	0	0	2.147113
699	7031	0	0	0	1	0	2.861476
700	7041	0	0	0	0	0	2.887153
701	7055	0	0	0	0	0	1.414623
702	7064	0	0	0	2	0	1.925472
703	7075	0	0	0	2	0	1.641603
704	7090	0	0	0	1	0	1.926159
705	7101	0	0	0	2	0	2.344486
706	7112	0	0	0	1	0	2.942914
707	7121	0	0	0	1	0	2.486067
708	7128	0	0	0	0	0	2.329514
709	7143	0	0	0	0	0	1.011981
710	7157	0	0	0	1	0	1.224073
711	7163	0	0	0	1	0	2.161814
712	7177	0	0	0	1	0	2.913371
713	7187	0	0	0	0	0	1.480865
714	7198	0	0	0	0	0	1.172486
715	7207	0	0	0	0	0	1.546783
716	7222	0	0	0	0	0	1.906368
717	7229	0	0	0	1	0	2.443927
718	7242	0	0	0	1	0	1.040418
719	7254	0	0	0	1	0	1.133911
720	7264	0	0	0	1	0	1.747487
721	7275	0	0	0	1	0	2.950713
722	7283	0	0	0	0	0	1.252874
723	7289	0	0	0	0	0	2.563395
724	7307	0	0	0	2	0	1.175040
725	7323	0	0	0	2	0	1.972280
726	7332	0	0	0	2	0	1.574439
727	7344	0	0	0	2	0	2.992698
728	7355	0	0	0	1	0	1.807652
729	7364	0	0	0	0	0	1.166414
730	7379	0	0	0	0	0	2.930462
731	7386	0	0	0	1	0	2.986947
732	7399	0	0	0	2	0	1.750494
733	7412	0	0	0	0	0	2.146574
734	7417	0	0	0	1	0	2.816791
735	7425	0	0	0	0	0	2.687302
736	7436	0	0	0	2	0	1.102594
737	7451	0	0	0	2	0	2.005582
738	7466	0	0	0	1	0	2.882332
739	7484	0	0	0	1	0	1.062359
740	7487	0	0	0	0	0	2.557643
741	7497	0	0	0	0	0	1.592257
742	7511	0	0	0	1	0	1.328015
743	7524	0	0	0	0	0	1.678288
744	7536	0	0	0	2	0	1.123940
745	7545	0	0	0	0	0	1.837458
746	7552	0	0	0	1	0	2.365625
747	7565	0	0	0	0	0	1.614809
748	7573	0	0	0	1	0	1.028936
749	7584	0	0	0	0	0	2.648426
750	7596	0	0	0	2	0	2.607190
751	7606	0	0	0	1	0	1.652715
752	7623	0	0	0	2	0	1.735713
753	7633	0	0	0	2	0	1.109059
754	7643	0	0	0	1	0	1.336148
755	7658	0	0	0	1	0	2.592019
756	7669	0	0	0	1	0	1.848951
757	7678	0	0	0	1	0	1.681385
758	7692	0	0	0	0	0	2.082018
759	7703	0	0	0	0	0	1.858501
760	7707	0	0	0	1	0	1.177249
761	7716	0	0	0	1	0	1.968723
762	7725	0	0	0	1	0	2.219872
763	7734	0	0	0	0	0	2.681189
764	7740	0	0	0	1	0	2.499248
765	7742	0	0	0	2	0	1.490840
766	7755	0	0	0	1	0	1.343266
767	7764	0	0	0	2	0	2.159121
768	7773	0	0	0	2	0	2.943988
769	7781	0	0	0	1	0	1.580197
770	7790	0	0	0	1	0	2.130109
771	7804	0	0	0	1	0	2.151365
772	7819	0	0	0	1	0	2.236222
773	7830	0	0	0	0	0	2.712696
774	7838	0	0	0	2	0	2.259074
775	7850	0	0	0	2	0	2.999296
776	7863	0	0	0	2	0	1.770821
777	7877	0	0	0	1	0	1.939273
778	7883	0	0	0	1	0	2.119462
779	7894	0	0	0	0	0	2.340324
780	7900	0	0	0	0	0	2.250284
781	7909	0	0	0	1	0	1.456534
782	7917	0	0	0	2	0	2.611787
783	7925	0	0	0	1	0	2.451758
784	7934	0	0	0	1	0	1.085504
785	7941	0	0	0	0	0	2.849175
786	7951	0	0	0	0	0	1.334788
787	7961	0	0	0	1	0	1.391295
788	7969	0	0	0	1	0	1.700081
789	7980	0	0	0	0	0	1.343162
790	7994	0	0	0	1	0	1.179041
791	8007	0	0	0	0	0	1.384964
792	8015	0	0	0	1	0	2.929657
793	8029	0	0	0	0	0	1.032991
794	8042	0	0	0	0	0	1.376156
795	8051	0	0	0	2	0	1.458398
796	8060	0	0	0	0	0	1.770558
797	8064	0	0	0	0	0	2.655901
798	8075	0	0	0	2	0	1.273550
799	8078	0	0	0	1	0	1.567491
800	8087	0	0	0	2	0	2.117922
801	8099	0	0	0	1	0	2.054953
802	8107	0	0	0	1	0	2.529948
803	8114	0	0	0	0	0	2.779129
804	8123	0	0	0	2	0	2.515193
805	8127	0	0	0	0	0	2.997213
806	8136	0	0	0	2	0	2.224486
807	8151	0	0	0	0	0	2.967832
808	8158	0	0	0	1	0	2.166524
809	8171	0	0	0	2	0	2.940025
810	8173	0	0	0	0	0	2.628657
811	8182	0	0	0	0	0	2.482706
812	8187	0	0	0	0	0	2.958706
813	8194	0	0	0	2	0	1.668443
814	8204	0	0	0	2	0	2.063677
815	8213	0	0	0	0	0	2.229909
816	8221	0	0	0	0	0	2.016317
817	8230	0	0	0	0	0	1.757687
818	8238	0	0	0	2	0	1.845314
819	8251	0	0	0	0	0	2.979280
820	8256	0	0	0	0	0	1.502747
821	8270	0	0	0	0	0	1.594755
822	8277	0	0	0	0	0	1.640268
823	8292	0	0	0	1	0	1.568944
824	8304	0	0	0	2	0	1.413775
825	8318	0	0	0	2	0	1.550915
826	8331	0	0	0	0	0	2.438763
827	8336	0	0	0	1	0	2.847876
828	8345	0	0	0	0	0	2.434156
829	8351	0	0	0	0	0	1.471153
830	8365	0	0	0	2	0	2.526358
831	8382	0	0	0	0	0	2.717693
832	8391	0	0	0	0	0	1.100112
833	8400	0	0	0	1	0	1.203561
834	8418	0	0	0	1	0	2.807169
835	8426	0	0	0	2	0	1.426130
836	8438	0	0	0	1	0	1.057656
837	8444	0	0	0	2	0	2.926234
838	8448	0	0	0	1	0	2.999695
839	8453	0	0	0	2	0	2.444564
840	8465	0	0	0	2	0	1.200866
841	8479	0	0	0	0	0	2.897258
842	8486	0	0	0	1	0	1.016446
843	8497	0	0	0	2	0	1.517136
844	8508	0	0	0	0	0	1.067772
845	8516	0	0	0	0	0	2.732029
846	8522	0	0	0	0	0	1.739818
847	8533	0	0	0	1	0	1.107455
848	8548	0	0	0	1	0	1.592627
849	8560	0	0	0	1	0	2.040648
850	8568	0	0	0	0	0	2.430799
851	8584	0	0	0	0	0	1.265826
852	8591	0	0	0	0	0	1.140484
853	8602	0	0	0	0	0	2.695042
854	8620	0	0	0	0	0	2.498443
855	8627	0	0	0	1	0	2.964464
856	8643	0	0	0	1	0	2.644017
857	8656	0	0	0	0	0	2.975866
858	8665	0	0	0	0	0	1.807888
859	8676	0	0	0	0	0	2.574238
860	8682	0	0	0	1	0	1.746069
861	8693	0	0	0	0	0	2.849740
862	8700	0	0	0	0	0	1.602944
863	8711	0	0	0	2	0	2.105793
864	8722	0	0	0	0	0	2.561846
865	8733	0	0	0	1	0	2.778274
866	8745	0	0	0	0	0	1.181207
867	8759	0	0	0	0	0	1.828301
868	8767	0	0	0	0	0	2.645788
869	8782	0	0	0	0	0	1.633366
870	8792	0	0	0	0	0	2.235598
871	8805	0	0	0	0	0	2.653349
872	8813	0	0	0	2	0	2.783878
873	8821	0	0	0	0	0	2.643631
874	8825	0	0	0	2	0	2.749744
875	8838	0	0	0	2	0	1.169989
876	8844	0	0	0	1	0	1.636395
877	8861	0	0	0	0	0	2.888779
878	8875	0	0	0	2	0	1.034599
879	8880	0	0	0	2	0	2.666481
880	8893	0	0	0	1	0	2.825072
881	8904	0	0	0	1	0	2.941173
882	8916	0	0	0	0	0	1.280609
883	8926	0	0	0	0	0	1.983864
884	8941	0	0	0	0	0	2.745981
885	8946	0	0	0	1	0	1.065402
886	8958	0	0	0	0	0	2.906591
887	8975	0	0	0	2	0	1.913565
888	8988	0	0	0	2	0	2.062191
889	8998	0	0	0	0	0	2.160356
890	9011	0	0	0	0	0	1.782298
891	9021	0	0	0	2	0	1.674087
892	9027	0	0	0	2	0	1.685462
893	9036	0	0	0	1	0	2.419368
894	9042	0	0	0	1	0	2.981598
895	9052	0	0	0	0	0	2.933996
896	9060	0	0	0	1	0	2.054839
897	9069	0	0	0	1	0	2.525333
898	9079	0	0	0	0	0	1.173779
899	9091	0	0	0	1	0	1.645964
900	9097	0	0	0	0	0	2.575256
901	9112	0	0	0	1	0	1.197251
902	9124	0	0	0	2	0	1.165299
903	9134	0	0	0	1	0	2.263278
904	9146	0	0	0	0	0	2.134818
905	9151	0	0	0	2	0	2.529666
906	9162	0	0	0	1	0	1.617808
907	9172	0	0	0	1	0	2.035641
908	9177	0	0	0	1	0	1.671943
909	9190	0	0	0	1	0	2.561314
910	9200	0	0	0	1	0	2.370233
911	9211	0	0	0	1	0	2.923774
912	9220	0	0	0	2	0	2.163109
913	9233	0	0	0	2	0	2.368848
914	9243	0	0	0	2	0	2.524855
915	9257	0	0	0	0	0	2.377111
916	9264	0	0	0	2	0	1.991017
917	9277	0	0	0	2	0	1.273165
918	9289	0	0	0	1	0	1.137120
919	9299	0	0	0	0	0	2.645071
920	9306	0	0	0	0	0	2.957377
921	9313	0	0	0	0	0	2.856334
922	9323	0	0	0	1	0	1.016029
923	9332	0	0	0	1	0	2.121926
924	9344	0	0	0	0	0	1.593393
925	9355	0	0	0	0	0	1.412026
926	9364	0	0	0	1	0	1.511823
927	9371	0	0	0	1	0	2.947623
928	9384	0	0	0	2	0	1.244758
929	9397	0	0	0	1	0	2.577008
930	9405	0	0	0	1	0	1.590336
931	9418	0	0	0	0	0	1.859999
932	9426	0	0	0	0	0	1.583248
933	9438	0	0	0	1	0	2.925381
934	9443	0	0	0	2	0	1.149677
935	9449	0	0	0	0	0	1.390954
936	9461	0	0	0	0	0	1.178877
937	9472	0	0	0	1	0	1.131255
938	9485	0	0	0	2	0	2.283729
939	9494	0	0	0	0	0	1.308242
940	9503	0	0	0	0	0	1.766107
941	9509	0	0	0	0	0	1.027558
942	9526	0	0	0	0	0	1.016369
943	9533	0	0	0	1	0	2.895647
944	9543	0	0	0	1	0	2.034242
945	9552	0	0	0	1	0	1.957008
946	9564	0	0	0	2	0	2.041056
947	9574	0	0	0	2	0	1.277403
948	9589	0	0	0	0	0	1.939215
949	9605	0	0	0	1	0	2.163611
950	9615	0	0	0	1	0	1.595663
951	9624	0	0	0	2	0	2.192747
952	9631	0	0	0	0	0	1.811197
953	9646	0	0	0	2	0	2.467042
954	9653	0	0	0	1	0	1.282208
955	9658	0	0	0	1	0	2.850088
956	9665	0	0	0	0	0	1.582709
957	9677	0	0	0	0	0	1.991892
958	9691	0	0	0	0	0	2.025262
959	9709	0	0	0	0	0	1.927575
960	9721	0	0	0	1	0	1.275840
961	9728	0	0	0	0	0	2.660393
962	9735	0	0	0	1	0	2.941233
963	9746	0	0	0	1	0	2.701609
964	9755	0	0	0	2	0	1.866901
965	9760	0	0	0	0	0	2.586787
966	9767	0	0	0	1	0	1.252222
967	9781	0	0	0	0	0	2.042082
968	9788	0	0	0	0	0	1.087624
969	9795	0	0	0	0	0	1.672576
970	9808	0	0	0	0	0	2.105180
971	9820	0	0	0	2	0	1.151544
972	9835	0	0	0	0	0	2.839226
973	9844	0	0	0	1	0	1.184594
974	9855	0	0	0	2	0	2.083296
975	9868	0	0	0	1	0	2.569575
976	9880	0	0	0	0	0	1.600438
977	9888	0	0	0	2	0	2.216940
978	9902	0	0	0	2	0	2.696486
979	9913	0	0	0	0	0	1.978291
980	9922	0	0	0	1	0	1.225965
981	9938	0	0	0	2	0	1.035173
982	9950	0	0	0	2	0	2.598661
983	9960	0	0	0	1	0	2.727626
984	9974	0	0	0	0	0	2.889111
985	9985	0	0	0	0	0	1.365323
986	9992	0	0	0	2	0	2.006350
987	10000	0	0	0	0	0	1.394902
988	10006	0	0	0	2	0	2.522869
989	10016	0	0	0	0	0	2.415515
990	10024	0	0	0	0	0	2.000413
991	10038	0	0	0	0	0	1.553403
992	10050	0	0	0	1	0	2.734880
993	10067	0	0	0	2	0	1.486075
994	10074	0	0	0	0	0	1.508598
995	10084	0	0	0	1	0	1.669349
996	10092	0	0	0	2	0	1.555116
997	10097	0	0	0	2	0	1.418121
998	10111	0	0	0	1	0	2.300447
999	10123	0	0	0	2	0	2.289717
