0	1	0	0	0	0	0	2.652001
1	9	0	0	0	0	0	2.590016
2	16	0	0	0	0	0	1.161878
3	31	0	0	0	1	0	2.732511
4	44	0	0	0	2	0	1.389083
5	56	0	0	0	1	0	2.547351
6	62	0	0	0	1	0	1.222494
7	72	0	0	0	0	0	1.176912
8	81	0	0	0	1	0	2.466581
9	89	0	0	0	1	0	2.590228
10	97	0	0	0	1	0	1.564220
11	107	0	0	0	0	0	1.387223
12	121	0	0	0	0	0	2.625758
13	129	0	0	0	0	0	2.312995
14	134	0	0	0	1	0	1.774550
15	143	0	0	0	0	0	1.114534
16	153	0	0	0	2	0	2.805339
17	164	0	0	0	0	0	2.020865
18	171	0	0	0	1	0	2.092883
19	177	0	0	0	2	0	1.974801
20	187	0	0	0	2	0	1.765618
21	192	0	0	0	1	0	2.416919
22	199	0	0	0	1	0	1.448998
23	213	0	0	0	0	0	1.005011
24	221	0	0	0	2	0	2.336426
25	226	0	0	0	2	0	1.163907
26	240	0	0	0	0	0	1.460728
27	248	0	0	0	2	0	2.643610
28	253	0	0	0	1	0	2.966585
29	264	0	0	0	1	0	2.137766
30	272	0	0	0	1	0	2.508927
31	282	0	0	0	0	0	1.732069
32	284	0	0	0	2	0	1.397207
33	296	0	0	0	2	0	1.666221
34	308	0	0	0	2	0	2.271620
35	313	0	0	0	1	0	1.602487
36	325	0	0	0	1	0	1.206174
37	335	0	0	0	0	0	1.305174
38	345	0	0	0	1	0	2.076400
39	355	0	0	0	1	0	2.986432
40	367	0	0	0	2	0	1.625497
41	376	0	0	0	1	0	2.557817
42	388	0	0	0	2	0	2.170613
43	398	0	0	0	1	0	2.089643
44	409	0	0	0	1	0	1.627903
45	417	0	0	0	0	0	1.559943
46	429	0	0	0	1	0	2.000297
47	437	0	0	0	2	0	2.754304
48	444	0	0	0	1	0	2.842830
49	461	0	0	0	1	0	1.358758
50	475	0	0	0	0	0	1.276889
51	482	0	0	0	1	0	1.362840
52	490	0	0	0	2	0	1.033532
53	500	0	0	0	1	0	2.737961
54	508	0	0	0	0	0	2.481139
55	518	0	0	0	1	0	1.599492
56	532	0	0	0	0	0	2.256929
57	537	0	0	0	1	0	2.914175
58	547	0	0	0	2	0	1.214841
59	558	0	0	0	1	0	1.125512
60	567	0	0	0	1	0	1.783953
61	575	0	0	0	1	0	2.699093
62	584	0	0	0	0	0	2.603000
63	598	0	0	0	1	0	1.892881
64	607	0	0	0	2	0	1.234957
65	616	0	0	0	0	0	1.900847
66	629	0	0	0	2	0	2.493039
67	636	0	0	0	0	0	1.217707
68	646	0	0	0	1	0	2.380026
69	658	0	0	0	0	0	1.056395
70	664	0	0	0	1	0	1.233247
71	682	0	0	0	2	0	1.536077
72	693	0	0	0	0	0	1.522705
73	703	0	0	0	2	0	2.363741
74	712	0	0	0	0	0	1.148831
75	731	0	0	0	0	0	2.505876
76	743	0	0	0	0	0	2.994820
77	748	0	0	0	1	0	1.615960
78	760	0	0	0	1	0	2.123599
79	771	0	0	0	0	0	2.360569
80	777	0	0	0	0	0	2.685627
81	789	0	0	0	1	0	1.375662
82	800	0	0	0	1	0	2.793516
83	808	0	0	0	2	0	2.972718
84	812	0	0	0	0	0	1.651230
85	822	0	0	0	2	0	2.310191
86	835	0	0	0	0	0	1.549093
87	843	0	0	0	1	0	2.624864
88	851	0	0	0	0	0	1.451681
89	860	0	0	0	2	0	2.244383
90	872	0	0	0	0	0	1.128484
91	890	0	0	0	2	0	2.887936
92	908	0	0	0	0	0	1.221832
93	912	0	0	0	2	0	1.733173
94	918	0	0	0	1	0	1.314838
95	928	0	0	0	0	0	2.201784
96	941	0	0	0	0	0	1.294859
97	948	0	0	0	2	0	2.087102
98	958	0	0	0	1	0	2.796220
99	964	0	0	0	1	0	2.802239
100	972	0	0	0	0	0	2.161555
101	978	0	0	0	0	0	1.107414
102	994	0	0	0	0	0	2.175894
103	1010	0	0	0	1	0	1.889700
104	1020	0	0	0	2	0	1.612573
105	1030	0	0	0	2	0	1.493344
106	1037	0	0	0	2	0	1.037889
107	1048	0	0	0	2	0	2.241029
108	1059	0	0	0	0	0	1.718724
109	1070	0	0	0	1	0	2.594571
110	1082	0	0	0	0	0	2.229141
111	1092	0	0	0	2	0	2.308061
112	1104	0	0	0	1	0	1.206993
113	1121	0	0	0	0	0	2.719452
114	1132	0	0	0	1	0	2.818157
115	1141	0	0	0	1	0	2.154336
116	1156	0	0	0	0	0	2.038181
117	1167	0	0	0	0	0	1.018785
118	1180	0	0	0	2	0	2.721011
119	1188	0	0	0	0	0	1.596541
120	1203	0	0	0	0	0	2.889757
121	1220	0	0	0	2	0	2.729145
122	1228	0	0	0	0	0	1.002639
123	1238	0	0	0	1	0	1.932073
124	1252	0	0	0	2	0	2.250617
125	1256	0	0	0	0	0	2.273111
126	1265	0	0	0	1	0	1.201339
127	1279	0	0	0	0	0	1.330160
128	1292	0	0	0	0	0	1.746676
129	1303	0	0	0	2	0	2.247107
130	1312	0	0	0	0	0	2.633692
131	1322	0	0	0	1	0	2.067985
132	1329	0	0	0	0	0	2.657402
133	1337	0	0	0	0	0	1.577836
134	1348	0	0	0	1	0	1.718987
135	1356	0	0	0	1	0	1.693429
136	1370	0	0	0	1	0	1.994506
137	1384	0	0	0	1	0	2.660106
138	1401	0	0	0	1	0	2.931260
139	1413	0	0	0	2	0	1.526690
140	1424	0	0	0	1	0	2.040968
141	1433	0	0	0	1	0	1.703235
142	1442	0	0	0	1	0	1.821553
143	1451	0	0	0	0	0	2.602913
144	1461	0	0	0	0	0	1.766769
145	1474	0	0	0	0	0	1.131277
146	1482	0	0	0	2	0	1.850773
147	1498	0	0	0	1	0	2.963438
148	1507	0	0	0	1	0	2.488057
149	1515	0	0	0	1	0	2.145642
150	1523	0	0	0	2	0	2.532733
151	1530	0	0	0	0	0	1.539087
152	1538	0	0	0	1	0	2.893850
153	1543	0	0	0	1	0	2.599659
154	1558	0	0	0	0	0	1.588588
155	1570	0	0	0	1	0	1.111254
156	1581	0	0	0	1	0	2.440769
157	1592	0	0	0	0	0	1.778472
158	1598	0	0	0	2	0	1.454521
159	1609	0	0	0	0	0	2.215594
160	1616	0	0	0	1	0	1.308796
161	1629	0	0	0	0	0	2.367819
162	1645	0	0	0	0	0	2.460649
163	1657	0	0	0	0	0	1.244687
164	1670	0	0	0	1	0	1.297770
165	1680	0	0	0	1	0	1.338884
166	1687	0	0	0	1	0	2.061459
167	1698	0	0	0	1	0	2.460002
168	1706	0	0	0	0	0	2.194617
169	1717	0	0	0	1	0	1.196566
170	1725	0	0	0	1	0	1.992536
171	1737	0	0	0	1	0	1.623497
172	1747	0	0	0	2	0	2.792682
173	1755	0	0	0	1	0	2.321645
174	1765	0	0	0	1	0	1.813300
175	1776	0	0	0	2	0	2.034415
176	1789	0	0	0	0	0	1.116267
177	1797	0	0	0	0	0	1.909630
178	1804	0	0	0	1	0	2.377942
179	1815	0	0	0	1	0	2.009260
180	1827	0	0	0	1	0	1.949227
181	1836	0	0	0	1	0	1.730575
182	1846	0	0	0	0	0	1.892392
183	1853	0	0	0	0	0	2.328527
184	1867	0	0	0	1	0	2.638640
185	1877	0	0	0	0	0	1.411319
186	1889	0	0	0	2	0	2.757818
187	1899	0	0	0	0	0	2.118907
188	1905	0	0	0	1	0	2.273057
189	1920	0	0	0	0	0	1.674789
190	1934	0	0	0	0	0	1.539696
191	1945	0	0	0	2	0	2.176576
192	1953	0	0	0	0	0	2.953247
193	1966	0	0	0	0	0	1.330358
194	1976	0	0	0	2	0	1.552596
195	1987	0	0	0	1	0	1.917731
196	1997	0	0	0	0	0	2.764647
197	2006	0	0	0	1	0	1.154803
198	2014	0	0	0	2	0	2.548201
199	2024	0	0	0	1	0	2.139459
200	2030	0	0	0	0	0	2.125141
201	2040	0	0	0	1	0	1.497785
202	2050	0	0	0	0	0	2.880887
203	2063	0	0	0	1	0	2.067128
204	2076	0	0	0	1	0	2.378155
205	2091	0	0	0	2	0	2.627267
206	2107	0	0	0	1	0	1.848878
207	2118	0	0	0	1	0	2.159257
208	2126	0	0	0	0	0	2.468033
209	2136	0	0	0	0	0	2.153149
210	2145	0	0	0	2	0	2.223865
211	2160	0	0	0	2	0	1.629407
212	2172	0	0	0	2	0	1.100350
213	2177	0	0	0	2	0	1.529086
214	2185	0	0	0	0	0	2.244141
215	2193	0	0	0	0	0	2.884157
216	2202	0	0	0	0	0	1.860453
217	2213	0	0	0	1	0	2.930846
218	2228	0	0	0	0	0	1.214245
219	2240	0	0	0	0	0	1.983705
220	2257	0	0	0	1	0	1.914016
221	2264	0	0	0	0	0	1.544874
222	2280	0	0	0	0	0	2.052854
223	2287	0	0	0	0	0	1.391203
224	2295	0	0	0	0	0	1.890279
225	2304	0	0	0	0	0	2.102677
226	2312	0	0	0	0	0	2.946128
227	2322	0	0	0	0	0	2.185280
228	2335	0	0	0	0	0	1.974934
229	2343	0	0	0	1	0	1.863292
230	2351	0	0	0	0	0	2.989814
231	2361	0	0	0	1	0	2.479639
232	2364	0	0	0	2	0	2.830553
233	2380	0	0	0	2	0	1.923444
234	2386	0	0	0	0	0	2.825438
235	2392	0	0	0	0	0	2.914692
236	2403	0	0	0	1	0	1.818472
237	2412	0	0	0	0	0	2.385656
238	2420	0	0	0	1	0	1.775502
239	2433	0	0	0	1	0	1.456043
240	2449	0	0	0	0	0	2.580428
241	2458	0	0	0	0	0	2.372523
242	2467	0	0	0	0	0	1.461734
243	2476	0	0	0	0	0	1.948412
244	2489	0	0	0	0	0	2.361644
245	2497	0	0	0	0	0	1.945569
246	2509	0	0	0	0	0	2.584346
247	2512	0	0	0	2	0	1.138427
248	2524	0	0	0	0	0	1.538658
249	2539	0	0	0	0	0	1.999284
250	2552	0	0	0	2	0	1.504009
251	2560	0	0	0	2	0	2.966851
252	2567	0	0	0	2	0	2.932683
253	2581	0	0	0	2	0	2.454358
254	2587	0	0	0	2	0	1.923080
255	2599	0	0	0	0	0	2.229126
256	2606	0	0	0	0	0	2.475175
257	2619	0	0	0	1	0	2.607355
258	2629	0	0	0	1	0	1.810945
259	2642	0	0	0	0	0	1.060879
260	2651	0	0	0	0	0	1.220450
261	2665	0	0	0	1	0	2.279472
262	2669	0	0	0	2	0	1.717583
263	2676	0	0	0	2	0	1.365336
264	2683	0	0	0	2	0	2.146175
265	2691	0	0	0	0	0	1.885538
266	2697	0	0	0	1	0	2.498117
267	2709	0	0	0	1	0	2.802384
268	2717	0	0	0	0	0	2.183995
269	2732	0	0	0	1	0	1.418452
270	2743	0	0	0	1	0	2.961797
271	2756	0	0	0	0	0	2.394459
272	2767	0	0	0	0	0	1.088959
273	2775	0	0	0	2	0	1.507034
274	2783	0	0	0	1	0	2.597094
275	2795	0	0	0	1	0	1.720783
276	2804	0	0	0	0	0	1.823671
277	2814	0	0	0	0	0	2.490103
278	2822	0	0	0	2	0	1.858507
279	2831	0	0	0	0	0	2.467540
280	2842	0	0	0	2	0	1.316487
281	2850	0	0	0	2	0	2.909357
282	2854	0	0	0	0	0	1.213001
283	2866	0	0	0	1	0	2.160101
284	2876	0	0	0	0	0	1.205017
285	2889	0	0	0	0	0	1.270828
286	2898	0	0	0	0	0	1.586659
287	2909	0	0	0	0	0	1.627688
288	2923	0	0	0	0	0	1.001267
289	2937	0	0	0	0	0	2.518343
290	2947	0	0	0	1	0	2.239795
291	2961	0	0	0	2	0	2.386072
292	2970	0	0	0	1	0	2.236645
293	2981	0	0	0	0	0	2.509099
294	2988	0	0	0	0	0	1.568769
295	2996	0	0	0	2	0	2.561829
296	3001	0	0	0	2	0	2.373818
297	3009	0	0	0	0	0	2.502852
298	3018	0	0	0	0	0	2.751317
299	3025	0	0	0	2	0	2.303208
300	3032	0	0	0	0	0	1.576975
301	3045	0	0	0	2	0	2.534417
302	3055	0	0	0	0	0	2.569992
303	3072	0	0	0	2	0	1.772659
304	3077	0	0	0	0	0	2.649452
305	3094	0	0	0	1	0	2.797465
306	3105	0	0	0	0	0	2.937480
307	3120	0	0	0	1	0	1.893169
308	3132	0	0	0	0	0	1.154633
309	3140	0	0	0	0	0	1.580381
310	3149	0	0	0	2	0	2.637952
311	3154	0	0	0	2	0	2.643834
312	3160	0	0	0	2	0	1.507383
313	3170	0	0	0	0	0	1.441601
314	3179	0	0	0	1	0	1.606588
315	3196	0	0	0	1	0	2.207361
316	3205	0	0	0	2	0	1.514750
317	3215	0	0	0	1	0	2.115412
318	3230	0	0	0	0	0	2.637036
319	3240	0	0	0	0	0	1.080889
320	3246	0	0	0	1	0	2.965315
321	3257	0	0	0	0	0	1.530108
322	3264	0	0	0	1	0	2.161340
323	3275	0	0	0	1	0	2.095656
324	3282	0	0	0	2	0	2.842156
325	3291	0	0	0	0	0	2.969609
326	3296	0	0	0	0	0	2.039843
327	3300	0	0	0	2	0	1.426677
328	3314	0	0	0	0	0	2.632963
329	3323	0	0	0	1	0	1.410018
330	3338	0	0	0	2	0	1.061051
331	3347	0	0	0	0	0	2.163035
332	3351	0	0	0	1	0	2.250388
333	3361	0	0	0	0	0	2.893103
334	3374	0	0	0	1	0	2.863837
335	3385	0	0	0	0	0	1.812042
336	3389	0	0	0	0	0	1.535184
337	3404	0	0	0	0	0	1.970742
338	3413	0	0	0	2	0	2.011884
339	3416	0	0	0	0	0	1.813244
340	3421	0	0	0	2	0	1.955203
341	3440	0	0	0	2	0	2.075713
342	3450	0	0	0	1	0	1.818610
343	3456	0	0	0	0	0	1.691275
344	3466	0	0	0	1	0	2.135311
345	3476	0	0	0	0	0	1.757304
346	3483	0	0	0	0	0	1.764616
347	3490	0	0	0	0	0	2.671996
348	3497	0	0	0	1	0	1.594856
349	3505	0	0	0	1	0	2.170233
350	3516	0	0	0	0	0	2.479015
351	3527	0	0	0	0	0	2.486517
352	3535	0	0	0	1	0	2.722849
353	3549	0	0	0	0	0	2.349348
354	3558	0	0	0	0	0	2.461673
355	3571	0	0	0	0	0	2.901979
356	3578	0	0	0	0	0	1.639875
357	3587	0	0	0	1	0	1.715206
358	3596	0	0	0	1	0	1.554647
359	3613	0	0	0	0	0	2.791163
360	3620	0	0	0	2	0	1.834772
361	3631	0	0	0	0	0	2.746524
362	3639	0	0	0	2	0	2.689455
363	3653	0	0	0	1	0	2.913953
364	3662	0	0	0	1	0	1.313120
365	3677	0	0	0	1	0	1.750793
366	3689	0	0	0	1	0	1.039015
367	3701	0	0	0	2	0	1.712969
368	3713	0	0	0	0	0	2.743398
369	3721	0	0	0	2	0	1.142184
370	3733	0	0	0	1	0	1.722573
371	3744	0	0	0	2	0	1.439765
372	3752	0	0	0	2	0	1.369476
373	3762	0	0	0	0	0	2.330315
374	3767	0	0	0	1	0	1.013556
375	3776	0	0	0	0	0	2.554511
376	3791	0	0	0	2	0	1.710485
377	3802	0	0	0	2	0	1.246092
378	3812	0	0	0	1	0	2.833328
379	3823	0	0	0	0	0	1.067050
380	3828	0	0	0	0	0	1.117491
381	3843	0	0	0	2	0	2.463664
382	3856	0	0	0	0	0	2.592087
383	3861	0	0	0	2	0	1.225610
384	3875	0	0	0	0	0	1.713580
385	3886	0	0	0	1	0	1.517669
386	3896	0	0	0	1	0	2.539858
387	3904	0	0	0	1	0	1.420020
388	3911	0	0	0	1	0	2.873362
389	3922	0	0	0	2	0	1.454531
390	3928	0	0	0	2	0	2.954690
391	3934	0	0	0	0	0	2.208610
392	3943	0	0	0	0	0	2.962817
393	3953	0	0	0	0	0	2.906766
394	3967	0	0	0	2	0	1.954408
395	3977	0	0	0	2	0	2.418864
396	3986	0	0	0	0	0	1.050926
397	3997	0	0	0	1	0	1.889609
398	4012	0	0	0	2	0	1.647883
399	4022	0	0	0	1	0	2.069144
400	4032	0	0	0	1	0	1.295577
401	4047	0	0	0	1	0	2.049755
402	4058	0	0	0	0	0	2.771444
403	4076	0	0	0	0	0	1.830119
404	4084	0	0	0	1	0	2.556095
405	4097	0	0	0	1	0	2.962928
406	4104	0	0	0	0	0	2.605130
407	4109	0	0	0	1	0	2.193185
408	4126	0	0	0	0	0	1.973185
409	4135	0	0	0	2	0	1.778458
410	4143	0	0	0	0	0	1.676057
411	4153	0	0	0	0	0	1.783470
412	4163	0	0	0	2	0	1.564361
413	4168	0	0	0	0	0	2.610819
414	4171	0	0	0	0	0	1.148453
415	4185	0	0	0	2	0	1.890843
416	4193	0	0	0	0	0	1.355658
417	4201	0	0	0	1	0	1.082756
418	4210	0	0	0	0	0	1.492157
419	4220	0	0	0	1	0	2.457223
420	4231	0	0	0	1	0	2.432486
421	4245	0	0	0	1	0	1.372635
422	4256	0	0	0	1	0	2.486279
423	4267	0	0	0	2	0	1.736238
424	4279	0	0	0	1	0	1.029276
425	4288	0	0	0	0	0	1.319802
426	4293	0	0	0	2	0	2.026679
427	4303	0	0	0	0	0	1.200835
428	4308	0	0	0	1	0	1.731878
429	4319	0	0	0	1	0	2.267691
430	4331	0	0	0	0	0	1.877418
431	4340	0	0	0	0	0	2.856636
432	4353	0	0	0	2	0	2.255101
433	4366	0	0	0	1	0	1.844256
434	4376	0	0	0	0	0	2.454221
435	4387	0	0	0	0	0	1.641091
436	4396	0	0	0	0	0	1.367795
437	4408	0	0	0	0	0	1.239461
438	4414	0	0	0	2	0	2.449275
439	4427	0	0	0	0	0	1.970421
440	4432	0	0	0	1	0	2.581358
441	4444	0	0	0	0	0	2.958142
442	4456	0	0	0	2	0	1.884243
443	4464	0	0	0	1	0	1.924022
444	4477	0	0	0	2	0	2.688298
445	4489	0	0	0	0	0	2.325524
446	4502	0	0	0	0	0	1.726543
447	4510	0	0	0	1	0	1.247013
448	4520	0	0	0	0	0	2.969689
449	4527	0	0	0	1	0	1.386729
450	4538	0	0	0	2	0	1.955357
451	4549	0	0	0	1	0	2.108057
452	4555	0	0	0	1	0	2.217465
453	4562	0	0	0	0	0	1.769859
454	4572	0	0	0	1	0	1.501479
455	4585	0	0	0	0	0	1.441599
456	4595	0	0	0	2	0	1.910021
457	4604	0	0	0	0	0	1.933425
458	4614	0	0	0	0	0	1.712645
459	4619	0	0	0	0	0	1.979559
460	4624	0	0	0	1	0	2.001857
461	4634	0	0	0	0	0	2.656958
462	4645	0	0	0	1	0	1.801496
463	4661	0	0	0	2	0	2.690573
464	4671	0	0	0	2	0	2.168445
465	4677	0	0	0	1	0	1.689332
466	4686	0	0	0	1	0	1.894327
467	4692	0	0	0	2	0	1.151223
468	4702	0	0	0	0	0	1.699482
469	4719	0	0	0	2	0	2.988379
470	4726	0	0	0	2	0	1.988334
471	4734	0	0	0	2	0	2.280706
472	4738	0	0	0	1	0	1.823637
473	4751	0	0	0	1	0	1.501370
474	4760	0	0	0	0	0	2.237927
475	4766	0	0	0	0	0	1.721606
476	4774	0	0	0	1	0	1.277930
477	4784	0	0	0	1	0	1.633442
478	4796	0	0	0	0	0	1.035156
479	4801	0	0	0	0	0	1.452759
480	4815	0	0	0	2	0	1.272982
481	4829	0	0	0	0	0	1.451180
482	4839	0	0	0	0	0	1.095412
483	4848	0	0	0	1	0	1.423141
484	4856	0	0	0	2	0	1.204228
485	4869	0	0	0	2	0	2.940151
486	4883	0	0	0	1	0	1.072509
487	4897	0	0	0	1	0	2.511324
488	4906	0	0	0	2	0	2.190021
489	4916	0	0	0	0	0	2.821246
490	4922	0	0	0	0	0	1.384557
491	4936	0	0	0	1	0	2.881811
492	4947	0	0	0	1	0	2.969968
493	4954	0	0	0	1	0	2.450521
494	4964	0	0	0	2	0	1.014045
495	4971	0	0	0	1	0	1.828983
496	4980	0	0	0	1	0	1.584667
497	4994	0	0	0	1	0	1.175425
498	5002	0	0	0	2	0	2.752480
499	5008	0	0	0	0	0	1.015313
500	5017	0	0	0	0	0	1.952303
501	5022	0	0	0	0	0	2.551785
502	5028	0	0	0	0	0	2.094464
503	5041	0	0	0	1	0	1.403979
504	5055	0	0	0	2	0	2.981699
505	5062	0	0	0	2	0	2.065550
506	5074	0	0	0	0	0	1.377139
507	5088	0	0	0	1	0	1.194395
508	5096	0	0	0	0	0	2.150760
509	5106	0	0	0	2	0	2.281391
510	5114	0	0	0	2	0	2.039045
511	5130	0	0	0	2	0	1.696705
512	5140	0	0	0	1	0	1.705550
513	5146	0	0	0	0	0	2.160993
514	5152	0	0	0	0	0	1.486176
515	5163	0	0	0	1	0	1.885326
516	5174	0	0	0	0	0	1.298594
517	5179	0	0	0	0	0	1.798491
518	5184	0	0	0	0	0	2.896341
519	5192	0	0	0	2	0	1.782164
520	5205	0	0	0	1	0	2.277206
521	5218	0	0	0	0	0	2.766025
522	5232	0	0	0	0	0	1.130430
523	5238	0	0	0	2	0	1.340390
524	5249	0	0	0	0	0	2.846425
525	5252	0	0	0	1	0	1.662581
526	5265	0	0	0	1	0	2.617840
527	5271	0	0	0	0	0	2.296869
528	5278	0	0	0	2	0	2.875093
529	5292	0	0	0	0	0	2.104992
530	5302	0	0	0	0	0	2.001878
531	5312	0	0	0	2	0	1.518054
532	5324	0	0	0	0	0	2.205305
533	5335	0	0	0	1	0	1.158096
534	5346	0	0	0	1	0	2.780405
535	5355	0	0	0	0	0	1.053931
536	5363	0	0	0	0	0	1.044224
537	5373	0	0	0	2	0	1.128423
538	5383	0	0	0	0	0	1.500923
539	5392	0	0	0	0	0	1.312484
540	5402	0	0	0	0	0	1.844497
541	5410	0	0	0	1	0	2.136007
542	5413	0	0	0	0	0	2.883717
543	5420	0	0	0	0	0	2.793178
544	5432	0	0	0	0	0	1.025383
545	5441	0	0	0	0	0	2.066508
546	5453	0	0	0	0	0	2.801879
547	5461	0	0	0	1	0	1.530090
548	5471	0	0	0	2	0	1.049632
549	5478	0	0	0	1	0	1.256846
550	5484	0	0	0	0	0	2.933896
551	5495	0	0	0	0	0	1.357989
552	5502	0	0	0	2	0	2.295150
553	5507	0	0	0	1	0	1.875807
554	5528	0	0	0	1	0	2.440350
555	5536	0	0	0	0	0	1.835206
556	5551	0	0	0	0	0	2.722955
557	5565	0	0	0	2	0	2.721438
558	5578	0	0	0	0	0	1.127523
559	5594	0	0	0	1	0	1.816303
560	5605	0	0	0	1	0	1.892770
561	5612	0	0	0	0	0	2.358801
562	5622	0	0	0	0	0	1.732451
563	5633	0	0	0	1	0	1.219024
564	5639	0	0	0	1	0	2.976616
565	5641	0	0	0	0	0	2.785633
566	5651	0	0	0	1	0	2.700005
567	5660	0	0	0	1	0	2.763957
568	5675	0	0	0	0	0	1.105911
569	5683	0	0	0	0	0	2.226791
570	5694	0	0	0	0	0	2.439081
571	5705	0	0	0	2	0	2.587278
572	5718	0	0	0	0	0	1.807390
573	5727	0	0	0	0	0	1.983133
574	5736	0	0	0	0	0	2.907684
575	5748	0	0	0	0	0	2.606427
576	5756	0	0	0	1	0	2.145870
577	5765	0	0	0	1	0	1.327893
578	5782	0	0	0	1	0	2.682584
579	5795	0	0	0	0	0	2.259575
580	5804	0	0	0	1	0	2.315712
581	5812	0	0	0	1	0	2.784892
582	5826	0	0	0	1	0	2.025104
583	5836	0	0	0	0	0	1.331497
584	5844	0	0	0	1	0	1.579878
585	5856	0	0	0	0	0	2.210596
586	5869	0	0	0	1	0	2.058860
587	5881	0	0	0	0	0	2.847623
588	5897	0	0	0	1	0	2.298324
589	5902	0	0	0	0	0	2.538487
590	5915	0	0	0	2	0	2.384414
591	5921	0	0	0	0	0	2.728876
592	5934	0	0	0	0	0	2.930674
593	5947	0	0	0	0	0	1.722258
594	5960	0	0	0	0	0	1.322652
595	5968	0	0	0	0	0	1.708473
596	5981	0	0	0	0	0	2.665354
597	5988	0	0	0	0	0	1.893301
598	5999	0	0	0	1	0	1.156269
599	6004	0	0	0	0	0	2.560169
600	6013	0	0	0	2	0	1.331793
601	6021	0	0	0	0	0	2.910221
602	6037	0	0	0	1	0	2.882732
603	6048	0	0	0	1	0	2.056715
604	6055	0	0	0	2	0	1.415304
605	6063	0	0	0	0	0	2.866182
606	6076	0	0	0	2	0	2.015777
607	6083	0	0	0	2	0	2.009959
608	6097	0	0	0	0	0	1.176621
609	6107	0	0	0	1	0	1.198346
610	6122	0	0	0	0	0	1.334710
611	6131	0	0	0	0	0	2.901424
612	6137	0	0	0	1	0	1.683381
613	6146	0	0	0	1	0	2.705686
614	6152	0	0	0	1	0	2.299834
615	6162	0	0	0	0	0	1.045704
616	6174	0	0	0	1	0	2.153891
617	6182	0	0	0	1	0	2.683256
618	6194	0	0	0	0	0	2.481422
619	6204	0	0	0	0	0	2.846714
620	6215	0	0	0	1	0	1.317617
621	6223	0	0	0	2	0	1.278547
622	6228	0	0	0	0	0	2.458380
623	6242	0	0	0	0	0	2.787789
624	6256	0	0	0	1	0	2.989033
625	6268	0	0	0	2	0	1.384764
626	6274	0	0	0	1	0	2.683455
627	6293	0	0	0	1	0	2.550461
628	6309	0	0	0	1	0	1.879082
629	6316	0	0	0	2	0	2.825588
630	6331	0	0	0	2	0	2.950147
631	6340	0	0	0	1	0	2.584552
632	6344	0	0	0	1	0	1.639026
633	6354	0	0	0	0	0	1.996300
634	6369	0	0	0	0	0	2.713089
635	6375	0	0	0	1	0	2.204696
636	6387	0	0	0	2	0	2.337304
637	6404	0	0	0	1	0	2.126689
638	6412	0	0	0	1	0	2.582809
639	6417	0	0	0	1	0	1.882286
640	6426	0	0	0	0	0	2.223466
641	6429	0	0	0	0	0	1.941057
642	6443	0	0	0	2	0	2.936485
643	6457	0	0	0	2	0	1.893129
644	6469	0	0	0	2	0	2.516677
645	6478	0	0	0	0	0	2.106961
646	6489	0	0	0	2	0	2.709687
647	6507	0	0	0	2	0	1.478744
648	6514	0	0	0	2	0	2.097390
649	6526	0	0	0	0	0	2.047046
650	6533	0	0	0	1	0	1.174427
651	6539	0	0	0	1	0	1.797148
652	6544	0	0	0	0	0	2.193758
653	6557	0	0	0	1	0	1.822635
654	6566	0	0	0	2	0	2.471569
655	6575	0	0	0	1	0	2.129592
656	6584	0	0	0	0	0	1.181468
657	6596	0	0	0	2	0	1.310651
658	6608	0	0	0	1	0	2.067602
659	6621	0	0	0	0	0	2.331405
660	6632	0	0	0	0	0	1.927646
661	6640	0	0	0	0	0	2.806473
662	6644	0	0	0	1	0	2.552437
663	6651	0	0	0	1	0	1.804565
664	6660	0	0	0	0	0	1.559156
665	6671	0	0	0	2	0	1.529297
666	6686	0	0	0	1	0	2.919687
667	6697	0	0	0	1	0	1.067627
668	6706	0	0	0	0	0	1.099807
669	6714	0	0	0	2	0	2.599036
670	6722	0	0	0	2	0	2.447601
671	6732	0	0	0	0	0	1.868967
672	6738	0	0	0	2	0	1.804192
673	6747	0	0	0	1	0	2.189760
674	6762	0	0	0	2	0	1.918801
675	6776	0	0	0	2	0	2.507992
676	6786	0	0	0	0	0	1.064294
677	6795	0	0	0	0	0	1.297394
678	6802	0	0	0	2	0	1.686036
679	6813	0	0	0	2	0	1.327610
680	6823	0	0	0	1	0	1.269162
681	6832	0	0	0	2	0	1.685118
682	6841	0	0	0	0	0	1.372627
683	6851	0	0	0	1	0	1.525446
684	6864	0	0	0	0	0	2.966211
685	6874	0	0	0	0	0	1.166491
686	6879	0	0	0	1	0	1.255879
687	6888	0	0	0	0	0	1.415841
688	6897	0	0	0	0	0	1.957028
689	6907	0	0	0	1	0	1.947043
690	6915	0	0	0	1	0	2.717289
691	6924	0	0	0	1	0	1.195414
692	6938	0	0	0	1	0	1.187891
693	6948	0	0	0	0	0	2.247156
694	6956	0	0	0	0	0	1.177775
695	6962	0	0	0	1	0	2.538903
696	6973	0	0	0	0	0	2.859839
697	6981	0	0	0	1	0	2.060268
698	6987	0	0	0	0	0	2.207818
699	6994	0	0	0	2	0	1.402296
700	7004	0	0	0	0	0	1.242738
701	7018	0	0	0	2	0	1.176746
702	7028	0	0	0	0	0	2.073286
703	7042	0	0	0	0	0	2.736551
704	7056	0	0	0	0	0	2.356300
705	7068	0	0	0	0	0	1.851335
706	7079	0	0	0	1	0	2.729647
707	7088	0	0	0	0	0	1.055531
708	7098	0	0	0	2	0	1.126381
709	7104	0	0	0	2	0	1.628233
710	7111	0	0	0	1	0	2.888697
711	7121	0	0	0	0	0	1.176935
712	7130	0	0	0	0	0	1.178066
713	7144	0	0	0	1	0	1.264715
714	7155	0	0	0	2	0	1.962329
715	7163	0	0	0	2	0	1.237118
716	7175	0	0	0	1	0	1.255574
717	7188	0	0	0	1	0	2.273575
718	7196	0	0	0	0	0	2.706962
719	7204	0	0	0	2	0	1.512763
720	7216	0	0	0	2	0	1.638022
721	7232	0	0	0	0	0	2.800026
722	7239	0	0	0	0	0	1.194192
723	7246	0	0	0	0	0	1.008409
724	7259	0	0	0	1	0	1.489833
725	7270	0	0	0	0	0	2.816240
726	7279	0	0	0	1	0	2.526532
727	7286	0	0	0	1	0	2.480549
728	7299	0	0	0	0	0	1.738559
729	7305	0	0	0	1	0	1.508379
730	7319	0	0	0	2	0	2.192307
731	7329	0	0	0	0	0	2.033080
732	7341	0	0	0	2	0	1.207443
733	7355	0	0	0	1	0	2.788684
734	7364	0	0	0	0	0	2.513352
735	7373	0	0	0	0	0	1.737749
736	7379	0	0	0	2	0	1.313208
737	7386	0	0	0	1	0	2.969378
738	7392	0	0	0	2	0	2.761790
739	7400	0	0	0	0	0	2.816825
740	7409	0	0	0	0	0	1.762716
741	7420	0	0	0	1	0	1.488160
742	7432	0	0	0	0	0	2.170092
743	7443	0	0	0	2	0	1.986578
744	7448	0	0	0	0	0	1.202332
745	7463	0	0	0	1	0	2.779683
746	7473	0	0	0	2	0	2.955750
747	7478	0	0	0	1	0	1.986106
748	7486	0	0	0	1	0	1.144327
749	7495	0	0	0	1	0	2.137373
750	7510	0	0	0	1	0	1.478009
751	7517	0	0	0	2	0	1.804256
752	7524	0	0	0	0	0	2.916140
753	7532	0	0	0	1	0	1.007854
754	7534	0	0	0	0	0	2.087807
755	7544	0	0	0	1	0	2.645831
756	7551	0	0	0	2	0	2.498166
757	7560	0	0	0	1	0	1.171346
758	7569	0	0	0	0	0	2.145918
759	7576	0	0	0	2	0	2.160441
760	7582	0	0	0	0	0	1.723294
761	7592	0	0	0	2	0	2.026785
762	7601	0	0	0	0	0	2.103992
763	7614	0	0	0	1	0	2.162360
764	7622	0	0	0	0	0	1.990572
765	7633	0	0	0	1	0	1.101980
766	7643	0	0	0	0	0	2.234332
767	7653	0	0	0	2	0	1.700838
768	7663	0	0	0	1	0	1.470874
769	7679	0	0	0	0	0	1.306232
770	7695	0	0	0	2	0	1.023736
771	7702	0	0	0	1	0	1.386102
772	7713	0	0	0	1	0	2.881492
773	7722	0	0	0	2	0	2.679996
774	7730	0	0	0	1	0	1.768195
775	7737	0	0	0	0	0	2.348418
776	7748	0	0	0	0	0	2.200350
777	7754	0	0	0	0	0	1.279742
778	7763	0	0	0	0	0	2.572698
779	7777	0	0	0	0	0	2.223547
780	7784	0	0	0	1	0	1.369661
781	7793	0	0	0	2	0	2.489048
782	7803	0	0	0	1	0	2.385965
783	7816	0	0	0	1	0	2.976552
784	7833	0	0	0	2	0	2.268662
785	7841	0	0	0	2	0	1.350103
786	7849	0	0	0	0	0	1.866704
787	7860	0	0	0	0	0	1.316633
788	7869	0	0	0	2	0	1.871235
789	7878	0	0	0	1	0	2.676428
790	7887	0	0	0	1	0	2.892653
791	7898	0	0	0	0	0	1.243203
792	7912	0	0	0	0	0	2.754863
793	7916	0	0	0	1	0	2.531626
794	7924	0	0	0	0	0	1.735853
795	7932	0	0	0	0	0	1.358114
796	7942	0	0	0	1	0	1.500389
797	7950	0	0	0	2	0	1.397011
798	7958	0	0	0	0	0	1.748818
799	7972	0	0	0	0	0	1.026683
800	7984	0	0	0	0	0	1.536839
801	7997	0	0	0	0	0	1.303020
802	8007	0	0	0	0	0	2.711330
803	8017	0	0	0	2	0	1.643259
804	8021	0	0	0	2	0	1.778804
805	8031	0	0	0	0	0	1.886161
806	8045	0	0	0	1	0	1.313745
807	8053	0	0	0	1	0	1.261909
808	8059	0	0	0	0	0	2.010394
809	8074	0	0	0	1	0	1.131898
810	8086	0	0	0	0	0	1.849967
811	8094	0	0	0	1	0	2.534263
812	8104	0	0	0	1	0	2.673835
813	8111	0	0	0	1	0	1.654647
814	8119	0	0	0	0	0	1.453251
815	8130	0	0	0	0	0	1.338310
816	8141	0	0	0	0	0	1.659925
817	8151	0	0	0	1	0	1.284801
818	8160	0	0	0	0	0	2.529571
819	8172	0	0	0	2	0	2.265471
820	8183	0	0	0	2	0	2.168928
821	8195	0	0	0	2	0	2.132597
822	8207	0	0	0	2	0	2.399679
823	8214	0	0	0	0	0	2.725038
824	8226	0	0	0	0	0	2.640300
825	8236	0	0	0	0	0	2.881319
826	8245	0	0	0	1	0	1.806206
827	8257	0	0	0	0	0	1.915353
828	8266	0	0	0	1	0	1.605770
829	8283	0	0	0	1	0	1.626274
830	8290	0	0	0	1	0	2.003550
831	8301	0	0	0	1	0	1.274437
832	8310	0	0	0	0	0	1.741954
833	8328	0	0	0	0	0	1.117432
834	8341	0	0	0	1	0	2.044129
835	8352	0	0	0	0	0	1.300850
836	8359	0	0	0	1	0	1.773755
837	8371	0	0	0	2	0	1.776591
838	8385	0	0	0	2	0	1.571266
839	8395	0	0	0	0	0	2.168174
840	8408	0	0	0	0	0	1.699214
841	8419	0	0	0	1	0	1.014351
842	8430	0	0	0	0	0	1.647850
843	8437	0	0	0	0	0	1.273545
844	8443	0	0	0	2	0	2.546083
845	8451	0	0	0	1	0	1.918715
846	8465	0	0	0	1	0	1.729752
847	8476	0	0	0	1	0	2.639118
848	8483	0	0	0	1	0	2.931613
849	8493	0	0	0	0	0	2.136810
850	8500	0	0	0	1	0	1.520178
851	8513	0	0	0	0	0	2.250646
852	8523	0	0	0	1	0	1.460810
853	8531	0	0	0	1	0	2.550350
854	8542	0	0	0	0	0	1.244302
855	8562	0	0	0	0	0	1.182969
856	8578	0	0	0	1	0	2.247667
857	8583	0	0	0	1	0	1.244605
858	8590	0	0	0	1	0	1.089134
859	8602	0	0	0	1	0	2.387024
860	8606	0	0	0	0	0	1.764550
861	8617	0	0	0	2	0	2.225262
862	8623	0	0	0	0	0	2.043596
863	8633	0	0	0	0	0	1.961507
864	8644	0	0	0	2	0	2.096427
865	8654	0	0	0	1	0	1.492483
866	8663	0	0	0	2	0	2.450526
867	8676	0	0	0	2	0	1.744312
868	8682	0	0	0	1	0	2.150430
869	8692	0	0	0	1	0	2.240147
870	8702	0	0	0	2	0	1.181636
871	8714	0	0	0	1	0	1.674112
872	8725	0	0	0	1	0	1.731925
873	8742	0	0	0	0	0	2.002926
874	8748	0	0	0	1	0	2.760658
875	8754	0	0	0	0	0	1.551206
876	8769	0	0	0	1	0	1.293284
877	8781	0	0	0	0	0	2.716645
878	8792	0	0	0	1	0	1.460406
879	8809	0	0	0	0	0	1.456180
880	8816	0	0	0	1	0	1.840779
881	8829	0	0	0	2	0	1.134379
882	8839	0	0	0	1	0	2.587626
883	8844	0	0	0	1	0	2.661331
884	8861	0	0	0	1	0	2.905843
885	8869	0	0	0	1	0	1.565465
886	8878	0	0	0	1	0	2.823165
887	8894	0	0	0	0	0	1.926611
888	8905	0	0	0	0	0	1.120408
889	8916	0	0	0	0	0	2.493690
890	8923	0	0	0	2	0	1.433480
891	8936	0	0	0	0	0	2.704330
892	8941	0	0	0	1	0	1.531499
893	8952	0	0	0	0	0	2.958586
894	8961	0	0	0	1	0	1.947096
895	8972	0	0	0	2	0	1.593457
896	8980	0	0	0	2	0	2.390151
897	8985	0	0	0	0	0	1.787704
898	8998	0	0	0	0	0	2.530429
899	9006	0	0	0	1	0	1.768755
900	9015	0	0	0	0	0	2.742829
901	9024	0	0	0	0	0	1.634287
902	9034	0	0	0	1	0	1.117242
903	9043	0	0	0	2	0	1.923618
904	9055	0	0	0	2	0	1.056342
905	9062	0	0	0	1	0	2.276071
906	9075	0	0	0	0	0	2.134012
907	9084	0	0	0	0	0	2.923448
908	9090	0	0	0	0	0	2.361024
909	9100	0	0	0	1	0	2.907145
910	9110	0	0	0	1	0	1.017993
911	9123	0	0	0	0	0	1.534345
912	9136	0	0	0	2	0	2.590582
913	9146	0	0	0	0	0	1.774328
914	9159	0	0	0	2	0	2.746914
915	9163	0	0	0	1	0	1.414184
916	9172	0	0	0	0	0	2.341602
917	9179	0	0	0	0	0	1.352333
918	9189	0	0	0	2	0	1.372989
919	9198	0	0	0	1	0	2.523977
920	9207	0	0	0	2	0	2.298988
921	9219	0	0	0	2	0	1.131502
922	9235	0	0	0	1	0	2.725849
923	9244	0	0	0	1	0	1.613527
924	9253	0	0	0	2	0	1.753123
925	9260	0	0	0	1	0	2.091733
926	9270	0	0	0	0	0	1.222814
927	9284	0	0	0	0	0	2.536516
928	9293	0	0	0	2	0	2.820544
929	9305	0	0	0	0	0	1.605325
930	9322	0	0	0	0	0	1.659616
931	9328	0	0	0	1	0	2.726244
932	9336	0	0	0	0	0	1.439496
933	9343	0	0	0	2	0	1.916615
934	9352	0	0	0	2	0	1.081218
935	9362	0	0	0	0	0	2.989646
936	9373	0	0	0	0	0	2.917971
937	9380	0	0	0	1	0	2.000204
938	9395	0	0	0	2	0	2.159794
939	9406	0	0	0	1	0	2.757763
940	9420	0	0	0	2	0	1.701257
941	9430	0	0	0	2	0	1.008269
942	9439	0	0	0	1	0	1.213144
943	9449	0	0	0	1	0	1.906464
944	9460	0	0	0	0	0	1.862557
945	9463	0	0	0	0	0	2.828336
946	9473	0	0	0	1	0	1.217986
947	9485	0	0	0	1	0	2.373108
948	9489	0	0	0	2	0	2.646035
949	9498	0	0	0	1	0	2.409757
950	9509	0	0	0	0	0	1.188250
951	9515	0	0	0	2	0	2.280503
952	9528	0	0	0	1	0	1.818018
953	9542	0	0	0	1	0	1.526645
954	9556	0	0	0	1	0	2.019910
955	9562	0	0	0	1	0	2.050937
956	9574	0	0	0	1	0	2.711458
957	9582	0	0	0	1	0	2.224289
958	9592	0	0	0	1	0	2.125946
959	9605	0	0	0	0	0	2.236972
960	9611	0	0	0	0	0	1.162692
961	9625	0	0	0	2	0	1.562723
962	9636	0	0	0	0	0	1.163307
963	9645	0	0	0	0	0	2.403942
964	9654	0	0	0	2	0	2.201241
965	9664	0	0	0	0	0	2.636424
966	9676	0	0	0	1	0	1.699136
967	9683	0	0	0	2	0	1.307348
968	9699	0	0	0	2	0	2.461266
969	9706	0	0	0	1	0	2.320682
970	9715	0	0	0	1	0	2.643359
971	9722	0	0	0	0	0	2.130555
972	9729	0	0	0	1	0	2.790539
973	9735	0	0	0	0	0	2.836453
974	9741	0	0	0	0	0	1.174763
975	9754	0	0	0	1	0	2.668024
976	9770	0	0	0	0	0	1.144573
977	9786	0	0	0	1	0	2.822397
978	9795	0	0	0	0	0	1.074603
979	9811	0	0	0	0	0	1.547226
980	9819	0	0	0	1	0	1.650023
981	9833	0	0	0	0	0	1.571245
982	9845	0	0	0	2	0	2.591393
983	9856	0	0	0	1	0	1.528487
984	9866	0	0	0	1	0	2.909171
985	9884	0	0	0	2	0	1.753354
986	9890	0	0	0	2	0	1.111975
987	9898	0	0	0	2	0	2.696490
988	9909	0	0	0	0	0	1.731189
989	9919	0	0	0	0	0	1.342019
990	9930	0	0	0	1	0	2.765950
991	9940	0	0	0	1	0	2.165675
992	9951	0	0	0	0	0	2.103917
993	9965	0	0	0	0	0	2.743983
994	9976	0	0	0	0	0	1.489815
995	9992	0	0	0	1	0	1.542655
996	10000	0	0	0	1	0	2.538926
997	10010	0	0	0	0	0	1.177765
998	10020	0	0	0	0	0	1.766519
999	10029	0	0	0	1	0	1.766455
