0	1	0	0	0	0	0	1.934453
1	12	0	0	0	2	0	1.526513
2	21	0	0	0	1	0	1.105784
3	32	0	0	0	0	0	1.618181
4	43	0	0	0	0	0	2.366469
5	50	0	0	0	2	0	1.347319
6	65	0	0	0	0	0	1.663656
7	70	0	0	0	1	0	2.360277
8	78	0	0	0	2	0	1.685030
9	83	0	0	0	0	0	2.522738
10	94	0	0	0	2	0	1.748133
11	105	0	0	0	2	0	2.349027
12	118	0	0	0	1	0	1.766754
13	132	0	0	0	1	0	2.327232
14	146	0	0	0	1	0	2.667566
15	157	0	0	0	0	0	2.562526
16	168	0	0	0	0	0	1.136045
17	180	0	0	0	0	0	2.393731
18	197	0	0	0	0	0	1.875614
19	206	0	0	0	1	0	2.800674
20	214	0	0	0	0	0	2.341632
21	234	0	0	0	1	0	2.965380
22	243	0	0	0	0	0	1.363614
23	255	0	0	0	0	0	2.287305
24	265	0	0	0	1	0	1.622793
25	273	0	0	0	2	0	1.205769
26	282	0	0	0	1	0	1.438945
27	297	0	0	0	1	0	2.631897
28	311	0	0	0	0	0	1.837577
29	321	0	0	0	2	0	2.779564
30	328	0	0	0	2	0	1.180346
31	338	0	0	0	0	0	1.974377
32	348	0	0	0	0	0	1.688170
33	356	0	0	0	0	0	2.427508
34	370	0	0	0	2	0	2.810573
35	378	0	0	0	1	0	2.203834
36	394	0	0	0	0	0	2.954611
37	404	0	0	0	1	0	1.726558
38	414	0	0	0	2	0	1.879953
39	427	0	0	0	1	0	2.099826
40	435	0	0	0	1	0	1.908915
41	449	0	0	0	1	0	2.055352
42	460	0	0	0	1	0	1.888166
43	470	0	0	0	2	0	2.174111
44	478	0	0	0	1	0	2.240418
45	491	0	0	0	1	0	1.754652
46	499	0	0	0	0	0	2.279340
47	512	0	0	0	0	0	1.950526
48	523	0	0	0	1	0	2.161941
49	531	0	0	0	1	0	1.789199
50	540	0	0	0	0	0	2.632973
51	552	0	0	0	2	0	2.034897
52	566	0	0	0	1	0	1.960350
53	582	0	0	0	1	0	2.772946
54	597	0	0	0	0	0	1.759990
55	605	0	0	0	1	0	1.544274
56	612	0	0	0	2	0	2.331568
57	619	0	0	0	0	0	2.560815
58	626	0	0	0	1	0	1.863915
59	637	0	0	0	0	0	1.078442
60	645	0	0	0	1	0	1.983961
61	658	0	0	0	2	0	2.760818
62	666	0	0	0	1	0	2.383391
63	678	0	0	0	0	0	1.539849
64	685	0	0	0	0	0	1.657701
65	699	0	0	0	0	0	2.547518
66	719	0	0	0	0	0	1.413136
67	734	0	0	0	0	0	2.209165
68	746	0	0	0	0	0	1.662163
69	755	0	0	0	1	0	2.652082
70	766	0	0	0	1	0	2.278749
71	783	0	0	0	2	0	1.451077
72	792	0	0	0	1	0	1.224420
73	802	0	0	0	1	0	2.486944
74	816	0	0	0	0	0	2.412759
75	826	0	0	0	0	0	2.242284
76	838	0	0	0	0	0	2.730171
77	849	0	0	0	0	0	1.155759
78	857	0	0	0	2	0	2.469576
79	864	0	0	0	2	0	1.833561
80	878	0	0	0	1	0	2.036913
81	886	0	0	0	1	0	2.712606
82	899	0	0	0	2	0	2.895537
83	911	0	0	0	0	0	1.546056
84	920	0	0	0	1	0	2.437109
85	928	0	0	0	0	0	2.328686
86	935	0	0	0	0	0	1.765060
87	940	0	0	0	1	0	2.077799
88	950	0	0	0	1	0	2.827718
89	961	0	0	0	1	0	2.878733
90	971	0	0	0	2	0	2.309284
91	986	0	0	0	0	0	2.103333
92	992	0	0	0	1	0	2.021697
93	1001	0	0	0	2	0	1.447767
94	1009	0	0	0	0	0	2.921391
95	1018	0	0	0	1	0	1.100272
96	1029	0	0	0	0	0	1.531926
97	1043	0	0	0	2	0	2.629490
98	1054	0	0	0	1	0	1.602130
99	1066	0	0	0	2	0	1.112009
100	1072	0	0	0	1	0	2.811209
101	1086	0	0	0	2	0	1.978479
102	1094	0	0	0	1	0	1.064897
103	1110	0	0	0	0	0	2.294882
104	1120	0	0	0	2	0	1.155378
105	1129	0	0	0	0	0	1.059144
106	1137	0	0	0	2	0	1.248464
107	1148	0	0	0	0	0	1.453507
108	1158	0	0	0	0	0	1.830034
109	1171	0	0	0	1	0	1.847620
110	1177	0	0	0	1	0	2.339826
111	1189	0	0	0	0	0	2.343564
112	1203	0	0	0	1	0	1.571440
113	1213	0	0	0	1	0	1.918992
114	1229	0	0	0	2	0	1.932275
115	1238	0	0	0	1	0	1.048398
116	1246	0	0	0	2	0	2.596048
117	1254	0	0	0	1	0	1.340284
118	1265	0	0	0	0	0	2.358905
119	1275	0	0	0	1	0	1.479629
120	1278	0	0	0	0	0	2.581190
121	1291	0	0	0	1	0	2.972872
122	1305	0	0	0	0	0	1.758008
123	1312	0	0	0	1	0	1.958293
124	1323	0	0	0	0	0	2.021495
125	1334	0	0	0	0	0	1.869006
126	1344	0	0	0	1	0	1.601096
127	1355	0	0	0	0	0	1.749692
128	1363	0	0	0	0	0	1.944283
129	1373	0	0	0	1	0	2.787000
130	1380	0	0	0	1	0	2.389853
131	1391	0	0	0	2	0	2.564049
132	1402	0	0	0	1	0	2.288070
133	1414	0	0	0	1	0	1.626811
134	1423	0	0	0	0	0	1.875155
135	1430	0	0	0	2	0	1.188480
136	1443	0	0	0	1	0	1.625930
137	1451	0	0	0	2	0	1.435969
138	1466	0	0	0	0	0	1.072104
139	1473	0	0	0	0	0	1.364369
140	1486	0	0	0	0	0	1.160384
141	1491	0	0	0	0	0	1.799976
142	1501	0	0	0	0	0	2.626706
143	1510	0	0	0	0	0	2.212016
144	1516	0	0	0	0	0	1.474897
145	1527	0	0	0	1	0	1.347623
146	1537	0	0	0	1	0	1.878592
147	1552	0	0	0	2	0	2.663853
148	1559	0	0	0	0	0	2.043688
149	1570	0	0	0	2	0	1.377003
150	1582	0	0	0	1	0	1.143427
151	1587	0	0	0	1	0	2.924149
152	1592	0	0	0	1	0	2.692043
153	1602	0	0	0	1	0	1.205116
154	1619	0	0	0	1	0	1.421661
155	1631	0	0	0	0	0	2.363174
156	1643	0	0	0	2	0	2.898660
157	1655	0	0	0	2	0	1.629215
158	1666	0	0	0	0	0	1.304531
159	1680	0	0	0	2	0	2.868891
160	1690	0	0	0	1	0	2.109295
161	1697	0	0	0	0	0	2.415595
162	1706	0	0	0	0	0	1.351842
163	1714	0	0	0	2	0	2.206104
164	1723	0	0	0	1	0	1.605192
165	1735	0	0	0	0	0	2.424263
166	1747	0	0	0	1	0	2.851796
167	1755	0	0	0	2	0	1.513721
168	1763	0	0	0	1	0	2.846007
169	1768	0	0	0	1	0	2.920760
170	1772	0	0	0	2	0	2.102347
171	1779	0	0	0	2	0	2.551154
172	1788	0	0	0	0	0	1.067157
173	1797	0	0	0	0	0	1.277060
174	1805	0	0	0	0	0	2.392880
175	1814	0	0	0	0	0	2.889515
176	1823	0	0	0	0	0	1.114586
177	1837	0	0	0	0	0	1.946686
178	1843	0	0	0	0	0	1.049668
179	1853	0	0	0	1	0	1.467221
180	1865	0	0	0	2	0	1.576347
181	1876	0	0	0	1	0	1.520473
182	1887	0	0	0	0	0	1.223748
183	1898	0	0	0	1	0	2.378216
184	1906	0	0	0	1	0	1.188992
185	1918	0	0	0	0	0	2.077737
186	1929	0	0	0	2	0	2.407625
187	1935	0	0	0	2	0	2.077315
188	1946	0	0	0	0	0	1.716022
189	1957	0	0	0	2	0	1.628278
190	1969	0	0	0	0	0	1.682974
191	1974	0	0	0	1	0	2.989405
192	1982	0	0	0	0	0	2.963167
193	1994	0	0	0	0	0	1.956101
194	2000	0	0	0	2	0	1.174310
195	2008	0	0	0	1	0	1.222988
196	2014	0	0	0	0	0	1.526397
197	2022	0	0	0	2	0	1.936333
198	2033	0	0	0	0	0	2.966517
199	2040	0	0	0	0	0	2.462955
200	2046	0	0	0	1	0	2.346409
201	2058	0	0	0	1	0	1.719225
202	2067	0	0	0	0	0	2.132557
203	2076	0	0	0	0	0	1.653563
204	2082	0	0	0	0	0	2.559303
205	2091	0	0	0	1	0	2.242655
206	2108	0	0	0	1	0	2.593137
207	2117	0	0	0	2	0	1.725333
208	2128	0	0	0	0	0	2.585928
209	2138	0	0	0	2	0	1.224593
210	2146	0	0	0	2	0	2.108546
211	2155	0	0	0	1	0	1.814135
212	2168	0	0	0	1	0	2.861833
213	2182	0	0	0	1	0	1.475388
214	2194	0	0	0	0	0	1.033016
215	2205	0	0	0	0	0	1.723710
216	2220	0	0	0	2	0	2.625208
217	2230	0	0	0	0	0	1.145134
218	2243	0	0	0	1	0	2.360804
219	2252	0	0	0	1	0	2.988239
220	2261	0	0	0	0	0	1.655719
221	2270	0	0	0	1	0	1.046216
222	2284	0	0	0	0	0	1.149135
223	2297	0	0	0	0	0	1.927645
224	2304	0	0	0	1	0	2.337844
225	2316	0	0	0	1	0	2.554043
226	2325	0	0	0	0	0	2.799230
227	2331	0	0	0	0	0	1.599804
228	2345	0	0	0	1	0	1.892096
229	2362	0	0	0	0	0	1.642625
230	2373	0	0	0	2	0	2.314345
231	2384	0	0	0	1	0	1.253666
232	2400	0	0	0	2	0	1.179813
233	2409	0	0	0	0	0	1.225341
234	2416	0	0	0	1	0	2.043815
235	2421	0	0	0	1	0	1.194537
236	2436	0	0	0	0	0	1.920163
237	2443	0	0	0	2	0	1.813830
238	2449	0	0	0	1	0	1.600869
239	2457	0	0	0	0	0	2.867210
240	2468	0	0	0	1	0	1.837444
241	2475	0	0	0	1	0	1.620119
242	2488	0	0	0	1	0	1.029369
243	2501	0	0	0	2	0	1.927027
244	2510	0	0	0	0	0	2.788480
245	2520	0	0	0	1	0	1.646745
246	2526	0	0	0	1	0	1.225532
247	2538	0	0	0	0	0	1.150049
248	2548	0	0	0	0	0	1.565430
249	2557	0	0	0	2	0	1.832479
250	2565	0	0	0	1	0	1.939434
251	2574	0	0	0	1	0	2.542015
252	2583	0	0	0	1	0	1.686437
253	2597	0	0	0	1	0	1.521836
254	2608	0	0	0	0	0	2.975856
255	2618	0	0	0	1	0	1.386341
256	2634	0	0	0	0	0	2.307333
257	2643	0	0	0	1	0	1.538063
258	2652	0	0	0	1	0	1.678335
259	2662	0	0	0	0	0	1.620244
260	2667	0	0	0	2	0	2.006416
261	2675	0	0	0	1	0	2.151197
262	2687	0	0	0	2	0	2.308252
263	2696	0	0	0	2	0	2.657395
264	2708	0	0	0	0	0	1.423965
265	2718	0	0	0	0	0	1.651779
266	2722	0	0	0	2	0	1.535374
267	2730	0	0	0	2	0	1.994912
268	2740	0	0	0	2	0	1.844224
269	2748	0	0	0	2	0	1.684179
270	2754	0	0	0	2	0	1.381985
271	2770	0	0	0	0	0	1.775087
272	2786	0	0	0	0	0	1.483605
273	2798	0	0	0	2	0	2.536907
274	2813	0	0	0	0	0	1.862021
275	2821	0	0	0	1	0	1.247426
276	2828	0	0	0	2	0	1.339869
277	2836	0	0	0	1	0	2.364881
278	2854	0	0	0	1	0	2.472512
279	2860	0	0	0	0	0	2.228192
280	2866	0	0	0	1	0	2.464399
281	2874	0	0	0	1	0	2.120568
282	2882	0	0	0	1	0	2.738713
283	2887	0	0	0	0	0	1.005272
284	2898	0	0	0	0	0	1.442081
285	2910	0	0	0	2	0	2.024997
286	2922	0	0	0	0	0	1.140359
287	2938	0	0	0	0	0	2.095501
288	2948	0	0	0	2	0	1.428486
289	2956	0	0	0	1	0	1.817650
290	2971	0	0	0	2	0	1.883235
291	2988	0	0	0	0	0	2.631659
292	2997	0	0	0	0	0	1.214120
293	3011	0	0	0	0	0	2.938868
294	3026	0	0	0	0	0	1.463298
295	3038	0	0	0	0	0	1.211377
296	3045	0	0	0	1	0	2.834883
297	3050	0	0	0	1	0	2.869191
298	3066	0	0	0	1	0	2.309212
299	3082	0	0	0	1	0	1.999171
300	3094	0	0	0	0	0	2.623247
301	3104	0	0	0	1	0	2.563425
302	3114	0	0	0	0	0	2.594790
303	3136	0	0	0	2	0	1.200949
304	3143	0	0	0	1	0	1.918807
305	3153	0	0	0	1	0	1.610386
306	3166	0	0	0	1	0	2.523112
307	3174	0	0	0	1	0	2.996852
308	3183	0	0	0	0	0	2.396490
309	3193	0	0	0	0	0	2.194535
310	3206	0	0	0	1	0	1.619182
311	3217	0	0	0	1	0	2.134828
312	3223	0	0	0	2	0	2.862042
313	3233	0	0	0	0	0	1.539536
314	3240	0	0	0	2	0	2.172583
315	3252	0	0	0	0	0	1.203265
316	3259	0	0	0	0	0	1.656578
317	3263	0	0	0	2	0	1.672880
318	3269	0	0	0	0	0	2.347673
319	3283	0	0	0	2	0	2.109444
320	3294	0	0	0	1	0	1.775841
321	3300	0	0	0	0	0	2.230100
322	3308	0	0	0	2	0	1.103880
323	3318	0	0	0	2	0	2.611302
324	3333	0	0	0	2	0	2.691231
325	3344	0	0	0	1	0	1.806968
326	3359	0	0	0	1	0	2.169888
327	3365	0	0	0	2	0	1.614876
328	3377	0	0	0	0	0	2.011121
329	3386	0	0	0	1	0	2.667835
330	3392	0	0	0	2	0	2.584190
331	3400	0	0	0	0	0	1.383433
332	3412	0	0	0	1	0	2.628988
333	3417	0	0	0	2	0	1.915645
334	3425	0	0	0	1	0	1.444354
335	3435	0	0	0	0	0	2.133921
336	3451	0	0	0	1	0	2.594732
337	3460	0	0	0	1	0	2.349899
338	3472	0	0	0	0	0	1.396274
339	3481	0	0	0	0	0	1.130348
340	3487	0	0	0	1	0	2.746654
341	3498	0	0	0	0	0	2.864376
342	3506	0	0	0	1	0	2.618340
343	3514	0	0	0	0	0	1.870588
344	3524	0	0	0	0	0	1.160656
345	3530	0	0	0	0	0	1.661128
346	3538	0	0	0	1	0	1.575269
347	3547	0	0	0	1	0	1.559656
348	3561	0	0	0	1	0	2.287170
349	3573	0	0	0	2	0	1.105483
350	3583	0	0	0	0	0	1.124040
351	3591	0	0	0	2	0	1.118681
352	3599	0	0	0	0	0	2.319507
353	3606	0	0	0	1	0	2.830397
354	3616	0	0	0	0	0	2.262654
355	3634	0	0	0	2	0	2.307508
356	3640	0	0	0	0	0	1.771928
357	3650	0	0	0	1	0	1.825803
358	3655	0	0	0	1	0	1.084007
359	3669	0	0	0	1	0	2.557661
360	3681	0	0	0	0	0	1.914601
361	3685	0	0	0	1	0	2.739018
362	3694	0	0	0	2	0	1.414343
363	3704	0	0	0	1	0	1.569566
364	3713	0	0	0	2	0	2.120331
365	3720	0	0	0	1	0	1.510993
366	3732	0	0	0	0	0	2.875471
367	3739	0	0	0	2	0	1.808499
368	3745	0	0	0	0	0	1.659974
369	3756	0	0	0	1	0	2.826171
370	3766	0	0	0	1	0	1.437438
371	3775	0	0	0	1	0	1.240429
372	3788	0	0	0	0	0	2.099521
373	3795	0	0	0	0	0	1.633052
374	3804	0	0	0	1	0	2.711612
375	3811	0	0	0	0	0	1.495855
376	3824	0	0	0	1	0	2.646911
377	3829	0	0	0	0	0	2.740049
378	3833	0	0	0	0	0	2.334925
379	3844	0	0	0	2	0	2.718709
380	3858	0	0	0	2	0	1.996884
381	3865	0	0	0	1	0	2.293492
382	3874	0	0	0	1	0	1.727213
383	3883	0	0	0	0	0	1.617554
384	3892	0	0	0	0	0	1.794911
385	3897	0	0	0	1	0	1.521939
386	3908	0	0	0	0	0	2.106146
387	3921	0	0	0	1	0	2.319460
388	3931	0	0	0	1	0	2.987683
389	3939	0	0	0	1	0	2.194822
390	3953	0	0	0	0	0	1.498539
391	3961	0	0	0	0	0	1.813434
392	3968	0	0	0	0	0	2.878526
393	3975	0	0	0	1	0	1.108157
394	3979	0	0	0	2	0	1.071894
395	3989	0	0	0	0	0	1.890067
396	4001	0	0	0	2	0	2.073670
397	4006	0	0	0	2	0	1.498173
398	4022	0	0	0	2	0	2.972075
399	4031	0	0	0	0	0	1.155350
400	4043	0	0	0	2	0	1.874169
401	4055	0	0	0	1	0	1.565970
402	4063	0	0	0	0	0	2.471181
403	4074	0	0	0	0	0	1.689324
404	4083	0	0	0	2	0	1.853450
405	4093	0	0	0	1	0	2.675172
406	4102	0	0	0	0	0	2.650344
407	4114	0	0	0	0	0	1.425878
408	4124	0	0	0	0	0	2.741822
409	4140	0	0	0	2	0	1.933101
410	4156	0	0	0	0	0	2.718424
411	4164	0	0	0	2	0	2.094675
412	4176	0	0	0	1	0	1.355346
413	4189	0	0	0	1	0	1.227650
414	4205	0	0	0	0	0	2.329140
415	4218	0	0	0	0	0	1.454728
416	4225	0	0	0	0	0	1.126353
417	4231	0	0	0	0	0	2.450161
418	4243	0	0	0	1	0	2.745612
419	4253	0	0	0	1	0	2.000390
420	4262	0	0	0	0	0	1.409315
421	4274	0	0	0	0	0	1.470928
422	4285	0	0	0	1	0	2.998662
423	4297	0	0	0	0	0	1.871043
424	4301	0	0	0	1	0	2.196227
425	4314	0	0	0	0	0	2.046110
426	4321	0	0	0	0	0	2.310757
427	4328	0	0	0	2	0	2.063840
428	4336	0	0	0	1	0	1.803530
429	4348	0	0	0	2	0	1.501903
430	4354	0	0	0	2	0	1.314309
431	4365	0	0	0	0	0	2.114917
432	4373	0	0	0	0	0	2.469698
433	4382	0	0	0	1	0	1.849832
434	4388	0	0	0	2	0	2.944643
435	4396	0	0	0	0	0	2.607582
436	4405	0	0	0	0	0	2.513820
437	4412	0	0	0	0	0	2.313702
438	4420	0	0	0	0	0	2.433106
439	4430	0	0	0	2	0	2.613854
440	4442	0	0	0	1	0	1.789049
441	4449	0	0	0	1	0	1.677113
442	4451	0	0	0	1	0	1.372723
443	4463	0	0	0	2	0	1.231224
444	4472	0	0	0	1	0	1.480266
445	4484	0	0	0	1	0	1.448989
446	4493	0	0	0	0	0	1.592121
447	4504	0	0	0	2	0	2.036016
448	4520	0	0	0	2	0	2.230833
449	4528	0	0	0	2	0	1.922187
450	4540	0	0	0	0	0	2.110467
451	4551	0	0	0	1	0	1.204987
452	4561	0	0	0	0	0	1.676676
453	4567	0	0	0	0	0	1.524195
454	4576	0	0	0	1	0	1.618588
455	4588	0	0	0	2	0	1.156081
456	4601	0	0	0	0	0	1.182784
457	4612	0	0	0	2	0	1.009455
458	4618	0	0	0	0	0	1.699933
459	4628	0	0	0	1	0	2.057750
460	4642	0	0	0	0	0	2.584806
461	4655	0	0	0	2	0	1.595413
462	4660	0	0	0	0	0	2.204486
463	4671	0	0	0	1	0	1.881725
464	4678	0	0	0	0	0	1.476961
465	4687	0	0	0	1	0	2.934838
466	4693	0	0	0	0	0	1.862938
467	4706	0	0	0	0	0	1.775080
468	4712	0	0	0	1	0	1.984966
469	4729	0	0	0	2	0	1.925703
470	4737	0	0	0	1	0	1.211144
471	4743	0	0	0	2	0	2.630339
472	4751	0	0	0	0	0	2.860400
473	4758	0	0	0	0	0	2.274051
474	4770	0	0	0	0	0	1.102517
475	4777	0	0	0	0	0	1.826063
476	4790	0	0	0	1	0	2.893678
477	4801	0	0	0	0	0	2.897485
478	4807	0	0	0	0	0	2.873497
479	4818	0	0	0	1	0	2.052550
480	4827	0	0	0	1	0	1.356830
481	4832	0	0	0	2	0	1.896803
482	4840	0	0	0	2	0	1.877457
483	4847	0	0	0	0	0	1.975467
484	4865	0	0	0	2	0	2.715028
485	4874	0	0	0	1	0	2.714728
486	4881	0	0	0	1	0	2.130649
487	4889	0	0	0	0	0	1.145574
488	4900	0	0	0	1	0	1.768959
489	4918	0	0	0	2	0	2.700736
490	4932	0	0	0	0	0	2.998656
491	4942	0	0	0	2	0	2.247524
492	4950	0	0	0	1	0	1.042754
493	4963	0	0	0	0	0	2.588831
494	4974	0	0	0	0	0	1.767480
495	4984	0	0	0	1	0	1.055662
496	4989	0	0	0	0	0	2.388215
497	4995	0	0	0	0	0	2.628077
498	5002	0	0	0	0	0	2.550328
499	5015	0	0	0	1	0	1.139933
500	5026	0	0	0	1	0	1.322596
501	5030	0	0	0	0	0	1.309462
502	5032	0	0	0	0	0	2.730870
503	5041	0	0	0	2	0	1.447219
504	5049	0	0	0	0	0	2.732562
505	5059	0	0	0	2	0	2.689414
506	5073	0	0	0	2	0	2.143840
507	5081	0	0	0	1	0	2.989517
508	5089	0	0	0	1	0	1.123931
509	5102	0	0	0	1	0	2.420577
510	5112	0	0	0	0	0	1.932007
511	5124	0	0	0	0	0	2.015050
512	5131	0	0	0	0	0	1.566508
513	5143	0	0	0	0	0	1.463839
514	5150	0	0	0	2	0	2.682508
515	5160	0	0	0	0	0	2.937544
516	5171	0	0	0	1	0	1.943674
517	5182	0	0	0	1	0	2.831548
518	5194	0	0	0	1	0	1.746740
519	5203	0	0	0	0	0	1.458209
520	5211	0	0	0	2	0	1.666690
521	5224	0	0	0	2	0	2.370840
522	5233	0	0	0	2	0	2.818183
523	5246	0	0	0	2	0	1.051473
524	5258	0	0	0	2	0	2.659539
525	5268	0	0	0	2	0	2.409863
526	5279	0	0	0	1	0	2.358107
527	5290	0	0	0	0	0	1.892484
528	5303	0	0	0	0	0	2.641074
529	5309	0	0	0	0	0	2.154203
530	5328	0	0	0	0	0	2.571804
531	5335	0	0	0	1	0	2.216474
532	5349	0	0	0	2	0	1.397675
533	5354	0	0	0	0	0	1.846276
534	5363	0	0	0	2	0	2.009496
535	5370	0	0	0	1	0	1.619897
536	5381	0	0	0	1	0	2.366894
537	5386	0	0	0	0	0	1.394325
538	5394	0	0	0	2	0	2.691709
539	5407	0	0	0	0	0	2.382976
540	5417	0	0	0	2	0	1.888703
541	5425	0	0	0	1	0	2.140898
542	5431	0	0	0	0	0	2.154610
543	5444	0	0	0	0	0	2.496347
544	5453	0	0	0	1	0	1.629949
545	5460	0	0	0	2	0	1.237923
546	5471	0	0	0	0	0	1.257812
547	5481	0	0	0	1	0	2.633290
548	5492	0	0	0	0	0	1.195907
549	5501	0	0	0	0	0	1.692402
550	5510	0	0	0	2	0	2.580985
551	5520	0	0	0	0	0	2.528346
552	5527	0	0	0	1	0	2.905325
553	5533	0	0	0	0	0	1.530105
554	5547	0	0	0	2	0	2.454160
555	5557	0	0	0	1	0	1.337028
556	5563	0	0	0	1	0	1.588574
557	5574	0	0	0	0	0	2.566903
558	5579	0	0	0	0	0	1.164500
559	5585	0	0	0	1	0	1.022439
560	5593	0	0	0	2	0	1.294923
561	5601	0	0	0	1	0	1.553756
562	5613	0	0	0	1	0	1.015413
563	5626	0	0	0	1	0	2.077569
564	5637	0	0	0	2	0	1.586498
565	5641	0	0	0	0	0	2.551698
566	5644	0	0	0	1	0	1.593064
567	5653	0	0	0	0	0	2.077491
568	5664	0	0	0	1	0	2.399303
569	5677	0	0	0	2	0	2.250211
570	5683	0	0	0	0	0	1.013189
571	5695	0	0	0	2	0	1.576940
572	5713	0	0	0	1	0	1.082364
573	5719	0	0	0	0	0	2.684068
574	5726	0	0	0	0	0	1.878402
575	5742	0	0	0	0	0	1.295313
576	5753	0	0	0	0	0	1.172725
577	5760	0	0	0	2	0	1.768449
578	5770	0	0	0	1	0	2.715775
579	5776	0	0	0	2	0	2.210611
580	5792	0	0	0	2	0	2.945359
581	5800	0	0	0	0	0	2.501005
582	5808	0	0	0	2	0	2.405893
583	5818	0	0	0	0	0	2.565348
584	5826	0	0	0	0	0	1.509477
585	5838	0	0	0	0	0	2.692438
586	5845	0	0	0	2	0	2.451260
587	5855	0	0	0	1	0	1.374517
588	5861	0	0	0	0	0	1.029112
589	5867	0	0	0	1	0	1.579546
590	5877	0	0	0	2	0	1.048256
591	5889	0	0	0	0	0	1.730166
592	5900	0	0	0	1	0	2.179032
593	5912	0	0	0	2	0	2.410268
594	5917	0	0	0	0	0	1.501441
595	5928	0	0	0	2	0	2.039050
596	5938	0	0	0	1	0	1.574792
597	5947	0	0	0	1	0	2.701733
598	5958	0	0	0	0	0	2.497361
599	5964	0	0	0	0	0	2.360981
600	5971	0	0	0	0	0	1.542804
601	5983	0	0	0	0	0	2.056019
602	5991	0	0	0	2	0	2.477565
603	6002	0	0	0	0	0	2.889806
604	6009	0	0	0	1	0	2.976810
605	6019	0	0	0	1	0	1.616980
606	6024	0	0	0	2	0	1.105628
607	6031	0	0	0	1	0	1.615480
608	6039	0	0	0	0	0	1.914984
609	6048	0	0	0	1	0	1.719915
610	6058	0	0	0	2	0	2.240884
611	6065	0	0	0	2	0	1.423251
612	6073	0	0	0	0	0	2.768020
613	6089	0	0	0	2	0	1.681084
614	6096	0	0	0	1	0	1.727791
615	6109	0	0	0	0	0	1.417619
616	6116	0	0	0	1	0	2.443004
617	6124	0	0	0	0	0	2.255207
618	6132	0	0	0	0	0	1.228745
619	6138	0	0	0	0	0	1.392731
620	6145	0	0	0	0	0	1.326711
621	6153	0	0	0	0	0	1.078939
622	6167	0	0	0	2	0	1.379583
623	6184	0	0	0	0	0	1.407675
624	6189	0	0	0	1	0	2.573481
625	6198	0	0	0	2	0	1.378444
626	6206	0	0	0	1	0	2.861612
627	6220	0	0	0	1	0	1.597778
628	6231	0	0	0	1	0	1.288675
629	6239	0	0	0	2	0	1.431663
630	6250	0	0	0	0	0	1.387725
631	6258	0	0	0	2	0	1.699663
632	6273	0	0	0	0	0	1.423498
633	6283	0	0	0	1	0	2.036793
634	6293	0	0	0	0	0	1.429354
635	6303	0	0	0	1	0	1.577991
636	6313	0	0	0	2	0	1.099685
637	6322	0	0	0	0	0	2.100064
638	6332	0	0	0	0	0	1.194607
639	6338	0	0	0	0	0	1.298300
640	6346	0	0	0	0	0	1.131056
641	6360	0	0	0	1	0	1.933760
642	6367	0	0	0	0	0	2.129663
643	6374	0	0	0	1	0	1.486786
644	6386	0	0	0	0	0	2.686213
645	6399	0	0	0	0	0	2.455734
646	6408	0	0	0	1	0	1.212968
647	6416	0	0	0	0	0	2.400919
648	6430	0	0	0	1	0	1.274794
649	6443	0	0	0	2	0	2.063339
650	6457	0	0	0	0	0	1.159284
651	6473	0	0	0	1	0	2.889341
652	6491	0	0	0	1	0	1.332448
653	6497	0	0	0	1	0	2.868189
654	6503	0	0	0	2	0	1.904238
655	6511	0	0	0	0	0	2.014076
656	6529	0	0	0	0	0	1.576147
657	6535	0	0	0	1	0	2.452064
658	6551	0	0	0	0	0	1.239605
659	6563	0	0	0	0	0	2.227444
660	6569	0	0	0	1	0	1.847247
661	6586	0	0	0	0	0	2.486736
662	6592	0	0	0	0	0	2.845575
663	6607	0	0	0	0	0	1.347263
664	6618	0	0	0	0	0	1.028592
665	6634	0	0	0	1	0	2.318917
666	6646	0	0	0	1	0	1.796228
667	6658	0	0	0	0	0	1.560211
668	6669	0	0	0	0	0	2.710929
669	6676	0	0	0	2	0	1.442991
670	6692	0	0	0	2	0	2.054695
671	6705	0	0	0	0	0	2.677098
672	6724	0	0	0	0	0	2.243960
673	6730	0	0	0	0	0	1.884944
674	6742	0	0	0	0	0	2.086836
675	6753	0	0	0	0	0	2.535849
676	6764	0	0	0	1	0	2.687716
677	6770	0	0	0	1	0	2.755406
678	6782	0	0	0	1	0	2.139837
679	6793	0	0	0	2	0	1.115803
680	6798	0	0	0	0	0	2.746643
681	6810	0	0	0	1	0	1.191641
682	6820	0	0	0	1	0	2.340139
683	6834	0	0	0	2	0	2.524584
684	6843	0	0	0	1	0	1.613166
685	6859	0	0	0	1	0	2.510122
686	6869	0	0	0	1	0	2.229528
687	6876	0	0	0	0	0	1.347530
688	6885	0	0	0	0	0	1.316194
689	6891	0	0	0	1	0	2.375122
690	6897	0	0	0	1	0	1.751760
691	6908	0	0	0	1	0	2.293354
692	6919	0	0	0	1	0	1.486639
693	6931	0	0	0	2	0	1.177192
694	6938	0	0	0	1	0	1.712275
695	6951	0	0	0	0	0	1.120481
696	6960	0	0	0	2	0	2.720726
697	6974	0	0	0	2	0	1.309238
698	6986	0	0	0	2	0	1.446227
699	6999	0	0	0	1	0	2.842622
700	7010	0	0	0	1	0	1.941415
701	7017	0	0	0	0	0	1.797301
702	7028	0	0	0	1	0	2.087378
703	7041	0	0	0	0	0	2.055607
704	7054	0	0	0	0	0	2.586931
705	7060	0	0	0	0	0	2.768186
706	7070	0	0	0	1	0	2.135220
707	7082	0	0	0	2	0	2.375749
708	7089	0	0	0	1	0	1.245180
709	7101	0	0	0	2	0	1.883350
710	7112	0	0	0	2	0	2.406060
711	7124	0	0	0	2	0	2.559955
712	7135	0	0	0	0	0	2.536675
713	7146	0	0	0	2	0	1.676358
714	7154	0	0	0	0	0	1.503590
715	7165	0	0	0	0	0	2.631535
716	7172	0	0	0	0	0	2.570316
717	7176	0	0	0	0	0	2.549460
718	7182	0	0	0	0	0	2.916497
719	7194	0	0	0	2	0	1.987623
720	7205	0	0	0	2	0	1.137957
721	7216	0	0	0	0	0	1.119261
722	7231	0	0	0	2	0	1.224889
723	7238	0	0	0	1	0	1.941479
724	7251	0	0	0	2	0	1.446224
725	7261	0	0	0	1	0	2.451400
726	7268	0	0	0	2	0	1.077487
727	7277	0	0	0	2	0	1.045211
728	7290	0	0	0	1	0	2.663811
729	7302	0	0	0	0	0	2.379513
730	7309	0	0	0	2	0	2.034938
731	7320	0	0	0	2	0	2.571503
732	7325	0	0	0	1	0	2.786506
733	7338	0	0	0	1	0	1.767328
734	7353	0	0	0	0	0	2.569574
735	7359	0	0	0	1	0	2.780177
736	7367	0	0	0	1	0	2.167320
737	7375	0	0	0	0	0	1.866225
738	7389	0	0	0	1	0	1.252640
739	7399	0	0	0	0	0	2.571745
740	7410	0	0	0	1	0	2.706889
741	7420	0	0	0	2	0	1.064134
742	7427	0	0	0	2	0	1.203434
743	7441	0	0	0	1	0	2.661463
744	7449	0	0	0	1	0	2.114580
745	7464	0	0	0	0	0	2.066374
746	7472	0	0	0	1	0	2.148380
747	7487	0	0	0	1	0	1.930914
748	7503	0	0	0	0	0	2.963436
749	7514	0	0	0	0	0	1.162442
750	7520	0	0	0	2	0	1.515555
751	7531	0	0	0	2	0	2.160733
752	7540	0	0	0	1	0	1.217237
753	7556	0	0	0	0	0	2.909956
754	7569	0	0	0	0	0	2.180368
755	7580	0	0	0	2	0	1.474698
756	7587	0	0	0	2	0	2.244346
757	7595	0	0	0	1	0	2.566797
758	7603	0	0	0	2	0	2.487263
759	7619	0	0	0	0	0	1.669556
760	7626	0	0	0	0	0	1.493189
761	7642	0	0	0	2	0	2.993101
762	7653	0	0	0	0	0	1.740793
763	7663	0	0	0	2	0	1.522773
764	7670	0	0	0	1	0	1.106368
765	7682	0	0	0	2	0	2.061152
766	7693	0	0	0	0	0	2.167303
767	7709	0	0	0	0	0	2.592141
768	7717	0	0	0	1	0	2.201891
769	7732	0	0	0	2	0	1.249192
770	7746	0	0	0	0	0	1.305790
771	7754	0	0	0	2	0	2.078573
772	7761	0	0	0	0	0	1.631676
773	7766	0	0	0	1	0	2.168533
774	7777	0	0	0	0	0	1.350607
775	7790	0	0	0	0	0	2.292478
776	7807	0	0	0	1	0	2.060519
777	7820	0	0	0	2	0	1.803110
778	7827	0	0	0	1	0	2.451165
779	7838	0	0	0	1	0	1.968120
780	7854	0	0	0	1	0	2.516417
781	7861	0	0	0	0	0	2.611611
782	7877	0	0	0	1	0	1.414435
783	7890	0	0	0	2	0	1.142128
784	7897	0	0	0	0	0	1.704646
785	7907	0	0	0	0	0	2.282356
786	7915	0	0	0	0	0	1.349958
787	7928	0	0	0	2	0	2.151796
788	7933	0	0	0	0	0	2.254667
789	7946	0	0	0	0	0	1.145835
790	7961	0	0	0	2	0	1.494855
791	7973	0	0	0	1	0	1.794918
792	7979	0	0	0	2	0	2.039123
793	7992	0	0	0	1	0	2.968264
794	8003	0	0	0	0	0	1.105114
795	8013	0	0	0	2	0	2.556041
796	8020	0	0	0	0	0	2.382198
797	8028	0	0	0	0	0	1.750886
798	8037	0	0	0	0	0	2.254249
799	8048	0	0	0	1	0	1.094175
800	8057	0	0	0	1	0	2.519857
801	8066	0	0	0	0	0	2.837085
802	8078	0	0	0	1	0	1.124432
803	8091	0	0	0	1	0	2.013573
804	8098	0	0	0	2	0	2.673043
805	8105	0	0	0	0	0	1.453448
806	8113	0	0	0	0	0	1.647266
807	8125	0	0	0	0	0	2.315016
808	8130	0	0	0	1	0	2.259807
809	8141	0	0	0	2	0	2.932805
810	8160	0	0	0	0	0	1.302129
811	8174	0	0	0	2	0	2.884197
812	8186	0	0	0	1	0	1.290617
813	8198	0	0	0	0	0	2.935827
814	8212	0	0	0	2	0	1.961954
815	8219	0	0	0	2	0	1.073645
816	8229	0	0	0	0	0	1.553255
817	8239	0	0	0	0	0	1.750742
818	8246	0	0	0	0	0	2.817901
819	8256	0	0	0	1	0	2.009400
820	8269	0	0	0	0	0	1.471074
821	8277	0	0	0	0	0	1.697778
822	8284	0	0	0	1	0	1.484430
823	8296	0	0	0	0	0	1.870152
824	8317	0	0	0	0	0	2.823208
825	8325	0	0	0	2	0	2.448712
826	8331	0	0	0	1	0	2.302705
827	8341	0	0	0	1	0	1.767384
828	8354	0	0	0	1	0	1.593636
829	8362	0	0	0	0	0	1.035710
830	8372	0	0	0	1	0	2.187780
831	8376	0	0	0	2	0	2.569704
832	8380	0	0	0	2	0	2.018568
833	8392	0	0	0	0	0	2.658802
834	8400	0	0	0	0	0	1.503982
835	8408	0	0	0	0	0	2.227149
836	8425	0	0	0	1	0	1.281752
837	8438	0	0	0	1	0	1.315055
838	8444	0	0	0	2	0	1.642074
839	8450	0	0	0	2	0	1.522617
840	8459	0	0	0	1	0	2.889489
841	8468	0	0	0	0	0	2.044819
842	8481	0	0	0	1	0	2.872803
843	8491	0	0	0	2	0	1.664059
844	8505	0	0	0	2	0	2.354414
845	8518	0	0	0	2	0	1.905824
846	8527	0	0	0	1	0	2.391932
847	8545	0	0	0	1	0	2.365993
848	8556	0	0	0	2	0	2.578749
849	8568	0	0	0	0	0	2.848101
850	8577	0	0	0	2	0	2.183449
851	8586	0	0	0	2	0	1.055866
852	8594	0	0	0	1	0	2.163130
853	8604	0	0	0	2	0	1.989672
854	8612	0	0	0	2	0	1.405643
855	8623	0	0	0	0	0	2.234251
856	8633	0	0	0	1	0	1.924210
857	8643	0	0	0	1	0	1.778223
858	8651	0	0	0	1	0	2.563676
859	8663	0	0	0	0	0	2.874206
860	8676	0	0	0	2	0	2.745521
861	8683	0	0	0	2	0	1.365402
862	8695	0	0	0	0	0	2.303554
863	8704	0	0	0	1	0	2.578544
864	8713	0	0	0	1	0	1.849176
865	8723	0	0	0	0	0	2.619429
866	8732	0	0	0	0	0	2.116455
867	8746	0	0	0	2	0	2.622004
868	8751	0	0	0	1	0	2.451131
869	8764	0	0	0	1	0	2.245910
870	8771	0	0	0	0	0	2.528959
871	8778	0	0	0	1	0	1.189768
872	8788	0	0	0	0	0	1.273154
873	8803	0	0	0	1	0	2.651920
874	8811	0	0	0	1	0	1.990125
875	8821	0	0	0	2	0	2.642184
876	8832	0	0	0	2	0	1.513920
877	8840	0	0	0	1	0	1.997265
878	8850	0	0	0	2	0	1.458212
879	8860	0	0	0	1	0	1.475511
880	8872	0	0	0	0	0	1.897262
881	8879	0	0	0	2	0	1.906914
882	8887	0	0	0	1	0	1.560334
883	8905	0	0	0	0	0	2.020652
884	8919	0	0	0	1	0	2.277540
885	8924	0	0	0	1	0	2.736641
886	8930	0	0	0	0	0	2.632206
887	8937	0	0	0	0	0	2.888445
888	8951	0	0	0	0	0	2.283581
889	8964	0	0	0	2	0	2.381292
890	8969	0	0	0	0	0	1.055782
891	8980	0	0	0	1	0	2.052572
892	8986	0	0	0	1	0	1.737064
893	8994	0	0	0	2	0	1.412813
894	9009	0	0	0	0	0	2.658362
895	9021	0	0	0	0	0	2.322888
896	9030	0	0	0	0	0	2.025820
897	9039	0	0	0	2	0	2.883613
898	9057	0	0	0	2	0	2.518269
899	9069	0	0	0	0	0	2.380921
900	9078	0	0	0	2	0	1.717477
901	9092	0	0	0	2	0	2.056896
902	9099	0	0	0	0	0	1.588948
903	9109	0	0	0	2	0	2.586786
904	9115	0	0	0	1	0	2.702329
905	9125	0	0	0	1	0	2.925702
906	9132	0	0	0	1	0	2.899090
907	9140	0	0	0	0	0	1.136412
908	9152	0	0	0	0	0	2.634934
909	9169	0	0	0	1	0	1.852868
910	9180	0	0	0	2	0	1.265725
911	9188	0	0	0	0	0	1.770767
912	9194	0	0	0	2	0	2.274908
913	9196	0	0	0	1	0	1.338480
914	9206	0	0	0	1	0	1.982137
915	9215	0	0	0	2	0	1.483418
916	9231	0	0	0	1	0	1.578964
917	9245	0	0	0	1	0	1.900980
918	9254	0	0	0	1	0	2.337911
919	9263	0	0	0	2	0	2.173339
920	9268	0	0	0	0	0	2.788555
921	9280	0	0	0	1	0	2.239342
922	9289	0	0	0	2	0	1.578270
923	9299	0	0	0	2	0	1.542403
924	9308	0	0	0	0	0	2.544554
925	9322	0	0	0	1	0	2.243085
926	9329	0	0	0	0	0	1.960885
927	9344	0	0	0	1	0	2.723773
928	9357	0	0	0	2	0	2.415364
929	9371	0	0	0	0	0	2.553925
930	9386	0	0	0	2	0	2.520379
931	9401	0	0	0	1	0	1.032201
932	9408	0	0	0	0	0	1.146288
933	9414	0	0	0	0	0	1.451589
934	9418	0	0	0	1	0	1.534888
935	9426	0	0	0	2	0	1.098515
936	9438	0	0	0	1	0	2.068172
937	9452	0	0	0	1	0	2.342947
938	9463	0	0	0	0	0	2.059254
939	9471	0	0	0	1	0	2.852024
940	9484	0	0	0	0	0	1.574127
941	9499	0	0	0	1	0	2.491288
942	9508	0	0	0	2	0	2.374274
943	9520	0	0	0	1	0	2.497992
944	9530	0	0	0	2	0	1.200923
945	9545	0	0	0	2	0	1.465204
946	9555	0	0	0	2	0	1.774253
947	9566	0	0	0	0	0	2.707034
948	9584	0	0	0	2	0	1.164527
949	9589	0	0	0	0	0	2.484642
950	9599	0	0	0	1	0	1.840717
951	9610	0	0	0	2	0	1.021309
952	9615	0	0	0	2	0	1.265759
953	9622	0	0	0	1	0	1.152337
954	9631	0	0	0	0	0	1.223445
955	9648	0	0	0	2	0	1.023638
956	9657	0	0	0	0	0	1.796001
957	9668	0	0	0	2	0	2.501419
958	9676	0	0	0	2	0	2.863666
959	9689	0	0	0	0	0	2.298105
960	9698	0	0	0	0	0	2.358662
961	9707	0	0	0	2	0	2.565716
962	9715	0	0	0	0	0	2.951467
963	9721	0	0	0	2	0	1.662204
964	9732	0	0	0	1	0	1.149515
965	9750	0	0	0	1	0	1.948289
966	9761	0	0	0	1	0	2.157040
967	9773	0	0	0	0	0	2.843941
968	9781	0	0	0	0	0	1.351938
969	9789	0	0	0	1	0	2.740286
970	9797	0	0	0	0	0	2.861010
971	9809	0	0	0	0	0	2.288235
972	9826	0	0	0	1	0	2.513252
973	9840	0	0	0	1	0	2.910332
974	9846	0	0	0	1	0	2.977468
975	9856	0	0	0	1	0	2.915583
976	9865	0	0	0	1	0	1.189880
977	9879	0	0	0	2	0	2.574611
978	9887	0	0	0	0	0	2.776812
979	9897	0	0	0	2	0	1.961009
980	9906	0	0	0	0	0	1.611844
981	9919	0	0	0	1	0	2.570034
982	9928	0	0	0	2	0	2.856888
983	9933	0	0	0	0	0	2.738166
984	9942	0	0	0	0	0	2.366203
985	9951	0	0	0	2	0	1.964445
986	9962	0	0	0	2	0	1.556530
987	9970	0	0	0	2	0	1.938457
988	9982	0	0	0	1	0	2.611647
989	9991	0	0	0	1	0	1.439763
990	9999	0	0	0	1	0	1.720913
991	10008	0	0	0	1	0	2.813757
992	10020	0	0	0	2	0	2.284012
993	10028	0	0	0	2	0	2.083144
994	10041	0	0	0	1	0	2.873357
995	10046	0	0	0	1	0	2.804167
996	10059	0	0	0	1	0	2.823863
997	10064	0	0	0	1	0	2.089484
998	10076	0	0	0	2	0	2.444972
999	10090	0	0	0	1	0	2.242265
