0	1	0	0	0	2	0	1.805441
1	11	0	0	0	0	0	2.051426
2	19	0	0	0	0	0	1.267027
3	28	0	0	0	1	0	2.133179
4	40	0	0	0	2	0	2.511977
5	55	0	0	0	2	0	1.304651
6	65	0	0	0	1	0	2.046664
7	74	0	0	0	0	0	2.216578
8	82	0	0	0	1	0	2.082717
9	87	0	0	0	2	0	1.535028
10	96	0	0	0	2	0	1.892576
11	107	0	0	0	1	0	2.762588
12	117	0	0	0	2	0	2.270733
13	124	0	0	0	1	0	1.794801
14	134	0	0	0	0	0	2.414341
15	140	0	0	0	1	0	1.832696
16	151	0	0	0	2	0	1.915502
17	160	0	0	0	0	0	2.864488
18	171	0	0	0	1	0	2.242839
19	186	0	0	0	1	0	2.616013
20	195	0	0	0	2	0	1.160541
21	205	0	0	0	1	0	1.439958
22	215	0	0	0	2	0	2.319481
23	231	0	0	0	0	0	1.363236
24	243	0	0	0	1	0	2.755697
25	255	0	0	0	0	0	1.283285
26	260	0	0	0	0	0	1.179998
27	275	0	0	0	0	0	2.084145
28	284	0	0	0	1	0	1.441286
29	293	0	0	0	0	0	2.501969
30	303	0	0	0	0	0	2.885895
31	310	0	0	0	0	0	1.398506
32	320	0	0	0	0	0	1.091227
33	327	0	0	0	1	0	2.231086
34	336	0	0	0	1	0	1.951263
35	348	0	0	0	1	0	1.763734
36	357	0	0	0	0	0	1.973150
37	367	0	0	0	1	0	1.626175
38	379	0	0	0	1	0	1.939387
39	382	0	0	0	0	0	1.995502
40	391	0	0	0	2	0	2.329549
41	405	0	0	0	0	0	1.834103
42	411	0	0	0	0	0	2.271754
43	425	0	0	0	2	0	2.913235
44	438	0	0	0	2	0	2.553346
45	449	0	0	0	2	0	2.606428
46	460	0	0	0	0	0	1.905178
47	471	0	0	0	1	0	1.365097
48	478	0	0	0	0	0	2.850674
49	489	0	0	0	2	0	1.604748
50	497	0	0	0	1	0	1.243333
51	506	0	0	0	2	0	1.926968
52	517	0	0	0	0	0	2.095614
53	526	0	0	0	1	0	1.068750
54	538	0	0	0	2	0	1.209613
55	545	0	0	0	2	0	2.273900
56	555	0	0	0	2	0	2.544897
57	562	0	0	0	0	0	2.202600
58	575	0	0	0	2	0	2.331154
59	582	0	0	0	2	0	1.371846
60	593	0	0	0	0	0	2.826644
61	605	0	0	0	2	0	2.581442
62	620	0	0	0	1	0	1.034747
63	630	0	0	0	0	0	2.277786
64	639	0	0	0	1	0	1.541644
65	647	0	0	0	1	0	1.777585
66	658	0	0	0	1	0	1.749343
67	671	0	0	0	1	0	2.430068
68	680	0	0	0	0	0	2.445935
69	693	0	0	0	0	0	2.736332
70	703	0	0	0	0	0	2.296759
71	715	0	0	0	1	0	2.456765
72	729	0	0	0	0	0	2.050454
73	738	0	0	0	0	0	2.349579
74	751	0	0	0	2	0	1.267376
75	763	0	0	0	0	0	2.357191
76	769	0	0	0	1	0	1.225451
77	776	0	0	0	0	0	2.777336
78	788	0	0	0	1	0	1.377942
79	797	0	0	0	1	0	2.877943
80	810	0	0	0	0	0	1.882089
81	823	0	0	0	2	0	2.633711
82	842	0	0	0	1	0	2.059777
83	852	0	0	0	0	0	1.255902
84	865	0	0	0	2	0	2.290835
85	877	0	0	0	1	0	1.374188
86	889	0	0	0	0	0	1.779862
87	898	0	0	0	0	0	1.052753
88	907	0	0	0	2	0	2.395462
89	917	0	0	0	1	0	1.139142
90	926	0	0	0	2	0	1.655640
91	939	0	0	0	0	0	1.771599
92	954	0	0	0	1	0	1.068462
93	964	0	0	0	0	0	1.580976
94	970	0	0	0	0	0	2.586927
95	975	0	0	0	0	0	2.627957
96	986	0	0	0	0	0	2.481652
97	996	0	0	0	0	0	2.897356
98	1005	0	0	0	0	0	1.305134
99	1009	0	0	0	0	0	1.150923
100	1019	0	0	0	2	0	2.171054
101	1028	0	0	0	1	0	1.662286
102	1033	0	0	0	1	0	1.081384
103	1042	0	0	0	0	0	1.478801
104	1049	0	0	0	0	0	2.204118
105	1058	0	0	0	2	0	1.524710
106	1072	0	0	0	2	0	2.797769
107	1082	0	0	0	2	0	2.248745
108	1087	0	0	0	0	0	1.654974
109	1095	0	0	0	0	0	1.394399
110	1101	0	0	0	1	0	1.344962
111	1109	0	0	0	2	0	2.388753
112	1123	0	0	0	0	0	2.159481
113	1136	0	0	0	0	0	1.716925
114	1144	0	0	0	0	0	1.316986
115	1154	0	0	0	2	0	2.250500
116	1169	0	0	0	2	0	2.891654
117	1182	0	0	0	0	0	2.020310
118	1192	0	0	0	0	0	1.689222
119	1204	0	0	0	0	0	1.293851
120	1215	0	0	0	1	0	2.973339
121	1226	0	0	0	0	0	1.383327
122	1242	0	0	0	1	0	1.295413
123	1250	0	0	0	0	0	2.778062
124	1262	0	0	0	1	0	2.412247
125	1271	0	0	0	1	0	1.784897
126	1283	0	0	0	1	0	2.523969
127	1294	0	0	0	1	0	2.111114
128	1306	0	0	0	1	0	2.443688
129	1315	0	0	0	1	0	1.826825
130	1322	0	0	0	0	0	2.411448
131	1330	0	0	0	2	0	1.368610
132	1340	0	0	0	1	0	1.360596
133	1347	0	0	0	2	0	2.468792
134	1360	0	0	0	2	0	1.171997
135	1367	0	0	0	0	0	2.674330
136	1376	0	0	0	0	0	1.500501
137	1386	0	0	0	1	0	1.448279
138	1397	0	0	0	1	0	1.766409
139	1409	0	0	0	1	0	1.109865
140	1423	0	0	0	0	0	1.873046
141	1432	0	0	0	2	0	2.400914
142	1445	0	0	0	0	0	2.082222
143	1451	0	0	0	2	0	2.076450
144	1460	0	0	0	1	0	1.100523
145	1465	0	0	0	0	0	1.471429
146	1476	0	0	0	0	0	2.439667
147	1485	0	0	0	1	0	1.896891
148	1490	0	0	0	0	0	2.863413
149	1496	0	0	0	2	0	2.028453
150	1507	0	0	0	0	0	1.685862
151	1517	0	0	0	0	0	1.808980
152	1528	0	0	0	0	0	2.781133
153	1537	0	0	0	1	0	2.897734
154	1545	0	0	0	2	0	1.936844
155	1552	0	0	0	2	0	1.310712
156	1562	0	0	0	0	0	1.804234
157	1570	0	0	0	0	0	2.941380
158	1577	0	0	0	2	0	1.833262
159	1585	0	0	0	1	0	1.923569
160	1590	0	0	0	0	0	2.039125
161	1600	0	0	0	2	0	1.591378
162	1605	0	0	0	1	0	2.948937
163	1618	0	0	0	0	0	2.472399
164	1628	0	0	0	2	0	1.630556
165	1639	0	0	0	2	0	2.595404
166	1663	0	0	0	2	0	1.041273
167	1680	0	0	0	2	0	1.468664
168	1688	0	0	0	1	0	2.325855
169	1694	0	0	0	0	0	2.379255
170	1715	0	0	0	0	0	1.738729
171	1722	0	0	0	0	0	1.277323
172	1730	0	0	0	0	0	2.395951
173	1747	0	0	0	2	0	2.176835
174	1758	0	0	0	0	0	1.696423
175	1765	0	0	0	0	0	1.055241
176	1772	0	0	0	0	0	2.724716
177	1782	0	0	0	0	0	2.144517
178	1792	0	0	0	2	0	2.211534
179	1805	0	0	0	2	0	2.789181
180	1809	0	0	0	1	0	2.905910
181	1823	0	0	0	1	0	1.247582
182	1831	0	0	0	0	0	2.623179
183	1842	0	0	0	2	0	2.813833
184	1853	0	0	0	1	0	1.717278
185	1862	0	0	0	2	0	2.270357
186	1872	0	0	0	0	0	2.783783
187	1874	0	0	0	0	0	2.061790
188	1886	0	0	0	1	0	2.045757
189	1893	0	0	0	0	0	1.568947
190	1902	0	0	0	0	0	1.554928
191	1909	0	0	0	0	0	1.042826
192	1919	0	0	0	0	0	2.624017
193	1928	0	0	0	1	0	2.247439
194	1936	0	0	0	0	0	1.385490
195	1940	0	0	0	0	0	2.668727
196	1946	0	0	0	0	0	1.692553
197	1957	0	0	0	1	0	2.498242
198	1965	0	0	0	0	0	1.554459
199	1971	0	0	0	0	0	2.187058
200	1982	0	0	0	2	0	1.775295
201	1994	0	0	0	1	0	1.057899
202	2006	0	0	0	2	0	2.312194
203	2016	0	0	0	2	0	2.934130
204	2029	0	0	0	2	0	2.100542
205	2031	0	0	0	2	0	2.507853
206	2036	0	0	0	0	0	2.211304
207	2047	0	0	0	1	0	2.935611
208	2056	0	0	0	1	0	1.825292
209	2067	0	0	0	0	0	2.091879
210	2074	0	0	0	2	0	1.524555
211	2079	0	0	0	0	0	2.029228
212	2090	0	0	0	1	0	1.853482
213	2101	0	0	0	0	0	2.620494
214	2112	0	0	0	1	0	2.144100
215	2121	0	0	0	0	0	1.141576
216	2129	0	0	0	0	0	2.883279
217	2138	0	0	0	1	0	1.152993
218	2150	0	0	0	2	0	1.012507
219	2160	0	0	0	1	0	1.507578
220	2164	0	0	0	1	0	1.207153
221	2175	0	0	0	0	0	2.666160
222	2186	0	0	0	1	0	1.927426
223	2193	0	0	0	0	0	2.614966
224	2202	0	0	0	2	0	1.976221
225	2211	0	0	0	2	0	2.396678
226	2218	0	0	0	0	0	1.545066
227	2227	0	0	0	2	0	2.113936
228	2230	0	0	0	1	0	1.601532
229	2246	0	0	0	0	0	2.562312
230	2256	0	0	0	0	0	2.183335
231	2261	0	0	0	2	0	1.239896
232	2270	0	0	0	2	0	1.789895
233	2283	0	0	0	0	0	1.145525
234	2293	0	0	0	1	0	1.240917
235	2298	0	0	0	1	0	1.176611
236	2306	0	0	0	0	0	2.460462
237	2313	0	0	0	1	0	2.303774
238	2323	0	0	0	1	0	2.642158
239	2337	0	0	0	0	0	2.300906
240	2348	0	0	0	0	0	2.371897
241	2352	0	0	0	1	0	1.379685
242	2362	0	0	0	0	0	2.353501
243	2369	0	0	0	2	0	2.146824
244	2377	0	0	0	0	0	2.380151
245	2389	0	0	0	0	0	2.197579
246	2399	0	0	0	1	0	1.740686
247	2411	0	0	0	2	0	2.892749
248	2421	0	0	0	0	0	1.806763
249	2429	0	0	0	0	0	2.495234
250	2437	0	0	0	0	0	1.465739
251	2447	0	0	0	2	0	2.925431
252	2460	0	0	0	1	0	2.540471
253	2475	0	0	0	1	0	1.238285
254	2486	0	0	0	1	0	2.633838
255	2495	0	0	0	1	0	1.703351
256	2505	0	0	0	1	0	1.843503
257	2518	0	0	0	1	0	1.599360
258	2525	0	0	0	0	0	2.084858
259	2531	0	0	0	0	0	1.901529
260	2541	0	0	0	0	0	2.611686
261	2554	0	0	0	0	0	1.398664
262	2559	0	0	0	1	0	2.502360
263	2565	0	0	0	1	0	2.712668
264	2573	0	0	0	1	0	2.175113
265	2579	0	0	0	1	0	1.130612
266	2589	0	0	0	1	0	1.755777
267	2594	0	0	0	0	0	1.511069
268	2600	0	0	0	1	0	1.700264
269	2609	0	0	0	2	0	1.965519
270	2614	0	0	0	1	0	1.607739
271	2628	0	0	0	0	0	1.998823
272	2642	0	0	0	0	0	1.518454
273	2652	0	0	0	1	0	1.520134
274	2662	0	0	0	1	0	1.150688
275	2674	0	0	0	2	0	1.790265
276	2680	0	0	0	0	0	2.636446
277	2694	0	0	0	0	0	2.429914
278	2708	0	0	0	0	0	1.063420
279	2719	0	0	0	1	0	1.343727
280	2728	0	0	0	1	0	2.766069
281	2738	0	0	0	0	0	1.796184
282	2749	0	0	0	2	0	2.359503
283	2763	0	0	0	2	0	1.996498
284	2778	0	0	0	0	0	2.945455
285	2787	0	0	0	0	0	2.840209
286	2801	0	0	0	0	0	2.384112
287	2812	0	0	0	2	0	2.420668
288	2820	0	0	0	2	0	1.549235
289	2832	0	0	0	1	0	2.854671
290	2846	0	0	0	0	0	1.238506
291	2854	0	0	0	1	0	2.312424
292	2865	0	0	0	2	0	2.475091
293	2874	0	0	0	0	0	1.228867
294	2894	0	0	0	0	0	2.286418
295	2907	0	0	0	2	0	2.822858
296	2917	0	0	0	2	0	2.968799
297	2923	0	0	0	2	0	1.480017
298	2930	0	0	0	0	0	2.867583
299	2939	0	0	0	0	0	1.831760
300	2952	0	0	0	0	0	1.338066
301	2958	0	0	0	0	0	1.994242
302	2967	0	0	0	1	0	2.799108
303	2978	0	0	0	2	0	2.271120
304	2984	0	0	0	0	0	2.930412
305	2993	0	0	0	0	0	2.927672
306	3003	0	0	0	1	0	1.053165
307	3011	0	0	0	0	0	2.943337
308	3023	0	0	0	0	0	2.028101
309	3032	0	0	0	1	0	2.370879
310	3039	0	0	0	0	0	2.315398
311	3051	0	0	0	0	0	1.627727
312	3064	0	0	0	1	0	1.104049
313	3071	0	0	0	0	0	2.103867
314	3083	0	0	0	0	0	1.623680
315	3093	0	0	0	2	0	1.608943
316	3100	0	0	0	0	0	1.899864
317	3109	0	0	0	1	0	1.880556
318	3120	0	0	0	1	0	2.971686
319	3127	0	0	0	0	0	1.722489
320	3135	0	0	0	1	0	1.987636
321	3151	0	0	0	0	0	2.005634
322	3157	0	0	0	1	0	1.088905
323	3169	0	0	0	0	0	2.712542
324	3179	0	0	0	0	0	1.105412
325	3193	0	0	0	1	0	1.553932
326	3205	0	0	0	1	0	1.880960
327	3216	0	0	0	0	0	2.055294
328	3223	0	0	0	0	0	2.556952
329	3233	0	0	0	1	0	1.253517
330	3245	0	0	0	0	0	2.976748
331	3253	0	0	0	2	0	2.064713
332	3263	0	0	0	1	0	1.511652
333	3275	0	0	0	2	0	1.116674
334	3283	0	0	0	0	0	2.150899
335	3292	0	0	0	0	0	2.544740
336	3307	0	0	0	1	0	2.225868
337	3319	0	0	0	1	0	1.247448
338	3327	0	0	0	0	0	1.552817
339	3335	0	0	0	2	0	2.170076
340	3341	0	0	0	1	0	2.470104
341	3346	0	0	0	1	0	1.768299
342	3353	0	0	0	0	0	2.692387
343	3369	0	0	0	1	0	1.346417
344	3373	0	0	0	0	0	2.834257
345	3380	0	0	0	1	0	1.779585
346	3389	0	0	0	1	0	2.791346
347	3403	0	0	0	0	0	2.769404
348	3411	0	0	0	2	0	2.594313
349	3422	0	0	0	1	0	2.237759
350	3428	0	0	0	1	0	2.422231
351	3437	0	0	0	1	0	2.135366
352	3449	0	0	0	1	0	2.382796
353	3460	0	0	0	2	0	1.253427
354	3475	0	0	0	0	0	2.459801
355	3493	0	0	0	0	0	2.107330
356	3500	0	0	0	0	0	2.749946
357	3508	0	0	0	1	0	1.268608
358	3522	0	0	0	0	0	2.718611
359	3532	0	0	0	1	0	2.656906
360	3541	0	0	0	0	0	1.337010
361	3548	0	0	0	1	0	2.735671
362	3558	0	0	0	1	0	1.917601
363	3567	0	0	0	0	0	1.394453
364	3576	0	0	0	2	0	1.282900
365	3583	0	0	0	1	0	2.733842
366	3594	0	0	0	0	0	1.292020
367	3604	0	0	0	1	0	2.183301
368	3612	0	0	0	1	0	1.655133
369	3620	0	0	0	0	0	2.260335
370	3630	0	0	0	2	0	1.168983
371	3640	0	0	0	1	0	1.851180
372	3652	0	0	0	2	0	1.075226
373	3659	0	0	0	2	0	2.533507
374	3670	0	0	0	1	0	2.572441
375	3682	0	0	0	0	0	1.026284
376	3694	0	0	0	0	0	2.674623
377	3705	0	0	0	2	0	1.308802
378	3716	0	0	0	0	0	2.698226
379	3724	0	0	0	2	0	2.437208
380	3732	0	0	0	0	0	1.763506
381	3742	0	0	0	1	0	2.099351
382	3753	0	0	0	2	0	2.580110
383	3763	0	0	0	1	0	2.588577
384	3776	0	0	0	0	0	2.378179
385	3785	0	0	0	0	0	1.408718
386	3792	0	0	0	1	0	2.787524
387	3804	0	0	0	0	0	2.264541
388	3820	0	0	0	2	0	2.108379
389	3826	0	0	0	0	0	2.037650
390	3831	0	0	0	2	0	1.709258
391	3839	0	0	0	0	0	1.460216
392	3845	0	0	0	0	0	1.026193
393	3857	0	0	0	0	0	1.324791
394	3864	0	0	0	1	0	2.750462
395	3878	0	0	0	2	0	1.586108
396	3889	0	0	0	2	0	1.565569
397	3899	0	0	0	1	0	2.980867
398	3914	0	0	0	1	0	1.015301
399	3928	0	0	0	2	0	2.324004
400	3941	0	0	0	1	0	2.167313
401	3948	0	0	0	0	0	2.714210
402	3961	0	0	0	1	0	2.815876
403	3972	0	0	0	0	0	2.547536
404	3979	0	0	0	2	0	1.442698
405	3986	0	0	0	2	0	1.073802
406	3998	0	0	0	1	0	1.467133
407	4005	0	0	0	0	0	2.297313
408	4014	0	0	0	1	0	1.873145
409	4022	0	0	0	0	0	1.892855
410	4030	0	0	0	1	0	1.793651
411	4045	0	0	0	1	0	2.339038
412	4056	0	0	0	0	0	2.628370
413	4066	0	0	0	0	0	2.241754
414	4075	0	0	0	2	0	2.767769
415	4082	0	0	0	2	0	1.584592
416	4087	0	0	0	0	0	1.100943
417	4098	0	0	0	2	0	1.104346
418	4109	0	0	0	1	0	2.859340
419	4119	0	0	0	2	0	1.474306
420	4132	0	0	0	0	0	1.986893
421	4147	0	0	0	1	0	1.106360
422	4159	0	0	0	1	0	1.292923
423	4164	0	0	0	1	0	2.572774
424	4169	0	0	0	0	0	1.270704
425	4182	0	0	0	0	0	1.137176
426	4191	0	0	0	2	0	2.758297
427	4196	0	0	0	1	0	2.699636
428	4203	0	0	0	0	0	2.942060
429	4212	0	0	0	1	0	1.500871
430	4221	0	0	0	1	0	1.700071
431	4230	0	0	0	1	0	2.706975
432	4239	0	0	0	0	0	2.235792
433	4249	0	0	0	2	0	2.102397
434	4263	0	0	0	0	0	1.854327
435	4278	0	0	0	1	0	1.934279
436	4285	0	0	0	1	0	2.416054
437	4292	0	0	0	2	0	1.766786
438	4300	0	0	0	1	0	1.283788
439	4309	0	0	0	1	0	1.840204
440	4322	0	0	0	0	0	2.328889
441	4331	0	0	0	2	0	1.543494
442	4341	0	0	0	1	0	2.823057
443	4354	0	0	0	1	0	1.795948
444	4365	0	0	0	0	0	1.703922
445	4373	0	0	0	2	0	2.314747
446	4384	0	0	0	2	0	2.213016
447	4394	0	0	0	1	0	1.499673
448	4406	0	0	0	2	0	2.279063
449	4419	0	0	0	0	0	2.410525
450	4427	0	0	0	1	0	2.368366
451	4435	0	0	0	2	0	1.139478
452	4448	0	0	0	1	0	2.830222
453	4458	0	0	0	2	0	1.733519
454	4469	0	0	0	1	0	1.422144
455	4478	0	0	0	1	0	2.166802
456	4492	0	0	0	0	0	2.104669
457	4511	0	0	0	0	0	2.994040
458	4521	0	0	0	1	0	2.534553
459	4529	0	0	0	0	0	2.668267
460	4542	0	0	0	2	0	1.896052
461	4550	0	0	0	0	0	2.917980
462	4561	0	0	0	2	0	1.441026
463	4572	0	0	0	0	0	2.700980
464	4581	0	0	0	0	0	1.800241
465	4594	0	0	0	1	0	1.593135
466	4602	0	0	0	0	0	1.013940
467	4612	0	0	0	1	0	1.478711
468	4621	0	0	0	2	0	1.754234
469	4634	0	0	0	0	0	2.124297
470	4642	0	0	0	2	0	1.429102
471	4654	0	0	0	0	0	2.997540
472	4670	0	0	0	0	0	1.373103
473	4677	0	0	0	0	0	2.378849
474	4684	0	0	0	2	0	2.810725
475	4690	0	0	0	0	0	1.372654
476	4707	0	0	0	0	0	1.379382
477	4721	0	0	0	1	0	2.043925
478	4728	0	0	0	1	0	1.865958
479	4738	0	0	0	2	0	2.124543
480	4749	0	0	0	0	0	2.230206
481	4756	0	0	0	1	0	1.551312
482	4769	0	0	0	1	0	2.227340
483	4775	0	0	0	1	0	2.088512
484	4784	0	0	0	1	0	1.868346
485	4796	0	0	0	1	0	1.988986
486	4807	0	0	0	2	0	1.617237
487	4816	0	0	0	0	0	1.857765
488	4824	0	0	0	2	0	2.704612
489	4843	0	0	0	0	0	1.692331
490	4855	0	0	0	0	0	2.489189
491	4867	0	0	0	0	0	1.991237
492	4878	0	0	0	0	0	2.116456
493	4890	0	0	0	0	0	1.305871
494	4900	0	0	0	0	0	1.260463
495	4919	0	0	0	1	0	2.780474
496	4933	0	0	0	2	0	2.459037
497	4944	0	0	0	2	0	2.310093
498	4950	0	0	0	2	0	2.812352
499	4960	0	0	0	0	0	2.720049
500	4971	0	0	0	1	0	1.157481
501	4985	0	0	0	2	0	2.553749
502	4992	0	0	0	2	0	2.906393
503	5005	0	0	0	0	0	2.588517
504	5018	0	0	0	1	0	2.978969
505	5029	0	0	0	2	0	1.888477
506	5036	0	0	0	1	0	1.689691
507	5049	0	0	0	1	0	2.761996
508	5055	0	0	0	0	0	2.149314
509	5067	0	0	0	1	0	2.717607
510	5076	0	0	0	2	0	1.591415
511	5084	0	0	0	0	0	2.000946
512	5095	0	0	0	1	0	2.497512
513	5108	0	0	0	0	0	2.308452
514	5124	0	0	0	0	0	2.522279
515	5135	0	0	0	2	0	2.007338
516	5147	0	0	0	0	0	1.752615
517	5153	0	0	0	1	0	2.375347
518	5159	0	0	0	1	0	2.733299
519	5169	0	0	0	0	0	2.531084
520	5172	0	0	0	2	0	2.461032
521	5179	0	0	0	1	0	2.012333
522	5187	0	0	0	1	0	2.176223
523	5200	0	0	0	0	0	2.069159
524	5210	0	0	0	0	0	1.997011
525	5226	0	0	0	1	0	2.220243
526	5242	0	0	0	2	0	2.519329
527	5253	0	0	0	1	0	2.353306
528	5259	0	0	0	0	0	1.032266
529	5269	0	0	0	2	0	2.368562
530	5281	0	0	0	1	0	2.082243
531	5295	0	0	0	1	0	2.330790
532	5308	0	0	0	0	0	2.667952
533	5317	0	0	0	1	0	1.000121
534	5327	0	0	0	0	0	2.915815
535	5341	0	0	0	0	0	2.394002
536	5352	0	0	0	0	0	2.323158
537	5359	0	0	0	1	0	1.392976
538	5370	0	0	0	1	0	1.365451
539	5379	0	0	0	2	0	1.389898
540	5394	0	0	0	2	0	1.183922
541	5403	0	0	0	2	0	1.338939
542	5411	0	0	0	0	0	2.855895
543	5419	0	0	0	0	0	1.232303
544	5424	0	0	0	2	0	1.776614
545	5431	0	0	0	1	0	2.011108
546	5439	0	0	0	1	0	2.943123
547	5451	0	0	0	0	0	1.325274
548	5462	0	0	0	1	0	2.532908
549	5477	0	0	0	1	0	2.299324
550	5484	0	0	0	2	0	2.155606
551	5496	0	0	0	2	0	1.562786
552	5505	0	0	0	1	0	1.533197
553	5524	0	0	0	0	0	1.243063
554	5532	0	0	0	2	0	1.761542
555	5542	0	0	0	1	0	2.085645
556	5549	0	0	0	0	0	1.435617
557	5559	0	0	0	0	0	1.330785
558	5569	0	0	0	0	0	1.124456
559	5584	0	0	0	1	0	2.848895
560	5599	0	0	0	0	0	1.872664
561	5609	0	0	0	0	0	1.278006
562	5622	0	0	0	1	0	2.395710
563	5634	0	0	0	2	0	2.893730
564	5644	0	0	0	2	0	2.772186
565	5657	0	0	0	0	0	1.946893
566	5663	0	0	0	0	0	1.811853
567	5678	0	0	0	2	0	1.690224
568	5688	0	0	0	2	0	1.974982
569	5701	0	0	0	1	0	1.031579
570	5713	0	0	0	0	0	1.249912
571	5721	0	0	0	1	0	2.813903
572	5733	0	0	0	1	0	2.062492
573	5745	0	0	0	1	0	2.851573
574	5754	0	0	0	1	0	1.413450
575	5763	0	0	0	0	0	2.524736
576	5778	0	0	0	0	0	1.196540
577	5784	0	0	0	2	0	1.371984
578	5794	0	0	0	2	0	1.376343
579	5799	0	0	0	0	0	2.742523
580	5807	0	0	0	2	0	2.769848
581	5817	0	0	0	1	0	2.613926
582	5825	0	0	0	2	0	2.837541
583	5834	0	0	0	0	0	1.973892
584	5844	0	0	0	2	0	2.266042
585	5852	0	0	0	0	0	2.475531
586	5861	0	0	0	0	0	1.688007
587	5871	0	0	0	0	0	2.339084
588	5882	0	0	0	1	0	2.759549
589	5890	0	0	0	0	0	1.073857
590	5901	0	0	0	0	0	1.130902
591	5913	0	0	0	2	0	1.803348
592	5924	0	0	0	0	0	1.369202
593	5934	0	0	0	0	0	1.224174
594	5942	0	0	0	1	0	1.261993
595	5954	0	0	0	0	0	1.254846
596	5964	0	0	0	2	0	2.149626
597	5974	0	0	0	1	0	2.758186
598	5987	0	0	0	1	0	1.770750
599	6000	0	0	0	1	0	2.162299
600	6009	0	0	0	1	0	1.964413
601	6024	0	0	0	2	0	1.427003
602	6036	0	0	0	2	0	2.363972
603	6046	0	0	0	0	0	1.837811
604	6053	0	0	0	1	0	1.700094
605	6067	0	0	0	2	0	2.364269
606	6073	0	0	0	2	0	1.355073
607	6084	0	0	0	1	0	2.869047
608	6098	0	0	0	0	0	1.278173
609	6109	0	0	0	0	0	2.958795
610	6117	0	0	0	1	0	1.653436
611	6127	0	0	0	1	0	1.131943
612	6140	0	0	0	0	0	1.008243
613	6148	0	0	0	1	0	1.119876
614	6156	0	0	0	2	0	2.440735
615	6161	0	0	0	2	0	2.236862
616	6168	0	0	0	0	0	1.983787
617	6169	0	0	0	2	0	2.369519
618	6181	0	0	0	1	0	2.733140
619	6192	0	0	0	0	0	2.834200
620	6203	0	0	0	0	0	2.746557
621	6218	0	0	0	1	0	2.601111
622	6227	0	0	0	2	0	1.201212
623	6238	0	0	0	0	0	2.916060
624	6247	0	0	0	0	0	1.969830
625	6257	0	0	0	1	0	2.624514
626	6268	0	0	0	1	0	1.134959
627	6281	0	0	0	2	0	2.650789
628	6290	0	0	0	0	0	2.930192
629	6300	0	0	0	0	0	2.743916
630	6312	0	0	0	1	0	1.254260
631	6325	0	0	0	1	0	1.425638
632	6333	0	0	0	2	0	1.685053
633	6341	0	0	0	1	0	1.396475
634	6349	0	0	0	0	0	1.397716
635	6357	0	0	0	2	0	2.388869
636	6364	0	0	0	0	0	1.734203
637	6377	0	0	0	1	0	1.788792
638	6385	0	0	0	0	0	2.421683
639	6396	0	0	0	1	0	1.911048
640	6406	0	0	0	1	0	2.215682
641	6413	0	0	0	1	0	1.989022
642	6425	0	0	0	2	0	1.363010
643	6429	0	0	0	1	0	2.345889
644	6435	0	0	0	0	0	1.057535
645	6439	0	0	0	1	0	2.938683
646	6450	0	0	0	1	0	1.226195
647	6459	0	0	0	0	0	2.903859
648	6467	0	0	0	0	0	1.341192
649	6472	0	0	0	0	0	2.271336
650	6481	0	0	0	1	0	1.528490
651	6497	0	0	0	0	0	2.859211
652	6500	0	0	0	0	0	1.864611
653	6513	0	0	0	1	0	2.745902
654	6516	0	0	0	1	0	1.419142
655	6527	0	0	0	1	0	2.854163
656	6540	0	0	0	0	0	2.675478
657	6553	0	0	0	0	0	1.018046
658	6562	0	0	0	0	0	1.532656
659	6571	0	0	0	2	0	2.149501
660	6575	0	0	0	2	0	2.612495
661	6589	0	0	0	2	0	1.175900
662	6594	0	0	0	0	0	2.265354
663	6602	0	0	0	0	0	2.565910
664	6614	0	0	0	2	0	2.474043
665	6630	0	0	0	0	0	2.387468
666	6645	0	0	0	0	0	1.695055
667	6660	0	0	0	0	0	1.131007
668	6666	0	0	0	0	0	1.484117
669	6675	0	0	0	2	0	2.176067
670	6683	0	0	0	0	0	2.117906
671	6695	0	0	0	2	0	2.525314
672	6708	0	0	0	0	0	2.387316
673	6718	0	0	0	2	0	2.066919
674	6728	0	0	0	0	0	2.910015
675	6739	0	0	0	2	0	2.974137
676	6746	0	0	0	2	0	2.197969
677	6758	0	0	0	2	0	2.807705
678	6764	0	0	0	1	0	2.707205
679	6773	0	0	0	0	0	2.237660
680	6784	0	0	0	0	0	2.670406
681	6795	0	0	0	1	0	2.533932
682	6806	0	0	0	0	0	1.687450
683	6812	0	0	0	0	0	2.995571
684	6819	0	0	0	1	0	2.204195
685	6828	0	0	0	1	0	1.732466
686	6837	0	0	0	0	0	1.434546
687	6851	0	0	0	2	0	2.985915
688	6859	0	0	0	1	0	2.404618
689	6868	0	0	0	2	0	2.223312
690	6876	0	0	0	2	0	1.591497
691	6889	0	0	0	1	0	2.121670
692	6899	0	0	0	1	0	1.989730
693	6908	0	0	0	0	0	2.461032
694	6922	0	0	0	1	0	1.101487
695	6929	0	0	0	0	0	1.385137
696	6938	0	0	0	2	0	2.699451
697	6944	0	0	0	0	0	1.739482
698	6956	0	0	0	2	0	2.636240
699	6965	0	0	0	1	0	1.873840
700	6972	0	0	0	1	0	2.628350
701	6978	0	0	0	0	0	2.017675
702	6988	0	0	0	1	0	1.567129
703	6997	0	0	0	0	0	2.664030
704	7009	0	0	0	0	0	2.375295
705	7014	0	0	0	0	0	2.610940
706	7023	0	0	0	1	0	1.345102
707	7035	0	0	0	2	0	1.775750
708	7045	0	0	0	1	0	1.710589
709	7052	0	0	0	0	0	2.856823
710	7056	0	0	0	0	0	2.452113
711	7068	0	0	0	0	0	2.166864
712	7077	0	0	0	1	0	1.535009
713	7091	0	0	0	1	0	1.243997
714	7098	0	0	0	1	0	1.289399
715	7102	0	0	0	1	0	2.875410
716	7112	0	0	0	1	0	2.734496
717	7122	0	0	0	1	0	1.301203
718	7127	0	0	0	2	0	2.561447
719	7137	0	0	0	0	0	1.919846
720	7151	0	0	0	1	0	2.599711
721	7166	0	0	0	1	0	1.192540
722	7175	0	0	0	1	0	2.820004
723	7189	0	0	0	1	0	2.471831
724	7195	0	0	0	1	0	1.609055
725	7208	0	0	0	1	0	2.333162
726	7217	0	0	0	1	0	1.029291
727	7222	0	0	0	0	0	1.396890
728	7234	0	0	0	0	0	2.175443
729	7244	0	0	0	2	0	1.001190
730	7249	0	0	0	1	0	2.747969
731	7256	0	0	0	0	0	1.044132
732	7265	0	0	0	0	0	2.907352
733	7278	0	0	0	2	0	2.904759
734	7292	0	0	0	2	0	2.700383
735	7307	0	0	0	0	0	1.669518
736	7318	0	0	0	1	0	1.423106
737	7326	0	0	0	0	0	2.306248
738	7335	0	0	0	1	0	1.094695
739	7338	0	0	0	0	0	2.499036
740	7342	0	0	0	1	0	2.376095
741	7356	0	0	0	1	0	2.177983
742	7373	0	0	0	1	0	1.071567
743	7384	0	0	0	0	0	1.591855
744	7393	0	0	0	2	0	1.982843
745	7406	0	0	0	2	0	2.533931
746	7421	0	0	0	1	0	1.120528
747	7430	0	0	0	0	0	1.477132
748	7434	0	0	0	2	0	1.904944
749	7444	0	0	0	1	0	1.965412
750	7459	0	0	0	2	0	2.578382
751	7476	0	0	0	1	0	1.343566
752	7489	0	0	0	0	0	2.453503
753	7500	0	0	0	2	0	1.728197
754	7516	0	0	0	2	0	2.639480
755	7525	0	0	0	2	0	1.796406
756	7535	0	0	0	0	0	2.532138
757	7551	0	0	0	2	0	2.875966
758	7559	0	0	0	0	0	1.224781
759	7569	0	0	0	1	0	2.754025
760	7578	0	0	0	0	0	1.464888
761	7586	0	0	0	0	0	1.105340
762	7598	0	0	0	0	0	1.719513
763	7609	0	0	0	2	0	1.214757
764	7613	0	0	0	2	0	1.495833
765	7621	0	0	0	1	0	2.263122
766	7633	0	0	0	2	0	2.186142
767	7638	0	0	0	1	0	1.688000
768	7646	0	0	0	1	0	2.074944
769	7659	0	0	0	0	0	1.441669
770	7673	0	0	0	0	0	1.287212
771	7679	0	0	0	1	0	2.987666
772	7690	0	0	0	0	0	1.721015
773	7697	0	0	0	1	0	1.558827
774	7710	0	0	0	0	0	1.092956
775	7720	0	0	0	1	0	1.306246
776	7732	0	0	0	1	0	1.732629
777	7739	0	0	0	0	0	2.492632
778	7749	0	0	0	1	0	2.063386
779	7760	0	0	0	1	0	1.349837
780	7772	0	0	0	0	0	1.317395
781	7778	0	0	0	1	0	1.544444
782	7790	0	0	0	0	0	2.374548
783	7799	0	0	0	0	0	1.261211
784	7810	0	0	0	0	0	2.932631
785	7815	0	0	0	2	0	1.028286
786	7826	0	0	0	1	0	2.344584
787	7836	0	0	0	2	0	2.413662
788	7848	0	0	0	0	0	1.111487
789	7858	0	0	0	2	0	2.662839
790	7868	0	0	0	0	0	2.821744
791	7878	0	0	0	2	0	2.053089
792	7883	0	0	0	0	0	2.462216
793	7894	0	0	0	0	0	2.768637
794	7904	0	0	0	1	0	1.187109
795	7915	0	0	0	0	0	2.213466
796	7921	0	0	0	1	0	1.110827
797	7930	0	0	0	1	0	1.065337
798	7939	0	0	0	0	0	2.764995
799	7949	0	0	0	1	0	1.284746
800	7963	0	0	0	0	0	1.066258
801	7972	0	0	0	1	0	2.396744
802	7977	0	0	0	0	0	1.263870
803	7987	0	0	0	1	0	2.388649
804	7998	0	0	0	2	0	2.329908
805	8003	0	0	0	0	0	1.180603
806	8014	0	0	0	0	0	1.246981
807	8019	0	0	0	1	0	1.261670
808	8030	0	0	0	1	0	2.717302
809	8036	0	0	0	0	0	2.677263
810	8048	0	0	0	0	0	1.491390
811	8060	0	0	0	2	0	1.477079
812	8068	0	0	0	0	0	1.178773
813	8073	0	0	0	0	0	1.971021
814	8087	0	0	0	2	0	2.115034
815	8096	0	0	0	1	0	1.543443
816	8108	0	0	0	2	0	2.284533
817	8123	0	0	0	1	0	1.682888
818	8133	0	0	0	0	0	1.152171
819	8145	0	0	0	1	0	2.803868
820	8155	0	0	0	0	0	2.300818
821	8165	0	0	0	0	0	1.464765
822	8175	0	0	0	1	0	1.348798
823	8181	0	0	0	0	0	1.415134
824	8195	0	0	0	2	0	1.432408
825	8202	0	0	0	0	0	1.587730
826	8213	0	0	0	0	0	1.094566
827	8225	0	0	0	0	0	2.063743
828	8240	0	0	0	2	0	2.560598
829	8251	0	0	0	1	0	2.350127
830	8265	0	0	0	0	0	1.717074
831	8268	0	0	0	1	0	2.727699
832	8280	0	0	0	0	0	2.778746
833	8291	0	0	0	0	0	2.134085
834	8302	0	0	0	1	0	2.182363
835	8306	0	0	0	2	0	2.253490
836	8314	0	0	0	1	0	2.528068
837	8319	0	0	0	0	0	1.253078
838	8328	0	0	0	1	0	2.690191
839	8333	0	0	0	2	0	2.556709
840	8345	0	0	0	2	0	2.529894
841	8356	0	0	0	0	0	1.101136
842	8365	0	0	0	0	0	2.747515
843	8373	0	0	0	2	0	1.647803
844	8380	0	0	0	0	0	2.773023
845	8389	0	0	0	0	0	1.238207
846	8402	0	0	0	1	0	1.586800
847	8406	0	0	0	2	0	1.103334
848	8416	0	0	0	0	0	2.470697
849	8431	0	0	0	0	0	1.841059
850	8444	0	0	0	1	0	1.018288
851	8450	0	0	0	1	0	1.303202
852	8456	0	0	0	2	0	1.160565
853	8460	0	0	0	0	0	2.939177
854	8476	0	0	0	0	0	1.054171
855	8484	0	0	0	2	0	1.937954
856	8494	0	0	0	0	0	2.178257
857	8503	0	0	0	0	0	1.869647
858	8510	0	0	0	1	0	2.075865
859	8518	0	0	0	0	0	2.357510
860	8528	0	0	0	1	0	2.064710
861	8535	0	0	0	0	0	1.914537
862	8543	0	0	0	0	0	1.634692
863	8554	0	0	0	2	0	1.003921
864	8561	0	0	0	2	0	1.156308
865	8566	0	0	0	2	0	1.274216
866	8574	0	0	0	0	0	2.611135
867	8579	0	0	0	0	0	2.695134
868	8594	0	0	0	0	0	1.779290
869	8602	0	0	0	1	0	1.553795
870	8614	0	0	0	0	0	1.575358
871	8627	0	0	0	2	0	1.373872
872	8637	0	0	0	0	0	1.050473
873	8652	0	0	0	2	0	2.352675
874	8659	0	0	0	0	0	1.928283
875	8670	0	0	0	2	0	1.550318
876	8677	0	0	0	1	0	1.456988
877	8683	0	0	0	1	0	2.235092
878	8693	0	0	0	0	0	1.987965
879	8705	0	0	0	1	0	2.186303
880	8711	0	0	0	0	0	1.671165
881	8724	0	0	0	0	0	2.460839
882	8737	0	0	0	2	0	2.858526
883	8742	0	0	0	0	0	1.024792
884	8754	0	0	0	0	0	2.898814
885	8762	0	0	0	0	0	2.534762
886	8771	0	0	0	2	0	2.870591
887	8783	0	0	0	0	0	1.084558
888	8789	0	0	0	2	0	2.046309
889	8802	0	0	0	0	0	2.831710
890	8812	0	0	0	0	0	2.798271
891	8822	0	0	0	0	0	1.010702
892	8832	0	0	0	2	0	2.383540
893	8841	0	0	0	2	0	1.551478
894	8848	0	0	0	0	0	2.518436
895	8860	0	0	0	1	0	1.440723
896	8871	0	0	0	0	0	2.592554
897	8878	0	0	0	2	0	1.585063
898	8889	0	0	0	0	0	2.113385
899	8903	0	0	0	0	0	2.956810
900	8913	0	0	0	1	0	2.669133
901	8920	0	0	0	1	0	1.825713
902	8926	0	0	0	2	0	2.800421
903	8931	0	0	0	1	0	1.643731
904	8938	0	0	0	1	0	1.708318
905	8949	0	0	0	2	0	1.922464
906	8960	0	0	0	1	0	2.836489
907	8970	0	0	0	1	0	2.907379
908	8976	0	0	0	1	0	1.370227
909	8991	0	0	0	0	0	1.212998
910	8997	0	0	0	2	0	1.621994
911	9005	0	0	0	1	0	1.268382
912	9018	0	0	0	2	0	1.613000
913	9025	0	0	0	2	0	2.514374
914	9037	0	0	0	0	0	1.997298
915	9043	0	0	0	2	0	1.960584
916	9051	0	0	0	1	0	1.938996
917	9056	0	0	0	1	0	1.803124
918	9064	0	0	0	0	0	1.637526
919	9075	0	0	0	2	0	2.488511
920	9089	0	0	0	0	0	2.187789
921	9101	0	0	0	1	0	2.533632
922	9111	0	0	0	1	0	1.536742
923	9121	0	0	0	1	0	2.580658
924	9125	0	0	0	1	0	2.216858
925	9137	0	0	0	2	0	1.963778
926	9147	0	0	0	0	0	2.262141
927	9154	0	0	0	0	0	2.704500
928	9166	0	0	0	2	0	1.875920
929	9175	0	0	0	0	0	2.889784
930	9188	0	0	0	0	0	1.702904
931	9199	0	0	0	0	0	1.984413
932	9213	0	0	0	1	0	2.560024
933	9222	0	0	0	2	0	1.230157
934	9228	0	0	0	0	0	2.638545
935	9239	0	0	0	0	0	1.493505
936	9257	0	0	0	1	0	2.717502
937	9269	0	0	0	0	0	2.147025
938	9277	0	0	0	0	0	1.689452
939	9288	0	0	0	0	0	1.715013
940	9294	0	0	0	1	0	2.436704
941	9309	0	0	0	0	0	2.476520
942	9318	0	0	0	0	0	2.102843
943	9327	0	0	0	1	0	1.928673
944	9340	0	0	0	0	0	1.468383
945	9351	0	0	0	0	0	1.719271
946	9365	0	0	0	2	0	1.641922
947	9377	0	0	0	2	0	2.175332
948	9383	0	0	0	1	0	2.122625
949	9387	0	0	0	1	0	2.121326
950	9396	0	0	0	2	0	1.659947
951	9405	0	0	0	0	0	1.926276
952	9417	0	0	0	1	0	2.453945
953	9427	0	0	0	2	0	1.779698
954	9438	0	0	0	1	0	1.484191
955	9446	0	0	0	1	0	2.784283
956	9457	0	0	0	0	0	2.643750
957	9468	0	0	0	0	0	2.324733
958	9471	0	0	0	1	0	1.531733
959	9480	0	0	0	2	0	1.140670
960	9495	0	0	0	1	0	1.041326
961	9506	0	0	0	1	0	1.936608
962	9511	0	0	0	0	0	2.810928
963	9522	0	0	0	2	0	1.224310
964	9529	0	0	0	2	0	1.406911
965	9536	0	0	0	1	0	2.997276
966	9548	0	0	0	1	0	2.488910
967	9561	0	0	0	0	0	1.599316
968	9567	0	0	0	1	0	1.475518
969	9575	0	0	0	1	0	2.806969
970	9581	0	0	0	2	0	2.308680
971	9590	0	0	0	0	0	1.417357
972	9602	0	0	0	1	0	1.609519
973	9614	0	0	0	1	0	1.988010
974	9624	0	0	0	0	0	1.481501
975	9636	0	0	0	1	0	2.558377
976	9649	0	0	0	0	0	1.937907
977	9660	0	0	0	1	0	2.262014
978	9666	0	0	0	0	0	2.706031
979	9675	0	0	0	1	0	2.392583
980	9686	0	0	0	1	0	2.442996
981	9694	0	0	0	2	0	1.517217
982	9705	0	0	0	1	0	2.541522
983	9718	0	0	0	0	0	2.969855
984	9731	0	0	0	2	0	1.581915
985	9736	0	0	0	1	0	2.861894
986	9745	0	0	0	1	0	2.594073
987	9755	0	0	0	1	0	2.422204
988	9766	0	0	0	2	0	1.671019
989	9771	0	0	0	1	0	2.872252
990	9777	0	0	0	1	0	2.166572
991	9789	0	0	0	0	0	1.595306
992	9800	0	0	0	1	0	2.095063
993	9808	0	0	0	2	0	1.476771
994	9817	0	0	0	1	0	1.964739
995	9824	0	0	0	2	0	1.965879
996	9834	0	0	0	1	0	1.477466
997	9849	0	0	0	0	0	1.988412
998	9856	0	0	0	2	0	2.098031
999	9862	0	0	0	0	0	2.281843
