0	1	0	0	0	0	0	2.270371
1	5	0	0	0	1	0	2.223409
2	13	0	0	0	0	0	1.807571
3	25	0	0	0	2	0	1.650608
4	43	0	0	0	2	0	2.258293
5	52	0	0	0	1	0	2.682059
6	65	0	0	0	1	0	2.046614
7	78	0	0	0	1	0	2.576952
8	84	0	0	0	2	0	1.919459
9	91	0	0	0	1	0	2.279085
10	106	0	0	0	0	0	1.194760
11	113	0	0	0	0	0	2.208272
12	119	0	0	0	2	0	1.966263
13	129	0	0	0	0	0	2.742855
14	136	0	0	0	0	0	2.797561
15	145	0	0	0	0	0	2.284319
16	155	0	0	0	0	0	2.879737
17	164	0	0	0	2	0	1.485862
18	174	0	0	0	2	0	2.259756
19	180	0	0	0	2	0	2.194440
20	190	0	0	0	2	0	2.329154
21	203	0	0	0	0	0	2.154589
22	210	0	0	0	2	0	2.679993
23	215	0	0	0	0	0	2.729915
24	227	0	0	0	1	0	1.352516
25	244	0	0	0	1	0	2.964735
26	251	0	0	0	1	0	1.338818
27	260	0	0	0	0	0	2.218459
28	267	0	0	0	2	0	2.955500
29	275	0	0	0	1	0	2.840570
30	281	0	0	0	0	0	2.261198
31	289	0	0	0	2	0	2.487758
32	306	0	0	0	1	0	2.743657
33	315	0	0	0	1	0	1.836468
34	327	0	0	0	0	0	2.416798
35	331	0	0	0	0	0	1.742940
36	342	0	0	0	2	0	1.496954
37	350	0	0	0	0	0	2.725453
38	357	0	0	0	1	0	1.005390
39	375	0	0	0	0	0	1.256222
40	384	0	0	0	2	0	2.757036
41	396	0	0	0	1	0	1.702590
42	407	0	0	0	2	0	1.301157
43	416	0	0	0	0	0	2.518999
44	425	0	0	0	0	0	1.098972
45	432	0	0	0	0	0	2.838636
46	439	0	0	0	0	0	1.022311
47	446	0	0	0	1	0	1.529733
48	455	0	0	0	1	0	2.846766
49	461	0	0	0	1	0	2.233164
50	470	0	0	0	0	0	2.883367
51	479	0	0	0	0	0	2.126529
52	489	0	0	0	0	0	1.117240
53	500	0	0	0	0	0	1.535492
54	509	0	0	0	1	0	1.111201
55	520	0	0	0	0	0	2.196884
56	534	0	0	0	0	0	2.757273
57	550	0	0	0	0	0	1.131189
58	558	0	0	0	0	0	2.537090
59	572	0	0	0	1	0	2.930475
60	576	0	0	0	1	0	2.151914
61	588	0	0	0	1	0	1.462606
62	599	0	0	0	0	0	2.350309
63	610	0	0	0	0	0	2.558679
64	621	0	0	0	2	0	2.924186
65	628	0	0	0	1	0	2.863627
66	644	0	0	0	0	0	1.119941
67	651	0	0	0	0	0	2.190084
68	662	0	0	0	1	0	1.799508
69	670	0	0	0	0	0	1.953602
70	676	0	0	0	0	0	2.908589
71	693	0	0	0	2	0	2.421505
72	700	0	0	0	0	0	1.194939
73	711	0	0	0	0	0	1.530048
74	717	0	0	0	2	0	2.945832
75	729	0	0	0	1	0	1.541262
76	736	0	0	0	1	0	1.154974
77	746	0	0	0	1	0	1.809279
78	754	0	0	0	1	0	2.033909
79	763	0	0	0	1	0	1.675632
80	772	0	0	0	2	0	1.967609
81	788	0	0	0	1	0	2.793209
82	796	0	0	0	0	0	1.278961
83	814	0	0	0	0	0	1.542103
84	827	0	0	0	2	0	2.118130
85	835	0	0	0	1	0	1.118241
86	850	0	0	0	2	0	1.739321
87	861	0	0	0	1	0	1.738643
88	871	0	0	0	0	0	1.247396
89	884	0	0	0	1	0	1.802670
90	897	0	0	0	2	0	1.334940
91	912	0	0	0	1	0	2.996119
92	918	0	0	0	1	0	1.248815
93	926	0	0	0	0	0	1.443336
94	935	0	0	0	1	0	1.138361
95	947	0	0	0	2	0	2.258076
96	959	0	0	0	1	0	2.666108
97	967	0	0	0	0	0	2.482399
98	974	0	0	0	0	0	2.897032
99	980	0	0	0	0	0	2.709515
100	993	0	0	0	1	0	2.873450
101	1003	0	0	0	1	0	1.297425
102	1011	0	0	0	1	0	1.402946
103	1019	0	0	0	1	0	1.384952
104	1032	0	0	0	1	0	1.773490
105	1044	0	0	0	2	0	2.514394
106	1052	0	0	0	1	0	2.148924
107	1067	0	0	0	0	0	2.832054
108	1077	0	0	0	1	0	1.373064
109	1089	0	0	0	1	0	2.805863
110	1098	0	0	0	0	0	1.806083
111	1107	0	0	0	2	0	1.341333
112	1116	0	0	0	0	0	1.204821
113	1132	0	0	0	0	0	1.675510
114	1136	0	0	0	2	0	1.295502
115	1150	0	0	0	0	0	1.182927
116	1160	0	0	0	0	0	1.456026
117	1175	0	0	0	0	0	2.854121
118	1181	0	0	0	0	0	2.115852
119	1187	0	0	0	2	0	1.488617
120	1197	0	0	0	2	0	1.775086
121	1200	0	0	0	1	0	1.310197
122	1210	0	0	0	0	0	2.090071
123	1221	0	0	0	0	0	2.363522
124	1225	0	0	0	0	0	2.573887
125	1234	0	0	0	1	0	2.859525
126	1246	0	0	0	1	0	2.478513
127	1255	0	0	0	1	0	1.096958
128	1267	0	0	0	1	0	2.197261
129	1273	0	0	0	0	0	1.676452
130	1283	0	0	0	1	0	1.244047
131	1293	0	0	0	2	0	2.773496
132	1305	0	0	0	2	0	2.562224
133	1314	0	0	0	1	0	1.013177
134	1324	0	0	0	2	0	2.511307
135	1335	0	0	0	0	0	1.830105
136	1341	0	0	0	0	0	2.483965
137	1349	0	0	0	0	0	1.621809
138	1365	0	0	0	2	0	1.075693
139	1374	0	0	0	1	0	1.218681
140	1384	0	0	0	2	0	1.856636
141	1403	0	0	0	0	0	1.795642
142	1415	0	0	0	2	0	1.377030
143	1423	0	0	0	2	0	2.805622
144	1434	0	0	0	1	0	2.756928
145	1442	0	0	0	1	0	1.526452
146	1454	0	0	0	0	0	1.297120
147	1463	0	0	0	2	0	2.524958
148	1471	0	0	0	1	0	1.064088
149	1481	0	0	0	2	0	2.030361
150	1493	0	0	0	2	0	1.912395
151	1501	0	0	0	2	0	1.485276
152	1514	0	0	0	0	0	1.059202
153	1520	0	0	0	2	0	1.724242
154	1531	0	0	0	1	0	2.843921
155	1535	0	0	0	1	0	1.992125
156	1546	0	0	0	1	0	1.028378
157	1563	0	0	0	0	0	1.431194
158	1572	0	0	0	1	0	1.297530
159	1582	0	0	0	0	0	1.824648
160	1595	0	0	0	1	0	1.689000
161	1603	0	0	0	1	0	1.134633
162	1616	0	0	0	2	0	1.935043
163	1627	0	0	0	0	0	1.652455
164	1637	0	0	0	1	0	2.300045
165	1645	0	0	0	1	0	1.389119
166	1653	0	0	0	1	0	1.749782
167	1665	0	0	0	2	0	2.866001
168	1679	0	0	0	2	0	1.359582
169	1691	0	0	0	0	0	1.306221
170	1697	0	0	0	0	0	2.924598
171	1708	0	0	0	1	0	1.071350
172	1714	0	0	0	0	0	2.542118
173	1722	0	0	0	1	0	1.713931
174	1733	0	0	0	0	0	2.392412
175	1740	0	0	0	2	0	2.334488
176	1752	0	0	0	2	0	2.066612
177	1758	0	0	0	0	0	1.885904
178	1769	0	0	0	1	0	1.317321
179	1777	0	0	0	1	0	2.424951
180	1788	0	0	0	1	0	2.239156
181	1803	0	0	0	0	0	1.672331
182	1814	0	0	0	1	0	1.209753
183	1825	0	0	0	0	0	2.910623
184	1835	0	0	0	1	0	1.499184
185	1846	0	0	0	0	0	2.819356
186	1858	0	0	0	1	0	1.863266
187	1866	0	0	0	0	0	2.659290
188	1876	0	0	0	2	0	1.638622
189	1884	0	0	0	0	0	1.098792
190	1898	0	0	0	0	0	1.864448
191	1905	0	0	0	0	0	2.624590
192	1915	0	0	0	0	0	1.513850
193	1927	0	0	0	1	0	1.467273
194	1936	0	0	0	1	0	1.137313
195	1946	0	0	0	0	0	1.824016
196	1958	0	0	0	1	0	1.916498
197	1969	0	0	0	0	0	2.164544
198	1983	0	0	0	1	0	2.434153
199	1992	0	0	0	1	0	1.084909
200	2000	0	0	0	1	0	2.423031
201	2015	0	0	0	0	0	2.373119
202	2026	0	0	0	0	0	1.006521
203	2032	0	0	0	2	0	1.865356
204	2043	0	0	0	1	0	1.663555
205	2054	0	0	0	1	0	1.793528
206	2063	0	0	0	1	0	1.589766
207	2069	0	0	0	1	0	2.118879
208	2082	0	0	0	1	0	2.266773
209	2088	0	0	0	0	0	2.350767
210	2101	0	0	0	1	0	1.795813
211	2113	0	0	0	2	0	1.841066
212	2128	0	0	0	1	0	1.158857
213	2134	0	0	0	2	0	1.958941
214	2141	0	0	0	0	0	2.151939
215	2145	0	0	0	0	0	2.237035
216	2159	0	0	0	0	0	2.033586
217	2171	0	0	0	0	0	2.404857
218	2179	0	0	0	2	0	1.010138
219	2191	0	0	0	0	0	2.488050
220	2205	0	0	0	2	0	2.937385
221	2212	0	0	0	2	0	1.222591
222	2224	0	0	0	0	0	2.968257
223	2237	0	0	0	2	0	2.688233
224	2245	0	0	0	2	0	2.849794
225	2256	0	0	0	2	0	1.590252
226	2266	0	0	0	0	0	1.733622
227	2278	0	0	0	2	0	2.196404
228	2285	0	0	0	2	0	2.143142
229	2297	0	0	0	2	0	1.007987
230	2300	0	0	0	0	0	2.875850
231	2312	0	0	0	0	0	1.169761
232	2324	0	0	0	0	0	1.262838
233	2334	0	0	0	0	0	1.161604
234	2343	0	0	0	0	0	1.731413
235	2355	0	0	0	0	0	1.635820
236	2363	0	0	0	1	0	1.668354
237	2372	0	0	0	1	0	2.418781
238	2381	0	0	0	0	0	1.005979
239	2388	0	0	0	2	0	2.696723
240	2400	0	0	0	2	0	2.841779
241	2410	0	0	0	1	0	2.236959
242	2424	0	0	0	1	0	1.723329
243	2439	0	0	0	2	0	1.459747
244	2449	0	0	0	0	0	2.405153
245	2453	0	0	0	1	0	1.711486
246	2468	0	0	0	2	0	2.615780
247	2478	0	0	0	1	0	2.151623
248	2486	0	0	0	0	0	1.723870
249	2496	0	0	0	1	0	1.342660
250	2507	0	0	0	1	0	2.496042
251	2518	0	0	0	1	0	1.121400
252	2525	0	0	0	0	0	1.441326
253	2534	0	0	0	0	0	1.424076
254	2541	0	0	0	1	0	2.757883
255	2555	0	0	0	2	0	1.292542
256	2565	0	0	0	2	0	1.618303
257	2572	0	0	0	1	0	2.468790
258	2579	0	0	0	0	0	1.040407
259	2585	0	0	0	1	0	2.476295
260	2596	0	0	0	2	0	2.784442
261	2607	0	0	0	0	0	1.840698
262	2618	0	0	0	0	0	1.814823
263	2627	0	0	0	2	0	2.969656
264	2638	0	0	0	1	0	1.466801
265	2652	0	0	0	1	0	2.037670
266	2661	0	0	0	1	0	1.318084
267	2675	0	0	0	2	0	1.976396
268	2682	0	0	0	2	0	1.431386
269	2692	0	0	0	0	0	1.689035
270	2700	0	0	0	1	0	2.446064
271	2713	0	0	0	1	0	1.544253
272	2726	0	0	0	0	0	2.220560
273	2735	0	0	0	0	0	1.198314
274	2755	0	0	0	1	0	2.937263
275	2769	0	0	0	0	0	2.842558
276	2778	0	0	0	2	0	1.625685
277	2793	0	0	0	1	0	2.902425
278	2811	0	0	0	0	0	1.824401
279	2824	0	0	0	0	0	1.115482
280	2834	0	0	0	1	0	1.118330
281	2846	0	0	0	0	0	1.328986
282	2857	0	0	0	0	0	1.868849
283	2866	0	0	0	0	0	1.179245
284	2872	0	0	0	2	0	1.684251
285	2881	0	0	0	1	0	1.141750
286	2896	0	0	0	2	0	1.844283
287	2905	0	0	0	0	0	2.410153
288	2912	0	0	0	2	0	2.308151
289	2919	0	0	0	0	0	1.578683
290	2924	0	0	0	1	0	1.698046
291	2934	0	0	0	2	0	2.450681
292	2947	0	0	0	1	0	2.677286
293	2957	0	0	0	0	0	1.192683
294	2968	0	0	0	1	0	1.966530
295	2977	0	0	0	0	0	1.465626
296	2983	0	0	0	0	0	2.727643
297	3001	0	0	0	0	0	2.070663
298	3012	0	0	0	0	0	2.471083
299	3020	0	0	0	0	0	2.360288
300	3031	0	0	0	1	0	2.427313
301	3042	0	0	0	2	0	2.118222
302	3047	0	0	0	1	0	1.977268
303	3057	0	0	0	0	0	1.225011
304	3066	0	0	0	0	0	2.059766
305	3075	0	0	0	0	0	2.418795
306	3084	0	0	0	1	0	2.144656
307	3097	0	0	0	1	0	1.863034
308	3108	0	0	0	0	0	1.476353
309	3122	0	0	0	1	0	1.809016
310	3130	0	0	0	0	0	2.976504
311	3138	0	0	0	1	0	1.097148
312	3146	0	0	0	2	0	2.499932
313	3154	0	0	0	1	0	2.053707
314	3162	0	0	0	2	0	1.937716
315	3173	0	0	0	2	0	2.836212
316	3182	0	0	0	2	0	2.890945
317	3193	0	0	0	2	0	2.946196
318	3203	0	0	0	0	0	2.412120
319	3211	0	0	0	2	0	2.596866
320	3216	0	0	0	1	0	2.079117
321	3223	0	0	0	1	0	1.556921
322	3236	0	0	0	1	0	2.480957
323	3241	0	0	0	1	0	2.528511
324	3249	0	0	0	0	0	1.892267
325	3258	0	0	0	0	0	1.538755
326	3275	0	0	0	1	0	1.933600
327	3285	0	0	0	2	0	2.804447
328	3292	0	0	0	0	0	1.221958
329	3305	0	0	0	2	0	2.657216
330	3313	0	0	0	1	0	2.470511
331	3326	0	0	0	2	0	2.089154
332	3339	0	0	0	2	0	2.631369
333	3345	0	0	0	2	0	1.074424
334	3359	0	0	0	1	0	1.643329
335	3362	0	0	0	0	0	1.397852
336	3369	0	0	0	2	0	1.756786
337	3379	0	0	0	0	0	1.864788
338	3392	0	0	0	1	0	2.584890
339	3404	0	0	0	2	0	2.393447
340	3415	0	0	0	1	0	2.099475
341	3419	0	0	0	1	0	1.679478
342	3426	0	0	0	1	0	1.230604
343	3438	0	0	0	0	0	2.252784
344	3451	0	0	0	1	0	1.799726
345	3458	0	0	0	0	0	2.809145
346	3466	0	0	0	0	0	1.117254
347	3480	0	0	0	0	0	2.614999
348	3490	0	0	0	0	0	1.248575
349	3493	0	0	0	2	0	2.430103
350	3505	0	0	0	1	0	1.756447
351	3517	0	0	0	1	0	2.306725
352	3534	0	0	0	2	0	2.637859
353	3546	0	0	0	0	0	2.230804
354	3556	0	0	0	0	0	2.614073
355	3563	0	0	0	1	0	2.679932
356	3570	0	0	0	2	0	2.967137
357	3579	0	0	0	0	0	2.409289
358	3596	0	0	0	0	0	2.810833
359	3608	0	0	0	0	0	2.393727
360	3619	0	0	0	0	0	2.815188
361	3632	0	0	0	0	0	1.545726
362	3643	0	0	0	1	0	1.674497
363	3647	0	0	0	1	0	2.832869
364	3657	0	0	0	0	0	1.095266
365	3664	0	0	0	1	0	1.105017
366	3671	0	0	0	0	0	1.259974
367	3676	0	0	0	0	0	2.316923
368	3689	0	0	0	1	0	1.140650
369	3704	0	0	0	2	0	1.316047
370	3713	0	0	0	1	0	2.236561
371	3720	0	0	0	2	0	1.001667
372	3728	0	0	0	1	0	2.290844
373	3738	0	0	0	1	0	2.334695
374	3744	0	0	0	0	0	2.386003
375	3757	0	0	0	0	0	1.244496
376	3768	0	0	0	2	0	2.719316
377	3781	0	0	0	1	0	2.927720
378	3789	0	0	0	0	0	1.484705
379	3797	0	0	0	2	0	2.638848
380	3809	0	0	0	0	0	1.820251
381	3818	0	0	0	2	0	1.785362
382	3827	0	0	0	0	0	1.840905
383	3832	0	0	0	1	0	1.624740
384	3843	0	0	0	2	0	2.367671
385	3848	0	0	0	0	0	1.683769
386	3861	0	0	0	1	0	1.252968
387	3872	0	0	0	2	0	1.042404
388	3878	0	0	0	0	0	2.461366
389	3888	0	0	0	0	0	1.320687
390	3895	0	0	0	1	0	1.014093
391	3911	0	0	0	0	0	1.356772
392	3917	0	0	0	0	0	2.894452
393	3924	0	0	0	2	0	2.301628
394	3935	0	0	0	0	0	1.411171
395	3940	0	0	0	1	0	2.318346
396	3951	0	0	0	0	0	1.128171
397	3965	0	0	0	1	0	2.100621
398	3973	0	0	0	2	0	2.552618
399	3989	0	0	0	1	0	2.624812
400	4002	0	0	0	0	0	2.633252
401	4011	0	0	0	0	0	1.814498
402	4017	0	0	0	1	0	2.170219
403	4029	0	0	0	2	0	2.991257
404	4042	0	0	0	0	0	1.612308
405	4052	0	0	0	2	0	1.419376
406	4060	0	0	0	1	0	2.656955
407	4067	0	0	0	0	0	1.044363
408	4071	0	0	0	1	0	2.509317
409	4077	0	0	0	1	0	1.536525
410	4088	0	0	0	0	0	1.764833
411	4095	0	0	0	2	0	2.014492
412	4108	0	0	0	2	0	1.070864
413	4118	0	0	0	2	0	1.774854
414	4127	0	0	0	2	0	2.751204
415	4134	0	0	0	0	0	1.367582
416	4147	0	0	0	0	0	2.307759
417	4155	0	0	0	1	0	1.824703
418	4164	0	0	0	0	0	1.960818
419	4174	0	0	0	0	0	2.177469
420	4183	0	0	0	1	0	2.795342
421	4191	0	0	0	1	0	1.828532
422	4202	0	0	0	0	0	1.633809
423	4210	0	0	0	1	0	2.105626
424	4223	0	0	0	2	0	2.545611
425	4228	0	0	0	2	0	1.364933
426	4237	0	0	0	0	0	1.881940
427	4248	0	0	0	1	0	2.224801
428	4259	0	0	0	0	0	1.494138
429	4273	0	0	0	0	0	1.242568
430	4289	0	0	0	0	0	1.094903
431	4303	0	0	0	0	0	2.684396
432	4308	0	0	0	2	0	2.825544
433	4323	0	0	0	1	0	2.688566
434	4335	0	0	0	1	0	2.264720
435	4350	0	0	0	2	0	2.166313
436	4356	0	0	0	0	0	2.812721
437	4366	0	0	0	0	0	1.860900
438	4374	0	0	0	0	0	1.355212
439	4381	0	0	0	0	0	2.804974
440	4389	0	0	0	1	0	2.746712
441	4402	0	0	0	0	0	1.945258
442	4412	0	0	0	0	0	1.415103
443	4428	0	0	0	1	0	1.227112
444	4444	0	0	0	0	0	2.156139
445	4456	0	0	0	0	0	1.953387
446	4464	0	0	0	1	0	2.986439
447	4474	0	0	0	0	0	2.563054
448	4484	0	0	0	2	0	1.507936
449	4493	0	0	0	1	0	2.781902
450	4506	0	0	0	0	0	1.562420
451	4518	0	0	0	0	0	1.644835
452	4526	0	0	0	0	0	1.857676
453	4536	0	0	0	1	0	2.834755
454	4547	0	0	0	0	0	1.681697
455	4554	0	0	0	1	0	1.944112
456	4562	0	0	0	0	0	1.986936
457	4574	0	0	0	1	0	2.692106
458	4585	0	0	0	0	0	1.284423
459	4596	0	0	0	0	0	2.258027
460	4608	0	0	0	1	0	1.855484
461	4617	0	0	0	1	0	2.171697
462	4625	0	0	0	2	0	2.891062
463	4637	0	0	0	2	0	1.839124
464	4646	0	0	0	0	0	2.704446
465	4655	0	0	0	0	0	2.751750
466	4662	0	0	0	1	0	1.147347
467	4675	0	0	0	0	0	1.703959
468	4691	0	0	0	1	0	1.282485
469	4701	0	0	0	0	0	2.238138
470	4709	0	0	0	0	0	2.375890
471	4719	0	0	0	1	0	1.442454
472	4728	0	0	0	0	0	2.383088
473	4738	0	0	0	0	0	1.612894
474	4746	0	0	0	1	0	1.358984
475	4759	0	0	0	0	0	2.777497
476	4772	0	0	0	1	0	2.821819
477	4782	0	0	0	2	0	1.478390
478	4788	0	0	0	1	0	2.310263
479	4802	0	0	0	0	0	1.825375
480	4811	0	0	0	2	0	1.805628
481	4823	0	0	0	2	0	2.813441
482	4838	0	0	0	1	0	1.493649
483	4847	0	0	0	0	0	2.703928
484	4853	0	0	0	1	0	2.279034
485	4868	0	0	0	0	0	2.900663
486	4882	0	0	0	0	0	1.512927
487	4892	0	0	0	1	0	1.102762
488	4908	0	0	0	1	0	1.362274
489	4916	0	0	0	0	0	2.575885
490	4931	0	0	0	1	0	2.001622
491	4940	0	0	0	1	0	2.494970
492	4953	0	0	0	1	0	1.227625
493	4963	0	0	0	2	0	2.090650
494	4970	0	0	0	2	0	1.923168
495	4980	0	0	0	1	0	2.429625
496	4989	0	0	0	1	0	1.361771
497	4996	0	0	0	1	0	2.866953
498	5005	0	0	0	2	0	1.649131
499	5017	0	0	0	1	0	1.990790
500	5028	0	0	0	2	0	1.130068
501	5036	0	0	0	1	0	2.442855
502	5053	0	0	0	0	0	2.371604
503	5065	0	0	0	2	0	2.299405
504	5077	0	0	0	0	0	2.839151
505	5089	0	0	0	1	0	2.349825
506	5101	0	0	0	1	0	2.608925
507	5115	0	0	0	0	0	1.438270
508	5126	0	0	0	1	0	1.316249
509	5138	0	0	0	1	0	1.553126
510	5144	0	0	0	0	0	2.974276
511	5151	0	0	0	1	0	2.385327
512	5158	0	0	0	1	0	1.599720
513	5166	0	0	0	2	0	1.111102
514	5174	0	0	0	2	0	2.623404
515	5182	0	0	0	2	0	1.415658
516	5190	0	0	0	0	0	1.388529
517	5194	0	0	0	1	0	1.054944
518	5205	0	0	0	1	0	2.517664
519	5209	0	0	0	1	0	2.138965
520	5217	0	0	0	2	0	1.494730
521	5231	0	0	0	2	0	1.586582
522	5240	0	0	0	2	0	1.909491
523	5248	0	0	0	2	0	2.691083
524	5255	0	0	0	1	0	1.022007
525	5264	0	0	0	0	0	1.825431
526	5270	0	0	0	0	0	2.530979
527	5275	0	0	0	2	0	1.500421
528	5280	0	0	0	1	0	2.600713
529	5293	0	0	0	0	0	2.480984
530	5301	0	0	0	1	0	2.132025
531	5308	0	0	0	2	0	1.683904
532	5311	0	0	0	2	0	2.579476
533	5329	0	0	0	0	0	2.190345
534	5340	0	0	0	2	0	1.815916
535	5349	0	0	0	1	0	1.295340
536	5360	0	0	0	0	0	1.978441
537	5370	0	0	0	2	0	1.474145
538	5379	0	0	0	1	0	2.220722
539	5387	0	0	0	2	0	2.534420
540	5400	0	0	0	0	0	2.968364
541	5415	0	0	0	0	0	1.496832
542	5430	0	0	0	1	0	1.505149
543	5441	0	0	0	0	0	1.593035
544	5453	0	0	0	1	0	1.871592
545	5464	0	0	0	1	0	1.964225
546	5476	0	0	0	2	0	2.286592
547	5485	0	0	0	1	0	1.227220
548	5489	0	0	0	0	0	2.841055
549	5507	0	0	0	0	0	2.645760
550	5516	0	0	0	2	0	1.780300
551	5524	0	0	0	0	0	2.739405
552	5532	0	0	0	0	0	2.109657
553	5541	0	0	0	0	0	2.800547
554	5549	0	0	0	1	0	2.503159
555	5557	0	0	0	2	0	1.239500
556	5570	0	0	0	1	0	1.834999
557	5578	0	0	0	1	0	1.820637
558	5588	0	0	0	0	0	1.696834
559	5600	0	0	0	1	0	1.064303
560	5608	0	0	0	0	0	1.404027
561	5618	0	0	0	0	0	1.848031
562	5633	0	0	0	2	0	1.080219
563	5644	0	0	0	1	0	2.680067
564	5656	0	0	0	0	0	1.837919
565	5666	0	0	0	0	0	1.369693
566	5678	0	0	0	1	0	1.570727
567	5687	0	0	0	1	0	1.419462
568	5693	0	0	0	0	0	1.390045
569	5698	0	0	0	2	0	2.703197
570	5704	0	0	0	0	0	2.893338
571	5722	0	0	0	1	0	1.928832
572	5730	0	0	0	0	0	2.306510
573	5735	0	0	0	0	0	2.531522
574	5748	0	0	0	1	0	1.196903
575	5758	0	0	0	0	0	1.174244
576	5767	0	0	0	0	0	1.427771
577	5772	0	0	0	1	0	1.244076
578	5778	0	0	0	1	0	2.850379
579	5782	0	0	0	2	0	2.087735
580	5789	0	0	0	0	0	2.601904
581	5803	0	0	0	2	0	1.173187
582	5814	0	0	0	2	0	1.540987
583	5828	0	0	0	2	0	2.814963
584	5837	0	0	0	0	0	2.795662
585	5849	0	0	0	1	0	2.986242
586	5857	0	0	0	2	0	1.626204
587	5866	0	0	0	1	0	1.550547
588	5875	0	0	0	0	0	1.579907
589	5884	0	0	0	0	0	2.411120
590	5894	0	0	0	0	0	2.108486
591	5901	0	0	0	1	0	1.076033
592	5913	0	0	0	2	0	2.161793
593	5925	0	0	0	0	0	1.445984
594	5931	0	0	0	1	0	2.608673
595	5939	0	0	0	2	0	2.487781
596	5946	0	0	0	2	0	1.452999
597	5953	0	0	0	1	0	2.075054
598	5966	0	0	0	1	0	2.773409
599	5974	0	0	0	1	0	1.938108
600	5982	0	0	0	1	0	1.272348
601	5992	0	0	0	1	0	2.669467
602	6003	0	0	0	2	0	1.058297
603	6016	0	0	0	0	0	1.745348
604	6024	0	0	0	1	0	2.262142
605	6038	0	0	0	1	0	2.805582
606	6047	0	0	0	0	0	1.549913
607	6051	0	0	0	0	0	2.922905
608	6061	0	0	0	0	0	1.168634
609	6067	0	0	0	2	0	2.137479
610	6076	0	0	0	1	0	2.917175
611	6092	0	0	0	1	0	1.109625
612	6107	0	0	0	1	0	2.888017
613	6118	0	0	0	0	0	2.793338
614	6126	0	0	0	2	0	2.640550
615	6137	0	0	0	0	0	2.225316
616	6145	0	0	0	0	0	1.533878
617	6153	0	0	0	2	0	1.192441
618	6160	0	0	0	2	0	1.751550
619	6172	0	0	0	0	0	1.791114
620	6181	0	0	0	0	0	2.722252
621	6190	0	0	0	1	0	1.653450
622	6201	0	0	0	2	0	2.660741
623	6207	0	0	0	1	0	2.905919
624	6221	0	0	0	1	0	2.834966
625	6233	0	0	0	0	0	2.056556
626	6239	0	0	0	1	0	2.058470
627	6247	0	0	0	1	0	1.293707
628	6268	0	0	0	0	0	2.837321
629	6274	0	0	0	1	0	2.462722
630	6286	0	0	0	2	0	1.108015
631	6297	0	0	0	2	0	1.045551
632	6311	0	0	0	0	0	1.944795
633	6323	0	0	0	1	0	1.864044
634	6338	0	0	0	0	0	1.548646
635	6349	0	0	0	0	0	2.260743
636	6357	0	0	0	1	0	1.805916
637	6367	0	0	0	0	0	2.734081
638	6376	0	0	0	1	0	2.968141
639	6387	0	0	0	0	0	2.676731
640	6398	0	0	0	0	0	2.997329
641	6408	0	0	0	2	0	1.847111
642	6420	0	0	0	0	0	1.335701
643	6430	0	0	0	2	0	1.351117
644	6442	0	0	0	0	0	1.686696
645	6447	0	0	0	0	0	1.982989
646	6457	0	0	0	1	0	1.465311
647	6464	0	0	0	1	0	2.667541
648	6474	0	0	0	0	0	1.782120
649	6482	0	0	0	0	0	1.560597
650	6499	0	0	0	2	0	2.794087
651	6506	0	0	0	2	0	1.204842
652	6524	0	0	0	0	0	1.446311
653	6538	0	0	0	1	0	1.179237
654	6544	0	0	0	2	0	2.309538
655	6550	0	0	0	0	0	2.672180
656	6560	0	0	0	0	0	1.323718
657	6568	0	0	0	1	0	1.322623
658	6584	0	0	0	1	0	2.962603
659	6590	0	0	0	2	0	2.080977
660	6599	0	0	0	1	0	2.140469
661	6610	0	0	0	0	0	1.249094
662	6617	0	0	0	1	0	1.452403
663	6625	0	0	0	0	0	1.695189
664	6635	0	0	0	0	0	2.841498
665	6640	0	0	0	1	0	1.439975
666	6657	0	0	0	1	0	2.751362
667	6663	0	0	0	1	0	1.581576
668	6679	0	0	0	2	0	1.664698
669	6688	0	0	0	2	0	2.968868
670	6696	0	0	0	1	0	1.170818
671	6705	0	0	0	2	0	2.267875
672	6712	0	0	0	1	0	1.107152
673	6725	0	0	0	1	0	2.024350
674	6732	0	0	0	2	0	1.370585
675	6735	0	0	0	1	0	1.832554
676	6745	0	0	0	2	0	2.393245
677	6753	0	0	0	0	0	1.517969
678	6773	0	0	0	1	0	2.874267
679	6780	0	0	0	0	0	1.244260
680	6789	0	0	0	0	0	1.188544
681	6797	0	0	0	1	0	2.501207
682	6806	0	0	0	0	0	1.387091
683	6813	0	0	0	0	0	2.292508
684	6831	0	0	0	0	0	1.396694
685	6849	0	0	0	2	0	2.009188
686	6862	0	0	0	1	0	1.802170
687	6876	0	0	0	0	0	1.099358
688	6890	0	0	0	0	0	2.223376
689	6901	0	0	0	0	0	1.136825
690	6918	0	0	0	1	0	2.920685
691	6932	0	0	0	0	0	2.715423
692	6944	0	0	0	0	0	2.770134
693	6952	0	0	0	1	0	1.537222
694	6963	0	0	0	0	0	1.711874
695	6977	0	0	0	0	0	1.135589
696	6990	0	0	0	1	0	2.248341
697	7000	0	0	0	0	0	2.801492
698	7006	0	0	0	0	0	1.376618
699	7015	0	0	0	1	0	2.638417
700	7023	0	0	0	0	0	2.555757
701	7031	0	0	0	0	0	1.299456
702	7039	0	0	0	2	0	2.137390
703	7048	0	0	0	0	0	1.176711
704	7057	0	0	0	1	0	1.441769
705	7065	0	0	0	2	0	1.303147
706	7069	0	0	0	0	0	1.593401
707	7083	0	0	0	2	0	1.705774
708	7097	0	0	0	0	0	2.158235
709	7103	0	0	0	2	0	2.825052
710	7117	0	0	0	0	0	1.950484
711	7125	0	0	0	2	0	1.723077
712	7130	0	0	0	1	0	1.644036
713	7137	0	0	0	1	0	2.100453
714	7149	0	0	0	0	0	2.384836
715	7155	0	0	0	0	0	2.893879
716	7165	0	0	0	2	0	2.636768
717	7178	0	0	0	2	0	2.415676
718	7194	0	0	0	0	0	2.329959
719	7209	0	0	0	1	0	1.602994
720	7217	0	0	0	0	0	2.371606
721	7228	0	0	0	0	0	2.556480
722	7238	0	0	0	1	0	1.873038
723	7248	0	0	0	1	0	2.091415
724	7258	0	0	0	1	0	1.748834
725	7269	0	0	0	2	0	1.557166
726	7280	0	0	0	0	0	1.652002
727	7289	0	0	0	0	0	1.281683
728	7296	0	0	0	0	0	2.247699
729	7305	0	0	0	1	0	2.926670
730	7312	0	0	0	2	0	2.957012
731	7324	0	0	0	1	0	1.894481
732	7332	0	0	0	1	0	2.038535
733	7340	0	0	0	0	0	2.526563
734	7358	0	0	0	0	0	1.535278
735	7366	0	0	0	1	0	1.506447
736	7377	0	0	0	1	0	2.743218
737	7390	0	0	0	1	0	1.838992
738	7401	0	0	0	2	0	1.499542
739	7409	0	0	0	0	0	2.883103
740	7417	0	0	0	1	0	1.814727
741	7430	0	0	0	0	0	1.244898
742	7439	0	0	0	0	0	1.896694
743	7447	0	0	0	0	0	2.414149
744	7455	0	0	0	0	0	1.897718
745	7465	0	0	0	1	0	1.732237
746	7478	0	0	0	1	0	1.811585
747	7487	0	0	0	2	0	1.772529
748	7496	0	0	0	1	0	1.030747
749	7500	0	0	0	2	0	2.916197
750	7509	0	0	0	0	0	2.031873
751	7517	0	0	0	1	0	1.749382
752	7521	0	0	0	1	0	1.625203
753	7526	0	0	0	0	0	2.532375
754	7537	0	0	0	2	0	1.562313
755	7547	0	0	0	1	0	1.463851
756	7556	0	0	0	2	0	2.794154
757	7563	0	0	0	0	0	2.205226
758	7577	0	0	0	0	0	1.978749
759	7592	0	0	0	1	0	1.362422
760	7602	0	0	0	1	0	2.282916
761	7611	0	0	0	1	0	2.697242
762	7621	0	0	0	2	0	1.499881
763	7627	0	0	0	1	0	1.729368
764	7642	0	0	0	1	0	2.912265
765	7654	0	0	0	0	0	1.583850
766	7660	0	0	0	1	0	2.250570
767	7672	0	0	0	0	0	2.655643
768	7684	0	0	0	0	0	1.638061
769	7696	0	0	0	0	0	1.697365
770	7701	0	0	0	1	0	2.716658
771	7717	0	0	0	0	0	1.510667
772	7731	0	0	0	0	0	2.324291
773	7736	0	0	0	2	0	2.054224
774	7751	0	0	0	2	0	2.114614
775	7759	0	0	0	1	0	1.403180
776	7773	0	0	0	0	0	2.652160
777	7785	0	0	0	2	0	2.673139
778	7794	0	0	0	2	0	2.238645
779	7800	0	0	0	2	0	1.379426
780	7816	0	0	0	1	0	2.011679
781	7828	0	0	0	2	0	1.167276
782	7835	0	0	0	0	0	1.595599
783	7844	0	0	0	2	0	1.921852
784	7854	0	0	0	0	0	1.678408
785	7865	0	0	0	0	0	1.427582
786	7872	0	0	0	0	0	1.633223
787	7883	0	0	0	1	0	2.089486
788	7893	0	0	0	1	0	2.001597
789	7899	0	0	0	1	0	2.348305
790	7911	0	0	0	2	0	1.492032
791	7921	0	0	0	0	0	2.715695
792	7933	0	0	0	0	0	1.716535
793	7943	0	0	0	0	0	2.994434
794	7952	0	0	0	2	0	1.278759
795	7960	0	0	0	1	0	2.481775
796	7970	0	0	0	0	0	1.187331
797	7974	0	0	0	1	0	2.645999
798	7979	0	0	0	1	0	2.513422
799	7987	0	0	0	1	0	1.427660
800	7992	0	0	0	0	0	2.086079
801	8001	0	0	0	1	0	2.205336
802	8014	0	0	0	0	0	2.296098
803	8023	0	0	0	2	0	1.682657
804	8033	0	0	0	1	0	1.419237
805	8042	0	0	0	2	0	2.620452
806	8052	0	0	0	2	0	1.689481
807	8059	0	0	0	1	0	2.278486
808	8068	0	0	0	1	0	2.060605
809	8085	0	0	0	1	0	2.274482
810	8092	0	0	0	0	0	1.299544
811	8104	0	0	0	0	0	2.147469
812	8115	0	0	0	0	0	2.985534
813	8119	0	0	0	0	0	2.409337
814	8126	0	0	0	0	0	1.340731
815	8139	0	0	0	2	0	2.458124
816	8145	0	0	0	2	0	2.189097
817	8155	0	0	0	1	0	1.166874
818	8166	0	0	0	1	0	2.480942
819	8176	0	0	0	0	0	1.132897
820	8185	0	0	0	1	0	2.471044
821	8200	0	0	0	0	0	2.987417
822	8206	0	0	0	0	0	2.397709
823	8214	0	0	0	0	0	1.418457
824	8225	0	0	0	0	0	2.044093
825	8237	0	0	0	0	0	2.553377
826	8246	0	0	0	2	0	2.428084
827	8254	0	0	0	0	0	1.855545
828	8266	0	0	0	1	0	2.481759
829	8273	0	0	0	0	0	1.820148
830	8285	0	0	0	2	0	2.298372
831	8295	0	0	0	1	0	1.002510
832	8305	0	0	0	0	0	1.137897
833	8313	0	0	0	0	0	2.000632
834	8323	0	0	0	1	0	2.273371
835	8335	0	0	0	0	0	2.375353
836	8346	0	0	0	0	0	1.927028
837	8364	0	0	0	1	0	1.617878
838	8369	0	0	0	1	0	2.726389
839	8379	0	0	0	2	0	2.313165
840	8385	0	0	0	2	0	1.652688
841	8393	0	0	0	2	0	1.044502
842	8401	0	0	0	2	0	1.636076
843	8416	0	0	0	0	0	1.412943
844	8421	0	0	0	2	0	1.784442
845	8425	0	0	0	1	0	1.091303
846	8440	0	0	0	2	0	2.791648
847	8451	0	0	0	0	0	2.074576
848	8465	0	0	0	2	0	1.106961
849	8475	0	0	0	0	0	1.369745
850	8486	0	0	0	2	0	2.995824
851	8498	0	0	0	2	0	1.456243
852	8509	0	0	0	2	0	2.738418
853	8518	0	0	0	1	0	2.240058
854	8530	0	0	0	0	0	2.379621
855	8540	0	0	0	1	0	2.201198
856	8548	0	0	0	2	0	1.258167
857	8562	0	0	0	1	0	2.978611
858	8576	0	0	0	0	0	2.218076
859	8588	0	0	0	0	0	2.458320
860	8594	0	0	0	1	0	2.519492
861	8607	0	0	0	0	0	1.699963
862	8619	0	0	0	0	0	2.002243
863	8629	0	0	0	1	0	1.564231
864	8639	0	0	0	0	0	1.386558
865	8646	0	0	0	2	0	2.742595
866	8655	0	0	0	0	0	1.007695
867	8663	0	0	0	0	0	1.108886
868	8670	0	0	0	0	0	1.664045
869	8678	0	0	0	0	0	2.399562
870	8697	0	0	0	0	0	2.628600
871	8712	0	0	0	1	0	1.003847
872	8719	0	0	0	1	0	1.569805
873	8727	0	0	0	2	0	2.962550
874	8737	0	0	0	0	0	1.595024
875	8749	0	0	0	1	0	2.251671
876	8756	0	0	0	0	0	1.023793
877	8764	0	0	0	2	0	1.703037
878	8779	0	0	0	1	0	1.363981
879	8785	0	0	0	1	0	2.113586
880	8798	0	0	0	0	0	2.321596
881	8805	0	0	0	2	0	1.983836
882	8810	0	0	0	1	0	1.556549
883	8820	0	0	0	1	0	2.778152
884	8831	0	0	0	2	0	2.888704
885	8846	0	0	0	1	0	1.267826
886	8862	0	0	0	0	0	1.116714
887	8867	0	0	0	0	0	2.693536
888	8877	0	0	0	0	0	1.976903
889	8890	0	0	0	0	0	2.184890
890	8894	0	0	0	1	0	2.775819
891	8903	0	0	0	1	0	1.269180
892	8911	0	0	0	1	0	2.364937
893	8916	0	0	0	0	0	1.065332
894	8924	0	0	0	1	0	1.934596
895	8931	0	0	0	1	0	1.359288
896	8941	0	0	0	2	0	1.082003
897	8951	0	0	0	2	0	1.110436
898	8960	0	0	0	0	0	1.553473
899	8971	0	0	0	1	0	1.075159
900	8980	0	0	0	0	0	1.075056
901	8986	0	0	0	1	0	1.181764
902	9003	0	0	0	2	0	1.399129
903	9012	0	0	0	2	0	2.296956
904	9026	0	0	0	1	0	1.837795
905	9036	0	0	0	0	0	2.616671
906	9045	0	0	0	2	0	1.885254
907	9059	0	0	0	0	0	1.667338
908	9071	0	0	0	1	0	2.665959
909	9081	0	0	0	1	0	1.245100
910	9087	0	0	0	1	0	2.518346
911	9094	0	0	0	0	0	1.807292
912	9101	0	0	0	2	0	2.095777
913	9109	0	0	0	2	0	1.940347
914	9119	0	0	0	1	0	1.119157
915	9123	0	0	0	0	0	1.520911
916	9134	0	0	0	0	0	1.413433
917	9141	0	0	0	1	0	2.913439
918	9149	0	0	0	1	0	1.714464
919	9159	0	0	0	0	0	2.793412
920	9168	0	0	0	1	0	1.335172
921	9181	0	0	0	1	0	1.115564
922	9194	0	0	0	0	0	2.403768
923	9204	0	0	0	0	0	2.564721
924	9213	0	0	0	0	0	1.663755
925	9225	0	0	0	2	0	2.635467
926	9234	0	0	0	1	0	1.839144
927	9244	0	0	0	1	0	1.356790
928	9247	0	0	0	1	0	1.298840
929	9257	0	0	0	1	0	2.218768
930	9270	0	0	0	0	0	2.191732
931	9278	0	0	0	1	0	1.292789
932	9293	0	0	0	2	0	1.703702
933	9299	0	0	0	0	0	1.823599
934	9312	0	0	0	2	0	2.949438
935	9324	0	0	0	2	0	1.919013
936	9335	0	0	0	1	0	2.348995
937	9349	0	0	0	0	0	1.124639
938	9359	0	0	0	2	0	2.913282
939	9367	0	0	0	2	0	1.380883
940	9369	0	0	0	0	0	2.772543
941	9376	0	0	0	2	0	2.606608
942	9385	0	0	0	2	0	1.690369
943	9390	0	0	0	0	0	1.119603
944	9403	0	0	0	0	0	1.834659
945	9418	0	0	0	0	0	1.954692
946	9423	0	0	0	1	0	2.000614
947	9431	0	0	0	0	0	2.385858
948	9441	0	0	0	2	0	1.023863
949	9451	0	0	0	1	0	2.629093
950	9463	0	0	0	2	0	2.994961
951	9470	0	0	0	0	0	2.456637
952	9481	0	0	0	1	0	1.129685
953	9495	0	0	0	0	0	2.417874
954	9509	0	0	0	2	0	1.885925
955	9523	0	0	0	0	0	2.197592
956	9537	0	0	0	1	0	2.988344
957	9546	0	0	0	1	0	1.097324
958	9556	0	0	0	2	0	2.881321
959	9571	0	0	0	0	0	2.639175
960	9577	0	0	0	0	0	1.589655
961	9586	0	0	0	0	0	2.924491
962	9599	0	0	0	1	0	2.936474
963	9607	0	0	0	2	0	2.329304
964	9620	0	0	0	0	0	1.926580
965	9635	0	0	0	1	0	1.677740
966	9643	0	0	0	1	0	2.501798
967	9653	0	0	0	0	0	1.747747
968	9667	0	0	0	0	0	1.540226
969	9671	0	0	0	0	0	1.792518
970	9686	0	0	0	0	0	2.885504
971	9695	0	0	0	2	0	2.591728
972	9705	0	0	0	2	0	2.517799
973	9716	0	0	0	1	0	1.354084
974	9734	0	0	0	0	0	1.220187
975	9742	0	0	0	1	0	2.950766
976	9751	0	0	0	0	0	1.500513
977	9763	0	0	0	1	0	1.870043
978	9778	0	0	0	0	0	1.445214
979	9784	0	0	0	0	0	2.249889
980	9795	0	0	0	0	0	1.913163
981	9800	0	0	0	1	0	2.429994
982	9810	0	0	0	0	0	1.257021
983	9821	0	0	0	2	0	2.523928
984	9830	0	0	0	2	0	1.648588
985	9847	0	0	0	0	0	1.516928
986	9859	0	0	0	2	0	1.326538
987	9871	0	0	0	0	0	1.065764
988	9884	0	0	0	0	0	2.831928
989	9891	0	0	0	2	0	2.506352
990	9900	0	0	0	1	0	1.728211
991	9905	0	0	0	1	0	1.087159
992	9912	0	0	0	0	0	2.507689
993	9920	0	0	0	0	0	1.926274
994	9930	0	0	0	0	0	2.672217
995	9941	0	0	0	1	0	1.672099
996	9956	0	0	0	1	0	1.603660
997	9964	0	0	0	1	0	1.968698
998	9977	0	0	0	0	0	1.514959
999	9983	0	0	0	0	0	2.782669
