0	1	0	0	0	2	0	2.185182
1	12	0	0	0	1	0	2.029637
2	17	0	0	0	2	0	2.203131
3	30	0	0	0	1	0	1.178748
4	39	0	0	0	0	0	2.777945
5	52	0	0	0	0	0	2.575365
6	62	0	0	0	1	0	1.865087
7	72	0	0	0	1	0	2.019678
8	80	0	0	0	1	0	1.727394
9	95	0	0	0	2	0	1.144814
10	102	0	0	0	0	0	2.880769
11	115	0	0	0	0	0	2.901222
12	128	0	0	0	0	0	2.965087
13	136	0	0	0	0	0	2.018647
14	148	0	0	0	0	0	1.649631
15	163	0	0	0	1	0	2.080639
16	173	0	0	0	1	0	2.213931
17	185	0	0	0	0	0	2.895795
18	199	0	0	0	0	0	1.418535
19	205	0	0	0	1	0	1.490381
20	217	0	0	0	1	0	2.536036
21	226	0	0	0	2	0	2.011110
22	238	0	0	0	2	0	1.478080
23	253	0	0	0	2	0	1.055741
24	262	0	0	0	1	0	2.162274
25	269	0	0	0	1	0	1.596606
26	276	0	0	0	2	0	2.608332
27	284	0	0	0	0	0	1.726819
28	289	0	0	0	1	0	2.877355
29	296	0	0	0	1	0	1.546739
30	308	0	0	0	1	0	2.579229
31	317	0	0	0	0	0	1.160008
32	326	0	0	0	0	0	2.318715
33	337	0	0	0	2	0	1.258478
34	350	0	0	0	0	0	2.158046
35	360	0	0	0	2	0	2.795365
36	365	0	0	0	1	0	2.745799
37	372	0	0	0	2	0	2.874436
38	381	0	0	0	0	0	2.200954
39	388	0	0	0	0	0	1.452746
40	397	0	0	0	2	0	2.774627
41	404	0	0	0	1	0	2.047366
42	413	0	0	0	1	0	1.172184
43	426	0	0	0	2	0	2.114169
44	435	0	0	0	0	0	1.891968
45	445	0	0	0	0	0	1.155212
46	458	0	0	0	0	0	2.984538
47	467	0	0	0	0	0	2.593880
48	479	0	0	0	1	0	1.879030
49	493	0	0	0	1	0	1.258525
50	502	0	0	0	1	0	1.222745
51	512	0	0	0	0	0	1.307726
52	526	0	0	0	2	0	2.524578
53	533	0	0	0	0	0	1.351380
54	538	0	0	0	0	0	1.843875
55	551	0	0	0	0	0	1.164335
56	555	0	0	0	1	0	1.909367
57	575	0	0	0	2	0	1.687303
58	584	0	0	0	2	0	1.224963
59	593	0	0	0	0	0	2.399701
60	601	0	0	0	0	0	1.758256
61	610	0	0	0	0	0	2.879857
62	618	0	0	0	1	0	1.924512
63	628	0	0	0	0	0	2.210936
64	641	0	0	0	0	0	1.997607
65	651	0	0	0	2	0	2.442571
66	659	0	0	0	0	0	1.341193
67	673	0	0	0	0	0	2.439272
68	680	0	0	0	2	0	1.611245
69	689	0	0	0	0	0	2.058066
70	696	0	0	0	0	0	2.232481
71	711	0	0	0	1	0	1.909118
72	725	0	0	0	1	0	2.135342
73	732	0	0	0	1	0	1.083337
74	741	0	0	0	1	0	1.867274
75	755	0	0	0	2	0	1.379119
76	767	0	0	0	0	0	1.774085
77	781	0	0	0	2	0	1.036710
78	793	0	0	0	0	0	2.760875
79	801	0	0	0	1	0	1.825608
80	811	0	0	0	0	0	2.489435
81	821	0	0	0	0	0	2.975102
82	833	0	0	0	0	0	1.590334
83	846	0	0	0	1	0	1.859710
84	856	0	0	0	2	0	2.134609
85	864	0	0	0	2	0	1.258906
86	872	0	0	0	2	0	1.396938
87	881	0	0	0	0	0	1.458069
88	890	0	0	0	0	0	2.129606
89	906	0	0	0	2	0	1.636509
90	917	0	0	0	0	0	1.378480
91	926	0	0	0	0	0	2.113775
92	933	0	0	0	1	0	1.722250
93	947	0	0	0	2	0	1.128417
94	947	0	0	0	0	0	1.543212
95	951	0	0	0	0	0	1.964243
96	968	0	0	0	2	0	1.834081
97	976	0	0	0	0	0	1.493917
98	990	0	0	0	2	0	2.383025
99	1001	0	0	0	1	0	1.112649
100	1012	0	0	0	0	0	2.740855
101	1017	0	0	0	1	0	2.500123
102	1024	0	0	0	0	0	1.299571
103	1032	0	0	0	0	0	2.274542
104	1040	0	0	0	0	0	1.508372
105	1050	0	0	0	1	0	1.868336
106	1061	0	0	0	1	0	1.733552
107	1074	0	0	0	1	0	1.878105
108	1081	0	0	0	2	0	2.338707
109	1088	0	0	0	0	0	2.876231
110	1099	0	0	0	1	0	2.316286
111	1107	0	0	0	1	0	2.148307
112	1117	0	0	0	2	0	2.347396
113	1121	0	0	0	0	0	1.503887
114	1133	0	0	0	2	0	2.477491
115	1140	0	0	0	1	0	2.402817
116	1148	0	0	0	0	0	1.538770
117	1159	0	0	0	0	0	2.282288
118	1166	0	0	0	0	0	1.091441
119	1172	0	0	0	0	0	1.095834
120	1184	0	0	0	1	0	2.931977
121	1188	0	0	0	1	0	2.978350
122	1194	0	0	0	0	0	2.348729
123	1199	0	0	0	1	0	1.765362
124	1208	0	0	0	0	0	1.356668
125	1214	0	0	0	1	0	1.665859
126	1226	0	0	0	1	0	1.657177
127	1234	0	0	0	0	0	2.164704
128	1248	0	0	0	1	0	1.682357
129	1256	0	0	0	0	0	1.593160
130	1269	0	0	0	2	0	2.009764
131	1278	0	0	0	1	0	2.673023
132	1285	0	0	0	2	0	1.083061
133	1293	0	0	0	2	0	1.539448
134	1308	0	0	0	0	0	1.316727
135	1316	0	0	0	1	0	2.923271
136	1325	0	0	0	2	0	1.227415
137	1338	0	0	0	2	0	2.962710
138	1356	0	0	0	2	0	1.007264
139	1367	0	0	0	1	0	2.699781
140	1375	0	0	0	1	0	1.916494
141	1386	0	0	0	1	0	1.973687
142	1398	0	0	0	0	0	2.019667
143	1409	0	0	0	2	0	1.401831
144	1421	0	0	0	1	0	2.624065
145	1432	0	0	0	1	0	1.163861
146	1442	0	0	0	0	0	2.424035
147	1457	0	0	0	0	0	2.943358
148	1464	0	0	0	0	0	2.004117
149	1473	0	0	0	2	0	1.697754
150	1482	0	0	0	0	0	2.120102
151	1499	0	0	0	1	0	1.203139
152	1513	0	0	0	1	0	2.925216
153	1519	0	0	0	2	0	2.635061
154	1536	0	0	0	0	0	1.098036
155	1542	0	0	0	2	0	2.670810
156	1547	0	0	0	2	0	2.019242
157	1561	0	0	0	2	0	1.800508
158	1574	0	0	0	0	0	1.179313
159	1591	0	0	0	0	0	2.838014
160	1604	0	0	0	0	0	1.369770
161	1617	0	0	0	0	0	1.784344
162	1628	0	0	0	2	0	1.754761
163	1641	0	0	0	0	0	1.364080
164	1654	0	0	0	1	0	1.151750
165	1667	0	0	0	1	0	1.434498
166	1678	0	0	0	2	0	2.135595
167	1692	0	0	0	0	0	1.482455
168	1702	0	0	0	2	0	1.437790
169	1709	0	0	0	2	0	2.008863
170	1718	0	0	0	2	0	2.895454
171	1728	0	0	0	0	0	1.014058
172	1741	0	0	0	1	0	1.338362
173	1750	0	0	0	1	0	2.888031
174	1763	0	0	0	0	0	2.064899
175	1773	0	0	0	0	0	2.493029
176	1782	0	0	0	0	0	2.336282
177	1797	0	0	0	2	0	1.018693
178	1802	0	0	0	0	0	2.483621
179	1809	0	0	0	1	0	1.735182
180	1819	0	0	0	0	0	1.471130
181	1823	0	0	0	0	0	2.811568
182	1833	0	0	0	1	0	1.959634
183	1846	0	0	0	2	0	2.840546
184	1854	0	0	0	0	0	1.089362
185	1862	0	0	0	1	0	2.804121
186	1872	0	0	0	0	0	1.655631
187	1883	0	0	0	1	0	2.663136
188	1891	0	0	0	1	0	2.627142
189	1900	0	0	0	2	0	1.726963
190	1910	0	0	0	2	0	1.800614
191	1921	0	0	0	1	0	1.217864
192	1930	0	0	0	0	0	2.763057
193	1936	0	0	0	1	0	1.190953
194	1949	0	0	0	0	0	2.865635
195	1965	0	0	0	0	0	1.938851
196	1979	0	0	0	0	0	2.845099
197	1993	0	0	0	0	0	2.719975
198	2006	0	0	0	2	0	2.045935
199	2011	0	0	0	0	0	1.260767
200	2013	0	0	0	1	0	1.373336
201	2019	0	0	0	0	0	2.279095
202	2026	0	0	0	0	0	1.992103
203	2035	0	0	0	1	0	2.850723
204	2041	0	0	0	1	0	2.742984
205	2046	0	0	0	2	0	2.733787
206	2059	0	0	0	1	0	2.316159
207	2065	0	0	0	2	0	2.826382
208	2073	0	0	0	1	0	2.283150
209	2086	0	0	0	0	0	2.170084
210	2098	0	0	0	2	0	1.222366
211	2113	0	0	0	0	0	1.911125
212	2122	0	0	0	1	0	2.047930
213	2131	0	0	0	1	0	2.592415
214	2138	0	0	0	1	0	1.385125
215	2148	0	0	0	2	0	2.515423
216	2163	0	0	0	2	0	1.787430
217	2171	0	0	0	2	0	1.856777
218	2176	0	0	0	1	0	2.386600
219	2180	0	0	0	0	0	1.004040
220	2193	0	0	0	1	0	2.436061
221	2202	0	0	0	1	0	1.483277
222	2211	0	0	0	0	0	2.363552
223	2227	0	0	0	0	0	2.839942
224	2236	0	0	0	0	0	1.103401
225	2246	0	0	0	1	0	1.019564
226	2254	0	0	0	0	0	1.527281
227	2263	0	0	0	1	0	2.471652
228	2269	0	0	0	0	0	1.572652
229	2279	0	0	0	0	0	1.876216
230	2286	0	0	0	1	0	1.643110
231	2295	0	0	0	0	0	1.246672
232	2306	0	0	0	0	0	1.965995
233	2314	0	0	0	1	0	2.793183
234	2326	0	0	0	0	0	1.578958
235	2336	0	0	0	1	0	2.066306
236	2344	0	0	0	0	0	1.989013
237	2352	0	0	0	2	0	2.663236
238	2361	0	0	0	0	0	1.915359
239	2369	0	0	0	2	0	1.028531
240	2387	0	0	0	2	0	1.172838
241	2394	0	0	0	0	0	2.570644
242	2408	0	0	0	0	0	2.133074
243	2416	0	0	0	1	0	2.908058
244	2424	0	0	0	0	0	2.488011
245	2433	0	0	0	0	0	1.258058
246	2442	0	0	0	0	0	2.733621
247	2451	0	0	0	2	0	1.702131
248	2462	0	0	0	0	0	1.020365
249	2473	0	0	0	0	0	2.074924
250	2477	0	0	0	0	0	2.869847
251	2490	0	0	0	2	0	2.841195
252	2497	0	0	0	0	0	2.472247
253	2511	0	0	0	0	0	1.126554
254	2522	0	0	0	0	0	2.644059
255	2532	0	0	0	1	0	1.128164
256	2544	0	0	0	0	0	2.598431
257	2549	0	0	0	0	0	1.582143
258	2556	0	0	0	0	0	1.550951
259	2565	0	0	0	0	0	1.077507
260	2575	0	0	0	1	0	1.038027
261	2595	0	0	0	1	0	2.075621
262	2601	0	0	0	1	0	2.436961
263	2613	0	0	0	2	0	1.088042
264	2622	0	0	0	1	0	1.822046
265	2632	0	0	0	0	0	1.217933
266	2640	0	0	0	0	0	2.342007
267	2655	0	0	0	2	0	2.183282
268	2664	0	0	0	2	0	2.404993
269	2673	0	0	0	0	0	1.922500
270	2678	0	0	0	0	0	2.764333
271	2697	0	0	0	1	0	1.103330
272	2703	0	0	0	2	0	2.510135
273	2708	0	0	0	2	0	2.117820
274	2719	0	0	0	0	0	1.834446
275	2727	0	0	0	1	0	1.148023
276	2744	0	0	0	0	0	2.316609
277	2758	0	0	0	1	0	1.073825
278	2765	0	0	0	0	0	2.121804
279	2776	0	0	0	2	0	1.480909
280	2784	0	0	0	0	0	2.226064
281	2792	0	0	0	2	0	2.227117
282	2801	0	0	0	2	0	1.325263
283	2812	0	0	0	1	0	2.992748
284	2820	0	0	0	2	0	1.356127
285	2835	0	0	0	0	0	2.059460
286	2846	0	0	0	1	0	1.230909
287	2860	0	0	0	2	0	2.468907
288	2866	0	0	0	2	0	2.355596
289	2876	0	0	0	0	0	1.441926
290	2889	0	0	0	1	0	1.805405
291	2897	0	0	0	0	0	1.484059
292	2910	0	0	0	1	0	1.553508
293	2920	0	0	0	1	0	1.450715
294	2925	0	0	0	1	0	1.263720
295	2935	0	0	0	0	0	1.814571
296	2946	0	0	0	1	0	1.321200
297	2954	0	0	0	0	0	1.125615
298	2965	0	0	0	0	0	2.411096
299	2985	0	0	0	2	0	2.582639
300	2995	0	0	0	0	0	2.562742
301	3001	0	0	0	0	0	2.115739
302	3013	0	0	0	0	0	1.344961
303	3027	0	0	0	0	0	1.760541
304	3045	0	0	0	0	0	2.480301
305	3046	0	0	0	2	0	2.338687
306	3058	0	0	0	1	0	1.483721
307	3067	0	0	0	2	0	1.232012
308	3069	0	0	0	2	0	1.657386
309	3078	0	0	0	0	0	1.881646
310	3096	0	0	0	0	0	2.385701
311	3106	0	0	0	0	0	2.395616
312	3117	0	0	0	0	0	1.138508
313	3129	0	0	0	0	0	2.939639
314	3137	0	0	0	1	0	1.791758
315	3144	0	0	0	1	0	2.050992
316	3152	0	0	0	0	0	2.776800
317	3163	0	0	0	0	0	2.200092
318	3170	0	0	0	2	0	1.789775
319	3180	0	0	0	2	0	2.901444
320	3186	0	0	0	2	0	1.977027
321	3191	0	0	0	1	0	1.821927
322	3197	0	0	0	1	0	2.920204
323	3201	0	0	0	1	0	1.825366
324	3211	0	0	0	0	0	2.988127
325	3222	0	0	0	0	0	2.672207
326	3231	0	0	0	2	0	1.692178
327	3240	0	0	0	1	0	2.369239
328	3256	0	0	0	2	0	2.829007
329	3269	0	0	0	0	0	2.482576
330	3277	0	0	0	0	0	2.912587
331	3284	0	0	0	1	0	1.681781
332	3302	0	0	0	2	0	1.905897
333	3313	0	0	0	1	0	1.929896
334	3319	0	0	0	0	0	2.514318
335	3337	0	0	0	1	0	1.139467
336	3349	0	0	0	0	0	1.144028
337	3360	0	0	0	1	0	1.011721
338	3365	0	0	0	2	0	2.974560
339	3377	0	0	0	1	0	1.689929
340	3388	0	0	0	2	0	2.039475
341	3399	0	0	0	1	0	1.408899
342	3413	0	0	0	1	0	1.193817
343	3427	0	0	0	2	0	1.532737
344	3437	0	0	0	0	0	2.365298
345	3447	0	0	0	0	0	2.483259
346	3465	0	0	0	0	0	2.937612
347	3475	0	0	0	1	0	1.505157
348	3487	0	0	0	0	0	1.385986
349	3493	0	0	0	0	0	1.369874
350	3505	0	0	0	1	0	1.358264
351	3515	0	0	0	2	0	2.328184
352	3526	0	0	0	1	0	1.101560
353	3535	0	0	0	2	0	1.598598
354	3545	0	0	0	0	0	2.644663
355	3553	0	0	0	0	0	2.227882
356	3559	0	0	0	0	0	2.020461
357	3571	0	0	0	0	0	2.714580
358	3583	0	0	0	1	0	1.679476
359	3591	0	0	0	0	0	2.744157
360	3598	0	0	0	0	0	1.391199
361	3606	0	0	0	0	0	1.533189
362	3619	0	0	0	0	0	1.851908
363	3628	0	0	0	1	0	1.253253
364	3638	0	0	0	1	0	2.667120
365	3646	0	0	0	2	0	1.607828
366	3660	0	0	0	1	0	2.214842
367	3676	0	0	0	0	0	2.632190
368	3684	0	0	0	2	0	2.871595
369	3694	0	0	0	0	0	2.907615
370	3706	0	0	0	0	0	1.430181
371	3716	0	0	0	2	0	1.478766
372	3727	0	0	0	2	0	1.462269
373	3736	0	0	0	1	0	1.574507
374	3745	0	0	0	0	0	2.348217
375	3753	0	0	0	0	0	1.148696
376	3764	0	0	0	1	0	1.459204
377	3771	0	0	0	1	0	1.217352
378	3778	0	0	0	1	0	2.928298
379	3786	0	0	0	0	0	2.978029
380	3800	0	0	0	1	0	1.736418
381	3809	0	0	0	2	0	1.561730
382	3820	0	0	0	0	0	1.782148
383	3829	0	0	0	1	0	2.499234
384	3839	0	0	0	2	0	2.311583
385	3851	0	0	0	2	0	2.863860
386	3864	0	0	0	0	0	1.383946
387	3877	0	0	0	0	0	2.892302
388	3891	0	0	0	1	0	1.103507
389	3899	0	0	0	1	0	2.697040
390	3911	0	0	0	2	0	1.417055
391	3917	0	0	0	2	0	1.654752
392	3922	0	0	0	2	0	1.943319
393	3939	0	0	0	0	0	1.134666
394	3943	0	0	0	1	0	1.482044
395	3946	0	0	0	0	0	2.652576
396	3955	0	0	0	0	0	1.254088
397	3962	0	0	0	0	0	2.501422
398	3972	0	0	0	1	0	2.026768
399	3983	0	0	0	0	0	1.701722
400	3992	0	0	0	1	0	1.433899
401	4003	0	0	0	1	0	1.653480
402	4016	0	0	0	0	0	2.839230
403	4028	0	0	0	0	0	1.453419
404	4036	0	0	0	1	0	2.070553
405	4047	0	0	0	1	0	2.038850
406	4059	0	0	0	1	0	1.507006
407	4067	0	0	0	1	0	2.934224
408	4075	0	0	0	0	0	2.537858
409	4088	0	0	0	0	0	2.246205
410	4092	0	0	0	0	0	2.037294
411	4098	0	0	0	0	0	2.647544
412	4111	0	0	0	2	0	2.638684
413	4116	0	0	0	2	0	2.792864
414	4126	0	0	0	2	0	2.609317
415	4136	0	0	0	0	0	1.399626
416	4150	0	0	0	0	0	1.027652
417	4154	0	0	0	0	0	1.877339
418	4165	0	0	0	0	0	1.840991
419	4178	0	0	0	1	0	1.022114
420	4190	0	0	0	0	0	1.117747
421	4197	0	0	0	0	0	2.544946
422	4203	0	0	0	1	0	1.958463
423	4209	0	0	0	1	0	2.301615
424	4215	0	0	0	2	0	1.709070
425	4222	0	0	0	1	0	2.662871
426	4234	0	0	0	1	0	2.815595
427	4248	0	0	0	1	0	2.421329
428	4254	0	0	0	2	0	2.981495
429	4267	0	0	0	1	0	1.522861
430	4274	0	0	0	1	0	2.747150
431	4284	0	0	0	1	0	1.088260
432	4291	0	0	0	1	0	1.199672
433	4306	0	0	0	1	0	2.920616
434	4317	0	0	0	2	0	2.704510
435	4332	0	0	0	1	0	1.621907
436	4345	0	0	0	0	0	2.711658
437	4356	0	0	0	1	0	2.480768
438	4367	0	0	0	2	0	2.863461
439	4381	0	0	0	0	0	1.397596
440	4389	0	0	0	1	0	1.329376
441	4398	0	0	0	0	0	1.696097
442	4404	0	0	0	2	0	2.145301
443	4408	0	0	0	1	0	2.315673
444	4417	0	0	0	2	0	2.000078
445	4421	0	0	0	2	0	2.807832
446	4430	0	0	0	0	0	1.138561
447	4439	0	0	0	0	0	1.019917
448	4443	0	0	0	2	0	1.329240
449	4457	0	0	0	0	0	2.907520
450	4464	0	0	0	0	0	1.776871
451	4474	0	0	0	2	0	2.055040
452	4484	0	0	0	0	0	1.286974
453	4496	0	0	0	0	0	2.431135
454	4506	0	0	0	0	0	2.789139
455	4517	0	0	0	0	0	1.070055
456	4522	0	0	0	1	0	2.936755
457	4535	0	0	0	1	0	2.204834
458	4542	0	0	0	1	0	2.295620
459	4556	0	0	0	1	0	1.190609
460	4560	0	0	0	0	0	1.412662
461	4568	0	0	0	0	0	2.708929
462	4580	0	0	0	0	0	1.167672
463	4587	0	0	0	0	0	2.988561
464	4600	0	0	0	2	0	2.092214
465	4614	0	0	0	1	0	2.183139
466	4624	0	0	0	0	0	1.883244
467	4634	0	0	0	1	0	2.904186
468	4645	0	0	0	1	0	2.726732
469	4653	0	0	0	0	0	1.214345
470	4660	0	0	0	0	0	2.764618
471	4670	0	0	0	0	0	1.706930
472	4681	0	0	0	0	0	2.737376
473	4691	0	0	0	2	0	1.001259
474	4703	0	0	0	0	0	1.814252
475	4721	0	0	0	1	0	2.176432
476	4734	0	0	0	1	0	1.895631
477	4743	0	0	0	0	0	1.110410
478	4751	0	0	0	0	0	1.840686
479	4759	0	0	0	0	0	2.415699
480	4773	0	0	0	1	0	2.742969
481	4781	0	0	0	1	0	1.599368
482	4791	0	0	0	0	0	2.039936
483	4804	0	0	0	0	0	2.351646
484	4810	0	0	0	0	0	1.965634
485	4819	0	0	0	2	0	2.671039
486	4831	0	0	0	1	0	2.537916
487	4844	0	0	0	0	0	1.503018
488	4853	0	0	0	1	0	2.771181
489	4864	0	0	0	1	0	1.638024
490	4872	0	0	0	1	0	2.294155
491	4882	0	0	0	0	0	1.152237
492	4894	0	0	0	2	0	1.921197
493	4903	0	0	0	0	0	2.768710
494	4907	0	0	0	0	0	1.683335
495	4918	0	0	0	0	0	1.757286
496	4928	0	0	0	1	0	2.173703
497	4937	0	0	0	0	0	1.815829
498	4948	0	0	0	0	0	2.587850
499	4959	0	0	0	1	0	2.216497
500	4971	0	0	0	0	0	2.916116
501	4983	0	0	0	1	0	2.451324
502	4992	0	0	0	2	0	1.529053
503	5002	0	0	0	2	0	1.886678
504	5015	0	0	0	0	0	1.525458
505	5028	0	0	0	1	0	1.259645
506	5036	0	0	0	2	0	2.265672
507	5051	0	0	0	2	0	1.439167
508	5065	0	0	0	1	0	2.890543
509	5074	0	0	0	1	0	1.460483
510	5082	0	0	0	1	0	2.564688
511	5096	0	0	0	0	0	1.946127
512	5101	0	0	0	0	0	2.204168
513	5110	0	0	0	1	0	2.378746
514	5124	0	0	0	0	0	1.821509
515	5133	0	0	0	2	0	1.498090
516	5144	0	0	0	1	0	1.079529
517	5153	0	0	0	1	0	2.103741
518	5158	0	0	0	0	0	1.073745
519	5170	0	0	0	1	0	1.760722
520	5187	0	0	0	0	0	2.802696
521	5195	0	0	0	1	0	1.493821
522	5207	0	0	0	1	0	1.986336
523	5217	0	0	0	2	0	1.201437
524	5228	0	0	0	2	0	2.907833
525	5234	0	0	0	1	0	1.788861
526	5238	0	0	0	1	0	2.601805
527	5249	0	0	0	1	0	2.520370
528	5260	0	0	0	0	0	2.360384
529	5273	0	0	0	1	0	1.709697
530	5285	0	0	0	0	0	1.784806
531	5294	0	0	0	2	0	2.501826
532	5306	0	0	0	1	0	1.312082
533	5314	0	0	0	0	0	2.744626
534	5324	0	0	0	1	0	1.686136
535	5335	0	0	0	2	0	2.662071
536	5345	0	0	0	2	0	1.932074
537	5362	0	0	0	1	0	2.761819
538	5374	0	0	0	1	0	1.590473
539	5386	0	0	0	1	0	2.308577
540	5399	0	0	0	2	0	1.376617
541	5410	0	0	0	1	0	2.359279
542	5427	0	0	0	0	0	2.202690
543	5436	0	0	0	0	0	2.111018
544	5445	0	0	0	2	0	1.463010
545	5462	0	0	0	1	0	1.080174
546	5471	0	0	0	1	0	1.460601
547	5485	0	0	0	0	0	2.683820
548	5493	0	0	0	2	0	1.853572
549	5505	0	0	0	2	0	1.043603
550	5511	0	0	0	1	0	1.014634
551	5522	0	0	0	2	0	1.569361
552	5537	0	0	0	0	0	1.201606
553	5545	0	0	0	1	0	2.897704
554	5555	0	0	0	0	0	2.859091
555	5567	0	0	0	2	0	2.993602
556	5574	0	0	0	1	0	2.090097
557	5581	0	0	0	0	0	1.750381
558	5590	0	0	0	0	0	1.494823
559	5599	0	0	0	2	0	2.683808
560	5611	0	0	0	2	0	2.027031
561	5620	0	0	0	1	0	2.309300
562	5629	0	0	0	0	0	1.032439
563	5643	0	0	0	0	0	2.508530
564	5652	0	0	0	0	0	2.482199
565	5666	0	0	0	1	0	1.639583
566	5681	0	0	0	0	0	1.642753
567	5693	0	0	0	2	0	1.423781
568	5709	0	0	0	0	0	2.744489
569	5717	0	0	0	1	0	2.195348
570	5726	0	0	0	2	0	1.084937
571	5732	0	0	0	0	0	1.789870
572	5741	0	0	0	0	0	1.669428
573	5747	0	0	0	0	0	1.926300
574	5752	0	0	0	0	0	1.671505
575	5765	0	0	0	1	0	1.368052
576	5777	0	0	0	0	0	1.096116
577	5791	0	0	0	1	0	1.316299
578	5801	0	0	0	1	0	1.712420
579	5811	0	0	0	1	0	1.138052
580	5823	0	0	0	1	0	1.636798
581	5833	0	0	0	0	0	1.223292
582	5840	0	0	0	1	0	2.466895
583	5853	0	0	0	0	0	1.569214
584	5860	0	0	0	1	0	2.427951
585	5874	0	0	0	1	0	2.902199
586	5895	0	0	0	1	0	2.985560
587	5908	0	0	0	1	0	1.768131
588	5926	0	0	0	1	0	2.000292
589	5939	0	0	0	1	0	2.176866
590	5952	0	0	0	0	0	1.981661
591	5968	0	0	0	0	0	2.441707
592	5982	0	0	0	2	0	2.866306
593	5990	0	0	0	2	0	1.287895
594	5999	0	0	0	1	0	1.215005
595	6004	0	0	0	1	0	2.129834
596	6016	0	0	0	1	0	2.671966
597	6028	0	0	0	1	0	1.484155
598	6035	0	0	0	2	0	2.990180
599	6045	0	0	0	1	0	2.934532
600	6054	0	0	0	0	0	2.512560
601	6057	0	0	0	0	0	1.809198
602	6066	0	0	0	0	0	1.614319
603	6075	0	0	0	2	0	2.597350
604	6084	0	0	0	2	0	1.684592
605	6092	0	0	0	2	0	1.547550
606	6101	0	0	0	0	0	2.554275
607	6109	0	0	0	1	0	2.800884
608	6125	0	0	0	2	0	2.603676
609	6134	0	0	0	0	0	2.675071
610	6148	0	0	0	2	0	1.153121
611	6155	0	0	0	1	0	2.674623
612	6166	0	0	0	0	0	1.462870
613	6172	0	0	0	0	0	2.984757
614	6184	0	0	0	2	0	1.809496
615	6200	0	0	0	0	0	1.365039
616	6211	0	0	0	1	0	1.553586
617	6222	0	0	0	0	0	2.360697
618	6231	0	0	0	0	0	2.554503
619	6236	0	0	0	0	0	1.135295
620	6246	0	0	0	1	0	1.279939
621	6258	0	0	0	1	0	1.970096
622	6268	0	0	0	1	0	2.647473
623	6279	0	0	0	1	0	1.178377
624	6286	0	0	0	0	0	1.850702
625	6297	0	0	0	2	0	2.879453
626	6305	0	0	0	1	0	1.394464
627	6320	0	0	0	0	0	1.067700
628	6328	0	0	0	0	0	2.383318
629	6341	0	0	0	0	0	1.331496
630	6352	0	0	0	0	0	1.846768
631	6360	0	0	0	0	0	1.441693
632	6368	0	0	0	0	0	2.925470
633	6378	0	0	0	1	0	2.912416
634	6386	0	0	0	0	0	2.999882
635	6399	0	0	0	2	0	1.872460
636	6409	0	0	0	1	0	2.077699
637	6419	0	0	0	0	0	1.169875
638	6432	0	0	0	0	0	2.949870
639	6448	0	0	0	1	0	1.021361
640	6455	0	0	0	2	0	1.059420
641	6467	0	0	0	0	0	1.217165
642	6474	0	0	0	2	0	1.169222
643	6481	0	0	0	0	0	1.378459
644	6491	0	0	0	1	0	1.829633
645	6497	0	0	0	1	0	1.332240
646	6511	0	0	0	2	0	2.251320
647	6519	0	0	0	2	0	1.140458
648	6530	0	0	0	2	0	1.360352
649	6543	0	0	0	1	0	2.465505
650	6556	0	0	0	0	0	2.591210
651	6569	0	0	0	2	0	2.017407
652	6573	0	0	0	0	0	1.714192
653	6583	0	0	0	1	0	1.329037
654	6602	0	0	0	2	0	1.040321
655	6609	0	0	0	0	0	1.698745
656	6620	0	0	0	2	0	1.183761
657	6630	0	0	0	1	0	1.889834
658	6639	0	0	0	1	0	1.884664
659	6647	0	0	0	0	0	2.551569
660	6659	0	0	0	2	0	2.222044
661	6676	0	0	0	1	0	1.742859
662	6692	0	0	0	2	0	1.555706
663	6701	0	0	0	1	0	1.586055
664	6710	0	0	0	1	0	1.746322
665	6725	0	0	0	0	0	2.036390
666	6734	0	0	0	0	0	1.328718
667	6745	0	0	0	2	0	2.701006
668	6758	0	0	0	1	0	2.323128
669	6766	0	0	0	2	0	2.144955
670	6773	0	0	0	0	0	2.187847
671	6789	0	0	0	1	0	2.511224
672	6806	0	0	0	1	0	1.332253
673	6813	0	0	0	0	0	2.820153
674	6827	0	0	0	1	0	1.353385
675	6831	0	0	0	0	0	1.761581
676	6837	0	0	0	0	0	2.376981
677	6844	0	0	0	1	0	2.450905
678	6852	0	0	0	0	0	2.123810
679	6862	0	0	0	2	0	1.756050
680	6870	0	0	0	2	0	2.813127
681	6879	0	0	0	0	0	2.886253
682	6889	0	0	0	2	0	2.992835
683	6899	0	0	0	1	0	1.847064
684	6905	0	0	0	1	0	1.777977
685	6915	0	0	0	0	0	2.825896
686	6924	0	0	0	0	0	1.689565
687	6937	0	0	0	2	0	2.552745
688	6955	0	0	0	1	0	2.305270
689	6962	0	0	0	2	0	1.831805
690	6970	0	0	0	0	0	2.683919
691	6979	0	0	0	0	0	2.083657
692	6994	0	0	0	1	0	2.773877
693	7001	0	0	0	0	0	1.310285
694	7015	0	0	0	1	0	2.278935
695	7027	0	0	0	0	0	2.426151
696	7038	0	0	0	0	0	2.788322
697	7045	0	0	0	0	0	1.694166
698	7053	0	0	0	2	0	2.844689
699	7066	0	0	0	0	0	1.563020
700	7072	0	0	0	1	0	2.994114
701	7080	0	0	0	1	0	2.325817
702	7089	0	0	0	0	0	1.069355
703	7096	0	0	0	2	0	1.556980
704	7105	0	0	0	1	0	1.608844
705	7113	0	0	0	1	0	1.578334
706	7124	0	0	0	0	0	2.227032
707	7130	0	0	0	2	0	2.931918
708	7148	0	0	0	1	0	1.143898
709	7162	0	0	0	0	0	1.986781
710	7178	0	0	0	0	0	2.216618
711	7187	0	0	0	0	0	1.646535
712	7196	0	0	0	0	0	2.162787
713	7203	0	0	0	0	0	1.758208
714	7214	0	0	0	1	0	1.279862
715	7224	0	0	0	2	0	1.505727
716	7231	0	0	0	1	0	2.261698
717	7245	0	0	0	2	0	2.237341
718	7252	0	0	0	1	0	2.985400
719	7257	0	0	0	1	0	1.811145
720	7269	0	0	0	0	0	1.546381
721	7271	0	0	0	1	0	1.875027
722	7290	0	0	0	0	0	1.880741
723	7301	0	0	0	2	0	1.337400
724	7309	0	0	0	1	0	2.555287
725	7320	0	0	0	1	0	2.813340
726	7329	0	0	0	0	0	1.537708
727	7338	0	0	0	1	0	2.516713
728	7353	0	0	0	0	0	2.444521
729	7361	0	0	0	1	0	1.165822
730	7373	0	0	0	2	0	1.243634
731	7382	0	0	0	1	0	2.672071
732	7395	0	0	0	0	0	2.776952
733	7403	0	0	0	0	0	1.627631
734	7408	0	0	0	2	0	1.781087
735	7417	0	0	0	0	0	1.846166
736	7423	0	0	0	0	0	2.401201
737	7432	0	0	0	2	0	2.673224
738	7445	0	0	0	1	0	2.594153
739	7459	0	0	0	2	0	2.307887
740	7470	0	0	0	0	0	2.801205
741	7480	0	0	0	1	0	1.290726
742	7493	0	0	0	1	0	2.422985
743	7497	0	0	0	2	0	1.360769
744	7507	0	0	0	0	0	2.862285
745	7519	0	0	0	2	0	1.207397
746	7529	0	0	0	0	0	2.901830
747	7539	0	0	0	1	0	1.207283
748	7547	0	0	0	1	0	1.361096
749	7558	0	0	0	2	0	1.348668
750	7567	0	0	0	1	0	1.981145
751	7573	0	0	0	1	0	1.804906
752	7587	0	0	0	0	0	1.694979
753	7599	0	0	0	1	0	2.532105
754	7611	0	0	0	1	0	2.653684
755	7624	0	0	0	1	0	1.615003
756	7635	0	0	0	0	0	1.229401
757	7652	0	0	0	1	0	2.034586
758	7657	0	0	0	2	0	1.547271
759	7665	0	0	0	1	0	1.211977
760	7673	0	0	0	1	0	1.194526
761	7684	0	0	0	1	0	1.738551
762	7693	0	0	0	2	0	2.516124
763	7702	0	0	0	0	0	1.304197
764	7710	0	0	0	0	0	2.730401
765	7718	0	0	0	2	0	1.575822
766	7729	0	0	0	2	0	2.686627
767	7741	0	0	0	1	0	1.464017
768	7752	0	0	0	2	0	1.581215
769	7763	0	0	0	0	0	2.632375
770	7776	0	0	0	1	0	1.925384
771	7787	0	0	0	1	0	1.261446
772	7799	0	0	0	2	0	2.931288
773	7803	0	0	0	0	0	2.357895
774	7816	0	0	0	1	0	1.902034
775	7830	0	0	0	0	0	1.425991
776	7839	0	0	0	0	0	1.137164
777	7854	0	0	0	0	0	2.937382
778	7864	0	0	0	0	0	1.033930
779	7882	0	0	0	2	0	1.787902
780	7886	0	0	0	1	0	1.547966
781	7895	0	0	0	2	0	1.295269
782	7909	0	0	0	1	0	1.834715
783	7915	0	0	0	1	0	1.861283
784	7923	0	0	0	1	0	2.907080
785	7929	0	0	0	0	0	2.625789
786	7938	0	0	0	1	0	1.632414
787	7946	0	0	0	2	0	2.156355
788	7957	0	0	0	0	0	1.232197
789	7967	0	0	0	0	0	1.407213
790	7974	0	0	0	1	0	2.893377
791	7988	0	0	0	0	0	1.885217
792	7996	0	0	0	1	0	1.121282
793	8007	0	0	0	2	0	2.117697
794	8014	0	0	0	0	0	1.178659
795	8025	0	0	0	0	0	2.034569
796	8033	0	0	0	1	0	1.261249
797	8043	0	0	0	0	0	2.545327
798	8048	0	0	0	1	0	2.350818
799	8065	0	0	0	0	0	1.258939
800	8072	0	0	0	1	0	2.902063
801	8086	0	0	0	0	0	2.205574
802	8098	0	0	0	1	0	1.430918
803	8107	0	0	0	0	0	2.509385
804	8115	0	0	0	2	0	2.798867
805	8129	0	0	0	2	0	1.201400
806	8137	0	0	0	1	0	2.142975
807	8153	0	0	0	2	0	1.760755
808	8164	0	0	0	0	0	1.992122
809	8177	0	0	0	0	0	2.871008
810	8194	0	0	0	0	0	1.185312
811	8202	0	0	0	0	0	1.483002
812	8217	0	0	0	2	0	2.059346
813	8228	0	0	0	1	0	1.749059
814	8242	0	0	0	1	0	1.413425
815	8247	0	0	0	2	0	2.959522
816	8260	0	0	0	1	0	2.013142
817	8271	0	0	0	1	0	1.206698
818	8280	0	0	0	0	0	1.696544
819	8289	0	0	0	1	0	1.714877
820	8293	0	0	0	1	0	1.668912
821	8303	0	0	0	2	0	1.452024
822	8314	0	0	0	0	0	1.949430
823	8318	0	0	0	0	0	1.282413
824	8334	0	0	0	1	0	2.568669
825	8345	0	0	0	0	0	1.986856
826	8359	0	0	0	0	0	2.571544
827	8371	0	0	0	2	0	2.583982
828	8382	0	0	0	2	0	1.569498
829	8389	0	0	0	2	0	2.878909
830	8399	0	0	0	2	0	2.771155
831	8406	0	0	0	0	0	1.148298
832	8411	0	0	0	0	0	1.215912
833	8414	0	0	0	1	0	1.404915
834	8423	0	0	0	1	0	1.224694
835	8429	0	0	0	1	0	2.474113
836	8441	0	0	0	0	0	1.354575
837	8451	0	0	0	1	0	1.009054
838	8468	0	0	0	1	0	2.198303
839	8477	0	0	0	1	0	1.914447
840	8486	0	0	0	2	0	2.028492
841	8499	0	0	0	0	0	2.725750
842	8509	0	0	0	2	0	2.489223
843	8517	0	0	0	0	0	2.378257
844	8524	0	0	0	1	0	1.141912
845	8538	0	0	0	1	0	1.193613
846	8543	0	0	0	1	0	2.492881
847	8557	0	0	0	2	0	2.052858
848	8574	0	0	0	0	0	2.080244
849	8580	0	0	0	2	0	1.271580
850	8587	0	0	0	1	0	2.341745
851	8595	0	0	0	1	0	1.959649
852	8603	0	0	0	2	0	2.577317
853	8613	0	0	0	1	0	1.144179
854	8620	0	0	0	1	0	1.942647
855	8624	0	0	0	1	0	2.541391
856	8631	0	0	0	1	0	1.927265
857	8638	0	0	0	2	0	1.671815
858	8652	0	0	0	2	0	1.359021
859	8660	0	0	0	0	0	1.558383
860	8671	0	0	0	0	0	2.148808
861	8680	0	0	0	0	0	2.901451
862	8687	0	0	0	0	0	1.964611
863	8691	0	0	0	0	0	1.554198
864	8701	0	0	0	1	0	2.075129
865	8713	0	0	0	2	0	1.752096
866	8724	0	0	0	2	0	2.059213
867	8735	0	0	0	1	0	1.351056
868	8746	0	0	0	2	0	1.636679
869	8754	0	0	0	0	0	2.114383
870	8763	0	0	0	1	0	1.698617
871	8770	0	0	0	0	0	1.417873
872	8776	0	0	0	0	0	2.997898
873	8786	0	0	0	2	0	1.927918
874	8794	0	0	0	0	0	1.586188
875	8802	0	0	0	2	0	2.114621
876	8812	0	0	0	0	0	1.706830
877	8826	0	0	0	1	0	1.855694
878	8840	0	0	0	0	0	1.614074
879	8851	0	0	0	1	0	2.062212
880	8864	0	0	0	1	0	1.471688
881	8872	0	0	0	2	0	1.184247
882	8880	0	0	0	0	0	2.159538
883	8895	0	0	0	1	0	1.974879
884	8911	0	0	0	0	0	2.774447
885	8922	0	0	0	2	0	1.500891
886	8930	0	0	0	0	0	1.695600
887	8941	0	0	0	0	0	2.285840
888	8949	0	0	0	0	0	1.943426
889	8959	0	0	0	2	0	1.027379
890	8963	0	0	0	0	0	2.096083
891	8977	0	0	0	1	0	2.298343
892	8987	0	0	0	1	0	1.535613
893	8999	0	0	0	2	0	2.772503
894	9008	0	0	0	0	0	2.563210
895	9018	0	0	0	1	0	1.982863
896	9029	0	0	0	2	0	1.783558
897	9043	0	0	0	1	0	1.024508
898	9052	0	0	0	1	0	2.056771
899	9061	0	0	0	1	0	1.517023
900	9074	0	0	0	0	0	2.519650
901	9085	0	0	0	1	0	1.763267
902	9094	0	0	0	1	0	1.665748
903	9103	0	0	0	2	0	2.224990
904	9111	0	0	0	2	0	2.368913
905	9118	0	0	0	0	0	2.683702
906	9127	0	0	0	1	0	2.283980
907	9136	0	0	0	0	0	1.876576
908	9148	0	0	0	0	0	2.317185
909	9157	0	0	0	2	0	2.219879
910	9165	0	0	0	1	0	2.646871
911	9179	0	0	0	1	0	2.069849
912	9191	0	0	0	0	0	2.673059
913	9207	0	0	0	2	0	1.616039
914	9211	0	0	0	1	0	1.873668
915	9221	0	0	0	1	0	1.220394
916	9229	0	0	0	0	0	2.157108
917	9239	0	0	0	1	0	1.379410
918	9248	0	0	0	2	0	2.173140
919	9258	0	0	0	2	0	1.481725
920	9267	0	0	0	1	0	1.332542
921	9280	0	0	0	0	0	2.821676
922	9291	0	0	0	1	0	1.247469
923	9303	0	0	0	1	0	1.145535
924	9316	0	0	0	1	0	2.288376
925	9324	0	0	0	2	0	2.239202
926	9339	0	0	0	2	0	1.980876
927	9354	0	0	0	2	0	2.296955
928	9364	0	0	0	0	0	1.211947
929	9373	0	0	0	2	0	1.782623
930	9379	0	0	0	0	0	2.526007
931	9390	0	0	0	1	0	2.961747
932	9400	0	0	0	1	0	1.853112
933	9410	0	0	0	0	0	1.865847
934	9417	0	0	0	0	0	2.224944
935	9430	0	0	0	2	0	2.299316
936	9435	0	0	0	0	0	1.772664
937	9444	0	0	0	0	0	1.928969
938	9457	0	0	0	2	0	1.644808
939	9475	0	0	0	2	0	2.237365
940	9485	0	0	0	0	0	2.926520
941	9497	0	0	0	0	0	1.359143
942	9507	0	0	0	1	0	2.605084
943	9514	0	0	0	1	0	2.337401
944	9529	0	0	0	0	0	1.172134
945	9536	0	0	0	1	0	1.982949
946	9541	0	0	0	2	0	2.990242
947	9550	0	0	0	0	0	1.351121
948	9563	0	0	0	0	0	1.444997
949	9573	0	0	0	0	0	2.445009
950	9583	0	0	0	0	0	2.832884
951	9589	0	0	0	0	0	2.941162
952	9596	0	0	0	1	0	2.591520
953	9605	0	0	0	1	0	2.031427
954	9619	0	0	0	0	0	1.406418
955	9627	0	0	0	0	0	2.004870
956	9637	0	0	0	2	0	1.065985
957	9644	0	0	0	2	0	1.570640
958	9659	0	0	0	2	0	2.815788
959	9670	0	0	0	0	0	1.013377
960	9685	0	0	0	1	0	2.946030
961	9690	0	0	0	1	0	2.139755
962	9699	0	0	0	1	0	2.556298
963	9705	0	0	0	0	0	1.048772
964	9716	0	0	0	1	0	2.483022
965	9727	0	0	0	1	0	2.083994
966	9737	0	0	0	0	0	1.151002
967	9747	0	0	0	0	0	2.456711
968	9763	0	0	0	1	0	2.930090
969	9771	0	0	0	2	0	1.215946
970	9785	0	0	0	2	0	2.551644
971	9792	0	0	0	0	0	2.863706
972	9800	0	0	0	0	0	2.511274
973	9811	0	0	0	0	0	1.099433
974	9819	0	0	0	1	0	1.965584
975	9828	0	0	0	0	0	1.281861
976	9842	0	0	0	0	0	2.031213
977	9850	0	0	0	1	0	2.203881
978	9862	0	0	0	0	0	2.150986
979	9872	0	0	0	1	0	2.317525
980	9883	0	0	0	1	0	2.148508
981	9894	0	0	0	2	0	1.476817
982	9904	0	0	0	1	0	2.243615
983	9911	0	0	0	2	0	2.040422
984	9921	0	0	0	2	0	1.898663
985	9930	0	0	0	0	0	2.224758
986	9942	0	0	0	1	0	2.023576
987	9956	0	0	0	1	0	1.361103
988	9964	0	0	0	0	0	2.807979
989	9980	0	0	0	1	0	2.179990
990	9989	0	0	0	1	0	1.490515
991	9996	0	0	0	0	0	2.685583
992	10011	0	0	0	2	0	2.904949
993	10018	0	0	0	2	0	1.704911
994	10031	0	0	0	2	0	1.134242
995	10038	0	0	0	1	0	2.675962
996	10047	0	0	0	0	0	1.414066
997	10062	0	0	0	0	0	1.499556
998	10075	0	0	0	0	0	2.389144
999	10083	0	0	0	2	0	2.012919
