0	1	0	0	0	2	0	1.408500
1	18	0	0	0	0	0	1.709450
2	24	0	0	0	0	0	1.659468
3	34	0	0	0	1	0	2.151346
4	44	0	0	0	0	0	2.131601
5	59	0	0	0	2	0	2.747190
6	63	0	0	0	1	0	2.690383
7	77	0	0	0	2	0	1.752524
8	83	0	0	0	1	0	2.559655
9	90	0	0	0	0	0	2.311764
10	102	0	0	0	1	0	2.103629
11	113	0	0	0	0	0	2.857843
12	127	0	0	0	0	0	1.536971
13	140	0	0	0	0	0	2.363567
14	155	0	0	0	2	0	1.155065
15	163	0	0	0	1	0	1.137263
16	175	0	0	0	0	0	1.245594
17	191	0	0	0	1	0	2.186609
18	206	0	0	0	0	0	1.094975
19	213	0	0	0	1	0	2.618159
20	219	0	0	0	2	0	1.792703
21	227	0	0	0	0	0	1.014009
22	231	0	0	0	2	0	2.119448
23	243	0	0	0	0	0	1.122409
24	262	0	0	0	0	0	1.775340
25	276	0	0	0	2	0	2.547390
26	287	0	0	0	0	0	2.383078
27	294	0	0	0	1	0	1.701672
28	302	0	0	0	2	0	2.467615
29	314	0	0	0	1	0	2.450854
30	321	0	0	0	1	0	1.149284
31	337	0	0	0	0	0	2.971405
32	346	0	0	0	0	0	2.626665
33	353	0	0	0	1	0	2.774535
34	360	0	0	0	1	0	2.566358
35	375	0	0	0	1	0	1.133736
36	391	0	0	0	1	0	2.223860
37	404	0	0	0	1	0	1.527112
38	413	0	0	0	2	0	1.796015
39	424	0	0	0	1	0	2.590225
40	435	0	0	0	0	0	1.221505
41	438	0	0	0	1	0	2.793484
42	448	0	0	0	2	0	1.164006
43	460	0	0	0	1	0	2.870041
44	472	0	0	0	0	0	1.275155
45	487	0	0	0	0	0	2.534414
46	498	0	0	0	2	0	2.785080
47	505	0	0	0	0	0	2.272748
48	519	0	0	0	2	0	2.184025
49	524	0	0	0	2	0	2.613889
50	535	0	0	0	0	0	1.180497
51	549	0	0	0	0	0	2.676552
52	564	0	0	0	0	0	1.116062
53	575	0	0	0	1	0	1.618477
54	589	0	0	0	1	0	2.306203
55	596	0	0	0	1	0	1.954582
56	602	0	0	0	1	0	2.111003
57	616	0	0	0	0	0	2.158544
58	625	0	0	0	2	0	2.798877
59	633	0	0	0	1	0	1.499616
60	642	0	0	0	2	0	1.711615
61	655	0	0	0	1	0	1.584160
62	666	0	0	0	0	0	1.088654
63	672	0	0	0	1	0	1.851764
64	685	0	0	0	2	0	1.648023
65	692	0	0	0	1	0	2.043790
66	699	0	0	0	1	0	1.172801
67	716	0	0	0	1	0	2.258915
68	728	0	0	0	0	0	1.829246
69	735	0	0	0	0	0	2.679807
70	757	0	0	0	0	0	2.400823
71	779	0	0	0	0	0	1.213799
72	788	0	0	0	1	0	2.912219
73	802	0	0	0	1	0	1.660089
74	812	0	0	0	1	0	1.327449
75	825	0	0	0	0	0	2.189455
76	842	0	0	0	2	0	1.780522
77	848	0	0	0	0	0	1.885729
78	855	0	0	0	1	0	1.777823
79	863	0	0	0	2	0	2.640830
80	870	0	0	0	2	0	2.088639
81	880	0	0	0	0	0	2.301746
82	889	0	0	0	0	0	2.956704
83	899	0	0	0	0	0	2.169574
84	910	0	0	0	0	0	2.558833
85	914	0	0	0	1	0	1.430684
86	927	0	0	0	1	0	1.739710
87	936	0	0	0	2	0	2.596914
88	947	0	0	0	1	0	1.160840
89	958	0	0	0	0	0	1.230364
90	966	0	0	0	0	0	1.305103
91	972	0	0	0	2	0	2.096671
92	980	0	0	0	0	0	2.189229
93	987	0	0	0	1	0	1.671431
94	1001	0	0	0	2	0	1.395040
95	1009	0	0	0	1	0	2.008081
96	1015	0	0	0	0	0	2.554342
97	1020	0	0	0	1	0	1.206624
98	1033	0	0	0	1	0	1.223842
99	1049	0	0	0	2	0	1.435243
100	1066	0	0	0	1	0	1.520634
101	1077	0	0	0	1	0	2.880838
102	1091	0	0	0	0	0	1.729654
103	1101	0	0	0	0	0	1.979302
104	1114	0	0	0	1	0	2.289871
105	1124	0	0	0	0	0	2.988809
106	1137	0	0	0	2	0	1.265571
107	1143	0	0	0	1	0	1.900680
108	1151	0	0	0	2	0	1.779865
109	1161	0	0	0	1	0	1.680947
110	1180	0	0	0	0	0	1.244758
111	1194	0	0	0	1	0	1.559935
112	1206	0	0	0	2	0	1.928225
113	1214	0	0	0	0	0	2.306331
114	1228	0	0	0	1	0	1.863828
115	1235	0	0	0	0	0	2.159549
116	1242	0	0	0	2	0	1.624177
117	1253	0	0	0	1	0	2.997424
118	1261	0	0	0	1	0	1.876202
119	1275	0	0	0	0	0	2.421353
120	1284	0	0	0	0	0	2.863239
121	1294	0	0	0	0	0	1.506963
122	1305	0	0	0	1	0	1.449197
123	1311	0	0	0	0	0	1.879170
124	1323	0	0	0	1	0	1.468311
125	1328	0	0	0	2	0	2.611662
126	1339	0	0	0	0	0	2.317304
127	1351	0	0	0	1	0	2.139578
128	1369	0	0	0	1	0	2.285109
129	1380	0	0	0	0	0	2.977737
130	1388	0	0	0	0	0	2.652707
131	1406	0	0	0	1	0	1.830652
132	1417	0	0	0	2	0	2.392409
133	1430	0	0	0	1	0	1.067634
134	1437	0	0	0	2	0	2.835628
135	1447	0	0	0	1	0	2.986262
136	1458	0	0	0	2	0	1.508345
137	1469	0	0	0	2	0	2.667449
138	1477	0	0	0	1	0	1.364253
139	1484	0	0	0	1	0	2.378621
140	1486	0	0	0	0	0	2.391501
141	1496	0	0	0	2	0	1.647651
142	1504	0	0	0	0	0	2.707004
143	1513	0	0	0	1	0	2.497787
144	1521	0	0	0	2	0	2.326329
145	1530	0	0	0	2	0	1.056460
146	1535	0	0	0	0	0	1.847727
147	1546	0	0	0	2	0	1.324308
148	1557	0	0	0	1	0	1.483626
149	1569	0	0	0	2	0	1.201883
150	1580	0	0	0	2	0	1.900433
151	1589	0	0	0	1	0	1.442513
152	1601	0	0	0	2	0	2.335087
153	1609	0	0	0	0	0	1.027351
154	1616	0	0	0	1	0	2.398477
155	1632	0	0	0	0	0	2.916773
156	1642	0	0	0	2	0	2.193904
157	1651	0	0	0	0	0	1.547173
158	1665	0	0	0	2	0	2.116158
159	1674	0	0	0	1	0	1.185968
160	1682	0	0	0	1	0	2.734340
161	1688	0	0	0	1	0	2.413981
162	1696	0	0	0	0	0	1.055542
163	1702	0	0	0	2	0	2.051433
164	1708	0	0	0	2	0	1.469288
165	1718	0	0	0	1	0	1.144733
166	1730	0	0	0	2	0	1.064032
167	1741	0	0	0	0	0	1.735529
168	1753	0	0	0	2	0	2.826674
169	1761	0	0	0	0	0	2.701718
170	1773	0	0	0	1	0	2.739283
171	1781	0	0	0	0	0	2.330870
172	1786	0	0	0	0	0	2.124129
173	1798	0	0	0	2	0	1.826065
174	1814	0	0	0	0	0	2.934464
175	1819	0	0	0	2	0	2.775656
176	1826	0	0	0	2	0	1.406101
177	1831	0	0	0	0	0	1.673526
178	1843	0	0	0	0	0	1.902240
179	1858	0	0	0	1	0	2.575868
180	1869	0	0	0	1	0	1.896294
181	1883	0	0	0	1	0	2.763951
182	1890	0	0	0	2	0	1.621351
183	1895	0	0	0	1	0	1.803581
184	1908	0	0	0	1	0	1.337993
185	1920	0	0	0	0	0	1.623062
186	1930	0	0	0	1	0	2.575563
187	1937	0	0	0	1	0	1.389400
188	1939	0	0	0	2	0	2.611744
189	1946	0	0	0	2	0	1.358755
190	1957	0	0	0	1	0	1.816399
191	1959	0	0	0	1	0	1.719017
192	1974	0	0	0	2	0	2.480589
193	1988	0	0	0	1	0	2.156657
194	1996	0	0	0	1	0	1.798654
195	2003	0	0	0	0	0	1.875868
196	2015	0	0	0	1	0	2.533032
197	2027	0	0	0	2	0	1.834177
198	2042	0	0	0	1	0	2.514833
199	2050	0	0	0	2	0	2.401673
200	2056	0	0	0	2	0	1.196416
201	2067	0	0	0	1	0	2.638345
202	2072	0	0	0	2	0	2.058329
203	2084	0	0	0	1	0	2.580499
204	2094	0	0	0	0	0	1.030917
205	2105	0	0	0	1	0	1.344049
206	2118	0	0	0	0	0	1.295550
207	2126	0	0	0	1	0	1.291521
208	2138	0	0	0	0	0	2.005487
209	2150	0	0	0	2	0	2.339689
210	2160	0	0	0	2	0	1.869995
211	2169	0	0	0	0	0	1.492698
212	2176	0	0	0	2	0	2.971750
213	2187	0	0	0	1	0	2.928501
214	2198	0	0	0	0	0	2.166533
215	2204	0	0	0	1	0	1.023839
216	2215	0	0	0	1	0	2.123481
217	2228	0	0	0	1	0	1.041022
218	2241	0	0	0	1	0	2.165862
219	2250	0	0	0	2	0	1.109745
220	2260	0	0	0	0	0	2.231425
221	2275	0	0	0	0	0	2.347303
222	2287	0	0	0	0	0	2.176395
223	2297	0	0	0	1	0	1.199290
224	2303	0	0	0	2	0	2.572647
225	2309	0	0	0	0	0	1.095119
226	2315	0	0	0	2	0	1.642575
227	2321	0	0	0	1	0	1.748047
228	2328	0	0	0	2	0	2.245711
229	2335	0	0	0	1	0	2.650400
230	2346	0	0	0	0	0	2.363788
231	2355	0	0	0	0	0	1.582292
232	2366	0	0	0	1	0	1.944256
233	2377	0	0	0	2	0	2.508010
234	2394	0	0	0	0	0	2.854053
235	2402	0	0	0	1	0	1.013301
236	2409	0	0	0	2	0	1.329806
237	2420	0	0	0	0	0	2.099115
238	2430	0	0	0	1	0	1.612752
239	2441	0	0	0	0	0	2.876202
240	2448	0	0	0	1	0	1.229156
241	2458	0	0	0	1	0	1.541607
242	2467	0	0	0	0	0	2.306254
243	2476	0	0	0	1	0	1.494847
244	2489	0	0	0	1	0	1.035885
245	2503	0	0	0	0	0	2.095904
246	2511	0	0	0	1	0	2.698742
247	2521	0	0	0	0	0	1.967879
248	2530	0	0	0	0	0	1.944339
249	2541	0	0	0	0	0	1.793983
250	2553	0	0	0	1	0	1.626555
251	2563	0	0	0	0	0	2.673481
252	2571	0	0	0	1	0	2.282064
253	2578	0	0	0	0	0	1.628698
254	2587	0	0	0	0	0	2.912672
255	2599	0	0	0	2	0	1.706635
256	2610	0	0	0	0	0	2.105704
257	2614	0	0	0	1	0	2.752456
258	2624	0	0	0	1	0	2.394936
259	2627	0	0	0	0	0	2.278855
260	2638	0	0	0	0	0	2.054614
261	2652	0	0	0	0	0	1.086000
262	2666	0	0	0	0	0	1.955306
263	2673	0	0	0	0	0	1.606786
264	2677	0	0	0	0	0	1.548452
265	2690	0	0	0	0	0	1.634357
266	2700	0	0	0	0	0	1.877800
267	2708	0	0	0	1	0	2.608589
268	2716	0	0	0	1	0	2.925837
269	2726	0	0	0	0	0	1.442298
270	2733	0	0	0	0	0	2.034174
271	2747	0	0	0	1	0	2.930620
272	2763	0	0	0	2	0	2.673244
273	2773	0	0	0	2	0	2.568300
274	2784	0	0	0	0	0	1.110635
275	2793	0	0	0	2	0	2.336134
276	2806	0	0	0	0	0	1.340700
277	2816	0	0	0	0	0	1.823076
278	2831	0	0	0	2	0	2.751141
279	2844	0	0	0	1	0	1.069234
280	2854	0	0	0	0	0	1.571338
281	2863	0	0	0	1	0	2.884007
282	2872	0	0	0	2	0	2.680723
283	2878	0	0	0	2	0	2.243551
284	2889	0	0	0	0	0	2.201187
285	2902	0	0	0	0	0	2.466305
286	2914	0	0	0	2	0	1.745539
287	2923	0	0	0	0	0	1.144593
288	2935	0	0	0	0	0	2.415922
289	2940	0	0	0	2	0	2.954464
290	2949	0	0	0	2	0	2.039072
291	2959	0	0	0	0	0	2.724362
292	2974	0	0	0	0	0	1.096333
293	2983	0	0	0	0	0	2.110292
294	2991	0	0	0	2	0	2.373025
295	2998	0	0	0	2	0	2.432984
296	3009	0	0	0	2	0	2.924526
297	3016	0	0	0	2	0	2.725450
298	3026	0	0	0	1	0	1.444347
299	3038	0	0	0	0	0	1.007052
300	3049	0	0	0	1	0	1.855864
301	3057	0	0	0	1	0	1.024957
302	3061	0	0	0	0	0	2.444953
303	3075	0	0	0	1	0	1.789094
304	3083	0	0	0	2	0	2.625681
305	3090	0	0	0	1	0	1.065350
306	3093	0	0	0	2	0	2.444234
307	3100	0	0	0	1	0	1.103032
308	3109	0	0	0	1	0	1.864823
309	3117	0	0	0	0	0	2.480746
310	3123	0	0	0	2	0	1.020037
311	3133	0	0	0	1	0	2.054033
312	3143	0	0	0	0	0	1.466740
313	3159	0	0	0	2	0	2.938882
314	3172	0	0	0	2	0	1.714008
315	3182	0	0	0	0	0	2.993308
316	3197	0	0	0	0	0	2.243085
317	3211	0	0	0	2	0	2.208878
318	3219	0	0	0	2	0	1.035282
319	3232	0	0	0	0	0	2.138217
320	3237	0	0	0	2	0	1.472148
321	3248	0	0	0	1	0	2.076146
322	3254	0	0	0	2	0	1.674574
323	3265	0	0	0	0	0	2.363765
324	3277	0	0	0	1	0	1.254011
325	3291	0	0	0	2	0	1.718338
326	3303	0	0	0	0	0	1.189729
327	3319	0	0	0	1	0	1.592710
328	3330	0	0	0	1	0	2.652731
329	3340	0	0	0	2	0	2.814141
330	3355	0	0	0	1	0	2.083989
331	3366	0	0	0	1	0	1.318139
332	3382	0	0	0	2	0	2.541551
333	3391	0	0	0	1	0	1.199175
334	3402	0	0	0	1	0	2.080106
335	3419	0	0	0	1	0	2.810025
336	3428	0	0	0	1	0	1.454283
337	3435	0	0	0	1	0	1.457112
338	3444	0	0	0	2	0	2.921544
339	3452	0	0	0	2	0	2.712404
340	3461	0	0	0	2	0	2.310436
341	3473	0	0	0	1	0	1.735678
342	3481	0	0	0	0	0	2.042163
343	3485	0	0	0	0	0	1.696632
344	3492	0	0	0	0	0	2.637964
345	3501	0	0	0	1	0	1.580170
346	3514	0	0	0	1	0	2.516556
347	3524	0	0	0	0	0	2.690208
348	3532	0	0	0	1	0	1.310003
349	3542	0	0	0	1	0	2.411223
350	3548	0	0	0	1	0	1.132085
351	3560	0	0	0	1	0	1.944738
352	3572	0	0	0	2	0	1.925327
353	3579	0	0	0	1	0	1.748427
354	3586	0	0	0	1	0	2.777803
355	3599	0	0	0	0	0	1.267465
356	3611	0	0	0	0	0	1.935753
357	3624	0	0	0	2	0	2.972393
358	3632	0	0	0	2	0	2.970096
359	3644	0	0	0	1	0	1.581593
360	3658	0	0	0	2	0	2.621025
361	3664	0	0	0	0	0	1.172381
362	3673	0	0	0	0	0	1.553799
363	3683	0	0	0	1	0	1.306830
364	3694	0	0	0	0	0	2.630650
365	3705	0	0	0	0	0	2.605365
366	3718	0	0	0	0	0	1.041000
367	3724	0	0	0	2	0	2.391838
368	3731	0	0	0	1	0	1.114990
369	3736	0	0	0	1	0	1.132001
370	3743	0	0	0	1	0	2.155275
371	3756	0	0	0	0	0	1.495247
372	3764	0	0	0	0	0	1.887595
373	3775	0	0	0	2	0	2.374484
374	3787	0	0	0	0	0	1.652545
375	3795	0	0	0	0	0	1.359743
376	3807	0	0	0	2	0	2.076246
377	3821	0	0	0	2	0	1.318610
378	3832	0	0	0	1	0	2.777045
379	3848	0	0	0	1	0	2.761551
380	3860	0	0	0	0	0	2.683353
381	3867	0	0	0	0	0	2.674534
382	3875	0	0	0	2	0	1.679833
383	3881	0	0	0	0	0	2.624576
384	3887	0	0	0	0	0	2.257192
385	3899	0	0	0	0	0	2.355481
386	3908	0	0	0	0	0	1.186911
387	3921	0	0	0	0	0	1.687232
388	3928	0	0	0	0	0	1.828839
389	3941	0	0	0	1	0	1.581827
390	3952	0	0	0	0	0	1.527789
391	3970	0	0	0	0	0	1.287751
392	3980	0	0	0	1	0	1.034093
393	3990	0	0	0	1	0	1.320614
394	4002	0	0	0	0	0	2.454144
395	4010	0	0	0	0	0	2.065333
396	4016	0	0	0	1	0	1.759547
397	4026	0	0	0	0	0	1.577785
398	4037	0	0	0	0	0	2.911887
399	4046	0	0	0	2	0	1.876842
400	4055	0	0	0	2	0	2.604652
401	4068	0	0	0	1	0	2.250592
402	4076	0	0	0	0	0	1.309908
403	4086	0	0	0	2	0	2.670195
404	4094	0	0	0	0	0	1.705939
405	4103	0	0	0	0	0	1.069683
406	4115	0	0	0	2	0	1.121172
407	4123	0	0	0	0	0	2.936649
408	4132	0	0	0	0	0	2.834727
409	4143	0	0	0	1	0	2.592449
410	4161	0	0	0	2	0	1.971367
411	4173	0	0	0	1	0	2.654834
412	4179	0	0	0	1	0	2.317384
413	4193	0	0	0	1	0	1.638849
414	4210	0	0	0	0	0	2.243805
415	4217	0	0	0	0	0	1.389445
416	4229	0	0	0	1	0	2.431249
417	4244	0	0	0	2	0	1.556129
418	4252	0	0	0	0	0	1.451318
419	4263	0	0	0	1	0	2.945653
420	4273	0	0	0	2	0	2.620963
421	4286	0	0	0	1	0	1.005036
422	4302	0	0	0	1	0	2.385623
423	4309	0	0	0	1	0	2.796818
424	4316	0	0	0	2	0	2.559234
425	4327	0	0	0	2	0	1.127016
426	4335	0	0	0	1	0	1.565495
427	4341	0	0	0	1	0	2.634220
428	4346	0	0	0	1	0	2.910973
429	4361	0	0	0	2	0	2.307643
430	4374	0	0	0	0	0	1.701071
431	4380	0	0	0	1	0	2.695909
432	4391	0	0	0	0	0	2.542749
433	4405	0	0	0	2	0	1.551499
434	4416	0	0	0	2	0	1.392355
435	4427	0	0	0	2	0	2.771254
436	4440	0	0	0	1	0	1.757880
437	4452	0	0	0	0	0	2.473405
438	4469	0	0	0	2	0	2.854479
439	4484	0	0	0	1	0	2.735828
440	4491	0	0	0	2	0	1.709901
441	4494	0	0	0	1	0	2.748067
442	4507	0	0	0	0	0	1.505158
443	4514	0	0	0	1	0	1.298560
444	4523	0	0	0	1	0	2.767121
445	4537	0	0	0	0	0	1.154645
446	4547	0	0	0	0	0	2.850577
447	4558	0	0	0	0	0	1.286167
448	4569	0	0	0	0	0	1.017543
449	4578	0	0	0	1	0	2.496024
450	4590	0	0	0	2	0	1.667262
451	4600	0	0	0	2	0	2.152220
452	4609	0	0	0	0	0	1.955934
453	4610	0	0	0	2	0	2.464028
454	4630	0	0	0	2	0	1.473319
455	4639	0	0	0	1	0	2.543042
456	4648	0	0	0	0	0	1.800213
457	4665	0	0	0	1	0	1.810328
458	4674	0	0	0	2	0	2.207605
459	4685	0	0	0	2	0	2.903019
460	4690	0	0	0	0	0	1.204213
461	4697	0	0	0	0	0	1.812259
462	4711	0	0	0	0	0	2.423065
463	4723	0	0	0	0	0	2.579382
464	4730	0	0	0	1	0	2.832708
465	4738	0	0	0	0	0	1.575398
466	4752	0	0	0	1	0	2.578706
467	4757	0	0	0	2	0	2.600513
468	4771	0	0	0	2	0	1.114222
469	4787	0	0	0	1	0	1.974314
470	4798	0	0	0	0	0	2.916615
471	4808	0	0	0	0	0	2.651028
472	4821	0	0	0	1	0	2.925619
473	4838	0	0	0	0	0	2.245545
474	4851	0	0	0	0	0	2.909368
475	4865	0	0	0	2	0	2.684208
476	4870	0	0	0	2	0	1.724710
477	4882	0	0	0	1	0	1.881449
478	4890	0	0	0	0	0	1.440594
479	4895	0	0	0	2	0	2.419688
480	4909	0	0	0	1	0	2.314755
481	4927	0	0	0	0	0	1.793056
482	4940	0	0	0	2	0	2.006812
483	4950	0	0	0	0	0	1.911958
484	4958	0	0	0	0	0	2.972521
485	4965	0	0	0	2	0	1.661821
486	4975	0	0	0	0	0	1.522900
487	4982	0	0	0	2	0	1.355971
488	4997	0	0	0	0	0	1.971362
489	5007	0	0	0	1	0	2.576678
490	5016	0	0	0	0	0	1.074939
491	5027	0	0	0	1	0	1.670358
492	5038	0	0	0	1	0	1.175194
493	5048	0	0	0	0	0	1.012512
494	5059	0	0	0	2	0	2.761693
495	5063	0	0	0	2	0	2.255446
496	5074	0	0	0	2	0	2.069167
497	5087	0	0	0	0	0	1.781565
498	5095	0	0	0	2	0	2.993151
499	5103	0	0	0	1	0	1.818147
500	5108	0	0	0	2	0	1.230868
501	5117	0	0	0	2	0	1.147927
502	5127	0	0	0	1	0	1.220355
503	5135	0	0	0	1	0	1.373768
504	5147	0	0	0	2	0	2.853712
505	5159	0	0	0	1	0	1.569556
506	5176	0	0	0	0	0	1.205507
507	5184	0	0	0	0	0	2.486277
508	5192	0	0	0	0	0	2.293313
509	5199	0	0	0	1	0	1.067210
510	5203	0	0	0	1	0	2.227657
511	5220	0	0	0	2	0	1.089408
512	5228	0	0	0	0	0	2.445520
513	5234	0	0	0	0	0	1.302804
514	5243	0	0	0	1	0	2.573218
515	5255	0	0	0	0	0	2.229285
516	5265	0	0	0	0	0	2.932826
517	5272	0	0	0	1	0	1.206740
518	5278	0	0	0	0	0	1.406998
519	5288	0	0	0	1	0	2.504962
520	5304	0	0	0	0	0	2.077311
521	5311	0	0	0	2	0	2.198984
522	5321	0	0	0	1	0	1.540337
523	5329	0	0	0	0	0	2.276566
524	5343	0	0	0	0	0	2.420182
525	5350	0	0	0	0	0	1.732878
526	5359	0	0	0	0	0	1.470101
527	5366	0	0	0	0	0	2.701016
528	5374	0	0	0	2	0	2.207189
529	5382	0	0	0	0	0	1.981771
530	5396	0	0	0	2	0	2.842908
531	5404	0	0	0	0	0	1.021467
532	5414	0	0	0	0	0	2.665377
533	5424	0	0	0	0	0	1.994992
534	5438	0	0	0	1	0	1.384080
535	5445	0	0	0	0	0	2.686352
536	5454	0	0	0	2	0	2.471364
537	5465	0	0	0	1	0	2.944623
538	5476	0	0	0	0	0	1.592406
539	5486	0	0	0	0	0	1.708026
540	5494	0	0	0	2	0	1.358694
541	5503	0	0	0	0	0	1.772067
542	5517	0	0	0	2	0	1.037552
543	5527	0	0	0	2	0	2.600671
544	5536	0	0	0	1	0	2.764227
545	5551	0	0	0	2	0	1.101438
546	5559	0	0	0	0	0	2.841589
547	5569	0	0	0	2	0	1.917506
548	5577	0	0	0	0	0	2.535928
549	5587	0	0	0	1	0	1.103854
550	5596	0	0	0	2	0	1.126246
551	5609	0	0	0	0	0	1.680415
552	5616	0	0	0	1	0	1.965345
553	5628	0	0	0	0	0	2.521372
554	5638	0	0	0	0	0	2.625064
555	5649	0	0	0	1	0	1.696601
556	5662	0	0	0	1	0	2.468862
557	5672	0	0	0	1	0	1.411948
558	5677	0	0	0	2	0	2.226875
559	5690	0	0	0	0	0	2.120833
560	5705	0	0	0	1	0	2.075591
561	5712	0	0	0	1	0	1.934058
562	5722	0	0	0	2	0	1.717701
563	5736	0	0	0	0	0	1.091898
564	5742	0	0	0	1	0	1.051641
565	5748	0	0	0	0	0	1.981010
566	5759	0	0	0	2	0	1.566357
567	5763	0	0	0	0	0	1.279045
568	5773	0	0	0	2	0	1.063698
569	5781	0	0	0	0	0	1.512720
570	5794	0	0	0	2	0	1.334139
571	5804	0	0	0	2	0	2.886648
572	5810	0	0	0	1	0	2.942313
573	5818	0	0	0	2	0	1.538687
574	5825	0	0	0	1	0	2.276441
575	5837	0	0	0	0	0	2.919802
576	5847	0	0	0	2	0	1.570208
577	5860	0	0	0	2	0	2.069248
578	5870	0	0	0	1	0	1.334427
579	5883	0	0	0	1	0	2.901673
580	5888	0	0	0	1	0	2.874841
581	5904	0	0	0	1	0	1.380177
582	5920	0	0	0	0	0	1.098095
583	5929	0	0	0	0	0	2.993941
584	5938	0	0	0	0	0	2.589087
585	5947	0	0	0	0	0	1.508596
586	5956	0	0	0	2	0	2.449069
587	5965	0	0	0	2	0	2.879368
588	5973	0	0	0	2	0	1.211442
589	5983	0	0	0	1	0	2.672166
590	5993	0	0	0	0	0	2.382373
591	6005	0	0	0	0	0	1.417653
592	6018	0	0	0	1	0	2.712064
593	6031	0	0	0	1	0	2.983307
594	6043	0	0	0	0	0	2.323280
595	6052	0	0	0	0	0	2.783622
596	6066	0	0	0	0	0	1.345345
597	6073	0	0	0	1	0	2.574804
598	6080	0	0	0	0	0	2.751044
599	6092	0	0	0	0	0	1.937763
600	6105	0	0	0	0	0	2.647681
601	6116	0	0	0	2	0	1.214937
602	6126	0	0	0	0	0	1.526179
603	6135	0	0	0	2	0	1.523719
604	6146	0	0	0	1	0	1.746244
605	6152	0	0	0	0	0	1.470195
606	6158	0	0	0	0	0	2.615374
607	6169	0	0	0	1	0	1.751991
608	6180	0	0	0	0	0	1.949293
609	6187	0	0	0	1	0	1.541706
610	6194	0	0	0	1	0	2.430905
611	6202	0	0	0	1	0	2.491729
612	6207	0	0	0	0	0	2.104357
613	6215	0	0	0	1	0	1.366882
614	6222	0	0	0	0	0	2.273246
615	6235	0	0	0	0	0	2.412537
616	6245	0	0	0	2	0	2.293349
617	6255	0	0	0	0	0	1.364752
618	6266	0	0	0	1	0	1.506114
619	6282	0	0	0	2	0	2.928876
620	6292	0	0	0	0	0	1.305206
621	6303	0	0	0	0	0	2.017476
622	6313	0	0	0	0	0	1.483340
623	6323	0	0	0	0	0	1.414861
624	6331	0	0	0	0	0	1.795346
625	6344	0	0	0	0	0	1.948076
626	6354	0	0	0	1	0	1.656673
627	6366	0	0	0	0	0	1.266481
628	6373	0	0	0	0	0	2.352305
629	6389	0	0	0	2	0	2.665188
630	6401	0	0	0	0	0	1.142894
631	6413	0	0	0	0	0	1.433103
632	6427	0	0	0	1	0	1.750753
633	6436	0	0	0	1	0	2.622021
634	6445	0	0	0	2	0	2.570627
635	6450	0	0	0	0	0	2.342815
636	6452	0	0	0	1	0	2.408779
637	6463	0	0	0	0	0	2.383893
638	6474	0	0	0	0	0	1.020149
639	6487	0	0	0	0	0	1.266839
640	6495	0	0	0	0	0	1.665671
641	6501	0	0	0	1	0	1.647548
642	6508	0	0	0	0	0	2.704200
643	6523	0	0	0	2	0	1.939984
644	6530	0	0	0	0	0	1.721781
645	6539	0	0	0	0	0	1.322838
646	6553	0	0	0	0	0	2.155692
647	6563	0	0	0	1	0	1.513692
648	6568	0	0	0	0	0	1.761590
649	6577	0	0	0	1	0	1.405499
650	6591	0	0	0	2	0	2.374297
651	6604	0	0	0	1	0	2.973187
652	6615	0	0	0	2	0	2.219647
653	6627	0	0	0	0	0	2.597016
654	6637	0	0	0	0	0	2.520155
655	6642	0	0	0	1	0	2.784410
656	6647	0	0	0	0	0	2.337856
657	6652	0	0	0	0	0	1.837166
658	6660	0	0	0	2	0	1.548822
659	6673	0	0	0	0	0	2.825128
660	6684	0	0	0	1	0	1.331272
661	6693	0	0	0	2	0	1.210149
662	6701	0	0	0	0	0	2.894861
663	6712	0	0	0	0	0	1.136161
664	6716	0	0	0	0	0	1.556071
665	6727	0	0	0	1	0	1.725217
666	6740	0	0	0	0	0	2.986414
667	6751	0	0	0	2	0	2.748443
668	6756	0	0	0	2	0	2.395194
669	6762	0	0	0	1	0	1.946819
670	6776	0	0	0	0	0	1.670155
671	6788	0	0	0	0	0	2.230874
672	6799	0	0	0	2	0	2.276524
673	6810	0	0	0	0	0	1.511304
674	6817	0	0	0	0	0	2.875199
675	6832	0	0	0	1	0	1.089990
676	6851	0	0	0	2	0	2.478513
677	6858	0	0	0	0	0	2.196463
678	6871	0	0	0	1	0	2.757529
679	6883	0	0	0	0	0	2.923303
680	6896	0	0	0	0	0	1.099284
681	6906	0	0	0	2	0	2.659768
682	6911	0	0	0	1	0	1.577943
683	6922	0	0	0	2	0	1.073455
684	6932	0	0	0	0	0	2.743321
685	6946	0	0	0	2	0	2.107695
686	6952	0	0	0	1	0	2.950988
687	6960	0	0	0	0	0	2.611055
688	6973	0	0	0	2	0	1.925062
689	6986	0	0	0	0	0	1.441831
690	6997	0	0	0	2	0	2.986491
691	7007	0	0	0	1	0	2.890313
692	7018	0	0	0	1	0	1.363447
693	7031	0	0	0	1	0	2.300755
694	7044	0	0	0	2	0	1.838398
695	7057	0	0	0	1	0	2.532446
696	7064	0	0	0	0	0	1.108116
697	7072	0	0	0	1	0	1.551823
698	7083	0	0	0	2	0	1.612010
699	7091	0	0	0	2	0	2.683870
700	7098	0	0	0	2	0	1.714221
701	7112	0	0	0	1	0	1.373220
702	7119	0	0	0	2	0	2.891740
703	7128	0	0	0	2	0	1.546305
704	7141	0	0	0	2	0	1.848219
705	7151	0	0	0	1	0	1.672681
706	7158	0	0	0	1	0	1.109682
707	7167	0	0	0	0	0	1.637734
708	7178	0	0	0	1	0	2.453300
709	7189	0	0	0	1	0	1.313909
710	7198	0	0	0	1	0	2.142866
711	7205	0	0	0	0	0	1.039453
712	7214	0	0	0	0	0	1.663439
713	7222	0	0	0	0	0	2.592768
714	7231	0	0	0	0	0	1.900894
715	7244	0	0	0	1	0	1.331137
716	7257	0	0	0	0	0	1.991193
717	7265	0	0	0	0	0	1.832049
718	7276	0	0	0	0	0	2.464761
719	7287	0	0	0	0	0	2.814390
720	7300	0	0	0	1	0	1.322766
721	7312	0	0	0	0	0	1.976381
722	7321	0	0	0	1	0	2.665547
723	7332	0	0	0	2	0	1.753712
724	7340	0	0	0	0	0	2.541631
725	7354	0	0	0	2	0	1.867701
726	7365	0	0	0	1	0	1.264368
727	7376	0	0	0	0	0	2.839748
728	7385	0	0	0	0	0	1.145664
729	7394	0	0	0	2	0	2.794127
730	7404	0	0	0	1	0	1.469006
731	7416	0	0	0	0	0	1.884521
732	7422	0	0	0	0	0	2.413894
733	7428	0	0	0	1	0	2.948864
734	7438	0	0	0	0	0	2.035736
735	7446	0	0	0	0	0	2.522728
736	7453	0	0	0	0	0	1.082522
737	7462	0	0	0	1	0	1.824799
738	7475	0	0	0	2	0	1.387293
739	7486	0	0	0	1	0	1.223303
740	7498	0	0	0	0	0	1.646740
741	7512	0	0	0	1	0	1.800469
742	7518	0	0	0	1	0	1.723942
743	7531	0	0	0	0	0	2.080600
744	7539	0	0	0	0	0	2.463210
745	7546	0	0	0	0	0	1.772667
746	7550	0	0	0	2	0	2.340105
747	7562	0	0	0	0	0	1.156720
748	7569	0	0	0	1	0	1.054559
749	7579	0	0	0	0	0	1.498384
750	7581	0	0	0	1	0	2.302584
751	7592	0	0	0	2	0	1.789925
752	7602	0	0	0	2	0	2.936789
753	7612	0	0	0	1	0	1.408722
754	7620	0	0	0	2	0	1.959438
755	7630	0	0	0	1	0	2.130565
756	7642	0	0	0	0	0	2.789806
757	7656	0	0	0	1	0	2.201528
758	7669	0	0	0	0	0	2.205478
759	7677	0	0	0	1	0	2.947322
760	7684	0	0	0	0	0	2.221185
761	7693	0	0	0	0	0	2.496075
762	7706	0	0	0	0	0	2.656512
763	7721	0	0	0	0	0	2.116389
764	7727	0	0	0	0	0	2.824571
765	7740	0	0	0	0	0	1.816794
766	7743	0	0	0	2	0	2.615786
767	7754	0	0	0	1	0	1.304069
768	7762	0	0	0	0	0	2.706442
769	7768	0	0	0	0	0	1.210197
770	7783	0	0	0	2	0	1.038637
771	7794	0	0	0	1	0	2.838503
772	7802	0	0	0	2	0	1.410261
773	7812	0	0	0	0	0	1.477856
774	7825	0	0	0	1	0	2.121887
775	7833	0	0	0	1	0	2.805564
776	7839	0	0	0	0	0	2.301554
777	7845	0	0	0	0	0	1.949963
778	7858	0	0	0	2	0	1.907511
779	7870	0	0	0	1	0	2.228755
780	7878	0	0	0	0	0	1.412081
781	7887	0	0	0	0	0	2.760070
782	7897	0	0	0	1	0	1.062649
783	7908	0	0	0	1	0	2.256606
784	7915	0	0	0	1	0	2.750664
785	7926	0	0	0	0	0	1.504261
786	7943	0	0	0	0	0	1.647961
787	7957	0	0	0	0	0	2.971572
788	7972	0	0	0	0	0	2.676620
789	7982	0	0	0	0	0	1.968584
790	7991	0	0	0	0	0	2.794786
791	7997	0	0	0	0	0	2.376411
792	8003	0	0	0	1	0	2.209534
793	8009	0	0	0	1	0	1.950667
794	8021	0	0	0	1	0	2.716198
795	8038	0	0	0	0	0	2.330699
796	8053	0	0	0	0	0	1.610965
797	8064	0	0	0	1	0	2.172781
798	8075	0	0	0	0	0	2.320217
799	8082	0	0	0	1	0	1.759716
800	8095	0	0	0	0	0	2.701474
801	8106	0	0	0	0	0	1.184128
802	8115	0	0	0	0	0	1.046181
803	8126	0	0	0	0	0	2.697895
804	8140	0	0	0	2	0	2.617125
805	8148	0	0	0	1	0	1.925758
806	8153	0	0	0	2	0	2.429358
807	8166	0	0	0	0	0	1.429480
808	8173	0	0	0	1	0	1.876086
809	8183	0	0	0	1	0	2.676687
810	8196	0	0	0	2	0	1.060038
811	8205	0	0	0	1	0	1.438221
812	8218	0	0	0	1	0	1.571304
813	8231	0	0	0	1	0	1.521938
814	8241	0	0	0	2	0	2.546728
815	8249	0	0	0	2	0	2.396339
816	8253	0	0	0	2	0	1.575032
817	8268	0	0	0	2	0	2.730767
818	8279	0	0	0	1	0	1.835118
819	8291	0	0	0	1	0	2.564704
820	8302	0	0	0	0	0	1.888108
821	8311	0	0	0	2	0	1.600117
822	8319	0	0	0	0	0	1.077142
823	8329	0	0	0	1	0	1.528717
824	8346	0	0	0	0	0	1.905508
825	8352	0	0	0	2	0	1.923714
826	8358	0	0	0	2	0	2.914033
827	8365	0	0	0	1	0	1.487430
828	8369	0	0	0	0	0	2.816687
829	8381	0	0	0	0	0	2.222021
830	8393	0	0	0	0	0	2.463147
831	8402	0	0	0	0	0	1.241541
832	8410	0	0	0	1	0	2.741328
833	8416	0	0	0	1	0	1.008692
834	8430	0	0	0	2	0	1.741527
835	8438	0	0	0	0	0	2.556957
836	8452	0	0	0	0	0	2.380741
837	8464	0	0	0	0	0	2.642237
838	8472	0	0	0	0	0	1.770925
839	8482	0	0	0	1	0	2.642892
840	8488	0	0	0	0	0	2.934822
841	8498	0	0	0	2	0	2.706755
842	8505	0	0	0	0	0	2.396912
843	8511	0	0	0	1	0	2.576596
844	8523	0	0	0	1	0	1.767746
845	8535	0	0	0	1	0	1.517090
846	8546	0	0	0	1	0	1.220966
847	8556	0	0	0	2	0	1.454406
848	8572	0	0	0	1	0	1.948177
849	8581	0	0	0	2	0	1.537397
850	8596	0	0	0	2	0	1.786771
851	8606	0	0	0	0	0	1.584407
852	8615	0	0	0	0	0	1.530420
853	8623	0	0	0	0	0	1.701955
854	8634	0	0	0	1	0	2.627728
855	8649	0	0	0	0	0	1.213247
856	8654	0	0	0	2	0	2.382225
857	8659	0	0	0	1	0	2.048696
858	8668	0	0	0	0	0	2.700089
859	8679	0	0	0	2	0	2.153091
860	8690	0	0	0	2	0	1.629724
861	8697	0	0	0	0	0	2.593134
862	8709	0	0	0	0	0	1.284862
863	8719	0	0	0	0	0	1.446236
864	8734	0	0	0	0	0	1.085949
865	8742	0	0	0	1	0	2.945528
866	8758	0	0	0	1	0	2.581928
867	8765	0	0	0	1	0	1.375890
868	8777	0	0	0	1	0	2.969652
869	8790	0	0	0	1	0	2.134139
870	8797	0	0	0	1	0	2.512243
871	8806	0	0	0	0	0	2.038785
872	8814	0	0	0	1	0	2.420521
873	8830	0	0	0	0	0	1.054363
874	8840	0	0	0	2	0	1.516908
875	8845	0	0	0	1	0	2.575900
876	8855	0	0	0	2	0	2.748431
877	8859	0	0	0	1	0	2.255465
878	8875	0	0	0	0	0	1.551409
879	8888	0	0	0	1	0	1.584439
880	8892	0	0	0	2	0	2.891952
881	8907	0	0	0	1	0	2.260720
882	8914	0	0	0	1	0	2.275149
883	8918	0	0	0	2	0	1.465660
884	8928	0	0	0	1	0	2.534207
885	8936	0	0	0	1	0	1.108520
886	8950	0	0	0	1	0	1.401843
887	8966	0	0	0	2	0	2.796403
888	8976	0	0	0	0	0	2.340895
889	8986	0	0	0	2	0	1.735406
890	8997	0	0	0	1	0	2.133030
891	9007	0	0	0	0	0	2.163488
892	9012	0	0	0	0	0	1.419916
893	9023	0	0	0	2	0	2.187175
894	9029	0	0	0	1	0	2.911501
895	9038	0	0	0	1	0	1.678845
896	9049	0	0	0	1	0	2.434733
897	9057	0	0	0	0	0	2.761093
898	9068	0	0	0	1	0	1.033815
899	9078	0	0	0	2	0	1.222551
900	9090	0	0	0	1	0	2.461441
901	9100	0	0	0	1	0	2.262726
902	9110	0	0	0	0	0	1.665191
903	9123	0	0	0	0	0	2.089358
904	9126	0	0	0	2	0	1.589591
905	9132	0	0	0	1	0	2.682797
906	9140	0	0	0	1	0	2.944876
907	9150	0	0	0	0	0	2.124259
908	9162	0	0	0	2	0	1.476412
909	9172	0	0	0	1	0	1.552744
910	9181	0	0	0	1	0	2.937692
911	9192	0	0	0	0	0	1.523209
912	9200	0	0	0	2	0	2.570014
913	9205	0	0	0	0	0	1.353257
914	9214	0	0	0	0	0	2.338596
915	9224	0	0	0	2	0	1.060240
916	9235	0	0	0	0	0	1.626707
917	9247	0	0	0	2	0	2.439842
918	9256	0	0	0	0	0	1.296047
919	9271	0	0	0	0	0	1.536218
920	9286	0	0	0	0	0	1.895760
921	9294	0	0	0	2	0	1.507703
922	9307	0	0	0	1	0	1.535535
923	9322	0	0	0	0	0	2.399172
924	9329	0	0	0	2	0	1.285788
925	9342	0	0	0	0	0	2.106886
926	9349	0	0	0	0	0	1.541309
927	9357	0	0	0	0	0	1.023792
928	9364	0	0	0	1	0	2.315425
929	9372	0	0	0	2	0	1.450026
930	9380	0	0	0	1	0	2.650146
931	9386	0	0	0	2	0	1.377224
932	9396	0	0	0	1	0	2.893987
933	9404	0	0	0	2	0	1.865626
934	9415	0	0	0	1	0	1.381500
935	9428	0	0	0	1	0	2.031198
936	9436	0	0	0	0	0	1.497519
937	9444	0	0	0	1	0	1.725339
938	9451	0	0	0	2	0	1.838917
939	9462	0	0	0	1	0	2.314666
940	9469	0	0	0	2	0	1.705328
941	9482	0	0	0	0	0	1.948597
942	9495	0	0	0	0	0	1.567680
943	9516	0	0	0	0	0	2.132593
944	9525	0	0	0	0	0	1.996592
945	9535	0	0	0	0	0	2.498275
946	9538	0	0	0	0	0	1.697880
947	9550	0	0	0	0	0	2.222115
948	9560	0	0	0	0	0	1.510822
949	9570	0	0	0	0	0	1.860049
950	9579	0	0	0	1	0	1.806013
951	9588	0	0	0	0	0	2.244473
952	9597	0	0	0	0	0	1.683132
953	9607	0	0	0	0	0	2.657526
954	9618	0	0	0	0	0	2.566825
955	9625	0	0	0	0	0	1.696817
956	9636	0	0	0	2	0	1.154390
957	9647	0	0	0	0	0	1.480851
958	9655	0	0	0	2	0	2.699992
959	9667	0	0	0	1	0	2.127240
960	9676	0	0	0	1	0	2.212620
961	9686	0	0	0	0	0	2.606277
962	9692	0	0	0	2	0	1.685436
963	9702	0	0	0	0	0	1.344085
964	9708	0	0	0	0	0	2.447850
965	9718	0	0	0	1	0	1.378230
966	9736	0	0	0	0	0	1.166424
967	9747	0	0	0	0	0	2.309950
968	9761	0	0	0	1	0	1.534149
969	9767	0	0	0	0	0	1.677937
970	9775	0	0	0	2	0	2.055980
971	9786	0	0	0	0	0	1.373606
972	9799	0	0	0	0	0	2.579411
973	9810	0	0	0	0	0	2.241076
974	9821	0	0	0	0	0	1.491193
975	9832	0	0	0	2	0	1.326355
976	9843	0	0	0	2	0	1.244836
977	9853	0	0	0	1	0	1.944516
978	9863	0	0	0	1	0	2.647511
979	9872	0	0	0	0	0	1.864641
980	9875	0	0	0	0	0	2.455957
981	9885	0	0	0	1	0	1.227470
982	9895	0	0	0	2	0	1.423653
983	9905	0	0	0	2	0	1.727640
984	9917	0	0	0	2	0	1.796955
985	9928	0	0	0	1	0	1.198423
986	9939	0	0	0	0	0	2.628863
987	9945	0	0	0	2	0	2.242664
988	9954	0	0	0	0	0	2.520675
989	9966	0	0	0	0	0	1.162891
990	9982	0	0	0	1	0	1.296551
991	9989	0	0	0	0	0	2.134275
992	10003	0	0	0	0	0	1.282339
993	10017	0	0	0	0	0	1.426180
994	10027	0	0	0	1	0	2.909884
995	10037	0	0	0	2	0	1.181300
996	10043	0	0	0	2	0	2.618659
997	10054	0	0	0	0	0	1.388383
998	10064	0	0	0	2	0	2.800423
999	10073	0	0	0	2	0	1.388929
