0	1	0	0	0	1	0	1.495868
1	14	0	0	0	0	0	1.562177
2	21	0	0	0	0	0	2.619037
3	38	0	0	0	0	0	2.718001
4	57	0	0	0	0	0	1.533785
5	70	0	0	0	0	0	1.609399
6	80	0	0	0	2	0	1.383311
7	96	0	0	0	2	0	1.706264
8	101	0	0	0	0	0	2.940308
9	114	0	0	0	0	0	1.910756
10	119	0	0	0	0	0	1.708314
11	130	0	0	0	1	0	1.505934
12	147	0	0	0	2	0	1.624597
13	156	0	0	0	0	0	2.028625
14	164	0	0	0	1	0	1.454127
15	173	0	0	0	2	0	1.100982
16	183	0	0	0	2	0	1.786658
17	192	0	0	0	2	0	2.424398
18	202	0	0	0	2	0	2.316132
19	212	0	0	0	0	0	1.621215
20	224	0	0	0	2	0	1.101726
21	240	0	0	0	0	0	1.915501
22	256	0	0	0	1	0	2.020211
23	265	0	0	0	2	0	1.143877
24	276	0	0	0	1	0	2.476541
25	287	0	0	0	1	0	2.807684
26	297	0	0	0	2	0	1.339033
27	303	0	0	0	1	0	1.386219
28	314	0	0	0	1	0	2.350716
29	325	0	0	0	0	0	1.575958
30	334	0	0	0	1	0	2.222358
31	345	0	0	0	1	0	2.785782
32	352	0	0	0	2	0	1.828409
33	361	0	0	0	0	0	2.969275
34	367	0	0	0	0	0	1.926380
35	372	0	0	0	1	0	1.233511
36	381	0	0	0	2	0	1.500066
37	391	0	0	0	0	0	1.109356
38	402	0	0	0	1	0	2.767644
39	408	0	0	0	1	0	2.415238
40	422	0	0	0	1	0	2.962894
41	430	0	0	0	0	0	1.118926
42	443	0	0	0	0	0	1.389267
43	453	0	0	0	0	0	2.398515
44	461	0	0	0	1	0	1.175295
45	470	0	0	0	0	0	2.173734
46	483	0	0	0	1	0	1.494812
47	493	0	0	0	2	0	1.925189
48	506	0	0	0	0	0	2.889262
49	515	0	0	0	1	0	1.703162
50	519	0	0	0	0	0	2.988105
51	524	0	0	0	2	0	2.845817
52	528	0	0	0	2	0	2.191799
53	539	0	0	0	1	0	2.046262
54	548	0	0	0	0	0	2.553084
55	554	0	0	0	1	0	1.188804
56	563	0	0	0	1	0	1.761107
57	571	0	0	0	0	0	2.609025
58	577	0	0	0	1	0	2.118778
59	588	0	0	0	1	0	1.641081
60	596	0	0	0	1	0	1.751893
61	603	0	0	0	1	0	1.673572
62	615	0	0	0	2	0	1.191899
63	625	0	0	0	0	0	1.135284
64	629	0	0	0	0	0	1.473003
65	642	0	0	0	0	0	1.131434
66	652	0	0	0	2	0	2.344090
67	666	0	0	0	2	0	1.611036
68	672	0	0	0	2	0	1.041628
69	679	0	0	0	1	0	2.403511
70	693	0	0	0	0	0	1.111921
71	704	0	0	0	0	0	1.129753
72	713	0	0	0	2	0	2.575933
73	726	0	0	0	0	0	1.839728
74	731	0	0	0	0	0	2.319652
75	744	0	0	0	0	0	2.191001
76	752	0	0	0	1	0	2.627508
77	761	0	0	0	1	0	2.123986
78	770	0	0	0	1	0	1.605624
79	774	0	0	0	1	0	2.961684
80	790	0	0	0	1	0	2.895327
81	796	0	0	0	0	0	1.394658
82	810	0	0	0	0	0	2.305495
83	817	0	0	0	0	0	2.819636
84	831	0	0	0	1	0	1.983343
85	837	0	0	0	2	0	1.349701
86	846	0	0	0	1	0	1.107512
87	859	0	0	0	0	0	2.017883
88	867	0	0	0	1	0	1.689840
89	879	0	0	0	2	0	1.242160
90	890	0	0	0	2	0	1.315926
91	897	0	0	0	1	0	2.663029
92	908	0	0	0	0	0	1.957042
93	922	0	0	0	2	0	1.389863
94	932	0	0	0	0	0	1.096778
95	938	0	0	0	1	0	1.550789
96	949	0	0	0	0	0	2.883329
97	959	0	0	0	2	0	2.438489
98	967	0	0	0	1	0	2.827305
99	977	0	0	0	1	0	2.091405
100	985	0	0	0	0	0	1.634300
101	993	0	0	0	2	0	1.567910
102	1001	0	0	0	0	0	2.021989
103	1010	0	0	0	2	0	2.572471
104	1019	0	0	0	0	0	2.059083
105	1032	0	0	0	0	0	1.801477
106	1039	0	0	0	0	0	2.990656
107	1047	0	0	0	1	0	1.254126
108	1060	0	0	0	1	0	1.715875
109	1072	0	0	0	1	0	2.981528
110	1084	0	0	0	1	0	1.012767
111	1095	0	0	0	2	0	1.704920
112	1112	0	0	0	0	0	1.452645
113	1119	0	0	0	0	0	1.561438
114	1126	0	0	0	0	0	1.850934
115	1137	0	0	0	2	0	1.304476
116	1148	0	0	0	0	0	2.271765
117	1156	0	0	0	2	0	2.860313
118	1169	0	0	0	0	0	2.088004
119	1179	0	0	0	2	0	2.644675
120	1190	0	0	0	1	0	2.772490
121	1207	0	0	0	2	0	2.787372
122	1222	0	0	0	0	0	2.352350
123	1231	0	0	0	2	0	2.424468
124	1241	0	0	0	2	0	1.393588
125	1252	0	0	0	1	0	1.356488
126	1263	0	0	0	1	0	2.863957
127	1273	0	0	0	0	0	1.799324
128	1294	0	0	0	0	0	1.601078
129	1304	0	0	0	1	0	2.096523
130	1313	0	0	0	1	0	2.377064
131	1321	0	0	0	1	0	1.077003
132	1330	0	0	0	0	0	2.764247
133	1344	0	0	0	0	0	2.460788
134	1352	0	0	0	0	0	1.739096
135	1366	0	0	0	1	0	1.658253
136	1377	0	0	0	0	0	1.019737
137	1386	0	0	0	1	0	1.814203
138	1397	0	0	0	2	0	2.295777
139	1413	0	0	0	0	0	1.180335
140	1420	0	0	0	1	0	2.449405
141	1426	0	0	0	2	0	2.115753
142	1429	0	0	0	2	0	2.884300
143	1436	0	0	0	0	0	1.207691
144	1452	0	0	0	2	0	1.647363
145	1460	0	0	0	2	0	1.054251
146	1469	0	0	0	2	0	1.732829
147	1485	0	0	0	2	0	2.954864
148	1495	0	0	0	0	0	2.580668
149	1510	0	0	0	0	0	1.698246
150	1520	0	0	0	1	0	1.952272
151	1535	0	0	0	0	0	1.115236
152	1547	0	0	0	2	0	2.974510
153	1555	0	0	0	0	0	2.882445
154	1564	0	0	0	0	0	2.263509
155	1578	0	0	0	2	0	1.511288
156	1583	0	0	0	1	0	2.982273
157	1593	0	0	0	0	0	2.540419
158	1607	0	0	0	2	0	2.985051
159	1615	0	0	0	0	0	2.917246
160	1629	0	0	0	1	0	1.433528
161	1639	0	0	0	2	0	1.910959
162	1651	0	0	0	2	0	2.426544
163	1662	0	0	0	0	0	2.744530
164	1673	0	0	0	1	0	2.325703
165	1685	0	0	0	1	0	1.909161
166	1694	0	0	0	2	0	2.153156
167	1705	0	0	0	0	0	1.077425
168	1719	0	0	0	1	0	1.496171
169	1725	0	0	0	1	0	2.705170
170	1737	0	0	0	1	0	2.884757
171	1750	0	0	0	2	0	1.484338
172	1760	0	0	0	0	0	1.619666
173	1767	0	0	0	1	0	1.175040
174	1783	0	0	0	0	0	2.358151
175	1793	0	0	0	2	0	1.816363
176	1806	0	0	0	1	0	1.603925
177	1813	0	0	0	0	0	2.453668
178	1822	0	0	0	0	0	2.320454
179	1832	0	0	0	0	0	2.784952
180	1845	0	0	0	1	0	2.545408
181	1852	0	0	0	0	0	2.554092
182	1864	0	0	0	0	0	2.926242
183	1871	0	0	0	2	0	1.636367
184	1881	0	0	0	1	0	2.566913
185	1890	0	0	0	0	0	2.981389
186	1904	0	0	0	1	0	1.391082
187	1916	0	0	0	0	0	1.778266
188	1935	0	0	0	2	0	1.683359
189	1949	0	0	0	0	0	1.091413
190	1956	0	0	0	2	0	1.919673
191	1966	0	0	0	0	0	2.601667
192	1973	0	0	0	0	0	2.048355
193	1990	0	0	0	0	0	1.686281
194	2004	0	0	0	0	0	1.259975
195	2012	0	0	0	1	0	2.095140
196	2022	0	0	0	2	0	1.100937
197	2027	0	0	0	1	0	1.430522
198	2037	0	0	0	1	0	1.161322
199	2046	0	0	0	0	0	2.789507
200	2052	0	0	0	0	0	2.020247
201	2061	0	0	0	2	0	2.738298
202	2070	0	0	0	2	0	1.428001
203	2075	0	0	0	1	0	2.709019
204	2085	0	0	0	2	0	2.756394
205	2095	0	0	0	0	0	2.928276
206	2103	0	0	0	0	0	2.041028
207	2117	0	0	0	0	0	2.698575
208	2131	0	0	0	0	0	2.354584
209	2136	0	0	0	1	0	2.329509
210	2145	0	0	0	0	0	2.408303
211	2156	0	0	0	1	0	2.136372
212	2165	0	0	0	2	0	1.067809
213	2182	0	0	0	0	0	1.128856
214	2199	0	0	0	2	0	2.955879
215	2210	0	0	0	0	0	2.115793
216	2220	0	0	0	2	0	2.589986
217	2229	0	0	0	0	0	2.769539
218	2234	0	0	0	1	0	1.432719
219	2241	0	0	0	0	0	1.262886
220	2254	0	0	0	2	0	2.351451
221	2264	0	0	0	2	0	1.618088
222	2275	0	0	0	1	0	2.664465
223	2284	0	0	0	2	0	2.538936
224	2293	0	0	0	2	0	1.927783
225	2298	0	0	0	2	0	1.090980
226	2308	0	0	0	2	0	1.123668
227	2316	0	0	0	1	0	2.126783
228	2324	0	0	0	0	0	2.530847
229	2332	0	0	0	2	0	2.497182
230	2341	0	0	0	2	0	1.815295
231	2354	0	0	0	0	0	1.505433
232	2365	0	0	0	0	0	1.305894
233	2374	0	0	0	0	0	1.644678
234	2388	0	0	0	0	0	2.230806
235	2399	0	0	0	0	0	2.820671
236	2407	0	0	0	1	0	1.342550
237	2413	0	0	0	1	0	2.837472
238	2419	0	0	0	1	0	1.004011
239	2432	0	0	0	2	0	1.196752
240	2441	0	0	0	1	0	2.745204
241	2455	0	0	0	2	0	1.057669
242	2460	0	0	0	1	0	1.270520
243	2467	0	0	0	1	0	1.451565
244	2475	0	0	0	2	0	1.729660
245	2490	0	0	0	1	0	2.060684
246	2497	0	0	0	1	0	1.560430
247	2512	0	0	0	0	0	1.818885
248	2523	0	0	0	0	0	2.605586
249	2531	0	0	0	1	0	2.353253
250	2539	0	0	0	0	0	1.324772
251	2545	0	0	0	2	0	2.871595
252	2558	0	0	0	1	0	1.611809
253	2569	0	0	0	1	0	1.209879
254	2576	0	0	0	2	0	1.204742
255	2582	0	0	0	0	0	2.524180
256	2594	0	0	0	2	0	1.259174
257	2609	0	0	0	1	0	1.533392
258	2620	0	0	0	0	0	2.473617
259	2624	0	0	0	2	0	1.610696
260	2640	0	0	0	1	0	2.441813
261	2652	0	0	0	0	0	1.782262
262	2664	0	0	0	0	0	2.137476
263	2673	0	0	0	1	0	1.813349
264	2682	0	0	0	0	0	1.454560
265	2692	0	0	0	1	0	2.291914
266	2703	0	0	0	1	0	2.146082
267	2711	0	0	0	0	0	1.359615
268	2720	0	0	0	2	0	1.769984
269	2733	0	0	0	0	0	1.381203
270	2743	0	0	0	1	0	2.390021
271	2750	0	0	0	2	0	2.541644
272	2758	0	0	0	0	0	1.893740
273	2768	0	0	0	0	0	2.716828
274	2775	0	0	0	0	0	1.462474
275	2789	0	0	0	0	0	2.860338
276	2794	0	0	0	2	0	1.971102
277	2802	0	0	0	1	0	1.355198
278	2813	0	0	0	1	0	1.831511
279	2822	0	0	0	1	0	1.005625
280	2836	0	0	0	0	0	2.230793
281	2840	0	0	0	1	0	1.831788
282	2850	0	0	0	0	0	1.680204
283	2858	0	0	0	1	0	2.387850
284	2871	0	0	0	2	0	2.164606
285	2885	0	0	0	0	0	1.215215
286	2896	0	0	0	1	0	1.063855
287	2904	0	0	0	0	0	1.969703
288	2913	0	0	0	1	0	2.466148
289	2923	0	0	0	1	0	2.026808
290	2928	0	0	0	0	0	1.262380
291	2938	0	0	0	2	0	1.614675
292	2948	0	0	0	0	0	1.865956
293	2957	0	0	0	0	0	1.153698
294	2963	0	0	0	1	0	2.291250
295	2973	0	0	0	1	0	1.733172
296	2981	0	0	0	0	0	2.771378
297	2998	0	0	0	0	0	2.551949
298	3012	0	0	0	2	0	1.434499
299	3016	0	0	0	1	0	2.189013
300	3028	0	0	0	0	0	1.196695
301	3036	0	0	0	0	0	1.847564
302	3045	0	0	0	0	0	1.683265
303	3056	0	0	0	2	0	1.597538
304	3064	0	0	0	1	0	1.307211
305	3079	0	0	0	1	0	1.274759
306	3090	0	0	0	0	0	1.360518
307	3099	0	0	0	0	0	2.535593
308	3111	0	0	0	0	0	1.155181
309	3125	0	0	0	2	0	2.050792
310	3134	0	0	0	1	0	1.228052
311	3143	0	0	0	2	0	1.917754
312	3149	0	0	0	0	0	2.951684
313	3161	0	0	0	0	0	1.010047
314	3176	0	0	0	1	0	1.480694
315	3188	0	0	0	0	0	1.528231
316	3195	0	0	0	2	0	1.367872
317	3212	0	0	0	1	0	1.063473
318	3221	0	0	0	0	0	1.584737
319	3235	0	0	0	1	0	2.397811
320	3246	0	0	0	1	0	2.529505
321	3255	0	0	0	2	0	2.242198
322	3265	0	0	0	1	0	2.150564
323	3277	0	0	0	0	0	1.120561
324	3283	0	0	0	0	0	1.305885
325	3298	0	0	0	2	0	1.997787
326	3307	0	0	0	0	0	1.929439
327	3320	0	0	0	0	0	2.872220
328	3334	0	0	0	2	0	2.378077
329	3343	0	0	0	0	0	2.881510
330	3352	0	0	0	2	0	1.571532
331	3360	0	0	0	1	0	2.644838
332	3371	0	0	0	0	0	2.948992
333	3380	0	0	0	1	0	1.167258
334	3388	0	0	0	1	0	1.897176
335	3399	0	0	0	0	0	1.445956
336	3411	0	0	0	2	0	2.088355
337	3421	0	0	0	0	0	2.184894
338	3435	0	0	0	0	0	1.271165
339	3438	0	0	0	0	0	1.502349
340	3445	0	0	0	2	0	1.929238
341	3460	0	0	0	2	0	2.779884
342	3472	0	0	0	2	0	2.972042
343	3480	0	0	0	1	0	2.457395
344	3492	0	0	0	0	0	1.245992
345	3495	0	0	0	2	0	1.818525
346	3504	0	0	0	2	0	2.703227
347	3516	0	0	0	1	0	2.267968
348	3526	0	0	0	2	0	2.576221
349	3533	0	0	0	2	0	2.212724
350	3545	0	0	0	2	0	2.575287
351	3552	0	0	0	0	0	1.193416
352	3568	0	0	0	0	0	1.309308
353	3578	0	0	0	1	0	2.073527
354	3583	0	0	0	0	0	1.606635
355	3590	0	0	0	2	0	2.214515
356	3599	0	0	0	0	0	2.894956
357	3608	0	0	0	0	0	2.577396
358	3618	0	0	0	1	0	1.134055
359	3622	0	0	0	0	0	1.943011
360	3629	0	0	0	1	0	2.885772
361	3641	0	0	0	2	0	2.533871
362	3649	0	0	0	1	0	2.532145
363	3658	0	0	0	0	0	2.829586
364	3668	0	0	0	2	0	1.593452
365	3679	0	0	0	2	0	1.720919
366	3685	0	0	0	1	0	1.657943
367	3695	0	0	0	1	0	2.492879
368	3709	0	0	0	0	0	1.410621
369	3716	0	0	0	0	0	2.682334
370	3726	0	0	0	1	0	2.810368
371	3739	0	0	0	2	0	2.723960
372	3754	0	0	0	1	0	2.202995
373	3762	0	0	0	0	0	1.219513
374	3768	0	0	0	2	0	1.230910
375	3780	0	0	0	2	0	2.483178
376	3789	0	0	0	0	0	1.794842
377	3801	0	0	0	0	0	2.869129
378	3816	0	0	0	1	0	2.974006
379	3825	0	0	0	0	0	1.685694
380	3832	0	0	0	0	0	2.216918
381	3840	0	0	0	0	0	2.142964
382	3846	0	0	0	2	0	1.657249
383	3859	0	0	0	0	0	1.069082
384	3874	0	0	0	0	0	1.451988
385	3882	0	0	0	0	0	1.412602
386	3890	0	0	0	2	0	2.165440
387	3899	0	0	0	0	0	1.605457
388	3906	0	0	0	2	0	1.310050
389	3913	0	0	0	0	0	1.413272
390	3922	0	0	0	2	0	2.858137
391	3928	0	0	0	0	0	1.530414
392	3942	0	0	0	1	0	2.963976
393	3945	0	0	0	1	0	2.690969
394	3960	0	0	0	1	0	2.540977
395	3969	0	0	0	2	0	1.107455
396	3981	0	0	0	1	0	1.111319
397	3993	0	0	0	2	0	1.210514
398	4008	0	0	0	1	0	2.897918
399	4017	0	0	0	0	0	2.584152
400	4025	0	0	0	2	0	1.951550
401	4039	0	0	0	1	0	2.810480
402	4049	0	0	0	0	0	2.884904
403	4065	0	0	0	1	0	1.377814
404	4071	0	0	0	2	0	2.508725
405	4076	0	0	0	1	0	2.508545
406	4086	0	0	0	1	0	2.860454
407	4092	0	0	0	2	0	2.359293
408	4103	0	0	0	1	0	2.874191
409	4111	0	0	0	1	0	2.379154
410	4120	0	0	0	2	0	1.559876
411	4130	0	0	0	0	0	1.633274
412	4142	0	0	0	2	0	1.742313
413	4156	0	0	0	1	0	2.544241
414	4170	0	0	0	1	0	2.108140
415	4181	0	0	0	0	0	2.885998
416	4191	0	0	0	1	0	1.290417
417	4194	0	0	0	1	0	2.486837
418	4203	0	0	0	1	0	1.080715
419	4215	0	0	0	2	0	1.382101
420	4226	0	0	0	2	0	1.804267
421	4240	0	0	0	2	0	2.205350
422	4244	0	0	0	2	0	1.115765
423	4257	0	0	0	2	0	2.499487
424	4266	0	0	0	1	0	2.047485
425	4275	0	0	0	2	0	1.300737
426	4284	0	0	0	2	0	2.366697
427	4296	0	0	0	0	0	1.356685
428	4303	0	0	0	1	0	2.481214
429	4316	0	0	0	1	0	1.638204
430	4328	0	0	0	1	0	2.411807
431	4336	0	0	0	2	0	1.753572
432	4340	0	0	0	2	0	1.473981
433	4344	0	0	0	0	0	1.457937
434	4353	0	0	0	0	0	2.083253
435	4365	0	0	0	0	0	2.858655
436	4377	0	0	0	2	0	1.292689
437	4387	0	0	0	1	0	1.245806
438	4392	0	0	0	2	0	2.077302
439	4399	0	0	0	2	0	1.661366
440	4405	0	0	0	0	0	1.377154
441	4413	0	0	0	1	0	1.784542
442	4422	0	0	0	0	0	1.516803
443	4431	0	0	0	1	0	1.316252
444	4444	0	0	0	0	0	2.727129
445	4451	0	0	0	2	0	2.857573
446	4458	0	0	0	2	0	1.593583
447	4468	0	0	0	0	0	1.225577
448	4475	0	0	0	0	0	1.240390
449	4488	0	0	0	1	0	1.718738
450	4495	0	0	0	1	0	1.042722
451	4501	0	0	0	1	0	2.016608
452	4509	0	0	0	1	0	1.845748
453	4520	0	0	0	1	0	2.645905
454	4531	0	0	0	0	0	1.916568
455	4541	0	0	0	1	0	2.705220
456	4554	0	0	0	2	0	1.312598
457	4559	0	0	0	0	0	1.105400
458	4567	0	0	0	0	0	2.440309
459	4575	0	0	0	0	0	2.798542
460	4586	0	0	0	0	0	2.818302
461	4595	0	0	0	2	0	1.911395
462	4603	0	0	0	0	0	2.831395
463	4614	0	0	0	0	0	2.052282
464	4625	0	0	0	1	0	2.031993
465	4635	0	0	0	2	0	1.853780
466	4642	0	0	0	0	0	1.376301
467	4655	0	0	0	1	0	2.892242
468	4663	0	0	0	0	0	2.647410
469	4672	0	0	0	0	0	1.719108
470	4684	0	0	0	1	0	2.768701
471	4690	0	0	0	0	0	2.173343
472	4701	0	0	0	1	0	2.717576
473	4708	0	0	0	0	0	2.918204
474	4720	0	0	0	0	0	1.091478
475	4728	0	0	0	0	0	2.964527
476	4731	0	0	0	2	0	2.394924
477	4739	0	0	0	1	0	1.976252
478	4748	0	0	0	1	0	1.934088
479	4759	0	0	0	1	0	2.508822
480	4764	0	0	0	1	0	2.419192
481	4773	0	0	0	1	0	1.707918
482	4783	0	0	0	0	0	1.391610
483	4788	0	0	0	2	0	2.316015
484	4798	0	0	0	0	0	2.127037
485	4805	0	0	0	1	0	1.741246
486	4817	0	0	0	1	0	2.863860
487	4826	0	0	0	0	0	1.807478
488	4835	0	0	0	2	0	2.677499
489	4851	0	0	0	2	0	2.914233
490	4860	0	0	0	0	0	2.316221
491	4874	0	0	0	1	0	2.701766
492	4883	0	0	0	1	0	2.982262
493	4896	0	0	0	0	0	2.989105
494	4906	0	0	0	2	0	1.774577
495	4912	0	0	0	0	0	2.370670
496	4923	0	0	0	0	0	1.631164
497	4933	0	0	0	0	0	1.932360
498	4943	0	0	0	0	0	1.166501
499	4951	0	0	0	1	0	2.980996
500	4959	0	0	0	0	0	2.094953
501	4969	0	0	0	1	0	2.277073
502	4975	0	0	0	1	0	2.700699
503	4980	0	0	0	1	0	1.083407
504	4995	0	0	0	1	0	1.343401
505	5007	0	0	0	0	0	1.572158
506	5018	0	0	0	0	0	1.734205
507	5028	0	0	0	2	0	1.224466
508	5042	0	0	0	2	0	1.019193
509	5056	0	0	0	2	0	2.052475
510	5070	0	0	0	1	0	1.833134
511	5078	0	0	0	0	0	1.780362
512	5084	0	0	0	1	0	2.602076
513	5095	0	0	0	1	0	2.689887
514	5105	0	0	0	1	0	1.359809
515	5115	0	0	0	2	0	1.738880
516	5121	0	0	0	1	0	2.568345
517	5136	0	0	0	0	0	1.712065
518	5143	0	0	0	1	0	1.977517
519	5153	0	0	0	2	0	1.042200
520	5165	0	0	0	1	0	2.820347
521	5170	0	0	0	1	0	2.628179
522	5180	0	0	0	0	0	2.167461
523	5194	0	0	0	1	0	1.420457
524	5200	0	0	0	0	0	2.376271
525	5209	0	0	0	0	0	1.809481
526	5217	0	0	0	1	0	1.090756
527	5227	0	0	0	2	0	2.851260
528	5234	0	0	0	1	0	2.023353
529	5241	0	0	0	0	0	2.773537
530	5255	0	0	0	1	0	1.082807
531	5269	0	0	0	1	0	2.046116
532	5280	0	0	0	0	0	2.940536
533	5289	0	0	0	1	0	1.466766
534	5300	0	0	0	0	0	1.708213
535	5306	0	0	0	2	0	2.008278
536	5315	0	0	0	0	0	2.939118
537	5323	0	0	0	2	0	1.234938
538	5337	0	0	0	1	0	1.120204
539	5347	0	0	0	0	0	2.614110
540	5360	0	0	0	0	0	2.769131
541	5374	0	0	0	1	0	2.418400
542	5386	0	0	0	2	0	2.342281
543	5394	0	0	0	0	0	2.142848
544	5400	0	0	0	0	0	1.509990
545	5405	0	0	0	0	0	2.803514
546	5413	0	0	0	1	0	2.762302
547	5418	0	0	0	2	0	2.954698
548	5425	0	0	0	2	0	2.092768
549	5434	0	0	0	0	0	1.154030
550	5437	0	0	0	2	0	2.180682
551	5449	0	0	0	2	0	2.993073
552	5459	0	0	0	1	0	1.219380
553	5469	0	0	0	2	0	2.027066
554	5478	0	0	0	1	0	1.836586
555	5482	0	0	0	1	0	2.024212
556	5493	0	0	0	1	0	1.399425
557	5501	0	0	0	2	0	2.052979
558	5512	0	0	0	1	0	1.836135
559	5521	0	0	0	1	0	1.772246
560	5531	0	0	0	0	0	1.634848
561	5540	0	0	0	1	0	1.506748
562	5546	0	0	0	0	0	2.434062
563	5563	0	0	0	0	0	2.357326
564	5568	0	0	0	0	0	1.743305
565	5576	0	0	0	0	0	1.300212
566	5585	0	0	0	0	0	2.036325
567	5591	0	0	0	1	0	1.890762
568	5598	0	0	0	1	0	1.098461
569	5611	0	0	0	1	0	1.779626
570	5625	0	0	0	1	0	1.548367
571	5629	0	0	0	0	0	2.173816
572	5642	0	0	0	0	0	1.074372
573	5647	0	0	0	2	0	1.592316
574	5661	0	0	0	0	0	2.870498
575	5670	0	0	0	1	0	1.418905
576	5680	0	0	0	0	0	1.041054
577	5690	0	0	0	0	0	1.499245
578	5700	0	0	0	0	0	2.748177
579	5715	0	0	0	0	0	1.880619
580	5720	0	0	0	2	0	1.050600
581	5733	0	0	0	0	0	1.438802
582	5743	0	0	0	1	0	1.038298
583	5751	0	0	0	2	0	2.068468
584	5760	0	0	0	0	0	1.556379
585	5768	0	0	0	0	0	2.338616
586	5777	0	0	0	0	0	1.439393
587	5790	0	0	0	0	0	1.258133
588	5799	0	0	0	1	0	2.847816
589	5805	0	0	0	1	0	1.044578
590	5815	0	0	0	0	0	2.620663
591	5822	0	0	0	1	0	2.210920
592	5834	0	0	0	0	0	2.322097
593	5846	0	0	0	2	0	2.388257
594	5856	0	0	0	1	0	1.766724
595	5865	0	0	0	0	0	1.200803
596	5874	0	0	0	1	0	2.990708
597	5888	0	0	0	1	0	2.172763
598	5896	0	0	0	0	0	1.637730
599	5904	0	0	0	0	0	1.484070
600	5916	0	0	0	0	0	2.491410
601	5930	0	0	0	0	0	1.208116
602	5940	0	0	0	0	0	2.808005
603	5951	0	0	0	0	0	1.365448
604	5962	0	0	0	0	0	1.472762
605	5975	0	0	0	0	0	1.000445
606	5988	0	0	0	1	0	2.367401
607	5997	0	0	0	2	0	1.614685
608	6007	0	0	0	2	0	1.241542
609	6014	0	0	0	2	0	2.996149
610	6024	0	0	0	2	0	1.759126
611	6032	0	0	0	1	0	1.581073
612	6050	0	0	0	2	0	2.900791
613	6057	0	0	0	0	0	1.756577
614	6063	0	0	0	0	0	1.216901
615	6075	0	0	0	0	0	1.838141
616	6085	0	0	0	2	0	2.958912
617	6093	0	0	0	0	0	1.018608
618	6104	0	0	0	2	0	2.275362
619	6115	0	0	0	1	0	2.576989
620	6122	0	0	0	1	0	1.968068
621	6135	0	0	0	1	0	2.069262
622	6144	0	0	0	0	0	2.091491
623	6155	0	0	0	1	0	1.356853
624	6161	0	0	0	1	0	1.253604
625	6172	0	0	0	1	0	2.548468
626	6179	0	0	0	0	0	1.442248
627	6191	0	0	0	2	0	1.925652
628	6204	0	0	0	0	0	1.171443
629	6213	0	0	0	2	0	1.817352
630	6227	0	0	0	0	0	2.347447
631	6240	0	0	0	0	0	2.253140
632	6249	0	0	0	0	0	1.742548
633	6259	0	0	0	0	0	2.623674
634	6267	0	0	0	0	0	1.261968
635	6274	0	0	0	0	0	2.130192
636	6285	0	0	0	1	0	1.228791
637	6293	0	0	0	1	0	1.925165
638	6300	0	0	0	0	0	2.834000
639	6311	0	0	0	0	0	2.196836
640	6325	0	0	0	1	0	2.009824
641	6336	0	0	0	2	0	1.032090
642	6344	0	0	0	2	0	1.844706
643	6361	0	0	0	0	0	2.348463
644	6367	0	0	0	0	0	1.299938
645	6378	0	0	0	2	0	2.916033
646	6389	0	0	0	2	0	2.034889
647	6411	0	0	0	1	0	2.615416
648	6419	0	0	0	2	0	2.676223
649	6431	0	0	0	2	0	1.492672
650	6447	0	0	0	2	0	2.641752
651	6458	0	0	0	0	0	1.091531
652	6466	0	0	0	1	0	1.911272
653	6476	0	0	0	1	0	2.192465
654	6486	0	0	0	2	0	2.291964
655	6496	0	0	0	1	0	2.463372
656	6508	0	0	0	2	0	2.255156
657	6518	0	0	0	0	0	2.109565
658	6528	0	0	0	0	0	2.952249
659	6537	0	0	0	1	0	2.954653
660	6549	0	0	0	1	0	2.934127
661	6557	0	0	0	0	0	2.238119
662	6567	0	0	0	0	0	2.119770
663	6578	0	0	0	1	0	1.321627
664	6590	0	0	0	1	0	1.467363
665	6595	0	0	0	0	0	2.818948
666	6606	0	0	0	2	0	2.506572
667	6614	0	0	0	0	0	2.759028
668	6622	0	0	0	0	0	2.501479
669	6629	0	0	0	0	0	1.567926
670	6637	0	0	0	2	0	1.155204
671	6647	0	0	0	0	0	2.273139
672	6657	0	0	0	0	0	2.953819
673	6671	0	0	0	1	0	2.041950
674	6681	0	0	0	1	0	2.885995
675	6692	0	0	0	1	0	1.785892
676	6705	0	0	0	2	0	2.657675
677	6710	0	0	0	0	0	2.536233
678	6723	0	0	0	1	0	1.036980
679	6730	0	0	0	1	0	1.836140
680	6738	0	0	0	0	0	1.426385
681	6745	0	0	0	0	0	1.449468
682	6753	0	0	0	2	0	1.996919
683	6767	0	0	0	1	0	1.980011
684	6778	0	0	0	0	0	2.591209
685	6785	0	0	0	1	0	1.122478
686	6796	0	0	0	2	0	1.037189
687	6808	0	0	0	0	0	1.590498
688	6818	0	0	0	0	0	1.891971
689	6827	0	0	0	0	0	1.893856
690	6837	0	0	0	0	0	1.550807
691	6847	0	0	0	0	0	2.796951
692	6854	0	0	0	1	0	2.870407
693	6865	0	0	0	1	0	2.890945
694	6876	0	0	0	1	0	1.180192
695	6888	0	0	0	0	0	2.205511
696	6896	0	0	0	0	0	1.785849
697	6907	0	0	0	0	0	1.427778
698	6912	0	0	0	0	0	2.890327
699	6919	0	0	0	1	0	1.674974
700	6927	0	0	0	1	0	2.349644
701	6937	0	0	0	2	0	1.069542
702	6946	0	0	0	0	0	1.107806
703	6956	0	0	0	0	0	2.418255
704	6966	0	0	0	1	0	2.042839
705	6978	0	0	0	1	0	1.867552
706	6987	0	0	0	1	0	2.678288
707	6998	0	0	0	1	0	2.132721
708	7006	0	0	0	1	0	1.767085
709	7018	0	0	0	0	0	1.618358
710	7031	0	0	0	2	0	2.522682
711	7038	0	0	0	2	0	2.906441
712	7046	0	0	0	1	0	1.219104
713	7054	0	0	0	0	0	2.457590
714	7070	0	0	0	2	0	1.601910
715	7080	0	0	0	2	0	2.243274
716	7089	0	0	0	0	0	2.504159
717	7096	0	0	0	1	0	2.421754
718	7105	0	0	0	1	0	2.586558
719	7115	0	0	0	0	0	1.890541
720	7127	0	0	0	1	0	1.227560
721	7135	0	0	0	0	0	1.148421
722	7139	0	0	0	0	0	1.450076
723	7149	0	0	0	1	0	2.002931
724	7158	0	0	0	0	0	2.697932
725	7172	0	0	0	0	0	1.715270
726	7178	0	0	0	2	0	2.260456
727	7191	0	0	0	2	0	1.119339
728	7204	0	0	0	2	0	2.719696
729	7212	0	0	0	2	0	2.951856
730	7223	0	0	0	2	0	2.490792
731	7231	0	0	0	0	0	2.686149
732	7239	0	0	0	1	0	1.607470
733	7251	0	0	0	0	0	1.362560
734	7260	0	0	0	1	0	1.369675
735	7269	0	0	0	1	0	2.671654
736	7278	0	0	0	0	0	2.136050
737	7293	0	0	0	2	0	1.441150
738	7302	0	0	0	1	0	1.719675
739	7311	0	0	0	2	0	1.738711
740	7319	0	0	0	1	0	2.116616
741	7322	0	0	0	1	0	2.376071
742	7332	0	0	0	2	0	2.423519
743	7340	0	0	0	1	0	2.478063
744	7352	0	0	0	1	0	1.997294
745	7357	0	0	0	0	0	1.583122
746	7368	0	0	0	0	0	2.478821
747	7389	0	0	0	2	0	2.188550
748	7399	0	0	0	1	0	2.134062
749	7407	0	0	0	1	0	1.901917
750	7415	0	0	0	0	0	2.382655
751	7422	0	0	0	0	0	1.803837
752	7426	0	0	0	2	0	2.313883
753	7434	0	0	0	1	0	2.362869
754	7446	0	0	0	1	0	2.953727
755	7458	0	0	0	1	0	1.784388
756	7471	0	0	0	1	0	1.570123
757	7478	0	0	0	1	0	1.571386
758	7488	0	0	0	0	0	1.907518
759	7496	0	0	0	2	0	2.298212
760	7507	0	0	0	0	0	2.695327
761	7513	0	0	0	2	0	2.589654
762	7522	0	0	0	0	0	1.667342
763	7528	0	0	0	1	0	2.535861
764	7536	0	0	0	0	0	1.557772
765	7549	0	0	0	0	0	1.102750
766	7553	0	0	0	0	0	2.842449
767	7559	0	0	0	0	0	1.912920
768	7573	0	0	0	0	0	2.755311
769	7581	0	0	0	1	0	2.089300
770	7593	0	0	0	1	0	2.653596
771	7597	0	0	0	0	0	1.564816
772	7606	0	0	0	0	0	2.199031
773	7618	0	0	0	2	0	1.979761
774	7625	0	0	0	0	0	2.385068
775	7632	0	0	0	0	0	2.412246
776	7641	0	0	0	2	0	2.644419
777	7648	0	0	0	0	0	2.560405
778	7657	0	0	0	1	0	1.348756
779	7668	0	0	0	1	0	2.143535
780	7675	0	0	0	0	0	1.846657
781	7682	0	0	0	2	0	1.840778
782	7689	0	0	0	2	0	2.929736
783	7701	0	0	0	1	0	2.427412
784	7711	0	0	0	2	0	1.696676
785	7724	0	0	0	0	0	2.691255
786	7734	0	0	0	1	0	2.195538
787	7738	0	0	0	1	0	2.779646
788	7747	0	0	0	1	0	1.014967
789	7754	0	0	0	0	0	1.809018
790	7761	0	0	0	1	0	2.460011
791	7771	0	0	0	2	0	2.663274
792	7779	0	0	0	1	0	2.008460
793	7790	0	0	0	0	0	1.162911
794	7796	0	0	0	0	0	1.662488
795	7805	0	0	0	0	0	2.064965
796	7819	0	0	0	0	0	2.473091
797	7827	0	0	0	1	0	2.729316
798	7837	0	0	0	0	0	1.746559
799	7844	0	0	0	0	0	1.280133
800	7853	0	0	0	0	0	2.419337
801	7862	0	0	0	1	0	2.817766
802	7874	0	0	0	2	0	1.040237
803	7881	0	0	0	1	0	2.285779
804	7883	0	0	0	0	0	1.534154
805	7895	0	0	0	0	0	2.170429
806	7905	0	0	0	2	0	1.606850
807	7915	0	0	0	0	0	1.487837
808	7927	0	0	0	1	0	1.373794
809	7933	0	0	0	1	0	1.613478
810	7946	0	0	0	2	0	1.350424
811	7960	0	0	0	1	0	1.431287
812	7975	0	0	0	2	0	2.696847
813	7981	0	0	0	2	0	1.076838
814	7986	0	0	0	0	0	1.998673
815	7992	0	0	0	0	0	2.159028
816	8004	0	0	0	0	0	1.249159
817	8016	0	0	0	1	0	2.464602
818	8021	0	0	0	0	0	1.585005
819	8023	0	0	0	0	0	2.625335
820	8030	0	0	0	1	0	2.394609
821	8042	0	0	0	0	0	2.352840
822	8049	0	0	0	1	0	2.163301
823	8062	0	0	0	0	0	2.834451
824	8071	0	0	0	2	0	2.529201
825	8081	0	0	0	2	0	1.910039
826	8094	0	0	0	0	0	2.041930
827	8106	0	0	0	2	0	2.397965
828	8117	0	0	0	2	0	2.707459
829	8128	0	0	0	1	0	1.716972
830	8137	0	0	0	0	0	1.706637
831	8148	0	0	0	2	0	2.095792
832	8156	0	0	0	1	0	2.702202
833	8164	0	0	0	0	0	1.566104
834	8182	0	0	0	0	0	1.973277
835	8192	0	0	0	1	0	2.457874
836	8200	0	0	0	0	0	2.190325
837	8207	0	0	0	2	0	1.777479
838	8213	0	0	0	0	0	1.707173
839	8227	0	0	0	2	0	2.353201
840	8234	0	0	0	0	0	2.329042
841	8245	0	0	0	0	0	1.985119
842	8255	0	0	0	0	0	1.752720
843	8260	0	0	0	0	0	1.328691
844	8266	0	0	0	0	0	2.789870
845	8287	0	0	0	1	0	1.134932
846	8297	0	0	0	1	0	1.522905
847	8307	0	0	0	0	0	2.202946
848	8322	0	0	0	1	0	2.639660
849	8331	0	0	0	1	0	1.418049
850	8339	0	0	0	0	0	2.163449
851	8347	0	0	0	1	0	2.270470
852	8355	0	0	0	1	0	1.091951
853	8361	0	0	0	0	0	1.791193
854	8378	0	0	0	1	0	2.202647
855	8385	0	0	0	1	0	1.855512
856	8392	0	0	0	2	0	1.659829
857	8407	0	0	0	2	0	2.657526
858	8416	0	0	0	2	0	2.246569
859	8427	0	0	0	1	0	2.134416
860	8434	0	0	0	1	0	1.038038
861	8445	0	0	0	1	0	1.664074
862	8453	0	0	0	1	0	1.108315
863	8469	0	0	0	0	0	1.072962
864	8478	0	0	0	1	0	2.124119
865	8487	0	0	0	2	0	1.235064
866	8501	0	0	0	2	0	1.863670
867	8506	0	0	0	1	0	1.200261
868	8513	0	0	0	1	0	2.022318
869	8518	0	0	0	1	0	1.037011
870	8526	0	0	0	0	0	1.597543
871	8537	0	0	0	0	0	1.032956
872	8542	0	0	0	2	0	2.328370
873	8552	0	0	0	2	0	2.236503
874	8563	0	0	0	0	0	1.086048
875	8575	0	0	0	2	0	2.666874
876	8586	0	0	0	1	0	1.113914
877	8592	0	0	0	1	0	2.950072
878	8599	0	0	0	2	0	1.378295
879	8613	0	0	0	1	0	2.038243
880	8619	0	0	0	0	0	1.347964
881	8627	0	0	0	1	0	2.470908
882	8641	0	0	0	0	0	2.677544
883	8649	0	0	0	0	0	2.059824
884	8659	0	0	0	1	0	1.408942
885	8668	0	0	0	2	0	1.927543
886	8682	0	0	0	1	0	2.471140
887	8689	0	0	0	2	0	1.699562
888	8701	0	0	0	1	0	1.270335
889	8714	0	0	0	1	0	2.430028
890	8720	0	0	0	0	0	2.313057
891	8736	0	0	0	0	0	2.957460
892	8743	0	0	0	1	0	1.027311
893	8751	0	0	0	1	0	2.630925
894	8765	0	0	0	1	0	1.841263
895	8778	0	0	0	0	0	1.782445
896	8786	0	0	0	2	0	2.689534
897	8795	0	0	0	1	0	1.426201
898	8802	0	0	0	2	0	2.192707
899	8811	0	0	0	1	0	2.011370
900	8823	0	0	0	1	0	2.919200
901	8832	0	0	0	0	0	1.513742
902	8843	0	0	0	1	0	1.827950
903	8852	0	0	0	1	0	1.190195
904	8867	0	0	0	1	0	2.836981
905	8876	0	0	0	1	0	2.854355
906	8886	0	0	0	2	0	2.909192
907	8890	0	0	0	0	0	1.115404
908	8904	0	0	0	0	0	1.423065
909	8918	0	0	0	2	0	2.210470
910	8928	0	0	0	0	0	2.515861
911	8935	0	0	0	2	0	2.687202
912	8946	0	0	0	1	0	2.195401
913	8951	0	0	0	2	0	2.718001
914	8960	0	0	0	1	0	1.314828
915	8973	0	0	0	0	0	2.394823
916	8982	0	0	0	1	0	2.885529
917	8993	0	0	0	0	0	2.258086
918	9000	0	0	0	0	0	1.212055
919	9008	0	0	0	1	0	2.017771
920	9016	0	0	0	1	0	2.105263
921	9026	0	0	0	0	0	2.787587
922	9035	0	0	0	1	0	2.022204
923	9050	0	0	0	1	0	1.836425
924	9056	0	0	0	2	0	1.861176
925	9066	0	0	0	0	0	2.937718
926	9075	0	0	0	2	0	1.848498
927	9082	0	0	0	1	0	2.283049
928	9094	0	0	0	1	0	2.667572
929	9108	0	0	0	2	0	2.194776
930	9118	0	0	0	2	0	1.876029
931	9129	0	0	0	0	0	1.630531
932	9142	0	0	0	1	0	1.972026
933	9151	0	0	0	2	0	1.728462
934	9166	0	0	0	0	0	1.090035
935	9175	0	0	0	0	0	1.893726
936	9187	0	0	0	1	0	1.993890
937	9198	0	0	0	1	0	1.299720
938	9205	0	0	0	2	0	1.926619
939	9221	0	0	0	0	0	2.297653
940	9235	0	0	0	1	0	1.623292
941	9251	0	0	0	2	0	1.419397
942	9260	0	0	0	0	0	1.373170
943	9270	0	0	0	0	0	2.680011
944	9279	0	0	0	0	0	1.057921
945	9289	0	0	0	1	0	2.821729
946	9307	0	0	0	1	0	1.366258
947	9314	0	0	0	2	0	2.577035
948	9331	0	0	0	2	0	1.712147
949	9340	0	0	0	0	0	2.983649
950	9346	0	0	0	1	0	1.409312
951	9357	0	0	0	2	0	2.094398
952	9369	0	0	0	1	0	2.826495
953	9380	0	0	0	2	0	2.627807
954	9392	0	0	0	2	0	2.334759
955	9406	0	0	0	1	0	2.808526
956	9420	0	0	0	1	0	1.986827
957	9430	0	0	0	0	0	2.718160
958	9437	0	0	0	2	0	2.285574
959	9452	0	0	0	1	0	2.356641
960	9458	0	0	0	0	0	2.126136
961	9467	0	0	0	1	0	2.470089
962	9482	0	0	0	2	0	2.019031
963	9496	0	0	0	0	0	1.744987
964	9505	0	0	0	0	0	2.376420
965	9516	0	0	0	0	0	2.003365
966	9528	0	0	0	0	0	1.519547
967	9539	0	0	0	1	0	1.918857
968	9551	0	0	0	1	0	1.501015
969	9558	0	0	0	2	0	1.192639
970	9577	0	0	0	2	0	2.291382
971	9587	0	0	0	0	0	1.420536
972	9598	0	0	0	2	0	2.999497
973	9611	0	0	0	0	0	1.401437
974	9621	0	0	0	1	0	2.306364
975	9633	0	0	0	1	0	1.772200
976	9642	0	0	0	2	0	1.620676
977	9650	0	0	0	1	0	2.218047
978	9659	0	0	0	0	0	1.141350
979	9671	0	0	0	0	0	1.102731
980	9686	0	0	0	0	0	2.085840
981	9701	0	0	0	1	0	2.499990
982	9717	0	0	0	1	0	1.439577
983	9726	0	0	0	0	0	2.731099
984	9738	0	0	0	0	0	2.002361
985	9748	0	0	0	0	0	2.588124
986	9757	0	0	0	0	0	2.296911
987	9770	0	0	0	0	0	2.115552
988	9782	0	0	0	0	0	1.762206
989	9794	0	0	0	0	0	2.522447
990	9803	0	0	0	2	0	1.752915
991	9818	0	0	0	1	0	2.579747
992	9825	0	0	0	0	0	2.473033
993	9836	0	0	0	1	0	2.451801
994	9843	0	0	0	1	0	1.261041
995	9852	0	0	0	0	0	2.277172
996	9860	0	0	0	1	0	2.503559
997	9871	0	0	0	0	0	2.459750
998	9878	0	0	0	0	0	1.064601
999	9888	0	0	0	2	0	2.819127
