0	1	0	0	0	0	0	2.109492
1	15	0	0	0	0	0	2.190661
2	21	0	0	0	0	0	2.259743
3	30	0	0	0	2	0	2.631129
4	40	0	0	0	1	0	2.398151
5	44	0	0	0	2	0	2.739497
6	57	0	0	0	1	0	2.203160
7	68	0	0	0	1	0	1.102450
8	75	0	0	0	1	0	1.389788
9	86	0	0	0	0	0	1.596636
10	93	0	0	0	0	0	1.336153
11	107	0	0	0	0	0	1.324255
12	121	0	0	0	0	0	2.961825
13	129	0	0	0	0	0	2.453842
14	136	0	0	0	2	0	1.469925
15	141	0	0	0	0	0	2.259286
16	150	0	0	0	2	0	2.842978
17	159	0	0	0	0	0	2.861609
18	167	0	0	0	1	0	1.441440
19	172	0	0	0	0	0	2.780276
20	181	0	0	0	0	0	2.579046
21	191	0	0	0	2	0	1.533042
22	197	0	0	0	1	0	2.086965
23	206	0	0	0	1	0	1.647996
24	223	0	0	0	2	0	1.200316
25	228	0	0	0	2	0	1.226793
26	239	0	0	0	1	0	1.724889
27	250	0	0	0	0	0	1.333616
28	263	0	0	0	0	0	1.548341
29	266	0	0	0	1	0	2.290775
30	274	0	0	0	1	0	2.752567
31	286	0	0	0	0	0	2.043211
32	294	0	0	0	1	0	1.353369
33	304	0	0	0	0	0	1.942782
34	314	0	0	0	0	0	1.442581
35	328	0	0	0	1	0	1.250916
36	342	0	0	0	2	0	1.107284
37	349	0	0	0	0	0	2.214846
38	357	0	0	0	1	0	2.676052
39	364	0	0	0	2	0	2.880690
40	372	0	0	0	1	0	1.425396
41	383	0	0	0	0	0	2.646324
42	392	0	0	0	1	0	2.867729
43	403	0	0	0	0	0	2.051436
44	414	0	0	0	2	0	1.651286
45	424	0	0	0	2	0	2.137205
46	430	0	0	0	0	0	2.768479
47	433	0	0	0	0	0	1.388085
48	452	0	0	0	1	0	1.857633
49	464	0	0	0	0	0	2.618561
50	471	0	0	0	2	0	1.451146
51	482	0	0	0	2	0	1.934434
52	493	0	0	0	1	0	2.601468
53	503	0	0	0	1	0	2.539211
54	520	0	0	0	0	0	2.395660
55	533	0	0	0	1	0	2.371132
56	537	0	0	0	1	0	2.692419
57	546	0	0	0	2	0	2.084410
58	556	0	0	0	1	0	2.880721
59	564	0	0	0	0	0	1.629693
60	577	0	0	0	1	0	1.622102
61	585	0	0	0	1	0	2.610513
62	595	0	0	0	0	0	1.638140
63	609	0	0	0	0	0	1.058350
64	613	0	0	0	0	0	1.813925
65	619	0	0	0	1	0	2.347446
66	631	0	0	0	0	0	2.909829
67	644	0	0	0	0	0	1.608358
68	660	0	0	0	0	0	1.657880
69	670	0	0	0	2	0	2.734447
70	683	0	0	0	1	0	2.718749
71	692	0	0	0	2	0	2.036182
72	703	0	0	0	0	0	2.333072
73	711	0	0	0	0	0	1.477146
74	719	0	0	0	2	0	2.519841
75	728	0	0	0	1	0	2.112443
76	733	0	0	0	2	0	1.392157
77	739	0	0	0	1	0	2.127462
78	750	0	0	0	1	0	2.706443
79	761	0	0	0	1	0	1.986733
80	769	0	0	0	1	0	1.586894
81	780	0	0	0	2	0	1.958071
82	792	0	0	0	2	0	2.034698
83	802	0	0	0	2	0	1.418244
84	811	0	0	0	0	0	1.647918
85	817	0	0	0	2	0	2.119382
86	828	0	0	0	1	0	2.203767
87	834	0	0	0	1	0	1.593491
88	845	0	0	0	0	0	1.372964
89	851	0	0	0	0	0	1.422907
90	861	0	0	0	0	0	2.373013
91	864	0	0	0	0	0	2.845383
92	869	0	0	0	1	0	2.450532
93	873	0	0	0	0	0	1.826598
94	885	0	0	0	0	0	1.031933
95	896	0	0	0	0	0	2.880460
96	906	0	0	0	1	0	2.719627
97	911	0	0	0	1	0	2.459262
98	920	0	0	0	0	0	2.707724
99	932	0	0	0	0	0	2.122893
100	941	0	0	0	1	0	2.439217
101	952	0	0	0	0	0	1.375443
102	963	0	0	0	2	0	1.967756
103	972	0	0	0	1	0	1.549225
104	978	0	0	0	1	0	2.596999
105	986	0	0	0	1	0	2.630917
106	991	0	0	0	1	0	2.763423
107	1002	0	0	0	0	0	1.386674
108	1014	0	0	0	0	0	1.628130
109	1027	0	0	0	1	0	1.194235
110	1034	0	0	0	2	0	1.071722
111	1045	0	0	0	1	0	1.847485
112	1055	0	0	0	1	0	2.479594
113	1069	0	0	0	1	0	2.002747
114	1080	0	0	0	1	0	2.835189
115	1091	0	0	0	2	0	1.624837
116	1103	0	0	0	2	0	1.491073
117	1117	0	0	0	1	0	1.637665
118	1133	0	0	0	1	0	2.658102
119	1146	0	0	0	0	0	2.925348
120	1153	0	0	0	1	0	2.862310
121	1167	0	0	0	0	0	1.842000
122	1180	0	0	0	0	0	1.709802
123	1188	0	0	0	1	0	1.916247
124	1199	0	0	0	2	0	1.287934
125	1211	0	0	0	0	0	1.856795
126	1217	0	0	0	2	0	1.503289
127	1234	0	0	0	0	0	1.947045
128	1245	0	0	0	0	0	2.647322
129	1256	0	0	0	2	0	1.311846
130	1265	0	0	0	0	0	1.063508
131	1271	0	0	0	1	0	1.341526
132	1281	0	0	0	0	0	2.521344
133	1293	0	0	0	1	0	1.570716
134	1302	0	0	0	1	0	1.038868
135	1310	0	0	0	0	0	2.522799
136	1323	0	0	0	0	0	1.653426
137	1329	0	0	0	0	0	2.194172
138	1344	0	0	0	2	0	2.531712
139	1353	0	0	0	0	0	1.294174
140	1364	0	0	0	0	0	2.675795
141	1373	0	0	0	1	0	2.748295
142	1377	0	0	0	0	0	2.359160
143	1390	0	0	0	0	0	2.987984
144	1401	0	0	0	1	0	1.637513
145	1410	0	0	0	0	0	2.142937
146	1419	0	0	0	2	0	1.129092
147	1427	0	0	0	0	0	1.087052
148	1437	0	0	0	1	0	2.654482
149	1449	0	0	0	2	0	1.489483
150	1457	0	0	0	1	0	1.517404
151	1465	0	0	0	1	0	2.600553
152	1477	0	0	0	0	0	1.580932
153	1485	0	0	0	1	0	1.168342
154	1495	0	0	0	1	0	2.279032
155	1508	0	0	0	0	0	1.200934
156	1516	0	0	0	2	0	2.790845
157	1524	0	0	0	2	0	1.552052
158	1532	0	0	0	1	0	2.431601
159	1547	0	0	0	1	0	1.076814
160	1556	0	0	0	2	0	1.799536
161	1563	0	0	0	1	0	2.663275
162	1575	0	0	0	0	0	2.009558
163	1587	0	0	0	1	0	1.359728
164	1599	0	0	0	1	0	1.284501
165	1610	0	0	0	0	0	1.822744
166	1623	0	0	0	1	0	2.497256
167	1639	0	0	0	1	0	1.961463
168	1651	0	0	0	2	0	1.409536
169	1657	0	0	0	0	0	2.373187
170	1673	0	0	0	0	0	1.146591
171	1680	0	0	0	2	0	1.405541
172	1693	0	0	0	1	0	2.898334
173	1707	0	0	0	1	0	2.984130
174	1716	0	0	0	0	0	1.650912
175	1729	0	0	0	2	0	1.536193
176	1740	0	0	0	2	0	1.782911
177	1746	0	0	0	2	0	2.520157
178	1758	0	0	0	1	0	1.834983
179	1762	0	0	0	0	0	1.381872
180	1779	0	0	0	2	0	1.650306
181	1788	0	0	0	1	0	1.157688
182	1794	0	0	0	1	0	1.504573
183	1806	0	0	0	1	0	1.271891
184	1813	0	0	0	2	0	2.627985
185	1824	0	0	0	0	0	2.851888
186	1829	0	0	0	2	0	2.144533
187	1837	0	0	0	0	0	2.296765
188	1846	0	0	0	2	0	1.860636
189	1864	0	0	0	1	0	2.267749
190	1881	0	0	0	1	0	1.594915
191	1885	0	0	0	0	0	2.641673
192	1896	0	0	0	0	0	1.071296
193	1905	0	0	0	0	0	1.893344
194	1916	0	0	0	1	0	1.467544
195	1924	0	0	0	1	0	2.078398
196	1936	0	0	0	2	0	2.548650
197	1948	0	0	0	2	0	2.375557
198	1962	0	0	0	0	0	2.520580
199	1970	0	0	0	0	0	1.393256
200	1983	0	0	0	1	0	2.366772
201	1988	0	0	0	0	0	1.587718
202	1996	0	0	0	0	0	1.461637
203	2003	0	0	0	0	0	1.886861
204	2013	0	0	0	0	0	2.847522
205	2026	0	0	0	1	0	2.994530
206	2036	0	0	0	2	0	2.864079
207	2041	0	0	0	2	0	1.239081
208	2053	0	0	0	2	0	1.639692
209	2061	0	0	0	0	0	2.900896
210	2068	0	0	0	2	0	1.404565
211	2078	0	0	0	2	0	1.801004
212	2086	0	0	0	2	0	2.247903
213	2097	0	0	0	2	0	1.249832
214	2109	0	0	0	0	0	1.078684
215	2123	0	0	0	0	0	1.362443
216	2133	0	0	0	0	0	1.952998
217	2147	0	0	0	1	0	1.994882
218	2160	0	0	0	0	0	2.784858
219	2163	0	0	0	2	0	1.183565
220	2175	0	0	0	0	0	2.458750
221	2183	0	0	0	0	0	1.205328
222	2196	0	0	0	2	0	1.064972
223	2204	0	0	0	1	0	2.108980
224	2210	0	0	0	2	0	1.230693
225	2219	0	0	0	1	0	2.897658
226	2227	0	0	0	0	0	2.188271
227	2239	0	0	0	1	0	2.651184
228	2251	0	0	0	1	0	1.661954
229	2264	0	0	0	2	0	2.741160
230	2274	0	0	0	1	0	2.282058
231	2284	0	0	0	0	0	1.651421
232	2293	0	0	0	1	0	1.436966
233	2309	0	0	0	1	0	2.100332
234	2322	0	0	0	2	0	2.528378
235	2326	0	0	0	0	0	2.568627
236	2335	0	0	0	0	0	2.215609
237	2344	0	0	0	0	0	1.333402
238	2353	0	0	0	2	0	2.161088
239	2361	0	0	0	1	0	1.338358
240	2371	0	0	0	2	0	2.766107
241	2380	0	0	0	1	0	2.848900
242	2388	0	0	0	1	0	2.387743
243	2395	0	0	0	1	0	2.630537
244	2405	0	0	0	1	0	1.827114
245	2414	0	0	0	2	0	2.056157
246	2425	0	0	0	1	0	1.680112
247	2442	0	0	0	0	0	1.651974
248	2455	0	0	0	2	0	2.966626
249	2464	0	0	0	2	0	1.408927
250	2472	0	0	0	2	0	1.162442
251	2486	0	0	0	0	0	1.685919
252	2493	0	0	0	1	0	1.184687
253	2505	0	0	0	1	0	1.723718
254	2517	0	0	0	2	0	2.411992
255	2530	0	0	0	0	0	1.480203
256	2536	0	0	0	1	0	2.826006
257	2547	0	0	0	2	0	1.637675
258	2554	0	0	0	2	0	1.566394
259	2563	0	0	0	1	0	1.274115
260	2569	0	0	0	0	0	2.502001
261	2577	0	0	0	1	0	2.532107
262	2589	0	0	0	2	0	2.015857
263	2597	0	0	0	0	0	1.390215
264	2609	0	0	0	0	0	1.755514
265	2615	0	0	0	2	0	2.640132
266	2619	0	0	0	0	0	1.612695
267	2630	0	0	0	0	0	1.888812
268	2642	0	0	0	0	0	1.801886
269	2651	0	0	0	1	0	2.513005
270	2664	0	0	0	0	0	2.360526
271	2674	0	0	0	1	0	1.110556
272	2690	0	0	0	2	0	2.611996
273	2707	0	0	0	2	0	2.252587
274	2716	0	0	0	1	0	1.662867
275	2721	0	0	0	2	0	1.669949
276	2731	0	0	0	1	0	1.329991
277	2739	0	0	0	2	0	1.323104
278	2750	0	0	0	0	0	2.301262
279	2757	0	0	0	2	0	2.231091
280	2766	0	0	0	2	0	1.521520
281	2774	0	0	0	2	0	2.334989
282	2789	0	0	0	1	0	1.357417
283	2799	0	0	0	1	0	2.773493
284	2808	0	0	0	2	0	1.306935
285	2819	0	0	0	1	0	2.369734
286	2829	0	0	0	0	0	2.442094
287	2843	0	0	0	0	0	1.350021
288	2851	0	0	0	1	0	1.731190
289	2860	0	0	0	2	0	2.151995
290	2875	0	0	0	0	0	2.886550
291	2882	0	0	0	2	0	1.436857
292	2896	0	0	0	1	0	1.335023
293	2905	0	0	0	0	0	1.596905
294	2919	0	0	0	0	0	2.612717
295	2931	0	0	0	1	0	1.137974
296	2939	0	0	0	2	0	2.812807
297	2951	0	0	0	2	0	2.249912
298	2958	0	0	0	1	0	2.338099
299	2964	0	0	0	1	0	1.879257
300	2975	0	0	0	2	0	2.386390
301	2985	0	0	0	1	0	1.220025
302	2999	0	0	0	0	0	2.490717
303	3006	0	0	0	0	0	1.810462
304	3018	0	0	0	0	0	2.431848
305	3028	0	0	0	1	0	1.017741
306	3034	0	0	0	1	0	2.238090
307	3041	0	0	0	0	0	2.422887
308	3051	0	0	0	1	0	1.895236
309	3064	0	0	0	1	0	1.956398
310	3076	0	0	0	0	0	1.837465
311	3084	0	0	0	0	0	2.059957
312	3092	0	0	0	2	0	1.958862
313	3102	0	0	0	2	0	1.891597
314	3113	0	0	0	2	0	1.631657
315	3126	0	0	0	0	0	1.485976
316	3135	0	0	0	1	0	2.824288
317	3145	0	0	0	1	0	1.088687
318	3154	0	0	0	1	0	2.629195
319	3163	0	0	0	2	0	2.177002
320	3173	0	0	0	0	0	2.884103
321	3180	0	0	0	2	0	2.637047
322	3192	0	0	0	0	0	1.872694
323	3200	0	0	0	2	0	2.926065
324	3212	0	0	0	1	0	2.394066
325	3217	0	0	0	0	0	1.889414
326	3229	0	0	0	0	0	1.550083
327	3244	0	0	0	1	0	1.188881
328	3258	0	0	0	0	0	2.055719
329	3263	0	0	0	0	0	1.488696
330	3273	0	0	0	1	0	2.367071
331	3282	0	0	0	0	0	2.077233
332	3292	0	0	0	0	0	2.839206
333	3299	0	0	0	1	0	2.143707
334	3308	0	0	0	0	0	2.801199
335	3326	0	0	0	2	0	2.243529
336	3337	0	0	0	1	0	2.488437
337	3350	0	0	0	0	0	2.774014
338	3362	0	0	0	0	0	2.523147
339	3370	0	0	0	2	0	2.631072
340	3380	0	0	0	0	0	2.054187
341	3391	0	0	0	0	0	1.629957
342	3403	0	0	0	2	0	2.418338
343	3409	0	0	0	0	0	1.378193
344	3413	0	0	0	0	0	1.401117
345	3423	0	0	0	1	0	1.118770
346	3431	0	0	0	0	0	1.017126
347	3440	0	0	0	0	0	2.920474
348	3456	0	0	0	0	0	2.917501
349	3464	0	0	0	0	0	2.637401
350	3477	0	0	0	0	0	1.257178
351	3486	0	0	0	1	0	2.660934
352	3494	0	0	0	2	0	2.485715
353	3505	0	0	0	1	0	1.604217
354	3518	0	0	0	0	0	1.942503
355	3533	0	0	0	2	0	2.894641
356	3545	0	0	0	1	0	1.350043
357	3556	0	0	0	2	0	1.858792
358	3562	0	0	0	2	0	2.609770
359	3578	0	0	0	1	0	2.658695
360	3585	0	0	0	0	0	2.494264
361	3596	0	0	0	2	0	1.483547
362	3609	0	0	0	0	0	2.703777
363	3619	0	0	0	2	0	1.994160
364	3632	0	0	0	0	0	2.498403
365	3643	0	0	0	0	0	2.017705
366	3652	0	0	0	1	0	1.795594
367	3664	0	0	0	2	0	1.320507
368	3674	0	0	0	1	0	2.366459
369	3687	0	0	0	2	0	2.456598
370	3702	0	0	0	0	0	1.221996
371	3716	0	0	0	2	0	1.716839
372	3726	0	0	0	0	0	2.571086
373	3740	0	0	0	0	0	1.203074
374	3752	0	0	0	0	0	1.990996
375	3763	0	0	0	1	0	1.335970
376	3778	0	0	0	1	0	1.356765
377	3788	0	0	0	1	0	2.070507
378	3799	0	0	0	0	0	1.397672
379	3812	0	0	0	1	0	1.255759
380	3821	0	0	0	0	0	1.282171
381	3824	0	0	0	1	0	1.734084
382	3834	0	0	0	2	0	2.272434
383	3843	0	0	0	0	0	2.382935
384	3850	0	0	0	2	0	2.669803
385	3858	0	0	0	2	0	2.075543
386	3864	0	0	0	2	0	2.494795
387	3874	0	0	0	1	0	2.277602
388	3884	0	0	0	1	0	2.282755
389	3889	0	0	0	2	0	2.120025
390	3905	0	0	0	0	0	1.448107
391	3916	0	0	0	1	0	1.761265
392	3925	0	0	0	2	0	1.543045
393	3933	0	0	0	0	0	2.497224
394	3946	0	0	0	2	0	1.617964
395	3954	0	0	0	2	0	2.403666
396	3960	0	0	0	1	0	1.872036
397	3974	0	0	0	0	0	2.818666
398	3978	0	0	0	1	0	1.564065
399	3990	0	0	0	1	0	1.474692
400	3999	0	0	0	2	0	2.007144
401	4010	0	0	0	0	0	1.383417
402	4026	0	0	0	1	0	2.320351
403	4038	0	0	0	1	0	2.389031
404	4046	0	0	0	0	0	1.792531
405	4059	0	0	0	1	0	1.521848
406	4067	0	0	0	2	0	1.912951
407	4080	0	0	0	0	0	1.322605
408	4091	0	0	0	2	0	2.821316
409	4103	0	0	0	1	0	2.806757
410	4113	0	0	0	0	0	1.534687
411	4121	0	0	0	0	0	1.287276
412	4131	0	0	0	1	0	2.798609
413	4143	0	0	0	2	0	1.341120
414	4151	0	0	0	1	0	2.297744
415	4158	0	0	0	2	0	1.338284
416	4167	0	0	0	1	0	1.538282
417	4173	0	0	0	2	0	2.392535
418	4189	0	0	0	0	0	1.178644
419	4202	0	0	0	1	0	1.179365
420	4209	0	0	0	1	0	1.514722
421	4217	0	0	0	2	0	2.632824
422	4225	0	0	0	2	0	1.294934
423	4232	0	0	0	1	0	2.044098
424	4244	0	0	0	2	0	2.377540
425	4251	0	0	0	2	0	2.913223
426	4258	0	0	0	1	0	1.054813
427	4271	0	0	0	1	0	1.674346
428	4278	0	0	0	0	0	2.590488
429	4287	0	0	0	0	0	2.367305
430	4295	0	0	0	0	0	1.479488
431	4313	0	0	0	2	0	2.934181
432	4318	0	0	0	1	0	1.114800
433	4333	0	0	0	1	0	1.341697
434	4350	0	0	0	2	0	1.003903
435	4356	0	0	0	1	0	2.893948
436	4367	0	0	0	2	0	1.533680
437	4378	0	0	0	0	0	1.836052
438	4385	0	0	0	0	0	2.123668
439	4393	0	0	0	1	0	2.217845
440	4407	0	0	0	2	0	1.925339
441	4415	0	0	0	0	0	1.780838
442	4433	0	0	0	0	0	2.071619
443	4442	0	0	0	1	0	2.596290
444	4452	0	0	0	0	0	1.695971
445	4455	0	0	0	1	0	2.668407
446	4463	0	0	0	0	0	1.851882
447	4474	0	0	0	0	0	1.784677
448	4486	0	0	0	1	0	1.859328
449	4500	0	0	0	0	0	2.254478
450	4513	0	0	0	2	0	1.149492
451	4526	0	0	0	2	0	1.059093
452	4534	0	0	0	1	0	1.616103
453	4549	0	0	0	1	0	1.115458
454	4561	0	0	0	2	0	2.601255
455	4575	0	0	0	0	0	1.451035
456	4583	0	0	0	0	0	1.578021
457	4600	0	0	0	0	0	1.037025
458	4609	0	0	0	0	0	2.502394
459	4618	0	0	0	0	0	1.564617
460	4629	0	0	0	0	0	1.590997
461	4642	0	0	0	2	0	1.061023
462	4652	0	0	0	0	0	1.908877
463	4664	0	0	0	0	0	2.249357
464	4684	0	0	0	2	0	2.424161
465	4694	0	0	0	1	0	2.437192
466	4701	0	0	0	0	0	2.182398
467	4709	0	0	0	1	0	2.193458
468	4720	0	0	0	0	0	1.306425
469	4733	0	0	0	1	0	2.644967
470	4745	0	0	0	0	0	1.426929
471	4759	0	0	0	2	0	2.577650
472	4772	0	0	0	0	0	2.877968
473	4785	0	0	0	1	0	1.399501
474	4795	0	0	0	0	0	1.738540
475	4807	0	0	0	1	0	2.591054
476	4820	0	0	0	0	0	1.625453
477	4835	0	0	0	1	0	1.693617
478	4843	0	0	0	1	0	1.580224
479	4848	0	0	0	2	0	2.144602
480	4862	0	0	0	2	0	2.641229
481	4878	0	0	0	2	0	1.219597
482	4890	0	0	0	0	0	1.938799
483	4902	0	0	0	1	0	1.414940
484	4916	0	0	0	2	0	1.763475
485	4927	0	0	0	2	0	2.585662
486	4936	0	0	0	1	0	2.332535
487	4947	0	0	0	0	0	1.582114
488	4957	0	0	0	0	0	2.371425
489	4965	0	0	0	0	0	2.202861
490	4970	0	0	0	0	0	1.641039
491	4980	0	0	0	1	0	1.276957
492	4994	0	0	0	0	0	1.171637
493	5002	0	0	0	1	0	2.233956
494	5012	0	0	0	1	0	1.713271
495	5023	0	0	0	2	0	1.033743
496	5031	0	0	0	1	0	1.632564
497	5042	0	0	0	2	0	2.692131
498	5052	0	0	0	0	0	1.405902
499	5062	0	0	0	1	0	2.080302
500	5078	0	0	0	1	0	2.360299
501	5087	0	0	0	1	0	2.672821
502	5100	0	0	0	2	0	2.595518
503	5105	0	0	0	0	0	2.006358
504	5112	0	0	0	0	0	1.304843
505	5126	0	0	0	2	0	1.229511
506	5137	0	0	0	2	0	1.371417
507	5144	0	0	0	1	0	2.356015
508	5150	0	0	0	0	0	2.876920
509	5163	0	0	0	0	0	1.514358
510	5166	0	0	0	2	0	1.412929
511	5174	0	0	0	0	0	2.213864
512	5180	0	0	0	2	0	2.136758
513	5187	0	0	0	1	0	2.120412
514	5197	0	0	0	1	0	2.579764
515	5206	0	0	0	2	0	2.278290
516	5215	0	0	0	2	0	2.801653
517	5226	0	0	0	2	0	1.482387
518	5233	0	0	0	2	0	2.902607
519	5238	0	0	0	1	0	2.433737
520	5244	0	0	0	2	0	1.278639
521	5258	0	0	0	2	0	2.078350
522	5268	0	0	0	1	0	1.109829
523	5277	0	0	0	0	0	2.544712
524	5284	0	0	0	2	0	1.616955
525	5293	0	0	0	0	0	1.039829
526	5301	0	0	0	1	0	2.847076
527	5311	0	0	0	1	0	1.671262
528	5320	0	0	0	1	0	1.204516
529	5330	0	0	0	0	0	1.852740
530	5340	0	0	0	2	0	2.696238
531	5347	0	0	0	2	0	1.095308
532	5358	0	0	0	1	0	2.722771
533	5362	0	0	0	1	0	1.174145
534	5369	0	0	0	1	0	1.455787
535	5378	0	0	0	2	0	1.872542
536	5391	0	0	0	2	0	2.653920
537	5409	0	0	0	1	0	2.171338
538	5415	0	0	0	1	0	1.780812
539	5430	0	0	0	0	0	1.359261
540	5436	0	0	0	2	0	1.421042
541	5449	0	0	0	1	0	2.379085
542	5459	0	0	0	2	0	1.447254
543	5468	0	0	0	0	0	1.762307
544	5485	0	0	0	2	0	2.444655
545	5501	0	0	0	2	0	1.074063
546	5512	0	0	0	1	0	2.928820
547	5528	0	0	0	1	0	1.810580
548	5534	0	0	0	1	0	2.201730
549	5546	0	0	0	2	0	2.004878
550	5556	0	0	0	2	0	2.653759
551	5572	0	0	0	2	0	2.427014
552	5578	0	0	0	1	0	2.402992
553	5593	0	0	0	1	0	2.691523
554	5602	0	0	0	1	0	2.837320
555	5614	0	0	0	1	0	1.457336
556	5622	0	0	0	0	0	2.591402
557	5631	0	0	0	1	0	2.086594
558	5639	0	0	0	1	0	2.614173
559	5649	0	0	0	2	0	2.378654
560	5662	0	0	0	1	0	2.232778
561	5672	0	0	0	1	0	1.872784
562	5690	0	0	0	2	0	1.393979
563	5705	0	0	0	0	0	2.519134
564	5717	0	0	0	1	0	1.422394
565	5732	0	0	0	0	0	2.559547
566	5739	0	0	0	2	0	2.803134
567	5743	0	0	0	1	0	1.807076
568	5752	0	0	0	1	0	2.742711
569	5765	0	0	0	1	0	2.390852
570	5771	0	0	0	2	0	1.110758
571	5777	0	0	0	1	0	1.323472
572	5788	0	0	0	0	0	2.408079
573	5799	0	0	0	2	0	2.811833
574	5807	0	0	0	1	0	1.297042
575	5817	0	0	0	1	0	1.308359
576	5833	0	0	0	1	0	2.919849
577	5842	0	0	0	1	0	2.060331
578	5855	0	0	0	2	0	1.540385
579	5865	0	0	0	1	0	2.561740
580	5871	0	0	0	2	0	2.129276
581	5882	0	0	0	0	0	1.896750
582	5890	0	0	0	1	0	1.291177
583	5901	0	0	0	1	0	1.715548
584	5903	0	0	0	1	0	2.861388
585	5906	0	0	0	0	0	2.566015
586	5915	0	0	0	2	0	1.286767
587	5925	0	0	0	2	0	2.615044
588	5933	0	0	0	1	0	1.637442
589	5942	0	0	0	2	0	1.968133
590	5954	0	0	0	0	0	2.985771
591	5962	0	0	0	0	0	1.923134
592	5971	0	0	0	1	0	1.653006
593	5975	0	0	0	2	0	2.569366
594	5980	0	0	0	1	0	2.191349
595	5990	0	0	0	0	0	2.941348
596	6000	0	0	0	0	0	2.378912
597	6006	0	0	0	0	0	2.307174
598	6011	0	0	0	1	0	1.533209
599	6023	0	0	0	1	0	1.799731
600	6032	0	0	0	1	0	2.497590
601	6050	0	0	0	1	0	1.737544
602	6057	0	0	0	1	0	1.843066
603	6062	0	0	0	1	0	2.222234
604	6071	0	0	0	2	0	2.686880
605	6081	0	0	0	2	0	1.534048
606	6096	0	0	0	1	0	1.072095
607	6108	0	0	0	0	0	1.220871
608	6120	0	0	0	0	0	1.040707
609	6130	0	0	0	1	0	1.071988
610	6146	0	0	0	0	0	2.876454
611	6157	0	0	0	1	0	1.583382
612	6165	0	0	0	1	0	2.089520
613	6179	0	0	0	1	0	2.686046
614	6185	0	0	0	2	0	2.088508
615	6195	0	0	0	1	0	2.158294
616	6207	0	0	0	1	0	2.461420
617	6217	0	0	0	1	0	1.284650
618	6226	0	0	0	2	0	2.243031
619	6247	0	0	0	1	0	1.974004
620	6252	0	0	0	1	0	1.445703
621	6263	0	0	0	0	0	2.643898
622	6272	0	0	0	0	0	2.491724
623	6281	0	0	0	2	0	1.642186
624	6294	0	0	0	1	0	1.664650
625	6303	0	0	0	1	0	1.750465
626	6314	0	0	0	1	0	1.840980
627	6330	0	0	0	1	0	1.315106
628	6336	0	0	0	1	0	1.480017
629	6345	0	0	0	1	0	2.868922
630	6352	0	0	0	1	0	2.281552
631	6367	0	0	0	0	0	1.215497
632	6374	0	0	0	2	0	2.408302
633	6388	0	0	0	2	0	2.703031
634	6401	0	0	0	2	0	1.321921
635	6405	0	0	0	1	0	1.951849
636	6416	0	0	0	1	0	1.126865
637	6422	0	0	0	1	0	2.919063
638	6434	0	0	0	1	0	1.549313
639	6439	0	0	0	2	0	1.058321
640	6446	0	0	0	0	0	1.518078
641	6454	0	0	0	0	0	2.805035
642	6462	0	0	0	2	0	1.502576
643	6475	0	0	0	1	0	2.700221
644	6484	0	0	0	0	0	2.084015
645	6495	0	0	0	0	0	2.742468
646	6504	0	0	0	1	0	1.833874
647	6511	0	0	0	0	0	2.819652
648	6525	0	0	0	2	0	1.984453
649	6532	0	0	0	1	0	2.571308
650	6540	0	0	0	2	0	1.554221
651	6553	0	0	0	0	0	1.378896
652	6569	0	0	0	0	0	1.689229
653	6576	0	0	0	1	0	1.976946
654	6582	0	0	0	2	0	2.884232
655	6598	0	0	0	0	0	1.075737
656	6604	0	0	0	1	0	1.301926
657	6613	0	0	0	2	0	2.403778
658	6621	0	0	0	1	0	2.696401
659	6631	0	0	0	1	0	2.659811
660	6641	0	0	0	1	0	2.162930
661	6656	0	0	0	0	0	2.487309
662	6669	0	0	0	0	0	1.848446
663	6678	0	0	0	0	0	1.654641
664	6692	0	0	0	1	0	1.608928
665	6705	0	0	0	2	0	2.033225
666	6715	0	0	0	1	0	1.879383
667	6722	0	0	0	0	0	1.274267
668	6736	0	0	0	0	0	2.136939
669	6745	0	0	0	1	0	1.016712
670	6751	0	0	0	0	0	1.971907
671	6758	0	0	0	0	0	1.520602
672	6773	0	0	0	0	0	1.467833
673	6785	0	0	0	2	0	2.316174
674	6791	0	0	0	1	0	1.765848
675	6799	0	0	0	2	0	2.900868
676	6808	0	0	0	0	0	1.463704
677	6816	0	0	0	0	0	2.288228
678	6833	0	0	0	1	0	1.194093
679	6844	0	0	0	1	0	1.165753
680	6849	0	0	0	2	0	1.774514
681	6863	0	0	0	0	0	1.574599
682	6876	0	0	0	2	0	2.944902
683	6893	0	0	0	0	0	2.574654
684	6901	0	0	0	0	0	1.440800
685	6907	0	0	0	2	0	1.427573
686	6915	0	0	0	1	0	2.610711
687	6925	0	0	0	0	0	1.292137
688	6932	0	0	0	0	0	2.875631
689	6941	0	0	0	2	0	1.057595
690	6948	0	0	0	0	0	1.497839
691	6957	0	0	0	2	0	1.359293
692	6969	0	0	0	0	0	2.129267
693	6980	0	0	0	0	0	2.656205
694	6984	0	0	0	0	0	1.594748
695	6993	0	0	0	2	0	1.553826
696	7006	0	0	0	2	0	1.566662
697	7016	0	0	0	2	0	2.512641
698	7020	0	0	0	0	0	2.666028
699	7027	0	0	0	2	0	1.163763
700	7038	0	0	0	1	0	2.022557
701	7049	0	0	0	1	0	2.214318
702	7062	0	0	0	0	0	2.259648
703	7073	0	0	0	1	0	2.626380
704	7081	0	0	0	0	0	2.630687
705	7093	0	0	0	1	0	1.038419
706	7100	0	0	0	1	0	1.750443
707	7111	0	0	0	1	0	1.230462
708	7123	0	0	0	0	0	2.766705
709	7128	0	0	0	0	0	2.553265
710	7139	0	0	0	2	0	2.755894
711	7149	0	0	0	0	0	2.149107
712	7159	0	0	0	1	0	1.307502
713	7169	0	0	0	1	0	2.175982
714	7179	0	0	0	2	0	2.329200
715	7185	0	0	0	0	0	2.207958
716	7190	0	0	0	0	0	2.239827
717	7197	0	0	0	0	0	2.035520
718	7210	0	0	0	1	0	1.887172
719	7222	0	0	0	1	0	1.670416
720	7232	0	0	0	2	0	1.442846
721	7243	0	0	0	1	0	1.702301
722	7253	0	0	0	1	0	2.808075
723	7261	0	0	0	2	0	1.889435
724	7272	0	0	0	0	0	2.602585
725	7287	0	0	0	0	0	1.542273
726	7297	0	0	0	0	0	1.262325
727	7305	0	0	0	2	0	2.329404
728	7315	0	0	0	2	0	2.256152
729	7336	0	0	0	2	0	2.708595
730	7353	0	0	0	1	0	1.850497
731	7362	0	0	0	0	0	2.704416
732	7378	0	0	0	1	0	2.484670
733	7393	0	0	0	2	0	2.450906
734	7401	0	0	0	0	0	2.229505
735	7415	0	0	0	2	0	1.451153
736	7426	0	0	0	1	0	2.154270
737	7434	0	0	0	0	0	1.089298
738	7437	0	0	0	2	0	2.486698
739	7448	0	0	0	1	0	2.113177
740	7461	0	0	0	1	0	1.521999
741	7475	0	0	0	2	0	2.469057
742	7480	0	0	0	0	0	2.103457
743	7490	0	0	0	2	0	2.732702
744	7504	0	0	0	0	0	1.532774
745	7511	0	0	0	1	0	1.832872
746	7523	0	0	0	0	0	2.840955
747	7542	0	0	0	2	0	1.796848
748	7553	0	0	0	0	0	1.736073
749	7566	0	0	0	0	0	1.545801
750	7576	0	0	0	1	0	1.896447
751	7587	0	0	0	0	0	1.230858
752	7599	0	0	0	1	0	2.251335
753	7609	0	0	0	1	0	2.765953
754	7619	0	0	0	0	0	1.664147
755	7626	0	0	0	1	0	2.548503
756	7635	0	0	0	1	0	1.961292
757	7644	0	0	0	0	0	2.164840
758	7648	0	0	0	2	0	2.488551
759	7654	0	0	0	2	0	2.188577
760	7672	0	0	0	0	0	2.973512
761	7686	0	0	0	0	0	1.693855
762	7694	0	0	0	0	0	2.054021
763	7704	0	0	0	2	0	1.538679
764	7714	0	0	0	1	0	1.598738
765	7727	0	0	0	0	0	1.463701
766	7738	0	0	0	2	0	1.584721
767	7746	0	0	0	0	0	1.116069
768	7756	0	0	0	1	0	2.147042
769	7770	0	0	0	1	0	2.164339
770	7781	0	0	0	1	0	2.281137
771	7787	0	0	0	0	0	1.019435
772	7800	0	0	0	2	0	1.848289
773	7807	0	0	0	2	0	1.871157
774	7815	0	0	0	0	0	2.820741
775	7823	0	0	0	1	0	1.229815
776	7827	0	0	0	0	0	1.931251
777	7836	0	0	0	0	0	2.766004
778	7843	0	0	0	1	0	2.530922
779	7850	0	0	0	1	0	1.962079
780	7860	0	0	0	2	0	1.605275
781	7870	0	0	0	0	0	2.356957
782	7878	0	0	0	1	0	2.447985
783	7887	0	0	0	0	0	1.129691
784	7903	0	0	0	1	0	2.168031
785	7917	0	0	0	0	0	2.227150
786	7927	0	0	0	0	0	2.855552
787	7941	0	0	0	0	0	1.014528
788	7953	0	0	0	0	0	1.868919
789	7959	0	0	0	1	0	2.907275
790	7974	0	0	0	2	0	1.318172
791	7984	0	0	0	2	0	1.075124
792	7996	0	0	0	2	0	2.871984
793	8004	0	0	0	1	0	1.762773
794	8012	0	0	0	0	0	2.286171
795	8020	0	0	0	0	0	1.040914
796	8030	0	0	0	0	0	2.490705
797	8041	0	0	0	0	0	1.220264
798	8054	0	0	0	1	0	1.345659
799	8069	0	0	0	2	0	2.013932
800	8080	0	0	0	2	0	2.389424
801	8090	0	0	0	0	0	1.753270
802	8103	0	0	0	2	0	2.124905
803	8114	0	0	0	2	0	2.352618
804	8122	0	0	0	2	0	1.307567
805	8130	0	0	0	0	0	2.810491
806	8140	0	0	0	0	0	1.091206
807	8149	0	0	0	2	0	1.080962
808	8155	0	0	0	2	0	2.545763
809	8163	0	0	0	1	0	1.016532
810	8172	0	0	0	2	0	1.455346
811	8182	0	0	0	0	0	2.467482
812	8195	0	0	0	1	0	1.409896
813	8204	0	0	0	1	0	1.730572
814	8210	0	0	0	2	0	1.559203
815	8217	0	0	0	1	0	2.063820
816	8226	0	0	0	0	0	2.471571
817	8237	0	0	0	0	0	2.638009
818	8246	0	0	0	2	0	2.577661
819	8257	0	0	0	1	0	1.159448
820	8260	0	0	0	0	0	2.290643
821	8274	0	0	0	0	0	2.289420
822	8281	0	0	0	0	0	1.230901
823	8293	0	0	0	1	0	2.987072
824	8299	0	0	0	0	0	2.320704
825	8313	0	0	0	2	0	2.517969
826	8326	0	0	0	0	0	1.619781
827	8337	0	0	0	0	0	1.116846
828	8350	0	0	0	1	0	1.229426
829	8364	0	0	0	0	0	2.303180
830	8371	0	0	0	0	0	1.352042
831	8377	0	0	0	1	0	1.765433
832	8387	0	0	0	2	0	2.296625
833	8395	0	0	0	1	0	2.070521
834	8408	0	0	0	0	0	2.439740
835	8419	0	0	0	0	0	1.711847
836	8434	0	0	0	1	0	1.697335
837	8441	0	0	0	2	0	2.487409
838	8446	0	0	0	2	0	2.163031
839	8451	0	0	0	0	0	2.269964
840	8462	0	0	0	1	0	2.824739
841	8475	0	0	0	0	0	2.282704
842	8487	0	0	0	1	0	2.111339
843	8494	0	0	0	1	0	2.720541
844	8501	0	0	0	0	0	2.840882
845	8512	0	0	0	1	0	1.031564
846	8519	0	0	0	1	0	2.356408
847	8528	0	0	0	0	0	2.286985
848	8532	0	0	0	1	0	2.461303
849	8541	0	0	0	0	0	2.457022
850	8551	0	0	0	0	0	2.433592
851	8562	0	0	0	0	0	1.681655
852	8571	0	0	0	0	0	1.490632
853	8583	0	0	0	1	0	2.091424
854	8597	0	0	0	0	0	1.471103
855	8609	0	0	0	0	0	2.950372
856	8617	0	0	0	1	0	2.047202
857	8634	0	0	0	0	0	1.381373
858	8653	0	0	0	2	0	1.069731
859	8660	0	0	0	1	0	1.341701
860	8670	0	0	0	1	0	1.500465
861	8681	0	0	0	1	0	1.898064
862	8689	0	0	0	1	0	1.299930
863	8698	0	0	0	1	0	1.002689
864	8711	0	0	0	2	0	2.076862
865	8716	0	0	0	0	0	1.962188
866	8725	0	0	0	1	0	1.370515
867	8738	0	0	0	0	0	2.999178
868	8746	0	0	0	0	0	2.335587
869	8757	0	0	0	0	0	2.542772
870	8760	0	0	0	0	0	2.890697
871	8775	0	0	0	1	0	1.204101
872	8780	0	0	0	0	0	2.765689
873	8786	0	0	0	1	0	2.686800
874	8803	0	0	0	0	0	2.687976
875	8809	0	0	0	1	0	2.610097
876	8817	0	0	0	2	0	2.484728
877	8827	0	0	0	1	0	1.668277
878	8836	0	0	0	1	0	1.447730
879	8848	0	0	0	0	0	1.284389
880	8857	0	0	0	1	0	2.635277
881	8866	0	0	0	1	0	2.933984
882	8878	0	0	0	0	0	2.862168
883	8889	0	0	0	2	0	2.910458
884	8895	0	0	0	1	0	2.170281
885	8898	0	0	0	1	0	1.112739
886	8909	0	0	0	1	0	1.688203
887	8917	0	0	0	1	0	2.943876
888	8926	0	0	0	0	0	1.261130
889	8939	0	0	0	2	0	2.709695
890	8951	0	0	0	0	0	1.631274
891	8960	0	0	0	0	0	2.526330
892	8969	0	0	0	1	0	2.292927
893	8976	0	0	0	1	0	1.230996
894	8986	0	0	0	0	0	1.343225
895	8998	0	0	0	0	0	1.706478
896	9014	0	0	0	0	0	1.282942
897	9026	0	0	0	2	0	2.443133
898	9035	0	0	0	0	0	1.186229
899	9041	0	0	0	1	0	2.847818
900	9047	0	0	0	0	0	2.970670
901	9057	0	0	0	1	0	1.445483
902	9067	0	0	0	1	0	2.476356
903	9076	0	0	0	1	0	1.828981
904	9090	0	0	0	0	0	1.190156
905	9098	0	0	0	2	0	2.247858
906	9101	0	0	0	1	0	2.612182
907	9105	0	0	0	2	0	1.767857
908	9119	0	0	0	0	0	2.383160
909	9135	0	0	0	0	0	2.905820
910	9148	0	0	0	2	0	1.620229
911	9155	0	0	0	0	0	2.161661
912	9166	0	0	0	2	0	2.464103
913	9172	0	0	0	0	0	2.389721
914	9181	0	0	0	2	0	1.848973
915	9191	0	0	0	2	0	2.012142
916	9200	0	0	0	0	0	2.991967
917	9212	0	0	0	0	0	1.476650
918	9221	0	0	0	1	0	1.410069
919	9233	0	0	0	2	0	1.053353
920	9238	0	0	0	0	0	2.116198
921	9247	0	0	0	0	0	1.229877
922	9256	0	0	0	2	0	1.920721
923	9270	0	0	0	2	0	1.481655
924	9282	0	0	0	2	0	2.143676
925	9291	0	0	0	1	0	2.250008
926	9305	0	0	0	1	0	2.507130
927	9313	0	0	0	1	0	1.197982
928	9320	0	0	0	2	0	1.765699
929	9328	0	0	0	0	0	2.396509
930	9336	0	0	0	0	0	2.938230
931	9345	0	0	0	0	0	1.361532
932	9353	0	0	0	0	0	2.111897
933	9363	0	0	0	0	0	2.665683
934	9376	0	0	0	0	0	1.851870
935	9385	0	0	0	0	0	1.860614
936	9396	0	0	0	2	0	1.939773
937	9406	0	0	0	0	0	1.701528
938	9426	0	0	0	0	0	1.913737
939	9436	0	0	0	0	0	1.959560
940	9446	0	0	0	0	0	1.744815
941	9457	0	0	0	1	0	1.889733
942	9466	0	0	0	0	0	1.555974
943	9477	0	0	0	0	0	2.207641
944	9487	0	0	0	1	0	1.234455
945	9494	0	0	0	1	0	1.485388
946	9506	0	0	0	2	0	1.972583
947	9518	0	0	0	0	0	2.688006
948	9530	0	0	0	1	0	2.108309
949	9542	0	0	0	1	0	2.643561
950	9554	0	0	0	1	0	2.347114
951	9566	0	0	0	1	0	2.335166
952	9577	0	0	0	1	0	2.837595
953	9588	0	0	0	1	0	2.775122
954	9602	0	0	0	1	0	2.629402
955	9614	0	0	0	0	0	1.544110
956	9628	0	0	0	1	0	2.769254
957	9639	0	0	0	2	0	1.811964
958	9648	0	0	0	1	0	2.870223
959	9662	0	0	0	1	0	2.709730
960	9671	0	0	0	2	0	2.726992
961	9681	0	0	0	0	0	2.860240
962	9698	0	0	0	1	0	1.471006
963	9708	0	0	0	0	0	1.671186
964	9717	0	0	0	1	0	1.126464
965	9729	0	0	0	2	0	2.688709
966	9735	0	0	0	0	0	1.218536
967	9739	0	0	0	0	0	1.655717
968	9749	0	0	0	2	0	2.701781
969	9760	0	0	0	2	0	1.270466
970	9768	0	0	0	2	0	2.321330
971	9784	0	0	0	1	0	2.599189
972	9793	0	0	0	1	0	2.993776
973	9802	0	0	0	2	0	2.061066
974	9811	0	0	0	0	0	1.008700
975	9819	0	0	0	1	0	2.071132
976	9835	0	0	0	1	0	1.733751
977	9843	0	0	0	2	0	2.969137
978	9849	0	0	0	2	0	1.465299
979	9854	0	0	0	2	0	2.330545
980	9868	0	0	0	1	0	1.208437
981	9883	0	0	0	1	0	1.446087
982	9892	0	0	0	2	0	2.378662
983	9900	0	0	0	2	0	1.843757
984	9910	0	0	0	2	0	1.616495
985	9928	0	0	0	0	0	1.326275
986	9940	0	0	0	1	0	1.517209
987	9952	0	0	0	1	0	1.958550
988	9962	0	0	0	0	0	1.462262
989	9972	0	0	0	1	0	1.898569
990	9979	0	0	0	1	0	2.977201
991	9988	0	0	0	0	0	2.425149
992	9994	0	0	0	0	0	2.102655
993	10004	0	0	0	2	0	2.480723
994	10015	0	0	0	0	0	2.230541
995	10023	0	0	0	1	0	1.478572
996	10035	0	0	0	0	0	1.913524
997	10041	0	0	0	1	0	1.753933
998	10055	0	0	0	1	0	1.655517
999	10066	0	0	0	0	0	1.320057
