0	1	0	0	0	1	0	1.667285
1	7	0	0	0	0	0	2.222444
2	16	0	0	0	1	0	2.768820
3	23	0	0	0	1	0	1.726417
4	38	0	0	0	1	0	1.560484
5	52	0	0	0	2	0	2.995995
6	62	0	0	0	1	0	2.916419
7	78	0	0	0	1	0	2.440915
8	95	0	0	0	0	0	1.635987
9	106	0	0	0	1	0	2.973427
10	121	0	0	0	0	0	1.282163
11	131	0	0	0	1	0	1.462996
12	140	0	0	0	1	0	2.796133
13	148	0	0	0	0	0	1.124567
14	160	0	0	0	0	0	1.216440
15	173	0	0	0	2	0	1.745494
16	181	0	0	0	0	0	2.425627
17	191	0	0	0	0	0	2.804269
18	199	0	0	0	0	0	1.768623
19	212	0	0	0	1	0	1.455763
20	217	0	0	0	2	0	2.154703
21	231	0	0	0	0	0	2.250222
22	243	0	0	0	1	0	2.451356
23	253	0	0	0	2	0	1.140488
24	258	0	0	0	0	0	2.603454
25	268	0	0	0	0	0	2.274642
26	276	0	0	0	1	0	1.948043
27	285	0	0	0	0	0	1.266019
28	293	0	0	0	0	0	2.069532
29	302	0	0	0	1	0	1.896988
30	311	0	0	0	1	0	1.374582
31	323	0	0	0	0	0	1.169597
32	341	0	0	0	2	0	2.504477
33	350	0	0	0	0	0	1.148044
34	356	0	0	0	1	0	1.826714
35	368	0	0	0	0	0	1.100971
36	378	0	0	0	1	0	2.966811
37	387	0	0	0	0	0	1.340651
38	392	0	0	0	1	0	1.663408
39	399	0	0	0	2	0	2.571068
40	408	0	0	0	0	0	2.037058
41	415	0	0	0	0	0	2.343541
42	426	0	0	0	0	0	1.953512
43	435	0	0	0	2	0	2.663105
44	446	0	0	0	0	0	2.596888
45	459	0	0	0	2	0	1.971300
46	474	0	0	0	0	0	1.531835
47	484	0	0	0	0	0	2.704120
48	497	0	0	0	1	0	1.292425
49	505	0	0	0	0	0	2.065371
50	517	0	0	0	2	0	1.478722
51	526	0	0	0	1	0	2.687181
52	537	0	0	0	0	0	2.940968
53	549	0	0	0	0	0	1.691441
54	560	0	0	0	1	0	1.079087
55	570	0	0	0	1	0	2.707359
56	579	0	0	0	0	0	1.850901
57	592	0	0	0	0	0	1.457754
58	598	0	0	0	0	0	1.793939
59	606	0	0	0	1	0	1.928987
60	616	0	0	0	0	0	2.759886
61	621	0	0	0	1	0	2.661218
62	629	0	0	0	2	0	1.802579
63	637	0	0	0	0	0	1.688447
64	646	0	0	0	0	0	2.466865
65	656	0	0	0	1	0	2.964548
66	672	0	0	0	0	0	1.282466
67	682	0	0	0	1	0	1.387429
68	696	0	0	0	2	0	1.620089
69	705	0	0	0	2	0	2.643855
70	716	0	0	0	1	0	2.029795
71	729	0	0	0	0	0	2.814966
72	741	0	0	0	1	0	2.342910
73	750	0	0	0	1	0	1.567138
74	760	0	0	0	1	0	2.150757
75	772	0	0	0	0	0	1.690653
76	781	0	0	0	0	0	1.158127
77	793	0	0	0	1	0	1.085014
78	805	0	0	0	1	0	1.175432
79	814	0	0	0	1	0	1.721807
80	826	0	0	0	0	0	1.789510
81	833	0	0	0	0	0	1.857262
82	841	0	0	0	0	0	1.612245
83	852	0	0	0	2	0	2.995426
84	863	0	0	0	1	0	2.698246
85	873	0	0	0	1	0	2.799793
86	887	0	0	0	0	0	1.007426
87	899	0	0	0	2	0	2.172046
88	909	0	0	0	1	0	2.751406
89	921	0	0	0	2	0	1.539447
90	931	0	0	0	0	0	1.465154
91	944	0	0	0	2	0	2.288414
92	955	0	0	0	1	0	1.670444
93	966	0	0	0	1	0	2.413824
94	977	0	0	0	0	0	1.207000
95	987	0	0	0	0	0	1.516837
96	999	0	0	0	0	0	1.307885
97	1008	0	0	0	0	0	2.862607
98	1019	0	0	0	0	0	2.568434
99	1028	0	0	0	1	0	1.045454
100	1042	0	0	0	2	0	1.937524
101	1053	0	0	0	0	0	2.274437
102	1059	0	0	0	0	0	1.871159
103	1071	0	0	0	0	0	2.070600
104	1076	0	0	0	2	0	1.439899
105	1087	0	0	0	0	0	1.129812
106	1097	0	0	0	1	0	1.830992
107	1109	0	0	0	1	0	1.701568
108	1121	0	0	0	2	0	2.826551
109	1131	0	0	0	0	0	1.381376
110	1136	0	0	0	2	0	2.087848
111	1151	0	0	0	0	0	1.735478
112	1159	0	0	0	0	0	1.181528
113	1171	0	0	0	0	0	1.038243
114	1181	0	0	0	0	0	1.301048
115	1189	0	0	0	1	0	1.668189
116	1198	0	0	0	1	0	1.939460
117	1210	0	0	0	1	0	2.122288
118	1216	0	0	0	0	0	1.388717
119	1231	0	0	0	0	0	1.490155
120	1240	0	0	0	0	0	2.966049
121	1250	0	0	0	1	0	2.281553
122	1258	0	0	0	1	0	2.725081
123	1263	0	0	0	0	0	2.967078
124	1267	0	0	0	1	0	2.421367
125	1278	0	0	0	2	0	1.294950
126	1289	0	0	0	2	0	2.104662
127	1299	0	0	0	2	0	1.158389
128	1309	0	0	0	2	0	2.318738
129	1321	0	0	0	2	0	1.154144
130	1325	0	0	0	0	0	1.710060
131	1338	0	0	0	1	0	2.924010
132	1347	0	0	0	0	0	2.070430
133	1357	0	0	0	0	0	2.020481
134	1369	0	0	0	0	0	1.844762
135	1375	0	0	0	0	0	1.983172
136	1384	0	0	0	2	0	2.565524
137	1394	0	0	0	2	0	2.422810
138	1404	0	0	0	1	0	2.256597
139	1417	0	0	0	2	0	1.893437
140	1427	0	0	0	0	0	1.714705
141	1439	0	0	0	1	0	2.808251
142	1450	0	0	0	0	0	1.909552
143	1457	0	0	0	1	0	1.200136
144	1470	0	0	0	0	0	2.718247
145	1486	0	0	0	1	0	2.764933
146	1495	0	0	0	1	0	2.008384
147	1499	0	0	0	1	0	1.388058
148	1508	0	0	0	0	0	2.026245
149	1515	0	0	0	1	0	2.311662
150	1528	0	0	0	1	0	2.734463
151	1535	0	0	0	0	0	1.260698
152	1551	0	0	0	0	0	1.171919
153	1557	0	0	0	1	0	2.193207
154	1572	0	0	0	0	0	2.291640
155	1586	0	0	0	0	0	2.888585
156	1591	0	0	0	0	0	2.278992
157	1600	0	0	0	0	0	1.567523
158	1614	0	0	0	0	0	2.912567
159	1620	0	0	0	1	0	1.632863
160	1629	0	0	0	0	0	1.882554
161	1634	0	0	0	0	0	2.371699
162	1648	0	0	0	0	0	1.024309
163	1657	0	0	0	0	0	2.910814
164	1662	0	0	0	2	0	1.051694
165	1676	0	0	0	0	0	2.291711
166	1688	0	0	0	0	0	1.614038
167	1697	0	0	0	2	0	2.584199
168	1712	0	0	0	2	0	2.625004
169	1722	0	0	0	1	0	2.993049
170	1745	0	0	0	1	0	2.581771
171	1750	0	0	0	0	0	2.105875
172	1760	0	0	0	2	0	1.373613
173	1766	0	0	0	0	0	1.294536
174	1780	0	0	0	2	0	2.068780
175	1794	0	0	0	0	0	1.414592
176	1802	0	0	0	1	0	1.096906
177	1813	0	0	0	0	0	2.124106
178	1824	0	0	0	1	0	2.884249
179	1837	0	0	0	0	0	2.403581
180	1843	0	0	0	1	0	1.993765
181	1850	0	0	0	0	0	1.389262
182	1857	0	0	0	0	0	2.850772
183	1864	0	0	0	2	0	2.550213
184	1873	0	0	0	2	0	1.680793
185	1886	0	0	0	1	0	1.534151
186	1889	0	0	0	0	0	1.998875
187	1901	0	0	0	0	0	2.353955
188	1911	0	0	0	2	0	1.166915
189	1927	0	0	0	1	0	2.350322
190	1935	0	0	0	1	0	2.537040
191	1948	0	0	0	2	0	2.609622
192	1956	0	0	0	1	0	1.939767
193	1963	0	0	0	0	0	2.551785
194	1976	0	0	0	0	0	2.356489
195	1989	0	0	0	0	0	1.405572
196	2006	0	0	0	0	0	2.990747
197	2020	0	0	0	0	0	1.726050
198	2028	0	0	0	0	0	1.195680
199	2041	0	0	0	1	0	1.024643
200	2045	0	0	0	1	0	1.205986
201	2057	0	0	0	2	0	1.321480
202	2069	0	0	0	0	0	2.477000
203	2080	0	0	0	1	0	1.046161
204	2089	0	0	0	1	0	1.323497
205	2097	0	0	0	0	0	2.377791
206	2108	0	0	0	0	0	2.623633
207	2116	0	0	0	1	0	2.157931
208	2127	0	0	0	2	0	2.104790
209	2132	0	0	0	1	0	2.348459
210	2145	0	0	0	1	0	2.292520
211	2156	0	0	0	0	0	2.930737
212	2166	0	0	0	1	0	2.652373
213	2175	0	0	0	0	0	1.308198
214	2187	0	0	0	2	0	2.448426
215	2195	0	0	0	2	0	2.753850
216	2204	0	0	0	0	0	2.758621
217	2211	0	0	0	2	0	1.461613
218	2221	0	0	0	1	0	2.216781
219	2236	0	0	0	1	0	1.191039
220	2247	0	0	0	1	0	1.734711
221	2256	0	0	0	0	0	1.384835
222	2263	0	0	0	1	0	1.751034
223	2270	0	0	0	2	0	1.773076
224	2277	0	0	0	2	0	1.002746
225	2289	0	0	0	1	0	2.796533
226	2298	0	0	0	1	0	1.560008
227	2310	0	0	0	0	0	1.283920
228	2316	0	0	0	1	0	2.694316
229	2327	0	0	0	1	0	1.986879
230	2331	0	0	0	1	0	1.186250
231	2339	0	0	0	0	0	2.498415
232	2349	0	0	0	1	0	2.244855
233	2357	0	0	0	1	0	1.902570
234	2371	0	0	0	2	0	1.517719
235	2382	0	0	0	2	0	1.413801
236	2394	0	0	0	0	0	2.968607
237	2402	0	0	0	1	0	1.805769
238	2412	0	0	0	1	0	1.083219
239	2423	0	0	0	1	0	1.905747
240	2435	0	0	0	1	0	1.621812
241	2446	0	0	0	1	0	1.523935
242	2456	0	0	0	0	0	1.542853
243	2463	0	0	0	1	0	1.330939
244	2472	0	0	0	1	0	1.196390
245	2481	0	0	0	0	0	2.587632
246	2493	0	0	0	2	0	1.258517
247	2501	0	0	0	2	0	2.967665
248	2510	0	0	0	1	0	2.176689
249	2522	0	0	0	2	0	2.102370
250	2530	0	0	0	1	0	2.935746
251	2537	0	0	0	0	0	1.411529
252	2547	0	0	0	0	0	1.914553
253	2556	0	0	0	2	0	1.195852
254	2567	0	0	0	0	0	2.028504
255	2576	0	0	0	1	0	2.415255
256	2590	0	0	0	0	0	2.152636
257	2605	0	0	0	1	0	1.800657
258	2616	0	0	0	1	0	1.643236
259	2621	0	0	0	1	0	1.374691
260	2637	0	0	0	1	0	1.981899
261	2643	0	0	0	0	0	1.651111
262	2654	0	0	0	1	0	1.880741
263	2661	0	0	0	2	0	1.915645
264	2671	0	0	0	1	0	2.658393
265	2683	0	0	0	1	0	2.626704
266	2689	0	0	0	1	0	2.234378
267	2699	0	0	0	2	0	1.450024
268	2707	0	0	0	0	0	1.079409
269	2716	0	0	0	1	0	1.205752
270	2727	0	0	0	2	0	2.734802
271	2743	0	0	0	0	0	2.288369
272	2752	0	0	0	2	0	2.390388
273	2763	0	0	0	0	0	1.583714
274	2774	0	0	0	2	0	2.199284
275	2788	0	0	0	2	0	2.433488
276	2798	0	0	0	0	0	1.873958
277	2812	0	0	0	0	0	2.779211
278	2820	0	0	0	0	0	1.116914
279	2829	0	0	0	0	0	2.063755
280	2838	0	0	0	2	0	2.722104
281	2847	0	0	0	2	0	1.027707
282	2859	0	0	0	2	0	1.392093
283	2869	0	0	0	1	0	2.729813
284	2878	0	0	0	0	0	1.236722
285	2889	0	0	0	0	0	1.941322
286	2901	0	0	0	1	0	2.258868
287	2910	0	0	0	2	0	1.341997
288	2918	0	0	0	2	0	1.991365
289	2928	0	0	0	2	0	2.850208
290	2933	0	0	0	2	0	2.293218
291	2941	0	0	0	1	0	1.302293
292	2952	0	0	0	1	0	2.528544
293	2964	0	0	0	0	0	2.852713
294	2975	0	0	0	0	0	1.190444
295	2986	0	0	0	0	0	1.200131
296	2999	0	0	0	0	0	2.508478
297	3010	0	0	0	1	0	2.349863
298	3020	0	0	0	0	0	1.174311
299	3032	0	0	0	1	0	1.061229
300	3041	0	0	0	0	0	2.216370
301	3043	0	0	0	1	0	2.374535
302	3049	0	0	0	0	0	2.824093
303	3057	0	0	0	1	0	2.955432
304	3067	0	0	0	0	0	1.352266
305	3082	0	0	0	0	0	1.213880
306	3097	0	0	0	1	0	1.973759
307	3108	0	0	0	1	0	2.505863
308	3113	0	0	0	1	0	2.589402
309	3121	0	0	0	2	0	2.341290
310	3129	0	0	0	0	0	2.825282
311	3136	0	0	0	0	0	1.763483
312	3148	0	0	0	0	0	1.183598
313	3163	0	0	0	2	0	1.477721
314	3175	0	0	0	1	0	2.375665
315	3183	0	0	0	0	0	2.114152
316	3199	0	0	0	0	0	1.634503
317	3207	0	0	0	1	0	2.195586
318	3215	0	0	0	0	0	2.139397
319	3225	0	0	0	2	0	2.457302
320	3237	0	0	0	1	0	2.999507
321	3252	0	0	0	1	0	1.059232
322	3267	0	0	0	2	0	2.938768
323	3279	0	0	0	0	0	2.166660
324	3290	0	0	0	1	0	2.595620
325	3300	0	0	0	2	0	2.416092
326	3310	0	0	0	0	0	1.828207
327	3328	0	0	0	1	0	2.340442
328	3336	0	0	0	0	0	1.302661
329	3351	0	0	0	1	0	2.889175
330	3363	0	0	0	1	0	1.161211
331	3371	0	0	0	1	0	1.335141
332	3384	0	0	0	2	0	2.785499
333	3402	0	0	0	0	0	1.336377
334	3413	0	0	0	1	0	2.943208
335	3420	0	0	0	2	0	1.958259
336	3429	0	0	0	1	0	2.595409
337	3437	0	0	0	0	0	1.828417
338	3442	0	0	0	0	0	1.163146
339	3448	0	0	0	1	0	2.188997
340	3456	0	0	0	2	0	2.247259
341	3471	0	0	0	1	0	1.163216
342	3477	0	0	0	1	0	1.700350
343	3488	0	0	0	2	0	2.042259
344	3498	0	0	0	0	0	2.666664
345	3511	0	0	0	0	0	2.949230
346	3516	0	0	0	1	0	2.004111
347	3526	0	0	0	1	0	2.465808
348	3537	0	0	0	0	0	1.529908
349	3547	0	0	0	0	0	2.335808
350	3557	0	0	0	0	0	2.340809
351	3566	0	0	0	1	0	1.544418
352	3576	0	0	0	1	0	2.005868
353	3589	0	0	0	0	0	1.663927
354	3600	0	0	0	1	0	1.685254
355	3613	0	0	0	1	0	1.665471
356	3627	0	0	0	0	0	1.020668
357	3633	0	0	0	2	0	2.579055
358	3640	0	0	0	0	0	1.681071
359	3656	0	0	0	0	0	2.629380
360	3664	0	0	0	1	0	1.313156
361	3670	0	0	0	0	0	1.893609
362	3677	0	0	0	0	0	2.705882
363	3689	0	0	0	1	0	1.535473
364	3699	0	0	0	1	0	2.718758
365	3717	0	0	0	0	0	2.198946
366	3729	0	0	0	0	0	2.934296
367	3733	0	0	0	2	0	2.520218
368	3741	0	0	0	0	0	1.785129
369	3750	0	0	0	0	0	2.892175
370	3763	0	0	0	2	0	1.030351
371	3770	0	0	0	2	0	1.446918
372	3775	0	0	0	2	0	2.305092
373	3779	0	0	0	1	0	2.305223
374	3789	0	0	0	0	0	2.489570
375	3798	0	0	0	1	0	2.524796
376	3810	0	0	0	0	0	2.360132
377	3813	0	0	0	0	0	2.999688
378	3824	0	0	0	0	0	1.909272
379	3831	0	0	0	2	0	1.618794
380	3841	0	0	0	1	0	1.464060
381	3855	0	0	0	1	0	2.785880
382	3864	0	0	0	0	0	2.128670
383	3873	0	0	0	2	0	2.498300
384	3884	0	0	0	1	0	2.558697
385	3895	0	0	0	0	0	2.995114
386	3905	0	0	0	1	0	2.473023
387	3915	0	0	0	0	0	1.013093
388	3926	0	0	0	1	0	2.194377
389	3936	0	0	0	0	0	2.697947
390	3943	0	0	0	0	0	2.153183
391	3955	0	0	0	0	0	2.873242
392	3964	0	0	0	2	0	1.751732
393	3972	0	0	0	2	0	2.494536
394	3986	0	0	0	0	0	1.637126
395	3991	0	0	0	1	0	2.898260
396	4002	0	0	0	1	0	1.476883
397	4009	0	0	0	1	0	1.307293
398	4018	0	0	0	2	0	1.909706
399	4034	0	0	0	0	0	2.069251
400	4043	0	0	0	2	0	1.678105
401	4056	0	0	0	2	0	2.766617
402	4067	0	0	0	1	0	1.781706
403	4078	0	0	0	1	0	2.028464
404	4086	0	0	0	0	0	2.812116
405	4096	0	0	0	2	0	1.622230
406	4104	0	0	0	0	0	1.983603
407	4115	0	0	0	2	0	1.256367
408	4130	0	0	0	0	0	1.440208
409	4145	0	0	0	0	0	1.444401
410	4153	0	0	0	0	0	1.887737
411	4162	0	0	0	0	0	1.234279
412	4173	0	0	0	0	0	1.269904
413	4182	0	0	0	2	0	1.123284
414	4196	0	0	0	0	0	2.292719
415	4208	0	0	0	1	0	2.336904
416	4218	0	0	0	2	0	1.250955
417	4225	0	0	0	2	0	2.507894
418	4232	0	0	0	0	0	2.120814
419	4242	0	0	0	0	0	1.284091
420	4252	0	0	0	1	0	1.695674
421	4260	0	0	0	2	0	2.508745
422	4274	0	0	0	0	0	1.596545
423	4284	0	0	0	1	0	1.710808
424	4291	0	0	0	1	0	2.346067
425	4300	0	0	0	0	0	2.139450
426	4307	0	0	0	0	0	2.989216
427	4322	0	0	0	0	0	1.372248
428	4332	0	0	0	0	0	1.595839
429	4348	0	0	0	0	0	2.569694
430	4366	0	0	0	0	0	1.363065
431	4374	0	0	0	0	0	2.654057
432	4383	0	0	0	2	0	2.209285
433	4391	0	0	0	1	0	2.810456
434	4400	0	0	0	0	0	1.486034
435	4407	0	0	0	1	0	2.048135
436	4414	0	0	0	2	0	1.118988
437	4419	0	0	0	2	0	1.682198
438	4429	0	0	0	0	0	1.994131
439	4440	0	0	0	0	0	2.494995
440	4448	0	0	0	2	0	1.629192
441	4460	0	0	0	1	0	2.284457
442	4467	0	0	0	1	0	2.695071
443	4473	0	0	0	2	0	1.130937
444	4481	0	0	0	0	0	1.715339
445	4489	0	0	0	2	0	1.740997
446	4494	0	0	0	1	0	2.544815
447	4506	0	0	0	1	0	2.377748
448	4514	0	0	0	0	0	2.747690
449	4525	0	0	0	1	0	2.775454
450	4536	0	0	0	1	0	2.745132
451	4547	0	0	0	1	0	1.352398
452	4551	0	0	0	1	0	2.105996
453	4563	0	0	0	0	0	1.602473
454	4574	0	0	0	1	0	2.552636
455	4583	0	0	0	2	0	2.302552
456	4591	0	0	0	0	0	1.991672
457	4601	0	0	0	2	0	1.609211
458	4613	0	0	0	0	0	1.527417
459	4626	0	0	0	2	0	2.342130
460	4637	0	0	0	2	0	1.623042
461	4647	0	0	0	1	0	1.733221
462	4656	0	0	0	2	0	2.326721
463	4667	0	0	0	2	0	2.612830
464	4681	0	0	0	0	0	2.402004
465	4690	0	0	0	0	0	2.180276
466	4704	0	0	0	0	0	2.995782
467	4706	0	0	0	0	0	2.967510
468	4721	0	0	0	0	0	2.777658
469	4734	0	0	0	0	0	1.420357
470	4742	0	0	0	0	0	2.390601
471	4751	0	0	0	2	0	2.317583
472	4763	0	0	0	1	0	2.485758
473	4777	0	0	0	2	0	2.590200
474	4787	0	0	0	0	0	2.761844
475	4798	0	0	0	2	0	1.716029
476	4809	0	0	0	1	0	2.193752
477	4823	0	0	0	1	0	1.739830
478	4836	0	0	0	0	0	1.732009
479	4847	0	0	0	0	0	1.917979
480	4862	0	0	0	1	0	2.073194
481	4866	0	0	0	1	0	1.942787
482	4875	0	0	0	0	0	1.879154
483	4885	0	0	0	0	0	2.988292
484	4894	0	0	0	0	0	1.872675
485	4900	0	0	0	0	0	2.084938
486	4906	0	0	0	1	0	2.927632
487	4917	0	0	0	1	0	1.392431
488	4929	0	0	0	1	0	2.088544
489	4942	0	0	0	2	0	1.543388
490	4946	0	0	0	1	0	1.099095
491	4956	0	0	0	0	0	1.378705
492	4964	0	0	0	0	0	1.115440
493	4973	0	0	0	2	0	1.636020
494	4986	0	0	0	0	0	2.553278
495	4995	0	0	0	1	0	1.269215
496	5008	0	0	0	0	0	2.964108
497	5017	0	0	0	2	0	1.633739
498	5026	0	0	0	1	0	1.245618
499	5033	0	0	0	1	0	1.577404
500	5041	0	0	0	0	0	1.049452
501	5051	0	0	0	0	0	1.052365
502	5062	0	0	0	1	0	2.903725
503	5079	0	0	0	1	0	2.089291
504	5092	0	0	0	2	0	2.199261
505	5095	0	0	0	1	0	2.995481
506	5101	0	0	0	2	0	1.193978
507	5113	0	0	0	1	0	1.988505
508	5123	0	0	0	0	0	2.118891
509	5136	0	0	0	1	0	2.317146
510	5150	0	0	0	2	0	1.501248
511	5163	0	0	0	1	0	2.744392
512	5172	0	0	0	1	0	2.989362
513	5182	0	0	0	0	0	1.115315
514	5195	0	0	0	0	0	1.110542
515	5207	0	0	0	0	0	1.847718
516	5213	0	0	0	2	0	2.411780
517	5226	0	0	0	1	0	2.730362
518	5243	0	0	0	2	0	1.195893
519	5248	0	0	0	1	0	2.896916
520	5254	0	0	0	1	0	2.376821
521	5262	0	0	0	2	0	1.734702
522	5273	0	0	0	0	0	1.349264
523	5284	0	0	0	1	0	1.335946
524	5297	0	0	0	1	0	2.330768
525	5306	0	0	0	2	0	1.887009
526	5316	0	0	0	1	0	2.273882
527	5326	0	0	0	0	0	1.455496
528	5332	0	0	0	0	0	2.065590
529	5348	0	0	0	1	0	2.349781
530	5358	0	0	0	1	0	2.885474
531	5371	0	0	0	1	0	1.722120
532	5373	0	0	0	0	0	2.912085
533	5384	0	0	0	0	0	2.359095
534	5395	0	0	0	2	0	1.152439
535	5403	0	0	0	1	0	2.491379
536	5417	0	0	0	2	0	2.371397
537	5429	0	0	0	1	0	2.986470
538	5449	0	0	0	2	0	1.325102
539	5453	0	0	0	2	0	2.506186
540	5465	0	0	0	1	0	1.846867
541	5480	0	0	0	1	0	1.848395
542	5493	0	0	0	2	0	2.255160
543	5504	0	0	0	0	0	1.056526
544	5515	0	0	0	0	0	2.367807
545	5518	0	0	0	1	0	2.299545
546	5528	0	0	0	1	0	1.699458
547	5531	0	0	0	0	0	1.979327
548	5540	0	0	0	0	0	2.869513
549	5547	0	0	0	0	0	2.565909
550	5557	0	0	0	1	0	2.965431
551	5563	0	0	0	2	0	1.444901
552	5573	0	0	0	0	0	2.739020
553	5585	0	0	0	1	0	1.197054
554	5593	0	0	0	1	0	1.154947
555	5602	0	0	0	0	0	1.943468
556	5611	0	0	0	0	0	2.449627
557	5625	0	0	0	0	0	1.947303
558	5628	0	0	0	0	0	2.891995
559	5636	0	0	0	1	0	2.349290
560	5645	0	0	0	0	0	1.668971
561	5654	0	0	0	1	0	2.736511
562	5669	0	0	0	1	0	2.274031
563	5689	0	0	0	0	0	2.193616
564	5695	0	0	0	0	0	1.854361
565	5701	0	0	0	2	0	1.408704
566	5709	0	0	0	2	0	2.348025
567	5723	0	0	0	1	0	2.043721
568	5736	0	0	0	1	0	2.482261
569	5743	0	0	0	0	0	1.988749
570	5750	0	0	0	0	0	2.069368
571	5758	0	0	0	0	0	1.570987
572	5768	0	0	0	2	0	1.341999
573	5779	0	0	0	0	0	2.637566
574	5792	0	0	0	0	0	1.514213
575	5804	0	0	0	0	0	1.339746
576	5809	0	0	0	0	0	1.413710
577	5816	0	0	0	0	0	2.435564
578	5828	0	0	0	0	0	1.384634
579	5850	0	0	0	0	0	2.130434
580	5860	0	0	0	1	0	2.238873
581	5870	0	0	0	0	0	1.675382
582	5879	0	0	0	0	0	2.884862
583	5888	0	0	0	0	0	1.606333
584	5896	0	0	0	1	0	2.036848
585	5909	0	0	0	0	0	2.331356
586	5916	0	0	0	0	0	1.433324
587	5929	0	0	0	1	0	2.792379
588	5936	0	0	0	0	0	1.355824
589	5948	0	0	0	1	0	1.015653
590	5958	0	0	0	1	0	1.121158
591	5970	0	0	0	1	0	2.341308
592	5987	0	0	0	0	0	2.412616
593	6005	0	0	0	1	0	2.609112
594	6012	0	0	0	1	0	2.124412
595	6018	0	0	0	1	0	1.812878
596	6027	0	0	0	0	0	2.083213
597	6040	0	0	0	1	0	2.283443
598	6046	0	0	0	0	0	1.457289
599	6053	0	0	0	0	0	1.087011
600	6064	0	0	0	0	0	2.161359
601	6076	0	0	0	2	0	1.749700
602	6084	0	0	0	0	0	2.423021
603	6090	0	0	0	2	0	2.523322
604	6096	0	0	0	2	0	1.688169
605	6105	0	0	0	0	0	2.431775
606	6114	0	0	0	2	0	1.093886
607	6120	0	0	0	1	0	2.088212
608	6127	0	0	0	1	0	2.850319
609	6135	0	0	0	1	0	1.764839
610	6145	0	0	0	1	0	1.962207
611	6157	0	0	0	1	0	2.681297
612	6166	0	0	0	0	0	2.597491
613	6173	0	0	0	1	0	1.595650
614	6182	0	0	0	2	0	2.282107
615	6191	0	0	0	1	0	1.693710
616	6208	0	0	0	0	0	1.161816
617	6215	0	0	0	1	0	1.119749
618	6231	0	0	0	0	0	1.359886
619	6245	0	0	0	0	0	2.238052
620	6253	0	0	0	1	0	1.769899
621	6260	0	0	0	1	0	2.076586
622	6268	0	0	0	2	0	2.499421
623	6276	0	0	0	0	0	2.451020
624	6290	0	0	0	2	0	1.540493
625	6298	0	0	0	2	0	2.892254
626	6305	0	0	0	2	0	1.319181
627	6311	0	0	0	1	0	1.904487
628	6324	0	0	0	0	0	1.931615
629	6332	0	0	0	2	0	1.857854
630	6344	0	0	0	2	0	1.770215
631	6359	0	0	0	2	0	2.830057
632	6367	0	0	0	1	0	1.787079
633	6377	0	0	0	0	0	2.064304
634	6384	0	0	0	1	0	1.185053
635	6393	0	0	0	2	0	1.837496
636	6399	0	0	0	1	0	1.453407
637	6410	0	0	0	2	0	2.126672
638	6419	0	0	0	1	0	2.945503
639	6429	0	0	0	0	0	1.760219
640	6437	0	0	0	0	0	1.335658
641	6448	0	0	0	0	0	2.634028
642	6461	0	0	0	1	0	1.336626
643	6473	0	0	0	1	0	1.040944
644	6483	0	0	0	2	0	2.342631
645	6495	0	0	0	1	0	2.523793
646	6508	0	0	0	1	0	2.278142
647	6520	0	0	0	0	0	1.767492
648	6527	0	0	0	2	0	1.111594
649	6536	0	0	0	2	0	2.670332
650	6548	0	0	0	2	0	1.681759
651	6552	0	0	0	0	0	2.915772
652	6561	0	0	0	0	0	1.448960
653	6565	0	0	0	1	0	2.780742
654	6573	0	0	0	1	0	2.362138
655	6583	0	0	0	1	0	2.733641
656	6593	0	0	0	2	0	1.787507
657	6610	0	0	0	1	0	1.842915
658	6620	0	0	0	0	0	1.804352
659	6629	0	0	0	0	0	2.603433
660	6638	0	0	0	0	0	1.098013
661	6647	0	0	0	0	0	2.058305
662	6654	0	0	0	0	0	1.314367
663	6667	0	0	0	2	0	1.653277
664	6675	0	0	0	0	0	2.139340
665	6683	0	0	0	1	0	2.957609
666	6695	0	0	0	1	0	2.945581
667	6705	0	0	0	1	0	2.556663
668	6717	0	0	0	0	0	2.917527
669	6727	0	0	0	1	0	1.973676
670	6735	0	0	0	1	0	2.485330
671	6742	0	0	0	2	0	2.788145
672	6753	0	0	0	2	0	2.516149
673	6764	0	0	0	0	0	2.005970
674	6776	0	0	0	1	0	1.298551
675	6783	0	0	0	1	0	1.736523
676	6793	0	0	0	0	0	2.843680
677	6805	0	0	0	2	0	1.898164
678	6821	0	0	0	2	0	1.667466
679	6829	0	0	0	0	0	2.263180
680	6834	0	0	0	1	0	1.355640
681	6846	0	0	0	0	0	1.626602
682	6857	0	0	0	0	0	2.991840
683	6871	0	0	0	2	0	1.900313
684	6879	0	0	0	2	0	2.132763
685	6884	0	0	0	1	0	1.051327
686	6890	0	0	0	1	0	2.389648
687	6896	0	0	0	1	0	2.935230
688	6905	0	0	0	1	0	1.530991
689	6920	0	0	0	1	0	2.981280
690	6930	0	0	0	0	0	2.889533
691	6938	0	0	0	1	0	1.353761
692	6945	0	0	0	1	0	1.432269
693	6954	0	0	0	1	0	1.439424
694	6961	0	0	0	2	0	2.028504
695	6971	0	0	0	2	0	2.338847
696	6984	0	0	0	1	0	2.328065
697	6990	0	0	0	0	0	1.941736
698	7001	0	0	0	0	0	2.736525
699	7005	0	0	0	2	0	2.629958
700	7014	0	0	0	0	0	2.595711
701	7025	0	0	0	2	0	2.119114
702	7032	0	0	0	0	0	2.988312
703	7049	0	0	0	0	0	2.719454
704	7063	0	0	0	2	0	2.318510
705	7074	0	0	0	0	0	2.084030
706	7086	0	0	0	0	0	2.752539
707	7098	0	0	0	2	0	2.167716
708	7111	0	0	0	0	0	1.227725
709	7120	0	0	0	0	0	2.600031
710	7139	0	0	0	0	0	1.547815
711	7145	0	0	0	0	0	2.426716
712	7158	0	0	0	1	0	1.863337
713	7169	0	0	0	2	0	1.849517
714	7176	0	0	0	2	0	1.285569
715	7188	0	0	0	0	0	1.304258
716	7198	0	0	0	0	0	1.956910
717	7204	0	0	0	1	0	2.633172
718	7215	0	0	0	1	0	1.268276
719	7230	0	0	0	1	0	2.393212
720	7240	0	0	0	0	0	1.989260
721	7251	0	0	0	1	0	1.945953
722	7258	0	0	0	1	0	2.617052
723	7273	0	0	0	0	0	2.434825
724	7286	0	0	0	0	0	1.838698
725	7294	0	0	0	2	0	1.857173
726	7306	0	0	0	0	0	1.829099
727	7320	0	0	0	1	0	1.082539
728	7329	0	0	0	0	0	2.559231
729	7339	0	0	0	0	0	1.995699
730	7349	0	0	0	2	0	1.021901
731	7355	0	0	0	2	0	1.233547
732	7367	0	0	0	0	0	1.749754
733	7377	0	0	0	0	0	2.558831
734	7386	0	0	0	2	0	1.380235
735	7393	0	0	0	2	0	1.532474
736	7406	0	0	0	1	0	2.099579
737	7417	0	0	0	1	0	2.834088
738	7428	0	0	0	2	0	2.903719
739	7441	0	0	0	2	0	2.536195
740	7445	0	0	0	0	0	1.331548
741	7452	0	0	0	1	0	1.837593
742	7460	0	0	0	0	0	1.481045
743	7469	0	0	0	2	0	1.125242
744	7476	0	0	0	1	0	1.619700
745	7489	0	0	0	2	0	1.249989
746	7501	0	0	0	0	0	2.320366
747	7510	0	0	0	0	0	1.787741
748	7518	0	0	0	0	0	1.285287
749	7529	0	0	0	2	0	1.081280
750	7543	0	0	0	2	0	2.568931
751	7553	0	0	0	0	0	2.737500
752	7561	0	0	0	1	0	2.532940
753	7575	0	0	0	0	0	1.572302
754	7584	0	0	0	1	0	1.290412
755	7588	0	0	0	1	0	2.525966
756	7602	0	0	0	0	0	2.136139
757	7610	0	0	0	0	0	2.950028
758	7621	0	0	0	1	0	1.050173
759	7631	0	0	0	0	0	1.995805
760	7642	0	0	0	1	0	2.782622
761	7654	0	0	0	0	0	1.432526
762	7668	0	0	0	0	0	2.179064
763	7680	0	0	0	1	0	1.771990
764	7686	0	0	0	1	0	1.770134
765	7700	0	0	0	0	0	2.553732
766	7708	0	0	0	2	0	2.655257
767	7717	0	0	0	1	0	1.174288
768	7725	0	0	0	1	0	1.944913
769	7733	0	0	0	1	0	2.870851
770	7741	0	0	0	1	0	1.488297
771	7750	0	0	0	1	0	2.128799
772	7753	0	0	0	1	0	1.629949
773	7766	0	0	0	0	0	2.472794
774	7776	0	0	0	1	0	2.782574
775	7784	0	0	0	1	0	1.178990
776	7793	0	0	0	0	0	1.912030
777	7804	0	0	0	0	0	2.302061
778	7813	0	0	0	1	0	1.136824
779	7818	0	0	0	1	0	2.701606
780	7826	0	0	0	2	0	1.077688
781	7828	0	0	0	0	0	1.833999
782	7840	0	0	0	1	0	2.708039
783	7851	0	0	0	2	0	1.232748
784	7862	0	0	0	2	0	1.980428
785	7874	0	0	0	1	0	1.241490
786	7892	0	0	0	2	0	2.541901
787	7897	0	0	0	0	0	1.017800
788	7904	0	0	0	2	0	2.619214
789	7914	0	0	0	0	0	1.396317
790	7924	0	0	0	1	0	2.344913
791	7940	0	0	0	1	0	1.247624
792	7950	0	0	0	1	0	2.536977
793	7955	0	0	0	1	0	1.392036
794	7965	0	0	0	1	0	2.584789
795	7973	0	0	0	1	0	2.885372
796	7981	0	0	0	0	0	1.847515
797	7997	0	0	0	2	0	1.126476
798	8010	0	0	0	2	0	2.896541
799	8016	0	0	0	1	0	2.102624
800	8024	0	0	0	0	0	2.615575
801	8032	0	0	0	0	0	2.923691
802	8040	0	0	0	0	0	2.155771
803	8051	0	0	0	1	0	2.941764
804	8059	0	0	0	2	0	2.754464
805	8069	0	0	0	1	0	1.376445
806	8086	0	0	0	1	0	2.986697
807	8097	0	0	0	0	0	2.497250
808	8110	0	0	0	0	0	1.210164
809	8117	0	0	0	2	0	1.262265
810	8127	0	0	0	0	0	2.355158
811	8140	0	0	0	2	0	2.566532
812	8147	0	0	0	2	0	2.730385
813	8157	0	0	0	1	0	2.554756
814	8169	0	0	0	0	0	2.272392
815	8177	0	0	0	2	0	2.863722
816	8189	0	0	0	0	0	2.570236
817	8192	0	0	0	2	0	2.933833
818	8198	0	0	0	1	0	1.972314
819	8207	0	0	0	0	0	1.304894
820	8217	0	0	0	1	0	1.327889
821	8227	0	0	0	2	0	1.386212
822	8240	0	0	0	1	0	1.727487
823	8253	0	0	0	2	0	1.888693
824	8261	0	0	0	0	0	2.261863
825	8270	0	0	0	1	0	2.431789
826	8279	0	0	0	2	0	2.283841
827	8293	0	0	0	0	0	2.665535
828	8301	0	0	0	0	0	1.703347
829	8314	0	0	0	1	0	1.293817
830	8326	0	0	0	2	0	2.539571
831	8335	0	0	0	2	0	1.056183
832	8343	0	0	0	2	0	2.767343
833	8358	0	0	0	1	0	2.828822
834	8366	0	0	0	1	0	1.182385
835	8382	0	0	0	1	0	1.582494
836	8387	0	0	0	2	0	2.405595
837	8398	0	0	0	1	0	1.638386
838	8414	0	0	0	2	0	2.778115
839	8425	0	0	0	1	0	2.034948
840	8440	0	0	0	1	0	1.671150
841	8454	0	0	0	0	0	1.041878
842	8468	0	0	0	2	0	1.713665
843	8472	0	0	0	2	0	1.416896
844	8484	0	0	0	2	0	1.706327
845	8499	0	0	0	2	0	1.854351
846	8511	0	0	0	0	0	1.724689
847	8522	0	0	0	1	0	2.887577
848	8530	0	0	0	2	0	1.276848
849	8540	0	0	0	2	0	1.864816
850	8548	0	0	0	0	0	2.956375
851	8555	0	0	0	0	0	2.879414
852	8564	0	0	0	2	0	2.020145
853	8569	0	0	0	2	0	1.106053
854	8579	0	0	0	1	0	1.025833
855	8585	0	0	0	0	0	1.041347
856	8593	0	0	0	1	0	2.584385
857	8598	0	0	0	0	0	2.938785
858	8609	0	0	0	0	0	1.770085
859	8625	0	0	0	0	0	1.781629
860	8634	0	0	0	2	0	1.267235
861	8642	0	0	0	0	0	1.766474
862	8653	0	0	0	1	0	1.335530
863	8658	0	0	0	1	0	1.741745
864	8666	0	0	0	2	0	2.813941
865	8674	0	0	0	0	0	2.734503
866	8687	0	0	0	0	0	2.085925
867	8699	0	0	0	0	0	2.273802
868	8705	0	0	0	0	0	1.936521
869	8713	0	0	0	0	0	2.852196
870	8721	0	0	0	0	0	2.055777
871	8733	0	0	0	0	0	2.218412
872	8744	0	0	0	2	0	1.381979
873	8752	0	0	0	0	0	2.260143
874	8763	0	0	0	2	0	1.269801
875	8774	0	0	0	0	0	1.117279
876	8787	0	0	0	0	0	2.656929
877	8797	0	0	0	1	0	2.613439
878	8805	0	0	0	1	0	2.874386
879	8813	0	0	0	1	0	1.716617
880	8824	0	0	0	2	0	2.004949
881	8831	0	0	0	2	0	1.695756
882	8843	0	0	0	1	0	2.668453
883	8852	0	0	0	2	0	1.943184
884	8858	0	0	0	0	0	1.626002
885	8865	0	0	0	0	0	1.742741
886	8876	0	0	0	0	0	2.334748
887	8883	0	0	0	1	0	2.986407
888	8894	0	0	0	1	0	1.636504
889	8903	0	0	0	0	0	1.055123
890	8915	0	0	0	0	0	2.023893
891	8922	0	0	0	1	0	2.810049
892	8929	0	0	0	1	0	2.180064
893	8936	0	0	0	2	0	2.469469
894	8948	0	0	0	2	0	2.420008
895	8957	0	0	0	0	0	1.845623
896	8966	0	0	0	2	0	2.480816
897	8978	0	0	0	0	0	1.411512
898	8989	0	0	0	2	0	1.911513
899	8998	0	0	0	2	0	2.917341
900	9004	0	0	0	1	0	2.281190
901	9009	0	0	0	0	0	1.058839
902	9018	0	0	0	1	0	2.468698
903	9027	0	0	0	0	0	2.892747
904	9041	0	0	0	0	0	1.591127
905	9053	0	0	0	0	0	2.833642
906	9062	0	0	0	1	0	2.737568
907	9070	0	0	0	2	0	2.959835
908	9082	0	0	0	0	0	1.113882
909	9092	0	0	0	1	0	1.074095
910	9102	0	0	0	1	0	1.557092
911	9116	0	0	0	1	0	1.567821
912	9128	0	0	0	0	0	1.802038
913	9138	0	0	0	2	0	1.928197
914	9142	0	0	0	0	0	2.889481
915	9153	0	0	0	0	0	1.311892
916	9164	0	0	0	2	0	1.938172
917	9172	0	0	0	2	0	2.103069
918	9184	0	0	0	0	0	1.792990
919	9194	0	0	0	2	0	1.644438
920	9203	0	0	0	0	0	1.712537
921	9212	0	0	0	1	0	1.021180
922	9220	0	0	0	0	0	1.380416
923	9229	0	0	0	0	0	1.970308
924	9235	0	0	0	2	0	2.260327
925	9249	0	0	0	0	0	1.670479
926	9256	0	0	0	1	0	1.046390
927	9268	0	0	0	0	0	1.868874
928	9278	0	0	0	1	0	2.549443
929	9289	0	0	0	1	0	1.999611
930	9296	0	0	0	2	0	2.136719
931	9305	0	0	0	2	0	2.241957
932	9313	0	0	0	2	0	2.374164
933	9323	0	0	0	1	0	2.002038
934	9335	0	0	0	1	0	1.018327
935	9350	0	0	0	1	0	2.014156
936	9362	0	0	0	1	0	2.823169
937	9379	0	0	0	1	0	1.182932
938	9387	0	0	0	1	0	1.053282
939	9393	0	0	0	0	0	2.548099
940	9403	0	0	0	0	0	1.741479
941	9407	0	0	0	1	0	1.190514
942	9417	0	0	0	2	0	1.463024
943	9428	0	0	0	2	0	1.361049
944	9438	0	0	0	1	0	1.812783
945	9456	0	0	0	0	0	2.707709
946	9467	0	0	0	1	0	2.357717
947	9480	0	0	0	1	0	1.700981
948	9486	0	0	0	2	0	1.840569
949	9496	0	0	0	0	0	1.569471
950	9510	0	0	0	2	0	1.532125
951	9522	0	0	0	0	0	2.441067
952	9533	0	0	0	0	0	2.317479
953	9548	0	0	0	2	0	1.541774
954	9560	0	0	0	2	0	1.084262
955	9577	0	0	0	0	0	2.205268
956	9590	0	0	0	2	0	1.575273
957	9603	0	0	0	0	0	1.240666
958	9615	0	0	0	0	0	2.070320
959	9629	0	0	0	1	0	1.613679
960	9638	0	0	0	1	0	2.870353
961	9644	0	0	0	1	0	2.977062
962	9657	0	0	0	1	0	1.175762
963	9660	0	0	0	0	0	2.840618
964	9671	0	0	0	0	0	2.973667
965	9679	0	0	0	2	0	1.593235
966	9688	0	0	0	2	0	1.713480
967	9699	0	0	0	1	0	1.157571
968	9708	0	0	0	1	0	2.108439
969	9719	0	0	0	2	0	2.619366
970	9727	0	0	0	2	0	2.238452
971	9735	0	0	0	0	0	1.707173
972	9740	0	0	0	0	0	1.216045
973	9752	0	0	0	2	0	1.228092
974	9761	0	0	0	0	0	2.104362
975	9770	0	0	0	2	0	2.657639
976	9779	0	0	0	1	0	2.595631
977	9789	0	0	0	0	0	1.276057
978	9800	0	0	0	1	0	1.399898
979	9810	0	0	0	1	0	1.807721
980	9814	0	0	0	2	0	1.068999
981	9830	0	0	0	2	0	1.715856
982	9837	0	0	0	1	0	1.189358
983	9848	0	0	0	2	0	2.806985
984	9859	0	0	0	2	0	1.110511
985	9865	0	0	0	0	0	2.184198
986	9874	0	0	0	1	0	1.233313
987	9886	0	0	0	2	0	2.833130
988	9891	0	0	0	0	0	1.224316
989	9900	0	0	0	0	0	1.477189
990	9908	0	0	0	2	0	2.205430
991	9918	0	0	0	0	0	1.279390
992	9929	0	0	0	1	0	2.676133
993	9945	0	0	0	2	0	2.571421
994	9955	0	0	0	0	0	2.805870
995	9968	0	0	0	2	0	1.353148
996	9976	0	0	0	0	0	2.806490
997	9989	0	0	0	0	0	1.879377
998	10002	0	0	0	0	0	2.729379
999	10012	0	0	0	1	0	2.464936
