0	1	0	0	0	0	0	1.670747
1	14	0	0	0	0	0	2.007728
2	26	0	0	0	1	0	2.989661
3	31	0	0	0	0	0	2.035242
4	42	0	0	0	0	0	1.928497
5	51	0	0	0	2	0	1.088073
6	65	0	0	0	1	0	1.425690
7	80	0	0	0	1	0	2.658322
8	97	0	0	0	2	0	1.593345
9	109	0	0	0	2	0	2.843764
10	119	0	0	0	0	0	2.550141
11	131	0	0	0	1	0	2.722051
12	142	0	0	0	0	0	1.483146
13	157	0	0	0	0	0	1.538844
14	170	0	0	0	1	0	2.575461
15	178	0	0	0	2	0	1.919706
16	190	0	0	0	1	0	2.916884
17	199	0	0	0	2	0	2.731509
18	206	0	0	0	2	0	1.150784
19	213	0	0	0	2	0	1.903701
20	229	0	0	0	0	0	2.910013
21	243	0	0	0	2	0	2.646594
22	254	0	0	0	2	0	2.932659
23	266	0	0	0	1	0	2.149155
24	283	0	0	0	0	0	1.647748
25	296	0	0	0	0	0	1.297293
26	308	0	0	0	0	0	1.649065
27	320	0	0	0	0	0	2.787157
28	335	0	0	0	0	0	1.885099
29	349	0	0	0	2	0	1.894532
30	356	0	0	0	0	0	2.405492
31	365	0	0	0	1	0	2.088726
32	379	0	0	0	2	0	1.951964
33	391	0	0	0	0	0	1.984865
34	401	0	0	0	2	0	1.222673
35	414	0	0	0	1	0	2.593883
36	422	0	0	0	0	0	2.186569
37	433	0	0	0	0	0	2.426422
38	445	0	0	0	2	0	2.971763
39	454	0	0	0	1	0	2.415938
40	465	0	0	0	0	0	2.602710
41	481	0	0	0	0	0	1.082221
42	491	0	0	0	1	0	1.576522
43	503	0	0	0	1	0	2.568758
44	507	0	0	0	1	0	2.597774
45	517	0	0	0	1	0	1.239030
46	526	0	0	0	0	0	1.412234
47	536	0	0	0	0	0	1.034268
48	546	0	0	0	0	0	1.836643
49	558	0	0	0	1	0	1.970142
50	565	0	0	0	0	0	2.338467
51	571	0	0	0	0	0	2.851631
52	580	0	0	0	1	0	1.156228
53	591	0	0	0	2	0	1.184917
54	607	0	0	0	0	0	2.086852
55	615	0	0	0	0	0	2.509782
56	627	0	0	0	0	0	2.751000
57	635	0	0	0	0	0	1.459571
58	644	0	0	0	1	0	2.422651
59	656	0	0	0	1	0	2.525340
60	669	0	0	0	1	0	2.662170
61	675	0	0	0	2	0	2.238632
62	682	0	0	0	0	0	2.343451
63	692	0	0	0	1	0	1.928593
64	699	0	0	0	0	0	1.978923
65	714	0	0	0	2	0	2.717112
66	723	0	0	0	2	0	1.737045
67	733	0	0	0	0	0	2.225290
68	745	0	0	0	0	0	1.608269
69	750	0	0	0	1	0	1.857745
70	760	0	0	0	2	0	2.389656
71	775	0	0	0	1	0	2.806711
72	787	0	0	0	1	0	1.191132
73	795	0	0	0	2	0	2.119440
74	805	0	0	0	2	0	1.160394
75	819	0	0	0	2	0	1.911765
76	828	0	0	0	1	0	2.612586
77	841	0	0	0	1	0	1.675089
78	848	0	0	0	1	0	1.133544
79	862	0	0	0	0	0	1.824592
80	875	0	0	0	0	0	2.718377
81	886	0	0	0	0	0	1.153365
82	893	0	0	0	1	0	2.981189
83	903	0	0	0	0	0	2.358076
84	909	0	0	0	2	0	1.468944
85	921	0	0	0	0	0	1.400643
86	928	0	0	0	1	0	1.662957
87	938	0	0	0	1	0	2.006884
88	946	0	0	0	0	0	2.891996
89	955	0	0	0	0	0	1.740944
90	963	0	0	0	2	0	2.079068
91	967	0	0	0	2	0	1.568538
92	977	0	0	0	0	0	1.447986
93	984	0	0	0	0	0	1.060863
94	992	0	0	0	2	0	1.335762
95	1005	0	0	0	0	0	1.251607
96	1015	0	0	0	0	0	2.525509
97	1023	0	0	0	0	0	1.894512
98	1033	0	0	0	1	0	2.583907
99	1048	0	0	0	1	0	1.201962
100	1057	0	0	0	1	0	2.606423
101	1066	0	0	0	1	0	2.186944
102	1076	0	0	0	1	0	1.750239
103	1085	0	0	0	2	0	1.487438
104	1092	0	0	0	0	0	2.517983
105	1101	0	0	0	2	0	1.002267
106	1111	0	0	0	1	0	1.852055
107	1122	0	0	0	1	0	2.679933
108	1128	0	0	0	1	0	2.160992
109	1138	0	0	0	0	0	2.428773
110	1147	0	0	0	2	0	2.307870
111	1164	0	0	0	0	0	1.516659
112	1183	0	0	0	0	0	2.208504
113	1193	0	0	0	1	0	2.364595
114	1206	0	0	0	0	0	1.343008
115	1213	0	0	0	0	0	1.612686
116	1221	0	0	0	1	0	1.574273
117	1230	0	0	0	2	0	1.890724
118	1244	0	0	0	0	0	1.568925
119	1260	0	0	0	0	0	2.500871
120	1274	0	0	0	0	0	1.427507
121	1281	0	0	0	0	0	1.427901
122	1288	0	0	0	1	0	1.070590
123	1298	0	0	0	1	0	2.803562
124	1308	0	0	0	1	0	2.687677
125	1314	0	0	0	1	0	1.058700
126	1324	0	0	0	1	0	2.168236
127	1337	0	0	0	2	0	1.541795
128	1346	0	0	0	0	0	2.073888
129	1351	0	0	0	1	0	1.348424
130	1361	0	0	0	2	0	1.567365
131	1371	0	0	0	0	0	2.337133
132	1383	0	0	0	2	0	2.844672
133	1404	0	0	0	1	0	1.840223
134	1411	0	0	0	1	0	1.811222
135	1419	0	0	0	0	0	2.275653
136	1428	0	0	0	2	0	1.235783
137	1436	0	0	0	1	0	1.543666
138	1444	0	0	0	2	0	2.879236
139	1455	0	0	0	1	0	2.403484
140	1464	0	0	0	0	0	1.545184
141	1474	0	0	0	0	0	1.612205
142	1487	0	0	0	2	0	1.121207
143	1495	0	0	0	2	0	1.280693
144	1501	0	0	0	0	0	1.455258
145	1517	0	0	0	0	0	1.987911
146	1528	0	0	0	1	0	1.491337
147	1535	0	0	0	0	0	2.539810
148	1548	0	0	0	1	0	2.024053
149	1560	0	0	0	0	0	2.512992
150	1567	0	0	0	1	0	1.507499
151	1573	0	0	0	0	0	1.435079
152	1584	0	0	0	2	0	2.723636
153	1598	0	0	0	2	0	1.443758
154	1603	0	0	0	1	0	1.399008
155	1621	0	0	0	0	0	2.277063
156	1628	0	0	0	0	0	2.136623
157	1635	0	0	0	2	0	2.145924
158	1643	0	0	0	1	0	2.846761
159	1647	0	0	0	1	0	1.313022
160	1657	0	0	0	2	0	1.893133
161	1668	0	0	0	1	0	1.154457
162	1687	0	0	0	2	0	2.434127
163	1700	0	0	0	1	0	1.576816
164	1712	0	0	0	1	0	1.422747
165	1721	0	0	0	0	0	2.783142
166	1726	0	0	0	0	0	2.933653
167	1739	0	0	0	0	0	2.110062
168	1747	0	0	0	0	0	2.856037
169	1756	0	0	0	0	0	1.050812
170	1761	0	0	0	0	0	2.097872
171	1778	0	0	0	0	0	2.542400
172	1787	0	0	0	0	0	2.996602
173	1801	0	0	0	2	0	1.581683
174	1806	0	0	0	1	0	2.578337
175	1817	0	0	0	2	0	2.441822
176	1819	0	0	0	2	0	2.160048
177	1831	0	0	0	0	0	2.224353
178	1845	0	0	0	1	0	2.174546
179	1855	0	0	0	0	0	1.034681
180	1865	0	0	0	0	0	2.317751
181	1868	0	0	0	1	0	2.531253
182	1878	0	0	0	1	0	2.110267
183	1890	0	0	0	1	0	2.778429
184	1900	0	0	0	0	0	2.979497
185	1904	0	0	0	1	0	1.112479
186	1910	0	0	0	2	0	2.454438
187	1918	0	0	0	0	0	2.141998
188	1932	0	0	0	1	0	1.321082
189	1945	0	0	0	2	0	1.838452
190	1955	0	0	0	0	0	2.007130
191	1969	0	0	0	1	0	2.720248
192	1976	0	0	0	1	0	2.132263
193	1984	0	0	0	0	0	1.677303
194	1991	0	0	0	1	0	1.932182
195	2001	0	0	0	0	0	1.319649
196	2014	0	0	0	1	0	1.622845
197	2023	0	0	0	2	0	2.775422
198	2031	0	0	0	1	0	1.887444
199	2042	0	0	0	2	0	2.814947
200	2051	0	0	0	2	0	1.608743
201	2065	0	0	0	1	0	1.366704
202	2073	0	0	0	2	0	1.631232
203	2083	0	0	0	2	0	2.398926
204	2093	0	0	0	2	0	2.251472
205	2101	0	0	0	0	0	2.767205
206	2112	0	0	0	1	0	1.387949
207	2129	0	0	0	0	0	1.273750
208	2138	0	0	0	1	0	1.648962
209	2148	0	0	0	2	0	1.688130
210	2158	0	0	0	0	0	1.425936
211	2162	0	0	0	2	0	2.180130
212	2173	0	0	0	0	0	1.481966
213	2183	0	0	0	0	0	2.441709
214	2199	0	0	0	0	0	2.837789
215	2205	0	0	0	2	0	2.649702
216	2218	0	0	0	1	0	1.989928
217	2229	0	0	0	1	0	2.312904
218	2247	0	0	0	0	0	2.760629
219	2256	0	0	0	0	0	1.654184
220	2263	0	0	0	1	0	1.832021
221	2275	0	0	0	0	0	2.301270
222	2286	0	0	0	1	0	2.782179
223	2299	0	0	0	2	0	2.407012
224	2307	0	0	0	1	0	1.853070
225	2318	0	0	0	1	0	2.052537
226	2324	0	0	0	1	0	1.325060
227	2335	0	0	0	0	0	2.293486
228	2342	0	0	0	0	0	2.733236
229	2351	0	0	0	1	0	1.531754
230	2358	0	0	0	0	0	2.503988
231	2368	0	0	0	2	0	2.258679
232	2379	0	0	0	2	0	1.162533
233	2387	0	0	0	1	0	1.846782
234	2393	0	0	0	1	0	1.710351
235	2404	0	0	0	0	0	2.004713
236	2416	0	0	0	0	0	2.497073
237	2426	0	0	0	2	0	1.575379
238	2441	0	0	0	0	0	1.513384
239	2446	0	0	0	0	0	2.960048
240	2455	0	0	0	1	0	2.603501
241	2468	0	0	0	1	0	2.869681
242	2480	0	0	0	0	0	2.938716
243	2487	0	0	0	0	0	1.292574
244	2496	0	0	0	2	0	1.372962
245	2502	0	0	0	2	0	1.017670
246	2513	0	0	0	1	0	1.876401
247	2521	0	0	0	1	0	2.939081
248	2528	0	0	0	2	0	1.518617
249	2537	0	0	0	2	0	1.375636
250	2553	0	0	0	0	0	1.164322
251	2564	0	0	0	0	0	1.716696
252	2569	0	0	0	0	0	2.334028
253	2578	0	0	0	2	0	2.798497
254	2589	0	0	0	2	0	2.517115
255	2607	0	0	0	1	0	2.342952
256	2615	0	0	0	1	0	1.328544
257	2622	0	0	0	1	0	1.798953
258	2633	0	0	0	0	0	1.047663
259	2640	0	0	0	2	0	2.807912
260	2651	0	0	0	0	0	1.611453
261	2662	0	0	0	2	0	2.962274
262	2674	0	0	0	0	0	2.119053
263	2685	0	0	0	0	0	1.244324
264	2689	0	0	0	2	0	1.184869
265	2699	0	0	0	0	0	2.651037
266	2702	0	0	0	2	0	2.647543
267	2710	0	0	0	1	0	2.671458
268	2722	0	0	0	1	0	1.298162
269	2739	0	0	0	0	0	1.041039
270	2744	0	0	0	1	0	1.860136
271	2756	0	0	0	1	0	1.358954
272	2762	0	0	0	0	0	1.407175
273	2771	0	0	0	2	0	1.943513
274	2782	0	0	0	1	0	1.260543
275	2797	0	0	0	0	0	1.731227
276	2808	0	0	0	2	0	1.373235
277	2816	0	0	0	1	0	1.062967
278	2823	0	0	0	0	0	2.739506
279	2832	0	0	0	0	0	2.921467
280	2838	0	0	0	1	0	1.984487
281	2849	0	0	0	2	0	2.092888
282	2859	0	0	0	1	0	1.963367
283	2864	0	0	0	1	0	2.929951
284	2872	0	0	0	0	0	2.791137
285	2882	0	0	0	0	0	1.064039
286	2892	0	0	0	2	0	1.091611
287	2902	0	0	0	1	0	1.202395
288	2910	0	0	0	0	0	2.195344
289	2921	0	0	0	0	0	2.118122
290	2931	0	0	0	0	0	2.778642
291	2941	0	0	0	2	0	2.788355
292	2953	0	0	0	1	0	2.109536
293	2963	0	0	0	2	0	1.861237
294	2970	0	0	0	1	0	2.287783
295	2979	0	0	0	0	0	1.574041
296	2993	0	0	0	2	0	1.371050
297	3004	0	0	0	1	0	1.326352
298	3022	0	0	0	0	0	1.111406
299	3034	0	0	0	2	0	1.024374
300	3047	0	0	0	2	0	1.106296
301	3053	0	0	0	0	0	2.217307
302	3065	0	0	0	2	0	2.716363
303	3073	0	0	0	1	0	1.010637
304	3083	0	0	0	2	0	2.043643
305	3097	0	0	0	0	0	2.075923
306	3104	0	0	0	0	0	1.838706
307	3115	0	0	0	0	0	1.705225
308	3122	0	0	0	0	0	1.738449
309	3129	0	0	0	2	0	1.677883
310	3140	0	0	0	2	0	1.444994
311	3145	0	0	0	0	0	2.024269
312	3154	0	0	0	2	0	2.508598
313	3166	0	0	0	0	0	1.861346
314	3175	0	0	0	1	0	2.012465
315	3187	0	0	0	1	0	2.753090
316	3196	0	0	0	0	0	2.147262
317	3213	0	0	0	2	0	2.286592
318	3223	0	0	0	0	0	1.373473
319	3234	0	0	0	1	0	2.603249
320	3241	0	0	0	0	0	1.094044
321	3250	0	0	0	0	0	2.624499
322	3261	0	0	0	1	0	2.982968
323	3275	0	0	0	2	0	1.278988
324	3285	0	0	0	0	0	2.373795
325	3298	0	0	0	1	0	1.555172
326	3306	0	0	0	0	0	1.397160
327	3326	0	0	0	1	0	2.270810
328	3335	0	0	0	1	0	2.502471
329	3346	0	0	0	1	0	2.203551
330	3354	0	0	0	2	0	1.398422
331	3360	0	0	0	0	0	2.193380
332	3371	0	0	0	0	0	1.805734
333	3381	0	0	0	2	0	1.951845
334	3393	0	0	0	0	0	2.642350
335	3406	0	0	0	0	0	2.920892
336	3418	0	0	0	1	0	1.863394
337	3435	0	0	0	0	0	2.308561
338	3442	0	0	0	1	0	2.961619
339	3451	0	0	0	1	0	2.561017
340	3463	0	0	0	1	0	1.784638
341	3478	0	0	0	2	0	1.077475
342	3491	0	0	0	1	0	1.463798
343	3498	0	0	0	0	0	2.452205
344	3507	0	0	0	2	0	2.904042
345	3515	0	0	0	1	0	1.831773
346	3524	0	0	0	2	0	2.988489
347	3535	0	0	0	0	0	1.521452
348	3544	0	0	0	1	0	2.717255
349	3553	0	0	0	1	0	2.949368
350	3565	0	0	0	2	0	1.821043
351	3570	0	0	0	2	0	1.426322
352	3578	0	0	0	0	0	1.389706
353	3581	0	0	0	0	0	1.694162
354	3589	0	0	0	2	0	2.618678
355	3602	0	0	0	1	0	1.537049
356	3613	0	0	0	2	0	1.004446
357	3625	0	0	0	1	0	1.418030
358	3633	0	0	0	1	0	2.048610
359	3640	0	0	0	2	0	2.398657
360	3652	0	0	0	0	0	1.671723
361	3661	0	0	0	2	0	2.266228
362	3675	0	0	0	1	0	1.375552
363	3688	0	0	0	0	0	1.805431
364	3694	0	0	0	0	0	2.507709
365	3700	0	0	0	2	0	1.124735
366	3709	0	0	0	2	0	1.577402
367	3713	0	0	0	0	0	2.729104
368	3722	0	0	0	2	0	1.888401
369	3734	0	0	0	0	0	1.016914
370	3746	0	0	0	2	0	1.675660
371	3753	0	0	0	1	0	2.649277
372	3765	0	0	0	0	0	2.015239
373	3773	0	0	0	0	0	2.237345
374	3778	0	0	0	0	0	2.767800
375	3792	0	0	0	2	0	1.510646
376	3802	0	0	0	2	0	1.297655
377	3812	0	0	0	0	0	2.117316
378	3821	0	0	0	2	0	2.491083
379	3830	0	0	0	2	0	2.136209
380	3837	0	0	0	0	0	1.002063
381	3847	0	0	0	0	0	1.909688
382	3860	0	0	0	0	0	1.285405
383	3869	0	0	0	0	0	1.518921
384	3880	0	0	0	0	0	1.304398
385	3887	0	0	0	2	0	2.260515
386	3898	0	0	0	1	0	2.924320
387	3909	0	0	0	0	0	1.300260
388	3916	0	0	0	0	0	1.806364
389	3923	0	0	0	1	0	1.491243
390	3934	0	0	0	2	0	1.753554
391	3950	0	0	0	1	0	1.265019
392	3961	0	0	0	1	0	1.291866
393	3968	0	0	0	2	0	2.209648
394	3977	0	0	0	2	0	2.823795
395	3986	0	0	0	1	0	2.642017
396	3997	0	0	0	0	0	1.789048
397	4012	0	0	0	2	0	2.842291
398	4025	0	0	0	1	0	1.530849
399	4042	0	0	0	2	0	2.743124
400	4049	0	0	0	0	0	2.496030
401	4058	0	0	0	1	0	1.465227
402	4066	0	0	0	2	0	1.299992
403	4075	0	0	0	2	0	1.015565
404	4084	0	0	0	2	0	1.849291
405	4095	0	0	0	2	0	1.568969
406	4109	0	0	0	1	0	2.685247
407	4116	0	0	0	1	0	1.495778
408	4130	0	0	0	0	0	1.117878
409	4144	0	0	0	0	0	1.042631
410	4158	0	0	0	2	0	2.406245
411	4174	0	0	0	1	0	1.210782
412	4186	0	0	0	0	0	2.365932
413	4194	0	0	0	0	0	2.157098
414	4210	0	0	0	0	0	1.103202
415	4220	0	0	0	0	0	1.508642
416	4233	0	0	0	1	0	2.633933
417	4243	0	0	0	0	0	2.403396
418	4252	0	0	0	2	0	1.117289
419	4261	0	0	0	0	0	1.581978
420	4265	0	0	0	2	0	2.288706
421	4276	0	0	0	2	0	1.991026
422	4289	0	0	0	1	0	2.953958
423	4303	0	0	0	0	0	1.469368
424	4314	0	0	0	1	0	2.746903
425	4320	0	0	0	0	0	2.610361
426	4330	0	0	0	2	0	2.701756
427	4342	0	0	0	1	0	1.810139
428	4352	0	0	0	0	0	1.777800
429	4358	0	0	0	2	0	1.135588
430	4368	0	0	0	0	0	1.626628
431	4376	0	0	0	0	0	2.746948
432	4383	0	0	0	2	0	2.961776
433	4392	0	0	0	2	0	2.571104
434	4404	0	0	0	2	0	1.590497
435	4417	0	0	0	1	0	2.869245
436	4428	0	0	0	0	0	2.976318
437	4438	0	0	0	2	0	1.596962
438	4446	0	0	0	2	0	1.226954
439	4456	0	0	0	0	0	1.984174
440	4461	0	0	0	2	0	1.911251
441	4467	0	0	0	2	0	2.414431
442	4476	0	0	0	1	0	1.704496
443	4483	0	0	0	0	0	1.147378
444	4490	0	0	0	1	0	1.900174
445	4497	0	0	0	0	0	2.066088
446	4506	0	0	0	1	0	2.153760
447	4514	0	0	0	1	0	1.797124
448	4519	0	0	0	1	0	2.399576
449	4525	0	0	0	0	0	2.078405
450	4531	0	0	0	0	0	1.415590
451	4540	0	0	0	0	0	1.699836
452	4544	0	0	0	0	0	1.922170
453	4548	0	0	0	2	0	2.036549
454	4564	0	0	0	1	0	2.512341
455	4574	0	0	0	2	0	1.096450
456	4585	0	0	0	1	0	1.399235
457	4596	0	0	0	1	0	1.122453
458	4607	0	0	0	1	0	1.076243
459	4623	0	0	0	2	0	2.038406
460	4632	0	0	0	2	0	2.144528
461	4640	0	0	0	0	0	2.021238
462	4649	0	0	0	0	0	1.415485
463	4653	0	0	0	1	0	2.289044
464	4659	0	0	0	1	0	2.213019
465	4671	0	0	0	0	0	1.777909
466	4684	0	0	0	2	0	2.852958
467	4693	0	0	0	2	0	1.414485
468	4708	0	0	0	0	0	2.059450
469	4714	0	0	0	1	0	1.014809
470	4717	0	0	0	2	0	1.264734
471	4722	0	0	0	2	0	1.720478
472	4735	0	0	0	0	0	1.796471
473	4747	0	0	0	0	0	2.197208
474	4757	0	0	0	2	0	1.070067
475	4768	0	0	0	1	0	1.315224
476	4775	0	0	0	2	0	1.998764
477	4790	0	0	0	1	0	2.274448
478	4798	0	0	0	2	0	2.939399
479	4810	0	0	0	2	0	1.393194
480	4823	0	0	0	0	0	2.714236
481	4835	0	0	0	2	0	1.318116
482	4846	0	0	0	2	0	1.904669
483	4862	0	0	0	1	0	1.396065
484	4871	0	0	0	1	0	2.828853
485	4883	0	0	0	0	0	1.715374
486	4893	0	0	0	1	0	2.152079
487	4903	0	0	0	1	0	2.538202
488	4913	0	0	0	0	0	2.996196
489	4924	0	0	0	2	0	1.602305
490	4936	0	0	0	2	0	1.394932
491	4943	0	0	0	1	0	1.518608
492	4953	0	0	0	0	0	2.994570
493	4961	0	0	0	1	0	2.238303
494	4971	0	0	0	2	0	2.538850
495	4984	0	0	0	1	0	1.109231
496	4992	0	0	0	0	0	2.727355
497	5005	0	0	0	2	0	1.246180
498	5012	0	0	0	2	0	1.080192
499	5027	0	0	0	2	0	1.288838
500	5038	0	0	0	1	0	1.886930
501	5047	0	0	0	2	0	1.139200
502	5061	0	0	0	1	0	1.766126
503	5069	0	0	0	0	0	2.564180
504	5079	0	0	0	1	0	2.730568
505	5087	0	0	0	1	0	2.335359
506	5098	0	0	0	0	0	1.693776
507	5104	0	0	0	2	0	1.804583
508	5114	0	0	0	0	0	1.942228
509	5122	0	0	0	1	0	2.046109
510	5133	0	0	0	0	0	2.509422
511	5141	0	0	0	2	0	1.046403
512	5150	0	0	0	0	0	1.975166
513	5157	0	0	0	1	0	2.200382
514	5162	0	0	0	2	0	2.118115
515	5169	0	0	0	0	0	1.557217
516	5173	0	0	0	0	0	1.233063
517	5181	0	0	0	0	0	2.297732
518	5189	0	0	0	1	0	2.289426
519	5199	0	0	0	0	0	1.204342
520	5208	0	0	0	0	0	1.644785
521	5219	0	0	0	0	0	2.005686
522	5226	0	0	0	2	0	2.805654
523	5237	0	0	0	1	0	2.039259
524	5247	0	0	0	2	0	2.944804
525	5256	0	0	0	2	0	1.061138
526	5266	0	0	0	0	0	2.497493
527	5280	0	0	0	1	0	2.981223
528	5288	0	0	0	1	0	2.758509
529	5298	0	0	0	0	0	1.909542
530	5303	0	0	0	1	0	2.723161
531	5313	0	0	0	2	0	2.086296
532	5325	0	0	0	0	0	2.138147
533	5343	0	0	0	0	0	1.644838
534	5352	0	0	0	0	0	2.170551
535	5358	0	0	0	1	0	1.445853
536	5372	0	0	0	1	0	2.806103
537	5380	0	0	0	1	0	2.945079
538	5387	0	0	0	2	0	2.667362
539	5403	0	0	0	0	0	2.915181
540	5424	0	0	0	2	0	2.734646
541	5432	0	0	0	2	0	1.635177
542	5441	0	0	0	0	0	1.663179
543	5447	0	0	0	2	0	1.793817
544	5457	0	0	0	0	0	1.227473
545	5467	0	0	0	0	0	1.082264
546	5477	0	0	0	2	0	1.915406
547	5485	0	0	0	0	0	1.959961
548	5497	0	0	0	2	0	2.513661
549	5505	0	0	0	1	0	2.865934
550	5514	0	0	0	1	0	1.221120
551	5520	0	0	0	1	0	2.224006
552	5528	0	0	0	0	0	2.880277
553	5541	0	0	0	0	0	2.995586
554	5555	0	0	0	2	0	1.609194
555	5562	0	0	0	0	0	2.665905
556	5576	0	0	0	2	0	2.226855
557	5585	0	0	0	1	0	1.789538
558	5590	0	0	0	1	0	1.335176
559	5604	0	0	0	1	0	2.622278
560	5617	0	0	0	0	0	2.560386
561	5619	0	0	0	2	0	2.872662
562	5624	0	0	0	1	0	2.645401
563	5633	0	0	0	1	0	1.016750
564	5649	0	0	0	2	0	2.631548
565	5655	0	0	0	0	0	2.660345
566	5659	0	0	0	1	0	1.548995
567	5668	0	0	0	0	0	1.103599
568	5682	0	0	0	0	0	1.269237
569	5696	0	0	0	1	0	1.713271
570	5707	0	0	0	1	0	2.350882
571	5715	0	0	0	1	0	2.916716
572	5721	0	0	0	0	0	2.045949
573	5725	0	0	0	2	0	2.401760
574	5733	0	0	0	0	0	2.777966
575	5743	0	0	0	2	0	1.402040
576	5756	0	0	0	0	0	2.356247
577	5766	0	0	0	2	0	2.555991
578	5771	0	0	0	2	0	2.961234
579	5778	0	0	0	1	0	1.085637
580	5792	0	0	0	0	0	2.795133
581	5800	0	0	0	0	0	2.310844
582	5810	0	0	0	2	0	2.856775
583	5822	0	0	0	1	0	2.313203
584	5833	0	0	0	0	0	2.675714
585	5841	0	0	0	0	0	2.553503
586	5850	0	0	0	2	0	1.612474
587	5863	0	0	0	0	0	1.079483
588	5873	0	0	0	1	0	1.744068
589	5879	0	0	0	1	0	1.941404
590	5890	0	0	0	1	0	1.293770
591	5903	0	0	0	1	0	1.361552
592	5910	0	0	0	1	0	2.017413
593	5922	0	0	0	1	0	2.906752
594	5926	0	0	0	0	0	2.046319
595	5937	0	0	0	0	0	1.067663
596	5946	0	0	0	0	0	1.631129
597	5953	0	0	0	1	0	2.285712
598	5962	0	0	0	1	0	1.135010
599	5976	0	0	0	1	0	2.448263
600	5983	0	0	0	0	0	2.938740
601	5994	0	0	0	0	0	1.957323
602	6004	0	0	0	1	0	1.420729
603	6020	0	0	0	0	0	2.374906
604	6032	0	0	0	0	0	2.221614
605	6042	0	0	0	1	0	2.738818
606	6049	0	0	0	2	0	2.328558
607	6060	0	0	0	1	0	2.347081
608	6072	0	0	0	1	0	2.350378
609	6079	0	0	0	1	0	2.299683
610	6094	0	0	0	1	0	2.280632
611	6110	0	0	0	1	0	2.088360
612	6124	0	0	0	2	0	1.033709
613	6134	0	0	0	0	0	2.973455
614	6145	0	0	0	1	0	1.220801
615	6152	0	0	0	1	0	1.451460
616	6164	0	0	0	1	0	1.218935
617	6177	0	0	0	1	0	1.135701
618	6187	0	0	0	2	0	1.281242
619	6193	0	0	0	2	0	2.399624
620	6205	0	0	0	1	0	1.432251
621	6214	0	0	0	0	0	2.672893
622	6220	0	0	0	0	0	2.483103
623	6232	0	0	0	1	0	1.880292
624	6241	0	0	0	1	0	2.771214
625	6258	0	0	0	0	0	2.202187
626	6266	0	0	0	2	0	2.240875
627	6273	0	0	0	1	0	1.518407
628	6280	0	0	0	0	0	1.320494
629	6288	0	0	0	1	0	1.782148
630	6299	0	0	0	1	0	2.351631
631	6309	0	0	0	2	0	2.967682
632	6323	0	0	0	2	0	2.587625
633	6339	0	0	0	0	0	1.632189
634	6347	0	0	0	1	0	1.476280
635	6352	0	0	0	2	0	1.341513
636	6364	0	0	0	2	0	2.966705
637	6369	0	0	0	1	0	1.680414
638	6375	0	0	0	0	0	2.829721
639	6390	0	0	0	1	0	1.765004
640	6403	0	0	0	2	0	1.785947
641	6417	0	0	0	1	0	2.173181
642	6428	0	0	0	0	0	2.015067
643	6434	0	0	0	2	0	1.345313
644	6440	0	0	0	1	0	2.137375
645	6451	0	0	0	2	0	2.612053
646	6463	0	0	0	2	0	1.220808
647	6477	0	0	0	2	0	2.182574
648	6484	0	0	0	1	0	1.633053
649	6499	0	0	0	0	0	1.853486
650	6515	0	0	0	0	0	2.243498
651	6528	0	0	0	2	0	1.235339
652	6538	0	0	0	0	0	2.501903
653	6550	0	0	0	0	0	1.526294
654	6565	0	0	0	1	0	1.188802
655	6581	0	0	0	1	0	1.260643
656	6594	0	0	0	1	0	2.944004
657	6603	0	0	0	2	0	1.479759
658	6615	0	0	0	0	0	1.386315
659	6623	0	0	0	2	0	2.984168
660	6634	0	0	0	0	0	1.055464
661	6640	0	0	0	1	0	2.951836
662	6651	0	0	0	1	0	2.640966
663	6662	0	0	0	1	0	1.710477
664	6674	0	0	0	1	0	2.792560
665	6684	0	0	0	0	0	2.363495
666	6690	0	0	0	2	0	2.764793
667	6697	0	0	0	0	0	1.963161
668	6707	0	0	0	2	0	2.639010
669	6719	0	0	0	0	0	2.622064
670	6722	0	0	0	1	0	2.677324
671	6737	0	0	0	2	0	1.590739
672	6746	0	0	0	0	0	2.535489
673	6755	0	0	0	1	0	2.526640
674	6764	0	0	0	1	0	1.909506
675	6772	0	0	0	1	0	1.821461
676	6784	0	0	0	2	0	1.874559
677	6794	0	0	0	1	0	2.289608
678	6805	0	0	0	2	0	2.249182
679	6820	0	0	0	2	0	2.386334
680	6829	0	0	0	0	0	1.554551
681	6834	0	0	0	1	0	2.997329
682	6847	0	0	0	0	0	2.950008
683	6855	0	0	0	1	0	2.914491
684	6858	0	0	0	1	0	1.417071
685	6871	0	0	0	0	0	2.646551
686	6886	0	0	0	0	0	2.863575
687	6892	0	0	0	1	0	2.012144
688	6902	0	0	0	0	0	2.572020
689	6909	0	0	0	0	0	2.929516
690	6915	0	0	0	1	0	1.068801
691	6929	0	0	0	0	0	1.045340
692	6940	0	0	0	0	0	2.810967
693	6955	0	0	0	2	0	2.006650
694	6961	0	0	0	2	0	1.342865
695	6969	0	0	0	1	0	2.612172
696	6980	0	0	0	2	0	1.178067
697	6994	0	0	0	1	0	2.805342
698	7007	0	0	0	1	0	2.457158
699	7018	0	0	0	1	0	1.772526
700	7031	0	0	0	0	0	2.373508
701	7037	0	0	0	1	0	1.937430
702	7050	0	0	0	0	0	1.055029
703	7062	0	0	0	0	0	1.261796
704	7083	0	0	0	1	0	2.084369
705	7093	0	0	0	0	0	2.432255
706	7100	0	0	0	1	0	1.126914
707	7111	0	0	0	2	0	1.042905
708	7126	0	0	0	1	0	1.469834
709	7137	0	0	0	2	0	1.656885
710	7144	0	0	0	1	0	2.990391
711	7154	0	0	0	0	0	2.024903
712	7164	0	0	0	0	0	2.757750
713	7172	0	0	0	2	0	1.138940
714	7176	0	0	0	0	0	1.082963
715	7182	0	0	0	0	0	1.006893
716	7196	0	0	0	0	0	2.557278
717	7204	0	0	0	0	0	1.597696
718	7215	0	0	0	0	0	1.140288
719	7224	0	0	0	2	0	2.757077
720	7235	0	0	0	1	0	2.377577
721	7241	0	0	0	1	0	2.070591
722	7251	0	0	0	1	0	1.881457
723	7263	0	0	0	2	0	1.621143
724	7269	0	0	0	0	0	2.296300
725	7278	0	0	0	1	0	2.249791
726	7285	0	0	0	1	0	1.093789
727	7298	0	0	0	0	0	1.006363
728	7309	0	0	0	0	0	1.792853
729	7316	0	0	0	0	0	2.910418
730	7323	0	0	0	1	0	1.131583
731	7334	0	0	0	1	0	1.829858
732	7346	0	0	0	0	0	1.942671
733	7357	0	0	0	2	0	1.525051
734	7366	0	0	0	0	0	2.838796
735	7381	0	0	0	2	0	2.968274
736	7391	0	0	0	1	0	1.345740
737	7397	0	0	0	2	0	2.098108
738	7406	0	0	0	1	0	1.268283
739	7417	0	0	0	1	0	1.326100
740	7427	0	0	0	2	0	2.928444
741	7438	0	0	0	0	0	2.065705
742	7455	0	0	0	1	0	1.762789
743	7465	0	0	0	0	0	1.777443
744	7480	0	0	0	0	0	2.248609
745	7490	0	0	0	0	0	1.259249
746	7500	0	0	0	1	0	2.816257
747	7511	0	0	0	0	0	2.476910
748	7524	0	0	0	0	0	2.838904
749	7535	0	0	0	2	0	2.042527
750	7546	0	0	0	0	0	1.844858
751	7557	0	0	0	1	0	1.623471
752	7565	0	0	0	0	0	2.448959
753	7578	0	0	0	1	0	1.202778
754	7587	0	0	0	1	0	2.506071
755	7598	0	0	0	2	0	1.655138
756	7612	0	0	0	1	0	1.899770
757	7619	0	0	0	0	0	1.333756
758	7632	0	0	0	1	0	1.963458
759	7640	0	0	0	2	0	2.581730
760	7651	0	0	0	2	0	1.098989
761	7660	0	0	0	1	0	1.646818
762	7667	0	0	0	0	0	1.055075
763	7680	0	0	0	0	0	2.266431
764	7691	0	0	0	1	0	1.805937
765	7706	0	0	0	1	0	1.512390
766	7714	0	0	0	1	0	1.354062
767	7719	0	0	0	1	0	1.676695
768	7731	0	0	0	1	0	1.578395
769	7739	0	0	0	1	0	1.327445
770	7747	0	0	0	0	0	1.249946
771	7758	0	0	0	1	0	1.274342
772	7775	0	0	0	1	0	2.466336
773	7787	0	0	0	0	0	1.588719
774	7798	0	0	0	2	0	1.418933
775	7809	0	0	0	0	0	1.205587
776	7820	0	0	0	0	0	1.207930
777	7829	0	0	0	2	0	1.242219
778	7838	0	0	0	1	0	2.785363
779	7849	0	0	0	1	0	1.676267
780	7863	0	0	0	0	0	2.957458
781	7872	0	0	0	2	0	1.473793
782	7884	0	0	0	0	0	1.848744
783	7892	0	0	0	0	0	1.531270
784	7902	0	0	0	0	0	2.724148
785	7912	0	0	0	1	0	2.933450
786	7922	0	0	0	0	0	2.814314
787	7929	0	0	0	0	0	1.266509
788	7945	0	0	0	2	0	2.623792
789	7955	0	0	0	1	0	1.849621
790	7964	0	0	0	1	0	2.525726
791	7974	0	0	0	1	0	2.751095
792	7986	0	0	0	2	0	1.172547
793	8000	0	0	0	0	0	1.845156
794	8005	0	0	0	0	0	2.035353
795	8010	0	0	0	0	0	2.549075
796	8025	0	0	0	0	0	1.898711
797	8036	0	0	0	1	0	2.438325
798	8050	0	0	0	2	0	2.844611
799	8058	0	0	0	0	0	1.695963
800	8069	0	0	0	0	0	1.319826
801	8079	0	0	0	0	0	1.966147
802	8086	0	0	0	1	0	1.909268
803	8101	0	0	0	0	0	2.615524
804	8110	0	0	0	0	0	2.673634
805	8117	0	0	0	0	0	2.502533
806	8134	0	0	0	2	0	2.307806
807	8145	0	0	0	0	0	2.297384
808	8149	0	0	0	1	0	2.713486
809	8152	0	0	0	1	0	1.341475
810	8167	0	0	0	0	0	2.857618
811	8175	0	0	0	0	0	1.219374
812	8192	0	0	0	0	0	2.900536
813	8200	0	0	0	0	0	2.749849
814	8207	0	0	0	2	0	1.298581
815	8213	0	0	0	0	0	2.270882
816	8220	0	0	0	0	0	1.600201
817	8230	0	0	0	1	0	1.100852
818	8249	0	0	0	0	0	1.039345
819	8255	0	0	0	2	0	1.039471
820	8264	0	0	0	0	0	1.950852
821	8277	0	0	0	0	0	1.299212
822	8285	0	0	0	1	0	2.835648
823	8296	0	0	0	1	0	2.732705
824	8307	0	0	0	1	0	1.835540
825	8321	0	0	0	2	0	1.179506
826	8333	0	0	0	0	0	2.313678
827	8346	0	0	0	0	0	2.136766
828	8356	0	0	0	1	0	2.087096
829	8368	0	0	0	1	0	2.009280
830	8374	0	0	0	0	0	2.599278
831	8386	0	0	0	1	0	2.176919
832	8394	0	0	0	1	0	1.708348
833	8399	0	0	0	1	0	2.102833
834	8410	0	0	0	1	0	2.975899
835	8418	0	0	0	1	0	2.001179
836	8427	0	0	0	2	0	2.681207
837	8437	0	0	0	2	0	2.323788
838	8449	0	0	0	0	0	2.226305
839	8457	0	0	0	1	0	2.102247
840	8464	0	0	0	1	0	2.293086
841	8468	0	0	0	1	0	2.656442
842	8475	0	0	0	1	0	1.411689
843	8487	0	0	0	2	0	2.459363
844	8498	0	0	0	2	0	1.549313
845	8507	0	0	0	1	0	2.980120
846	8520	0	0	0	2	0	2.022666
847	8527	0	0	0	1	0	1.277152
848	8536	0	0	0	0	0	2.844429
849	8550	0	0	0	1	0	2.763842
850	8560	0	0	0	0	0	1.074863
851	8572	0	0	0	1	0	2.728343
852	8580	0	0	0	2	0	2.023494
853	8589	0	0	0	0	0	2.795963
854	8602	0	0	0	1	0	2.778457
855	8617	0	0	0	2	0	2.806515
856	8625	0	0	0	2	0	1.059643
857	8629	0	0	0	1	0	2.851518
858	8634	0	0	0	0	0	1.318908
859	8646	0	0	0	0	0	1.548908
860	8653	0	0	0	0	0	2.550798
861	8658	0	0	0	1	0	1.923856
862	8664	0	0	0	0	0	2.845002
863	8675	0	0	0	1	0	2.022582
864	8683	0	0	0	1	0	2.559431
865	8693	0	0	0	1	0	2.431447
866	8702	0	0	0	0	0	2.639811
867	8710	0	0	0	2	0	2.865728
868	8721	0	0	0	1	0	2.432986
869	8723	0	0	0	2	0	2.567892
870	8736	0	0	0	1	0	2.372690
871	8746	0	0	0	2	0	1.140468
872	8762	0	0	0	1	0	2.527667
873	8770	0	0	0	1	0	2.945976
874	8781	0	0	0	2	0	1.854758
875	8795	0	0	0	2	0	1.803327
876	8806	0	0	0	1	0	2.771802
877	8818	0	0	0	0	0	1.782851
878	8829	0	0	0	1	0	1.113624
879	8833	0	0	0	2	0	2.608550
880	8840	0	0	0	1	0	2.031473
881	8858	0	0	0	0	0	1.457254
882	8865	0	0	0	0	0	2.614237
883	8874	0	0	0	1	0	2.525916
884	8885	0	0	0	0	0	2.988254
885	8898	0	0	0	1	0	1.779709
886	8907	0	0	0	1	0	2.706794
887	8915	0	0	0	0	0	1.829153
888	8921	0	0	0	0	0	2.998304
889	8932	0	0	0	1	0	2.533154
890	8941	0	0	0	2	0	2.982612
891	8949	0	0	0	1	0	1.897476
892	8963	0	0	0	0	0	2.201601
893	8977	0	0	0	1	0	1.739989
894	8984	0	0	0	0	0	1.535223
895	8998	0	0	0	2	0	1.146733
896	9013	0	0	0	0	0	2.005967
897	9021	0	0	0	1	0	1.752736
898	9036	0	0	0	0	0	2.252767
899	9048	0	0	0	0	0	2.939047
900	9060	0	0	0	0	0	1.379467
901	9069	0	0	0	2	0	2.946718
902	9081	0	0	0	2	0	1.781268
903	9088	0	0	0	0	0	1.410784
904	9099	0	0	0	0	0	1.781244
905	9111	0	0	0	1	0	1.747404
906	9121	0	0	0	1	0	2.112592
907	9127	0	0	0	0	0	2.648610
908	9140	0	0	0	1	0	2.138309
909	9152	0	0	0	0	0	2.695312
910	9163	0	0	0	1	0	1.928170
911	9175	0	0	0	1	0	2.868355
912	9183	0	0	0	0	0	1.973122
913	9194	0	0	0	1	0	2.856706
914	9205	0	0	0	0	0	1.045026
915	9216	0	0	0	1	0	2.526334
916	9228	0	0	0	0	0	2.080341
917	9239	0	0	0	1	0	1.413839
918	9246	0	0	0	0	0	1.355983
919	9256	0	0	0	0	0	1.905075
920	9267	0	0	0	0	0	2.594271
921	9279	0	0	0	0	0	1.406182
922	9289	0	0	0	1	0	1.238284
923	9301	0	0	0	0	0	1.292178
924	9310	0	0	0	0	0	2.307852
925	9324	0	0	0	0	0	2.820529
926	9333	0	0	0	0	0	2.976942
927	9339	0	0	0	2	0	1.783058
928	9346	0	0	0	1	0	1.991614
929	9359	0	0	0	2	0	2.855376
930	9368	0	0	0	1	0	2.313393
931	9378	0	0	0	1	0	2.745131
932	9388	0	0	0	1	0	2.097308
933	9402	0	0	0	2	0	1.151193
934	9417	0	0	0	0	0	2.317570
935	9426	0	0	0	1	0	2.377683
936	9435	0	0	0	1	0	2.078935
937	9449	0	0	0	0	0	2.533918
938	9461	0	0	0	0	0	1.391243
939	9476	0	0	0	1	0	1.789219
940	9487	0	0	0	0	0	1.423159
941	9493	0	0	0	2	0	1.221232
942	9502	0	0	0	2	0	1.051793
943	9518	0	0	0	1	0	1.887965
944	9530	0	0	0	0	0	1.586453
945	9539	0	0	0	2	0	2.192283
946	9549	0	0	0	0	0	1.231789
947	9560	0	0	0	2	0	1.785313
948	9576	0	0	0	0	0	2.266692
949	9586	0	0	0	0	0	1.031910
950	9597	0	0	0	0	0	2.986041
951	9606	0	0	0	1	0	1.723358
952	9617	0	0	0	2	0	1.650042
953	9625	0	0	0	2	0	1.004376
954	9636	0	0	0	0	0	2.078540
955	9648	0	0	0	0	0	2.180384
956	9654	0	0	0	1	0	1.130438
957	9659	0	0	0	2	0	2.905643
958	9668	0	0	0	1	0	2.289059
959	9678	0	0	0	2	0	2.272300
960	9687	0	0	0	1	0	2.710741
961	9703	0	0	0	2	0	2.917775
962	9714	0	0	0	0	0	2.638533
963	9719	0	0	0	1	0	2.970323
964	9730	0	0	0	1	0	2.064338
965	9740	0	0	0	1	0	1.238148
966	9749	0	0	0	1	0	1.869436
967	9759	0	0	0	1	0	1.037136
968	9769	0	0	0	2	0	2.275167
969	9783	0	0	0	1	0	1.974771
970	9791	0	0	0	0	0	2.925167
971	9797	0	0	0	1	0	1.549515
972	9805	0	0	0	0	0	2.069045
973	9824	0	0	0	1	0	2.535551
974	9834	0	0	0	2	0	1.836997
975	9848	0	0	0	2	0	2.559836
976	9856	0	0	0	0	0	1.896351
977	9867	0	0	0	0	0	2.078330
978	9874	0	0	0	0	0	1.891087
979	9884	0	0	0	0	0	2.601313
980	9896	0	0	0	0	0	2.240919
981	9909	0	0	0	1	0	2.795944
982	9922	0	0	0	0	0	2.989748
983	9936	0	0	0	1	0	1.472371
984	9948	0	0	0	2	0	2.248192
985	9956	0	0	0	1	0	2.395749
986	9963	0	0	0	0	0	1.095426
987	9972	0	0	0	2	0	2.477661
988	9979	0	0	0	1	0	2.448098
989	9992	0	0	0	1	0	2.295795
990	9997	0	0	0	2	0	1.293052
991	10013	0	0	0	0	0	1.150610
992	10017	0	0	0	1	0	1.786243
993	10031	0	0	0	1	0	2.838485
994	10039	0	0	0	0	0	2.277658
995	10047	0	0	0	1	0	1.168100
996	10060	0	0	0	0	0	1.747958
997	10066	0	0	0	1	0	2.886669
998	10078	0	0	0	0	0	2.621367
999	10088	0	0	0	1	0	2.227221
