0	1	0	0	0	0	0	1.627357
1	14	0	0	0	0	0	1.383700
2	25	0	0	0	0	0	2.108923
3	36	0	0	0	0	0	1.115495
4	43	0	0	0	0	0	2.474958
5	49	0	0	0	2	0	1.906548
6	57	0	0	0	1	0	1.500688
7	66	0	0	0	0	0	1.467462
8	77	0	0	0	2	0	1.370660
9	88	0	0	0	0	0	2.453638
10	96	0	0	0	0	0	2.297091
11	111	0	0	0	0	0	2.780201
12	118	0	0	0	2	0	1.069155
13	129	0	0	0	2	0	1.662745
14	140	0	0	0	2	0	1.608076
15	149	0	0	0	0	0	1.134108
16	163	0	0	0	0	0	1.209400
17	174	0	0	0	2	0	2.400704
18	179	0	0	0	0	0	2.684965
19	190	0	0	0	2	0	2.648756
20	201	0	0	0	1	0	2.940277
21	214	0	0	0	2	0	2.894454
22	229	0	0	0	1	0	1.623179
23	236	0	0	0	1	0	2.033911
24	251	0	0	0	0	0	2.212650
25	263	0	0	0	2	0	1.297803
26	275	0	0	0	0	0	2.927531
27	287	0	0	0	1	0	1.409321
28	298	0	0	0	0	0	2.744592
29	305	0	0	0	1	0	2.983646
30	314	0	0	0	2	0	2.274465
31	326	0	0	0	2	0	1.244406
32	335	0	0	0	2	0	2.277168
33	345	0	0	0	1	0	2.481675
34	355	0	0	0	1	0	1.973421
35	366	0	0	0	2	0	2.227365
36	373	0	0	0	0	0	2.150055
37	386	0	0	0	0	0	2.242178
38	401	0	0	0	1	0	2.971197
39	415	0	0	0	0	0	2.707771
40	424	0	0	0	1	0	2.905539
41	436	0	0	0	1	0	2.861591
42	445	0	0	0	1	0	2.356127
43	456	0	0	0	0	0	1.458303
44	473	0	0	0	1	0	2.830864
45	482	0	0	0	1	0	1.081883
46	494	0	0	0	0	0	2.345471
47	504	0	0	0	2	0	2.831025
48	513	0	0	0	0	0	1.939251
49	523	0	0	0	0	0	1.355113
50	536	0	0	0	0	0	2.727367
51	544	0	0	0	0	0	1.996289
52	553	0	0	0	2	0	1.056334
53	564	0	0	0	0	0	2.530679
54	568	0	0	0	0	0	1.453236
55	577	0	0	0	0	0	1.036655
56	588	0	0	0	0	0	1.578739
57	601	0	0	0	2	0	1.007019
58	606	0	0	0	2	0	1.730816
59	614	0	0	0	0	0	1.494721
60	624	0	0	0	1	0	2.282381
61	628	0	0	0	0	0	1.368261
62	638	0	0	0	1	0	2.996767
63	644	0	0	0	1	0	2.445068
64	652	0	0	0	2	0	1.194837
65	663	0	0	0	1	0	2.219496
66	673	0	0	0	1	0	2.746409
67	683	0	0	0	0	0	1.925633
68	700	0	0	0	1	0	2.999345
69	710	0	0	0	0	0	1.938741
70	723	0	0	0	1	0	2.451595
71	731	0	0	0	2	0	2.443444
72	739	0	0	0	1	0	1.775879
73	749	0	0	0	0	0	1.805028
74	763	0	0	0	2	0	2.989195
75	774	0	0	0	1	0	1.159242
76	787	0	0	0	2	0	2.397054
77	796	0	0	0	1	0	2.048101
78	803	0	0	0	2	0	1.943409
79	815	0	0	0	1	0	1.022228
80	825	0	0	0	0	0	1.639672
81	833	0	0	0	0	0	1.523109
82	843	0	0	0	1	0	1.668827
83	854	0	0	0	2	0	2.133160
84	863	0	0	0	1	0	2.446788
85	871	0	0	0	0	0	1.062947
86	883	0	0	0	1	0	2.018291
87	886	0	0	0	0	0	1.891559
88	898	0	0	0	1	0	2.689772
89	913	0	0	0	1	0	1.143743
90	923	0	0	0	0	0	1.748196
91	934	0	0	0	2	0	1.785510
92	944	0	0	0	2	0	1.623947
93	951	0	0	0	0	0	1.260274
94	955	0	0	0	0	0	2.139559
95	963	0	0	0	0	0	2.456638
96	969	0	0	0	1	0	1.431008
97	978	0	0	0	2	0	2.809077
98	983	0	0	0	2	0	1.516479
99	994	0	0	0	2	0	1.552558
100	997	0	0	0	1	0	1.856055
101	1002	0	0	0	0	0	1.878565
102	1007	0	0	0	1	0	1.063532
103	1019	0	0	0	1	0	2.186834
104	1035	0	0	0	1	0	2.053501
105	1053	0	0	0	2	0	2.652725
106	1068	0	0	0	2	0	2.143749
107	1077	0	0	0	0	0	1.923628
108	1083	0	0	0	1	0	1.040463
109	1089	0	0	0	0	0	2.437661
110	1099	0	0	0	0	0	2.137451
111	1107	0	0	0	2	0	2.779505
112	1114	0	0	0	1	0	2.886933
113	1127	0	0	0	2	0	1.128560
114	1133	0	0	0	0	0	2.637548
115	1143	0	0	0	0	0	2.860685
116	1151	0	0	0	1	0	1.860917
117	1160	0	0	0	1	0	2.656536
118	1168	0	0	0	1	0	2.139101
119	1178	0	0	0	1	0	1.998383
120	1190	0	0	0	2	0	2.378125
121	1197	0	0	0	0	0	2.026524
122	1202	0	0	0	0	0	1.729089
123	1214	0	0	0	0	0	2.109767
124	1218	0	0	0	2	0	1.428832
125	1228	0	0	0	1	0	2.825843
126	1243	0	0	0	2	0	1.757438
127	1254	0	0	0	2	0	2.654624
128	1267	0	0	0	2	0	1.326478
129	1283	0	0	0	0	0	2.289479
130	1297	0	0	0	2	0	2.096184
131	1309	0	0	0	1	0	1.602648
132	1324	0	0	0	0	0	1.687437
133	1330	0	0	0	0	0	2.414082
134	1341	0	0	0	1	0	2.969418
135	1347	0	0	0	2	0	2.406945
136	1359	0	0	0	1	0	2.379388
137	1373	0	0	0	0	0	2.030496
138	1383	0	0	0	0	0	2.283899
139	1396	0	0	0	0	0	1.180058
140	1407	0	0	0	1	0	2.156633
141	1418	0	0	0	0	0	2.351077
142	1435	0	0	0	0	0	1.542895
143	1451	0	0	0	2	0	1.619018
144	1457	0	0	0	2	0	2.708007
145	1471	0	0	0	2	0	2.447410
146	1480	0	0	0	0	0	2.697912
147	1483	0	0	0	2	0	2.320430
148	1498	0	0	0	1	0	2.971501
149	1509	0	0	0	1	0	1.790225
150	1515	0	0	0	0	0	1.774987
151	1524	0	0	0	1	0	2.303910
152	1529	0	0	0	1	0	2.403519
153	1538	0	0	0	0	0	2.802904
154	1547	0	0	0	2	0	2.611830
155	1562	0	0	0	0	0	2.259132
156	1571	0	0	0	0	0	1.570651
157	1584	0	0	0	0	0	1.303827
158	1592	0	0	0	1	0	1.113282
159	1601	0	0	0	2	0	1.325494
160	1612	0	0	0	0	0	1.229943
161	1628	0	0	0	1	0	1.922811
162	1636	0	0	0	0	0	2.006747
163	1642	0	0	0	2	0	2.169188
164	1654	0	0	0	1	0	1.824215
165	1666	0	0	0	2	0	2.941246
166	1678	0	0	0	2	0	2.927226
167	1689	0	0	0	1	0	1.161543
168	1700	0	0	0	1	0	2.674692
169	1707	0	0	0	2	0	2.750573
170	1717	0	0	0	0	0	1.569243
171	1729	0	0	0	1	0	2.287335
172	1733	0	0	0	2	0	2.255928
173	1747	0	0	0	1	0	2.017915
174	1759	0	0	0	2	0	2.192314
175	1767	0	0	0	1	0	2.487132
176	1777	0	0	0	1	0	2.349779
177	1788	0	0	0	0	0	1.478167
178	1800	0	0	0	1	0	1.192724
179	1813	0	0	0	0	0	1.464952
180	1829	0	0	0	1	0	1.085076
181	1840	0	0	0	1	0	2.828082
182	1847	0	0	0	1	0	1.997880
183	1860	0	0	0	1	0	1.997989
184	1864	0	0	0	1	0	2.631313
185	1872	0	0	0	2	0	1.509683
186	1878	0	0	0	2	0	1.892229
187	1890	0	0	0	1	0	2.349602
188	1900	0	0	0	2	0	1.185631
189	1907	0	0	0	0	0	2.513595
190	1911	0	0	0	0	0	2.658990
191	1921	0	0	0	2	0	1.851758
192	1934	0	0	0	0	0	1.014710
193	1947	0	0	0	2	0	1.154593
194	1958	0	0	0	0	0	1.440595
195	1969	0	0	0	1	0	2.696930
196	1980	0	0	0	1	0	2.864847
197	1992	0	0	0	2	0	1.871571
198	1998	0	0	0	1	0	1.878644
199	2010	0	0	0	0	0	2.560758
200	2020	0	0	0	1	0	1.668486
201	2028	0	0	0	0	0	1.771070
202	2038	0	0	0	1	0	2.155846
203	2045	0	0	0	2	0	2.078741
204	2059	0	0	0	0	0	2.557669
205	2065	0	0	0	2	0	2.784945
206	2076	0	0	0	1	0	2.247700
207	2092	0	0	0	1	0	2.295715
208	2103	0	0	0	0	0	1.407155
209	2115	0	0	0	0	0	1.774745
210	2120	0	0	0	0	0	1.863436
211	2127	0	0	0	1	0	1.758305
212	2134	0	0	0	0	0	1.287433
213	2151	0	0	0	2	0	1.448699
214	2159	0	0	0	0	0	1.240093
215	2168	0	0	0	0	0	2.292928
216	2178	0	0	0	1	0	1.116888
217	2192	0	0	0	2	0	2.604200
218	2207	0	0	0	2	0	2.104467
219	2215	0	0	0	0	0	1.803321
220	2224	0	0	0	2	0	1.214355
221	2234	0	0	0	1	0	1.996561
222	2242	0	0	0	1	0	1.001695
223	2255	0	0	0	2	0	2.244469
224	2263	0	0	0	1	0	1.879475
225	2274	0	0	0	1	0	2.347307
226	2280	0	0	0	0	0	1.344895
227	2289	0	0	0	1	0	2.737088
228	2296	0	0	0	0	0	1.395455
229	2307	0	0	0	0	0	2.198640
230	2323	0	0	0	1	0	2.707401
231	2336	0	0	0	1	0	1.590225
232	2343	0	0	0	2	0	1.618180
233	2355	0	0	0	1	0	1.947114
234	2366	0	0	0	1	0	1.655767
235	2374	0	0	0	0	0	2.301808
236	2382	0	0	0	1	0	1.670182
237	2393	0	0	0	2	0	1.008588
238	2406	0	0	0	0	0	1.612742
239	2416	0	0	0	2	0	1.889799
240	2424	0	0	0	1	0	2.614503
241	2439	0	0	0	1	0	2.650291
242	2448	0	0	0	0	0	2.755467
243	2464	0	0	0	2	0	1.217466
244	2473	0	0	0	1	0	2.484984
245	2483	0	0	0	2	0	2.798117
246	2491	0	0	0	1	0	1.449791
247	2503	0	0	0	0	0	2.556896
248	2508	0	0	0	2	0	1.723630
249	2517	0	0	0	0	0	2.054462
250	2528	0	0	0	1	0	2.352712
251	2538	0	0	0	1	0	2.832736
252	2549	0	0	0	1	0	2.491094
253	2558	0	0	0	1	0	1.329481
254	2571	0	0	0	1	0	2.592366
255	2581	0	0	0	1	0	1.159225
256	2590	0	0	0	1	0	2.377363
257	2598	0	0	0	0	0	2.591677
258	2616	0	0	0	0	0	1.539254
259	2637	0	0	0	1	0	1.615549
260	2642	0	0	0	0	0	2.019203
261	2651	0	0	0	2	0	2.457616
262	2661	0	0	0	2	0	1.521015
263	2666	0	0	0	1	0	1.827577
264	2677	0	0	0	0	0	2.324418
265	2682	0	0	0	2	0	1.667306
266	2692	0	0	0	2	0	1.158046
267	2698	0	0	0	1	0	1.466822
268	2709	0	0	0	1	0	2.602222
269	2717	0	0	0	0	0	1.176986
270	2725	0	0	0	1	0	2.080915
271	2729	0	0	0	1	0	2.928511
272	2739	0	0	0	1	0	1.370064
273	2752	0	0	0	2	0	1.161042
274	2763	0	0	0	0	0	2.518910
275	2772	0	0	0	1	0	2.928653
276	2785	0	0	0	0	0	2.188388
277	2794	0	0	0	0	0	2.747905
278	2799	0	0	0	2	0	2.164100
279	2807	0	0	0	0	0	1.160604
280	2815	0	0	0	0	0	2.791877
281	2831	0	0	0	2	0	2.410633
282	2842	0	0	0	0	0	1.849608
283	2851	0	0	0	0	0	2.599896
284	2857	0	0	0	0	0	2.990977
285	2870	0	0	0	2	0	2.615218
286	2879	0	0	0	1	0	1.631844
287	2889	0	0	0	0	0	1.418218
288	2898	0	0	0	1	0	1.566017
289	2909	0	0	0	0	0	2.614495
290	2919	0	0	0	2	0	1.179200
291	2936	0	0	0	1	0	2.279337
292	2945	0	0	0	1	0	1.372521
293	2961	0	0	0	0	0	2.979766
294	2970	0	0	0	0	0	1.928650
295	2977	0	0	0	2	0	1.543592
296	2986	0	0	0	2	0	2.491896
297	2996	0	0	0	2	0	2.931610
298	3002	0	0	0	2	0	1.329555
299	3013	0	0	0	1	0	1.287953
300	3022	0	0	0	2	0	2.983791
301	3032	0	0	0	1	0	1.497984
302	3041	0	0	0	1	0	2.759043
303	3048	0	0	0	1	0	1.137031
304	3061	0	0	0	2	0	2.792990
305	3071	0	0	0	0	0	1.245831
306	3080	0	0	0	0	0	2.424206
307	3089	0	0	0	0	0	1.516504
308	3098	0	0	0	1	0	2.270629
309	3109	0	0	0	1	0	1.850683
310	3117	0	0	0	2	0	2.417269
311	3124	0	0	0	2	0	1.762265
312	3135	0	0	0	2	0	1.296302
313	3148	0	0	0	2	0	1.868991
314	3164	0	0	0	0	0	1.080226
315	3171	0	0	0	1	0	2.920984
316	3181	0	0	0	1	0	1.006485
317	3190	0	0	0	1	0	1.968570
318	3207	0	0	0	2	0	2.225459
319	3219	0	0	0	0	0	2.343168
320	3227	0	0	0	1	0	1.936191
321	3236	0	0	0	0	0	1.183729
322	3243	0	0	0	0	0	1.365119
323	3252	0	0	0	2	0	2.852882
324	3256	0	0	0	0	0	1.626784
325	3266	0	0	0	1	0	2.615476
326	3280	0	0	0	1	0	2.362548
327	3292	0	0	0	0	0	2.359899
328	3307	0	0	0	0	0	2.539136
329	3320	0	0	0	1	0	1.229816
330	3334	0	0	0	0	0	2.719889
331	3348	0	0	0	1	0	2.993148
332	3354	0	0	0	1	0	2.547577
333	3366	0	0	0	1	0	1.142217
334	3385	0	0	0	1	0	2.914101
335	3390	0	0	0	0	0	1.656217
336	3406	0	0	0	0	0	1.614398
337	3418	0	0	0	0	0	2.212848
338	3427	0	0	0	0	0	1.968072
339	3440	0	0	0	0	0	2.150698
340	3450	0	0	0	1	0	1.611410
341	3459	0	0	0	1	0	1.767478
342	3471	0	0	0	0	0	1.381166
343	3484	0	0	0	0	0	2.748777
344	3501	0	0	0	1	0	2.739301
345	3513	0	0	0	0	0	1.432964
346	3522	0	0	0	1	0	2.750751
347	3533	0	0	0	1	0	2.699146
348	3543	0	0	0	0	0	2.246719
349	3555	0	0	0	1	0	2.618930
350	3568	0	0	0	2	0	1.158948
351	3581	0	0	0	1	0	2.802963
352	3589	0	0	0	2	0	1.734704
353	3599	0	0	0	2	0	2.319292
354	3608	0	0	0	0	0	2.409608
355	3617	0	0	0	1	0	2.632437
356	3628	0	0	0	2	0	2.603254
357	3630	0	0	0	0	0	1.684609
358	3640	0	0	0	0	0	1.236399
359	3651	0	0	0	0	0	2.797761
360	3664	0	0	0	0	0	2.598511
361	3669	0	0	0	2	0	2.358537
362	3680	0	0	0	0	0	2.070989
363	3690	0	0	0	1	0	1.283444
364	3703	0	0	0	0	0	2.138118
365	3716	0	0	0	0	0	2.549112
366	3722	0	0	0	1	0	1.172644
367	3733	0	0	0	2	0	2.623111
368	3743	0	0	0	0	0	2.113362
369	3752	0	0	0	0	0	2.611469
370	3763	0	0	0	1	0	1.268130
371	3771	0	0	0	0	0	2.694755
372	3782	0	0	0	1	0	1.658823
373	3794	0	0	0	1	0	2.541499
374	3799	0	0	0	1	0	1.091562
375	3809	0	0	0	2	0	1.048312
376	3820	0	0	0	0	0	2.844714
377	3827	0	0	0	2	0	2.231519
378	3840	0	0	0	2	0	2.907873
379	3849	0	0	0	2	0	2.120494
380	3861	0	0	0	0	0	1.488314
381	3868	0	0	0	2	0	1.170280
382	3886	0	0	0	0	0	2.969355
383	3900	0	0	0	1	0	1.620243
384	3911	0	0	0	2	0	2.442236
385	3922	0	0	0	2	0	2.844942
386	3935	0	0	0	1	0	2.460798
387	3945	0	0	0	2	0	2.893058
388	3960	0	0	0	0	0	2.826331
389	3973	0	0	0	1	0	2.497015
390	3988	0	0	0	0	0	1.702872
391	3997	0	0	0	2	0	2.042413
392	4012	0	0	0	1	0	2.874174
393	4028	0	0	0	0	0	1.269144
394	4044	0	0	0	2	0	1.510769
395	4057	0	0	0	1	0	2.737165
396	4064	0	0	0	0	0	2.497445
397	4075	0	0	0	0	0	2.964251
398	4084	0	0	0	0	0	1.760695
399	4095	0	0	0	0	0	2.000139
400	4103	0	0	0	0	0	1.294052
401	4113	0	0	0	0	0	1.910564
402	4123	0	0	0	2	0	1.544429
403	4137	0	0	0	1	0	2.854472
404	4150	0	0	0	2	0	1.382191
405	4158	0	0	0	1	0	1.219147
406	4170	0	0	0	2	0	2.413655
407	4181	0	0	0	2	0	2.810427
408	4193	0	0	0	2	0	1.640983
409	4206	0	0	0	0	0	2.813195
410	4219	0	0	0	1	0	1.447558
411	4228	0	0	0	0	0	2.032384
412	4236	0	0	0	1	0	2.737956
413	4249	0	0	0	2	0	1.533627
414	4256	0	0	0	2	0	1.039641
415	4267	0	0	0	1	0	2.698235
416	4281	0	0	0	1	0	2.354350
417	4292	0	0	0	2	0	1.468784
418	4300	0	0	0	2	0	1.934596
419	4313	0	0	0	2	0	1.578115
420	4326	0	0	0	0	0	1.896356
421	4337	0	0	0	1	0	1.592193
422	4347	0	0	0	1	0	1.708037
423	4360	0	0	0	1	0	2.118063
424	4367	0	0	0	0	0	1.091415
425	4378	0	0	0	2	0	1.138861
426	4390	0	0	0	0	0	1.997567
427	4404	0	0	0	1	0	1.164978
428	4413	0	0	0	2	0	2.605345
429	4424	0	0	0	2	0	1.079363
430	4436	0	0	0	0	0	1.587171
431	4443	0	0	0	2	0	2.422820
432	4456	0	0	0	0	0	2.496875
433	4468	0	0	0	1	0	2.353765
434	4479	0	0	0	1	0	1.847961
435	4488	0	0	0	1	0	1.361655
436	4499	0	0	0	0	0	1.113994
437	4509	0	0	0	2	0	2.518632
438	4520	0	0	0	2	0	1.385997
439	4535	0	0	0	0	0	2.357071
440	4550	0	0	0	0	0	1.245050
441	4558	0	0	0	0	0	2.497492
442	4565	0	0	0	0	0	1.146780
443	4574	0	0	0	2	0	2.930870
444	4580	0	0	0	1	0	2.383390
445	4588	0	0	0	0	0	1.543980
446	4596	0	0	0	2	0	2.110876
447	4606	0	0	0	0	0	1.438428
448	4617	0	0	0	2	0	1.995421
449	4626	0	0	0	0	0	2.716450
450	4636	0	0	0	2	0	2.179629
451	4648	0	0	0	1	0	1.281315
452	4657	0	0	0	0	0	2.613701
453	4670	0	0	0	0	0	2.884823
454	4678	0	0	0	0	0	1.212745
455	4691	0	0	0	1	0	1.688881
456	4696	0	0	0	0	0	2.452092
457	4700	0	0	0	0	0	2.499946
458	4713	0	0	0	0	0	1.997421
459	4723	0	0	0	1	0	2.549862
460	4733	0	0	0	2	0	2.236632
461	4744	0	0	0	0	0	1.644903
462	4757	0	0	0	2	0	2.197495
463	4762	0	0	0	2	0	1.391282
464	4778	0	0	0	1	0	2.580030
465	4788	0	0	0	1	0	2.611701
466	4797	0	0	0	1	0	1.847949
467	4808	0	0	0	0	0	2.402767
468	4824	0	0	0	0	0	1.794789
469	4842	0	0	0	0	0	2.410009
470	4849	0	0	0	0	0	1.605500
471	4867	0	0	0	0	0	1.626311
472	4874	0	0	0	1	0	1.969934
473	4882	0	0	0	0	0	2.783149
474	4891	0	0	0	1	0	1.996826
475	4907	0	0	0	1	0	2.994354
476	4917	0	0	0	1	0	2.319713
477	4925	0	0	0	0	0	1.083780
478	4934	0	0	0	2	0	1.724982
479	4937	0	0	0	2	0	1.238742
480	4947	0	0	0	0	0	1.341508
481	4954	0	0	0	2	0	1.212909
482	4956	0	0	0	2	0	1.134261
483	4965	0	0	0	1	0	2.719265
484	4975	0	0	0	0	0	1.852742
485	4987	0	0	0	1	0	2.747438
486	4995	0	0	0	2	0	2.092233
487	5001	0	0	0	2	0	1.339220
488	5009	0	0	0	0	0	1.988342
489	5014	0	0	0	1	0	1.037023
490	5025	0	0	0	1	0	2.035122
491	5036	0	0	0	2	0	2.219273
492	5055	0	0	0	2	0	2.234378
493	5065	0	0	0	0	0	1.277932
494	5073	0	0	0	0	0	1.741218
495	5083	0	0	0	1	0	1.204264
496	5097	0	0	0	0	0	1.278772
497	5106	0	0	0	0	0	2.812691
498	5117	0	0	0	2	0	1.208788
499	5124	0	0	0	1	0	1.261851
500	5131	0	0	0	0	0	2.381890
501	5144	0	0	0	0	0	1.174404
502	5154	0	0	0	0	0	2.265705
503	5162	0	0	0	1	0	2.625726
504	5172	0	0	0	0	0	2.037618
505	5181	0	0	0	2	0	1.498205
506	5192	0	0	0	2	0	1.001843
507	5196	0	0	0	2	0	1.868243
508	5205	0	0	0	0	0	2.181187
509	5217	0	0	0	1	0	2.665656
510	5226	0	0	0	0	0	1.560393
511	5232	0	0	0	0	0	1.206904
512	5239	0	0	0	1	0	1.818101
513	5251	0	0	0	0	0	1.528243
514	5258	0	0	0	1	0	2.056595
515	5269	0	0	0	0	0	2.255901
516	5276	0	0	0	1	0	1.873597
517	5283	0	0	0	0	0	2.001918
518	5295	0	0	0	0	0	2.980083
519	5303	0	0	0	1	0	1.796433
520	5311	0	0	0	2	0	2.487993
521	5319	0	0	0	0	0	2.089883
522	5324	0	0	0	0	0	1.821377
523	5333	0	0	0	0	0	2.916852
524	5344	0	0	0	2	0	1.654240
525	5352	0	0	0	0	0	2.774758
526	5361	0	0	0	2	0	2.482672
527	5371	0	0	0	0	0	1.056754
528	5379	0	0	0	1	0	2.309694
529	5385	0	0	0	1	0	2.450280
530	5392	0	0	0	0	0	1.740364
531	5399	0	0	0	1	0	1.561835
532	5413	0	0	0	1	0	2.089098
533	5419	0	0	0	2	0	2.587858
534	5427	0	0	0	1	0	2.683840
535	5448	0	0	0	1	0	1.414664
536	5461	0	0	0	0	0	1.278533
537	5466	0	0	0	1	0	2.277292
538	5475	0	0	0	0	0	1.279183
539	5483	0	0	0	0	0	1.465394
540	5494	0	0	0	0	0	2.501582
541	5504	0	0	0	0	0	2.948137
542	5511	0	0	0	2	0	1.011967
543	5520	0	0	0	0	0	1.511170
544	5528	0	0	0	2	0	2.973990
545	5539	0	0	0	0	0	2.457021
546	5549	0	0	0	0	0	1.216166
547	5559	0	0	0	2	0	2.125022
548	5573	0	0	0	2	0	2.185505
549	5582	0	0	0	2	0	1.377699
550	5600	0	0	0	2	0	2.498037
551	5607	0	0	0	1	0	1.034513
552	5614	0	0	0	0	0	2.077009
553	5622	0	0	0	1	0	2.446902
554	5626	0	0	0	0	0	2.061045
555	5640	0	0	0	1	0	1.573676
556	5651	0	0	0	1	0	2.759554
557	5660	0	0	0	2	0	1.101352
558	5666	0	0	0	0	0	2.655823
559	5680	0	0	0	1	0	2.732661
560	5691	0	0	0	0	0	2.782147
561	5704	0	0	0	1	0	1.544643
562	5710	0	0	0	0	0	1.581987
563	5721	0	0	0	0	0	1.983276
564	5730	0	0	0	0	0	2.336368
565	5740	0	0	0	2	0	2.325103
566	5753	0	0	0	2	0	2.364145
567	5761	0	0	0	0	0	2.732028
568	5769	0	0	0	1	0	2.706043
569	5777	0	0	0	2	0	2.565374
570	5791	0	0	0	2	0	2.775416
571	5803	0	0	0	0	0	2.837749
572	5815	0	0	0	1	0	2.700512
573	5826	0	0	0	1	0	2.375671
574	5835	0	0	0	1	0	2.374396
575	5844	0	0	0	0	0	2.670676
576	5850	0	0	0	0	0	2.721533
577	5861	0	0	0	2	0	2.743133
578	5865	0	0	0	1	0	1.860497
579	5879	0	0	0	2	0	1.259132
580	5888	0	0	0	1	0	1.316735
581	5899	0	0	0	0	0	1.531343
582	5908	0	0	0	1	0	1.937470
583	5918	0	0	0	0	0	1.612124
584	5926	0	0	0	0	0	2.002208
585	5936	0	0	0	1	0	2.168765
586	5946	0	0	0	2	0	2.685472
587	5961	0	0	0	0	0	1.311882
588	5974	0	0	0	0	0	2.149349
589	5987	0	0	0	2	0	2.853694
590	5996	0	0	0	1	0	1.157580
591	6006	0	0	0	2	0	2.843153
592	6016	0	0	0	2	0	2.455055
593	6025	0	0	0	1	0	2.575275
594	6036	0	0	0	2	0	2.187087
595	6048	0	0	0	2	0	2.626861
596	6055	0	0	0	2	0	1.219697
597	6066	0	0	0	0	0	1.329742
598	6072	0	0	0	0	0	2.689025
599	6082	0	0	0	2	0	1.003587
600	6092	0	0	0	1	0	1.838804
601	6099	0	0	0	2	0	2.970092
602	6112	0	0	0	2	0	2.235199
603	6122	0	0	0	1	0	1.334638
604	6127	0	0	0	0	0	1.644081
605	6137	0	0	0	1	0	2.537922
606	6144	0	0	0	0	0	1.686839
607	6149	0	0	0	1	0	2.812363
608	6162	0	0	0	1	0	1.657627
609	6183	0	0	0	0	0	1.083129
610	6196	0	0	0	1	0	1.348000
611	6207	0	0	0	2	0	2.768976
612	6218	0	0	0	2	0	1.877398
613	6226	0	0	0	0	0	1.610738
614	6237	0	0	0	0	0	2.581120
615	6249	0	0	0	0	0	1.790752
616	6262	0	0	0	0	0	2.408399
617	6269	0	0	0	0	0	2.119531
618	6276	0	0	0	0	0	1.236033
619	6283	0	0	0	2	0	2.907252
620	6298	0	0	0	1	0	2.986884
621	6305	0	0	0	0	0	1.632507
622	6317	0	0	0	2	0	2.687275
623	6331	0	0	0	2	0	1.606244
624	6343	0	0	0	1	0	1.964687
625	6350	0	0	0	0	0	2.949692
626	6364	0	0	0	2	0	2.188120
627	6377	0	0	0	2	0	1.899668
628	6388	0	0	0	1	0	2.414078
629	6394	0	0	0	2	0	1.420376
630	6406	0	0	0	2	0	2.922148
631	6418	0	0	0	1	0	1.758198
632	6427	0	0	0	1	0	1.898617
633	6438	0	0	0	1	0	2.578606
634	6450	0	0	0	2	0	2.132801
635	6463	0	0	0	0	0	1.205284
636	6475	0	0	0	0	0	1.333976
637	6483	0	0	0	1	0	1.205718
638	6486	0	0	0	0	0	2.632871
639	6490	0	0	0	2	0	2.273063
640	6504	0	0	0	1	0	2.209423
641	6513	0	0	0	0	0	2.789952
642	6517	0	0	0	0	0	1.783624
643	6526	0	0	0	0	0	2.067838
644	6531	0	0	0	1	0	2.253332
645	6540	0	0	0	2	0	1.921226
646	6552	0	0	0	2	0	1.862271
647	6563	0	0	0	0	0	1.484868
648	6577	0	0	0	1	0	1.908546
649	6587	0	0	0	2	0	1.369338
650	6590	0	0	0	2	0	1.774498
651	6596	0	0	0	0	0	1.110908
652	6609	0	0	0	0	0	2.011077
653	6617	0	0	0	0	0	2.162278
654	6623	0	0	0	2	0	2.170756
655	6627	0	0	0	2	0	1.001197
656	6637	0	0	0	2	0	2.603293
657	6645	0	0	0	1	0	2.165164
658	6650	0	0	0	2	0	2.586477
659	6661	0	0	0	2	0	1.281311
660	6673	0	0	0	0	0	2.670040
661	6680	0	0	0	2	0	2.674814
662	6693	0	0	0	2	0	2.053828
663	6706	0	0	0	2	0	1.705702
664	6716	0	0	0	0	0	1.209040
665	6731	0	0	0	2	0	1.696644
666	6739	0	0	0	1	0	1.373797
667	6744	0	0	0	0	0	2.574475
668	6757	0	0	0	0	0	1.504397
669	6767	0	0	0	1	0	1.796433
670	6780	0	0	0	0	0	2.723647
671	6797	0	0	0	1	0	1.495462
672	6810	0	0	0	1	0	1.901829
673	6823	0	0	0	2	0	2.726374
674	6831	0	0	0	1	0	1.036932
675	6838	0	0	0	0	0	2.086838
676	6847	0	0	0	2	0	2.797315
677	6854	0	0	0	0	0	2.030636
678	6860	0	0	0	2	0	2.271667
679	6872	0	0	0	2	0	2.428954
680	6887	0	0	0	1	0	2.871837
681	6898	0	0	0	0	0	2.374812
682	6907	0	0	0	0	0	1.048789
683	6918	0	0	0	0	0	1.904843
684	6932	0	0	0	1	0	2.105254
685	6944	0	0	0	0	0	2.820775
686	6951	0	0	0	1	0	2.052606
687	6958	0	0	0	1	0	1.404038
688	6968	0	0	0	2	0	2.040236
689	6976	0	0	0	0	0	1.547679
690	6983	0	0	0	0	0	2.207676
691	6992	0	0	0	2	0	1.690267
692	7000	0	0	0	0	0	1.670268
693	7015	0	0	0	1	0	1.201505
694	7023	0	0	0	0	0	2.989682
695	7034	0	0	0	0	0	1.243837
696	7045	0	0	0	1	0	2.660615
697	7054	0	0	0	0	0	1.613814
698	7060	0	0	0	1	0	1.677907
699	7065	0	0	0	2	0	1.357293
700	7068	0	0	0	2	0	1.448405
701	7077	0	0	0	0	0	1.674890
702	7090	0	0	0	1	0	2.532211
703	7100	0	0	0	2	0	2.922196
704	7112	0	0	0	1	0	2.571219
705	7118	0	0	0	1	0	1.516212
706	7126	0	0	0	1	0	2.844015
707	7132	0	0	0	2	0	2.351940
708	7144	0	0	0	2	0	1.070625
709	7153	0	0	0	0	0	2.271736
710	7165	0	0	0	1	0	1.384227
711	7174	0	0	0	2	0	2.279936
712	7180	0	0	0	0	0	2.333674
713	7189	0	0	0	1	0	1.594230
714	7200	0	0	0	1	0	2.966447
715	7212	0	0	0	2	0	1.555580
716	7225	0	0	0	0	0	1.182404
717	7233	0	0	0	1	0	2.899524
718	7244	0	0	0	2	0	1.110978
719	7247	0	0	0	2	0	2.857003
720	7253	0	0	0	1	0	2.685277
721	7260	0	0	0	2	0	1.803475
722	7269	0	0	0	2	0	2.901866
723	7284	0	0	0	1	0	2.650717
724	7293	0	0	0	0	0	1.251534
725	7301	0	0	0	1	0	2.693998
726	7315	0	0	0	1	0	1.221946
727	7324	0	0	0	2	0	2.495995
728	7333	0	0	0	1	0	1.129957
729	7344	0	0	0	1	0	1.801739
730	7351	0	0	0	0	0	2.868635
731	7361	0	0	0	0	0	2.779051
732	7366	0	0	0	1	0	2.207875
733	7369	0	0	0	2	0	2.687320
734	7380	0	0	0	0	0	2.139580
735	7390	0	0	0	0	0	2.135874
736	7407	0	0	0	0	0	1.192415
737	7416	0	0	0	0	0	1.153217
738	7422	0	0	0	0	0	1.370219
739	7431	0	0	0	0	0	1.914048
740	7441	0	0	0	0	0	2.056439
741	7453	0	0	0	1	0	2.181620
742	7466	0	0	0	1	0	1.569525
743	7476	0	0	0	0	0	1.553828
744	7486	0	0	0	1	0	2.728760
745	7496	0	0	0	0	0	1.060768
746	7506	0	0	0	2	0	1.105432
747	7519	0	0	0	0	0	1.045155
748	7521	0	0	0	1	0	2.779464
749	7531	0	0	0	2	0	2.419335
750	7535	0	0	0	0	0	1.821771
751	7543	0	0	0	2	0	2.672049
752	7550	0	0	0	2	0	1.773644
753	7560	0	0	0	1	0	1.028423
754	7568	0	0	0	0	0	2.087102
755	7573	0	0	0	1	0	1.201215
756	7576	0	0	0	0	0	2.064759
757	7585	0	0	0	2	0	2.899680
758	7592	0	0	0	0	0	1.201973
759	7600	0	0	0	2	0	1.101595
760	7606	0	0	0	0	0	1.400284
761	7618	0	0	0	0	0	1.966677
762	7623	0	0	0	0	0	2.579823
763	7633	0	0	0	0	0	2.447598
764	7646	0	0	0	2	0	1.257321
765	7660	0	0	0	0	0	2.148574
766	7670	0	0	0	0	0	2.257229
767	7682	0	0	0	0	0	1.775703
768	7692	0	0	0	2	0	2.857211
769	7700	0	0	0	0	0	1.871974
770	7712	0	0	0	2	0	1.734039
771	7726	0	0	0	0	0	1.499846
772	7729	0	0	0	0	0	2.351014
773	7735	0	0	0	0	0	2.857069
774	7746	0	0	0	2	0	1.571840
775	7756	0	0	0	0	0	2.224086
776	7768	0	0	0	1	0	2.874574
777	7776	0	0	0	2	0	1.628738
778	7788	0	0	0	1	0	2.531732
779	7796	0	0	0	1	0	1.363020
780	7806	0	0	0	0	0	1.541937
781	7815	0	0	0	0	0	1.890253
782	7824	0	0	0	2	0	2.080018
783	7836	0	0	0	0	0	2.884876
784	7846	0	0	0	2	0	2.333250
785	7858	0	0	0	1	0	1.512243
786	7868	0	0	0	0	0	2.623069
787	7877	0	0	0	2	0	2.730487
788	7887	0	0	0	1	0	1.734177
789	7894	0	0	0	0	0	1.836112
790	7908	0	0	0	0	0	1.137886
791	7918	0	0	0	1	0	2.039785
792	7928	0	0	0	1	0	1.508485
793	7937	0	0	0	2	0	1.123808
794	7943	0	0	0	1	0	2.333353
795	7953	0	0	0	0	0	1.394440
796	7961	0	0	0	1	0	1.455643
797	7972	0	0	0	0	0	1.774193
798	7980	0	0	0	1	0	1.125791
799	7991	0	0	0	0	0	1.367649
800	8001	0	0	0	0	0	1.371741
801	8013	0	0	0	0	0	1.872106
802	8020	0	0	0	1	0	1.368589
803	8035	0	0	0	1	0	1.212204
804	8043	0	0	0	1	0	1.260021
805	8049	0	0	0	0	0	2.083880
806	8065	0	0	0	1	0	2.907865
807	8077	0	0	0	2	0	1.606552
808	8086	0	0	0	0	0	2.808679
809	8098	0	0	0	1	0	2.045978
810	8108	0	0	0	2	0	1.681467
811	8117	0	0	0	1	0	2.257085
812	8130	0	0	0	0	0	2.663085
813	8141	0	0	0	0	0	1.979483
814	8155	0	0	0	1	0	2.091156
815	8162	0	0	0	1	0	2.331353
816	8169	0	0	0	0	0	1.212319
817	8179	0	0	0	0	0	2.357122
818	8191	0	0	0	1	0	1.496249
819	8200	0	0	0	0	0	1.363876
820	8207	0	0	0	2	0	2.796116
821	8215	0	0	0	2	0	1.930855
822	8223	0	0	0	0	0	1.807877
823	8236	0	0	0	0	0	2.935668
824	8247	0	0	0	0	0	1.438036
825	8262	0	0	0	1	0	2.648334
826	8271	0	0	0	2	0	2.961001
827	8281	0	0	0	2	0	2.831680
828	8292	0	0	0	1	0	1.034564
829	8303	0	0	0	1	0	1.695444
830	8311	0	0	0	0	0	1.181968
831	8318	0	0	0	1	0	1.865878
832	8330	0	0	0	1	0	2.619279
833	8341	0	0	0	0	0	1.810762
834	8351	0	0	0	2	0	1.652530
835	8357	0	0	0	1	0	2.404603
836	8372	0	0	0	0	0	1.150864
837	8381	0	0	0	2	0	1.799175
838	8386	0	0	0	0	0	2.956091
839	8402	0	0	0	2	0	2.430289
840	8416	0	0	0	0	0	1.267749
841	8427	0	0	0	2	0	2.149936
842	8436	0	0	0	0	0	2.333937
843	8443	0	0	0	1	0	1.482836
844	8452	0	0	0	1	0	2.576116
845	8467	0	0	0	0	0	2.704932
846	8473	0	0	0	1	0	1.200639
847	8483	0	0	0	0	0	2.275554
848	8495	0	0	0	1	0	1.286801
849	8507	0	0	0	0	0	2.730628
850	8517	0	0	0	2	0	2.970911
851	8529	0	0	0	1	0	1.803766
852	8534	0	0	0	2	0	2.160048
853	8551	0	0	0	0	0	2.847634
854	8557	0	0	0	1	0	1.802192
855	8562	0	0	0	0	0	1.461760
856	8570	0	0	0	0	0	1.474670
857	8579	0	0	0	1	0	1.801924
858	8582	0	0	0	2	0	2.275203
859	8591	0	0	0	0	0	2.929069
860	8594	0	0	0	0	0	2.458968
861	8608	0	0	0	0	0	1.046866
862	8621	0	0	0	0	0	1.558642
863	8632	0	0	0	1	0	1.613573
864	8641	0	0	0	2	0	2.022423
865	8651	0	0	0	2	0	1.437721
866	8664	0	0	0	1	0	1.264070
867	8676	0	0	0	0	0	1.652334
868	8688	0	0	0	2	0	1.401688
869	8693	0	0	0	2	0	2.468222
870	8705	0	0	0	0	0	2.282225
871	8712	0	0	0	2	0	1.111447
872	8719	0	0	0	0	0	2.105823
873	8729	0	0	0	0	0	2.599289
874	8737	0	0	0	2	0	1.074682
875	8745	0	0	0	2	0	1.108117
876	8754	0	0	0	0	0	2.404527
877	8765	0	0	0	0	0	1.164551
878	8774	0	0	0	0	0	2.663742
879	8780	0	0	0	2	0	1.188902
880	8793	0	0	0	0	0	2.470660
881	8803	0	0	0	0	0	2.479924
882	8814	0	0	0	0	0	2.020462
883	8828	0	0	0	2	0	2.252321
884	8836	0	0	0	2	0	1.023135
885	8845	0	0	0	1	0	1.135096
886	8857	0	0	0	2	0	1.049964
887	8866	0	0	0	1	0	1.242410
888	8875	0	0	0	0	0	2.514357
889	8888	0	0	0	0	0	2.141009
890	8895	0	0	0	2	0	2.051434
891	8912	0	0	0	0	0	1.704601
892	8925	0	0	0	1	0	1.147377
893	8938	0	0	0	1	0	2.938402
894	8952	0	0	0	2	0	1.691251
895	8964	0	0	0	1	0	2.428346
896	8970	0	0	0	1	0	1.587409
897	8977	0	0	0	1	0	1.432509
898	8986	0	0	0	1	0	2.615982
899	8996	0	0	0	1	0	1.539514
900	9008	0	0	0	1	0	1.671328
901	9017	0	0	0	1	0	2.293649
902	9026	0	0	0	1	0	1.517924
903	9031	0	0	0	1	0	2.449975
904	9042	0	0	0	2	0	2.689091
905	9049	0	0	0	0	0	2.309954
906	9056	0	0	0	2	0	1.420681
907	9070	0	0	0	0	0	1.425799
908	9080	0	0	0	2	0	2.489857
909	9092	0	0	0	1	0	2.276599
910	9109	0	0	0	2	0	2.974927
911	9119	0	0	0	2	0	2.055499
912	9128	0	0	0	0	0	2.998242
913	9140	0	0	0	0	0	2.823617
914	9152	0	0	0	1	0	2.783944
915	9163	0	0	0	0	0	2.902359
916	9178	0	0	0	2	0	1.313959
917	9193	0	0	0	1	0	2.068706
918	9204	0	0	0	0	0	1.409011
919	9213	0	0	0	1	0	2.849231
920	9225	0	0	0	1	0	1.530376
921	9240	0	0	0	1	0	2.503878
922	9246	0	0	0	1	0	2.474340
923	9260	0	0	0	1	0	1.589138
924	9273	0	0	0	2	0	1.786676
925	9284	0	0	0	2	0	1.758202
926	9294	0	0	0	1	0	2.932065
927	9306	0	0	0	2	0	1.895672
928	9320	0	0	0	0	0	1.081533
929	9325	0	0	0	2	0	2.105630
930	9334	0	0	0	2	0	1.507478
931	9347	0	0	0	2	0	1.958404
932	9354	0	0	0	1	0	2.752057
933	9363	0	0	0	0	0	2.406362
934	9371	0	0	0	0	0	2.371292
935	9380	0	0	0	0	0	2.335939
936	9393	0	0	0	0	0	1.610256
937	9402	0	0	0	2	0	2.614926
938	9412	0	0	0	1	0	1.775746
939	9425	0	0	0	0	0	2.582575
940	9434	0	0	0	0	0	2.312010
941	9445	0	0	0	1	0	2.938979
942	9454	0	0	0	1	0	1.518981
943	9464	0	0	0	2	0	2.050259
944	9478	0	0	0	1	0	2.356428
945	9483	0	0	0	2	0	2.221433
946	9495	0	0	0	0	0	1.547634
947	9508	0	0	0	1	0	2.648989
948	9519	0	0	0	0	0	2.594203
949	9526	0	0	0	0	0	1.792289
950	9534	0	0	0	0	0	2.092476
951	9545	0	0	0	0	0	2.025141
952	9558	0	0	0	1	0	1.094163
953	9571	0	0	0	1	0	2.773881
954	9579	0	0	0	2	0	1.653434
955	9588	0	0	0	0	0	2.519498
956	9593	0	0	0	0	0	2.130274
957	9603	0	0	0	0	0	2.417827
958	9613	0	0	0	2	0	2.277830
959	9627	0	0	0	0	0	1.791815
960	9641	0	0	0	2	0	2.065412
961	9653	0	0	0	1	0	1.606099
962	9663	0	0	0	2	0	1.372280
963	9670	0	0	0	1	0	1.116013
964	9680	0	0	0	2	0	2.243659
965	9685	0	0	0	1	0	2.126511
966	9705	0	0	0	1	0	2.100506
967	9717	0	0	0	2	0	2.775903
968	9726	0	0	0	0	0	1.767626
969	9736	0	0	0	2	0	1.851422
970	9749	0	0	0	2	0	2.609866
971	9757	0	0	0	1	0	1.354968
972	9767	0	0	0	0	0	2.025706
973	9779	0	0	0	1	0	1.141061
974	9793	0	0	0	0	0	1.751292
975	9802	0	0	0	2	0	1.212828
976	9813	0	0	0	1	0	2.747101
977	9819	0	0	0	0	0	2.901745
978	9827	0	0	0	0	0	1.325750
979	9838	0	0	0	0	0	1.613318
980	9851	0	0	0	2	0	2.556739
981	9860	0	0	0	0	0	1.248488
982	9867	0	0	0	0	0	2.713707
983	9880	0	0	0	1	0	1.046559
984	9890	0	0	0	1	0	2.020924
985	9901	0	0	0	0	0	2.290238
986	9910	0	0	0	0	0	1.373997
987	9919	0	0	0	1	0	2.402475
988	9929	0	0	0	2	0	2.793501
989	9939	0	0	0	1	0	1.824902
990	9947	0	0	0	0	0	2.288495
991	9955	0	0	0	1	0	1.249691
992	9959	0	0	0	1	0	1.314589
993	9967	0	0	0	0	0	2.855470
994	9973	0	0	0	1	0	1.988346
995	9982	0	0	0	1	0	1.956879
996	9990	0	0	0	0	0	1.887577
997	9996	0	0	0	0	0	2.880948
998	10003	0	0	0	0	0	2.712894
999	10012	0	0	0	2	0	2.151042
