0	1	0	0	0	0	0	2.671517
1	12	0	0	0	0	0	2.789655
2	20	0	0	0	0	0	2.206270
3	29	0	0	0	0	0	2.338692
4	31	0	0	0	1	0	1.289660
5	37	0	0	0	1	0	2.171404
6	47	0	0	0	2	0	1.923801
7	54	0	0	0	2	0	2.861522
8	64	0	0	0	0	0	1.532678
9	74	0	0	0	0	0	1.691332
10	83	0	0	0	1	0	2.789493
11	95	0	0	0	0	0	1.945300
12	107	0	0	0	1	0	1.125608
13	114	0	0	0	1	0	1.897985
14	120	0	0	0	1	0	1.866603
15	130	0	0	0	2	0	1.010786
16	136	0	0	0	2	0	1.306845
17	149	0	0	0	1	0	1.535933
18	157	0	0	0	2	0	1.384758
19	166	0	0	0	0	0	1.173676
20	175	0	0	0	0	0	2.452574
21	189	0	0	0	1	0	1.789748
22	197	0	0	0	0	0	1.113859
23	208	0	0	0	2	0	2.803603
24	216	0	0	0	2	0	2.275574
25	227	0	0	0	2	0	1.832085
26	241	0	0	0	2	0	1.780560
27	253	0	0	0	0	0	2.645514
28	267	0	0	0	2	0	1.931527
29	280	0	0	0	2	0	1.001662
30	292	0	0	0	0	0	2.407612
31	302	0	0	0	0	0	1.820894
32	316	0	0	0	0	0	1.031163
33	328	0	0	0	1	0	1.244691
34	337	0	0	0	2	0	1.800168
35	350	0	0	0	0	0	2.987255
36	356	0	0	0	0	0	1.977357
37	361	0	0	0	1	0	1.694273
38	369	0	0	0	1	0	1.999527
39	389	0	0	0	2	0	1.425795
40	395	0	0	0	0	0	2.664409
41	410	0	0	0	0	0	1.504863
42	418	0	0	0	2	0	2.892457
43	433	0	0	0	1	0	2.952798
44	445	0	0	0	1	0	2.583871
45	457	0	0	0	2	0	2.652280
46	469	0	0	0	0	0	1.168811
47	479	0	0	0	1	0	2.440308
48	491	0	0	0	0	0	1.002704
49	498	0	0	0	0	0	1.240758
50	510	0	0	0	2	0	1.328144
51	518	0	0	0	0	0	2.717438
52	535	0	0	0	0	0	2.198387
53	547	0	0	0	0	0	1.884851
54	558	0	0	0	2	0	1.580432
55	576	0	0	0	1	0	2.560705
56	587	0	0	0	2	0	1.657754
57	606	0	0	0	1	0	1.652138
58	618	0	0	0	0	0	2.189372
59	633	0	0	0	0	0	2.200983
60	647	0	0	0	1	0	1.688632
61	661	0	0	0	0	0	2.059933
62	672	0	0	0	0	0	2.135777
63	681	0	0	0	1	0	1.947330
64	689	0	0	0	2	0	1.739280
65	698	0	0	0	2	0	2.311796
66	704	0	0	0	0	0	1.652134
67	709	0	0	0	1	0	2.737650
68	714	0	0	0	1	0	2.262618
69	725	0	0	0	1	0	1.226563
70	734	0	0	0	2	0	2.055281
71	739	0	0	0	1	0	2.413180
72	743	0	0	0	1	0	2.805123
73	750	0	0	0	2	0	1.123568
74	756	0	0	0	0	0	1.321311
75	765	0	0	0	2	0	2.982223
76	777	0	0	0	1	0	1.758586
77	786	0	0	0	1	0	1.819210
78	801	0	0	0	0	0	2.604403
79	814	0	0	0	1	0	2.116868
80	829	0	0	0	0	0	2.597363
81	839	0	0	0	2	0	2.374033
82	845	0	0	0	1	0	1.164316
83	860	0	0	0	2	0	2.166599
84	869	0	0	0	2	0	2.265733
85	879	0	0	0	0	0	2.042150
86	889	0	0	0	1	0	1.056554
87	904	0	0	0	0	0	1.966701
88	914	0	0	0	0	0	1.424726
89	927	0	0	0	0	0	2.620003
90	938	0	0	0	2	0	2.753514
91	952	0	0	0	0	0	2.513891
92	965	0	0	0	1	0	2.961067
93	981	0	0	0	2	0	1.230819
94	990	0	0	0	1	0	2.270478
95	998	0	0	0	1	0	2.819322
96	1008	0	0	0	1	0	2.189148
97	1023	0	0	0	2	0	1.032091
98	1035	0	0	0	2	0	1.085801
99	1051	0	0	0	0	0	1.612896
100	1057	0	0	0	1	0	2.839938
101	1062	0	0	0	0	0	1.822208
102	1070	0	0	0	1	0	1.972886
103	1081	0	0	0	0	0	1.097095
104	1086	0	0	0	0	0	1.318402
105	1096	0	0	0	1	0	2.958119
106	1106	0	0	0	1	0	1.998468
107	1113	0	0	0	0	0	1.198036
108	1118	0	0	0	0	0	1.376034
109	1127	0	0	0	1	0	2.136865
110	1142	0	0	0	2	0	2.597395
111	1147	0	0	0	2	0	2.354989
112	1153	0	0	0	1	0	2.783679
113	1164	0	0	0	0	0	2.047780
114	1180	0	0	0	0	0	1.313893
115	1192	0	0	0	0	0	1.847748
116	1209	0	0	0	2	0	2.691497
117	1215	0	0	0	1	0	1.901694
118	1225	0	0	0	0	0	2.445038
119	1234	0	0	0	1	0	2.746257
120	1242	0	0	0	0	0	2.425354
121	1255	0	0	0	0	0	1.235841
122	1264	0	0	0	1	0	2.691612
123	1274	0	0	0	0	0	2.753732
124	1287	0	0	0	2	0	1.653022
125	1298	0	0	0	1	0	2.659958
126	1308	0	0	0	1	0	1.593863
127	1318	0	0	0	0	0	1.643885
128	1332	0	0	0	1	0	2.842114
129	1341	0	0	0	1	0	1.274353
130	1346	0	0	0	0	0	1.553496
131	1360	0	0	0	1	0	1.519481
132	1369	0	0	0	0	0	1.994518
133	1379	0	0	0	1	0	1.951490
134	1388	0	0	0	0	0	1.487495
135	1397	0	0	0	1	0	2.920934
136	1405	0	0	0	1	0	2.209925
137	1412	0	0	0	0	0	2.352938
138	1425	0	0	0	0	0	1.548008
139	1437	0	0	0	1	0	2.171170
140	1451	0	0	0	0	0	1.359288
141	1460	0	0	0	1	0	2.709759
142	1468	0	0	0	1	0	1.577570
143	1481	0	0	0	0	0	1.746400
144	1491	0	0	0	1	0	2.264029
145	1499	0	0	0	1	0	1.444351
146	1509	0	0	0	2	0	2.135113
147	1519	0	0	0	0	0	2.027812
148	1529	0	0	0	1	0	2.024144
149	1539	0	0	0	2	0	1.569145
150	1545	0	0	0	0	0	2.409074
151	1555	0	0	0	1	0	1.969283
152	1566	0	0	0	2	0	2.485614
153	1573	0	0	0	0	0	1.649679
154	1580	0	0	0	0	0	1.215211
155	1584	0	0	0	1	0	1.835231
156	1602	0	0	0	1	0	1.169698
157	1612	0	0	0	1	0	1.812475
158	1620	0	0	0	1	0	2.407447
159	1630	0	0	0	1	0	2.796728
160	1642	0	0	0	1	0	1.254673
161	1654	0	0	0	0	0	2.334775
162	1664	0	0	0	2	0	2.556518
163	1677	0	0	0	0	0	2.914417
164	1680	0	0	0	0	0	2.359965
165	1692	0	0	0	0	0	1.380655
166	1706	0	0	0	0	0	1.897422
167	1720	0	0	0	0	0	1.120190
168	1728	0	0	0	1	0	2.401897
169	1734	0	0	0	2	0	2.290551
170	1743	0	0	0	2	0	1.957321
171	1758	0	0	0	2	0	1.761495
172	1772	0	0	0	1	0	1.412833
173	1785	0	0	0	1	0	1.488905
174	1792	0	0	0	0	0	2.736109
175	1808	0	0	0	1	0	2.418475
176	1814	0	0	0	1	0	2.980354
177	1827	0	0	0	0	0	1.556858
178	1838	0	0	0	1	0	1.175800
179	1859	0	0	0	1	0	2.861324
180	1866	0	0	0	0	0	1.182575
181	1876	0	0	0	1	0	1.548627
182	1889	0	0	0	0	0	2.928763
183	1901	0	0	0	1	0	2.808598
184	1909	0	0	0	2	0	1.837810
185	1925	0	0	0	2	0	2.231612
186	1933	0	0	0	1	0	2.825233
187	1943	0	0	0	0	0	1.788371
188	1952	0	0	0	1	0	1.933501
189	1966	0	0	0	0	0	2.668070
190	1977	0	0	0	2	0	1.788805
191	1986	0	0	0	2	0	1.550380
192	1997	0	0	0	2	0	1.287569
193	2015	0	0	0	2	0	2.556890
194	2023	0	0	0	1	0	1.272761
195	2031	0	0	0	0	0	2.795146
196	2039	0	0	0	1	0	1.504700
197	2044	0	0	0	2	0	2.298847
198	2055	0	0	0	1	0	1.297775
199	2060	0	0	0	0	0	1.903383
200	2071	0	0	0	0	0	1.406220
201	2080	0	0	0	2	0	2.763609
202	2090	0	0	0	1	0	2.737045
203	2099	0	0	0	0	0	1.739360
204	2113	0	0	0	0	0	2.259460
205	2121	0	0	0	2	0	2.033454
206	2131	0	0	0	1	0	2.479816
207	2140	0	0	0	0	0	1.578901
208	2151	0	0	0	2	0	1.887568
209	2165	0	0	0	2	0	1.581616
210	2181	0	0	0	1	0	2.522370
211	2188	0	0	0	0	0	2.892405
212	2197	0	0	0	0	0	1.240347
213	2207	0	0	0	2	0	1.494959
214	2213	0	0	0	0	0	1.464839
215	2227	0	0	0	0	0	1.987798
216	2234	0	0	0	2	0	2.295448
217	2246	0	0	0	0	0	2.213021
218	2256	0	0	0	1	0	2.528888
219	2269	0	0	0	1	0	2.176551
220	2285	0	0	0	1	0	2.824078
221	2294	0	0	0	0	0	1.260276
222	2302	0	0	0	0	0	2.035523
223	2313	0	0	0	2	0	1.437388
224	2322	0	0	0	2	0	1.022761
225	2329	0	0	0	0	0	1.064402
226	2334	0	0	0	1	0	1.357459
227	2348	0	0	0	1	0	2.406630
228	2357	0	0	0	1	0	1.510763
229	2364	0	0	0	0	0	2.967632
230	2372	0	0	0	2	0	1.680620
231	2382	0	0	0	2	0	2.055947
232	2391	0	0	0	0	0	1.857223
233	2400	0	0	0	0	0	2.821492
234	2411	0	0	0	0	0	1.688114
235	2422	0	0	0	0	0	1.716549
236	2436	0	0	0	0	0	1.940251
237	2442	0	0	0	1	0	1.839036
238	2449	0	0	0	1	0	1.991805
239	2460	0	0	0	2	0	1.286127
240	2470	0	0	0	0	0	2.303617
241	2480	0	0	0	1	0	2.566646
242	2488	0	0	0	0	0	1.967620
243	2499	0	0	0	0	0	2.746885
244	2515	0	0	0	2	0	1.399398
245	2521	0	0	0	2	0	2.390001
246	2529	0	0	0	1	0	2.706491
247	2539	0	0	0	1	0	1.644316
248	2554	0	0	0	1	0	2.416497
249	2568	0	0	0	1	0	2.551924
250	2580	0	0	0	0	0	1.227146
251	2590	0	0	0	2	0	2.266243
252	2606	0	0	0	0	0	1.929490
253	2616	0	0	0	0	0	1.252409
254	2629	0	0	0	2	0	2.672388
255	2642	0	0	0	0	0	2.212188
256	2649	0	0	0	0	0	1.936211
257	2665	0	0	0	0	0	2.201915
258	2671	0	0	0	2	0	2.415932
259	2682	0	0	0	0	0	1.089023
260	2690	0	0	0	0	0	2.188821
261	2703	0	0	0	0	0	2.395945
262	2717	0	0	0	0	0	2.766344
263	2732	0	0	0	2	0	2.157240
264	2742	0	0	0	2	0	2.390125
265	2753	0	0	0	2	0	2.153115
266	2762	0	0	0	1	0	2.162759
267	2777	0	0	0	2	0	1.359307
268	2790	0	0	0	1	0	2.581797
269	2799	0	0	0	2	0	2.822033
270	2811	0	0	0	2	0	2.366141
271	2826	0	0	0	1	0	2.517740
272	2834	0	0	0	2	0	2.843474
273	2842	0	0	0	0	0	2.310964
274	2854	0	0	0	0	0	2.667095
275	2865	0	0	0	0	0	2.311265
276	2874	0	0	0	0	0	2.633476
277	2884	0	0	0	0	0	1.340217
278	2889	0	0	0	2	0	1.075805
279	2896	0	0	0	2	0	1.256737
280	2908	0	0	0	0	0	1.434937
281	2914	0	0	0	2	0	1.837551
282	2925	0	0	0	1	0	1.730823
283	2939	0	0	0	1	0	2.044242
284	2947	0	0	0	0	0	1.030216
285	2956	0	0	0	2	0	2.361134
286	2968	0	0	0	0	0	1.249184
287	2976	0	0	0	1	0	2.630576
288	2985	0	0	0	2	0	1.707226
289	2999	0	0	0	0	0	1.895066
290	3012	0	0	0	2	0	1.283119
291	3023	0	0	0	0	0	1.060206
292	3030	0	0	0	1	0	2.622272
293	3047	0	0	0	0	0	1.735661
294	3061	0	0	0	0	0	1.557613
295	3075	0	0	0	1	0	1.478252
296	3084	0	0	0	0	0	2.650695
297	3095	0	0	0	2	0	2.237698
298	3110	0	0	0	1	0	2.598571
299	3118	0	0	0	2	0	1.315109
300	3132	0	0	0	1	0	2.209344
301	3139	0	0	0	1	0	2.647420
302	3152	0	0	0	0	0	2.147075
303	3161	0	0	0	0	0	2.551783
304	3172	0	0	0	1	0	1.172508
305	3181	0	0	0	0	0	1.676346
306	3191	0	0	0	0	0	1.374562
307	3200	0	0	0	0	0	1.900631
308	3213	0	0	0	1	0	1.594772
309	3221	0	0	0	0	0	2.532789
310	3231	0	0	0	0	0	2.971420
311	3241	0	0	0	0	0	1.345601
312	3249	0	0	0	1	0	2.492885
313	3260	0	0	0	0	0	1.144093
314	3274	0	0	0	0	0	2.343468
315	3284	0	0	0	2	0	2.121227
316	3296	0	0	0	2	0	1.838502
317	3303	0	0	0	1	0	1.744478
318	3312	0	0	0	0	0	1.469732
319	3328	0	0	0	1	0	1.721490
320	3340	0	0	0	0	0	1.394818
321	3348	0	0	0	1	0	2.772834
322	3360	0	0	0	0	0	1.915744
323	3369	0	0	0	0	0	2.445820
324	3378	0	0	0	1	0	1.098724
325	3389	0	0	0	0	0	2.432068
326	3396	0	0	0	0	0	2.924105
327	3412	0	0	0	0	0	2.225529
328	3424	0	0	0	1	0	1.574040
329	3432	0	0	0	2	0	2.568207
330	3440	0	0	0	2	0	1.523139
331	3451	0	0	0	0	0	1.648182
332	3461	0	0	0	2	0	2.590754
333	3470	0	0	0	2	0	1.497931
334	3485	0	0	0	2	0	1.921496
335	3495	0	0	0	0	0	2.033957
336	3506	0	0	0	0	0	2.511660
337	3515	0	0	0	1	0	1.729167
338	3524	0	0	0	1	0	2.587109
339	3533	0	0	0	2	0	1.680259
340	3544	0	0	0	1	0	2.541405
341	3561	0	0	0	1	0	1.141969
342	3581	0	0	0	0	0	1.827550
343	3592	0	0	0	1	0	2.091034
344	3600	0	0	0	1	0	2.076515
345	3609	0	0	0	0	0	1.127459
346	3615	0	0	0	2	0	2.365095
347	3626	0	0	0	0	0	2.627924
348	3636	0	0	0	2	0	2.660424
349	3655	0	0	0	1	0	2.932328
350	3665	0	0	0	1	0	2.165126
351	3676	0	0	0	0	0	2.753636
352	3693	0	0	0	2	0	2.470691
353	3702	0	0	0	1	0	2.232036
354	3709	0	0	0	1	0	1.483490
355	3717	0	0	0	0	0	2.323777
356	3731	0	0	0	1	0	2.184965
357	3740	0	0	0	0	0	2.991160
358	3748	0	0	0	2	0	1.967889
359	3752	0	0	0	0	0	1.689192
360	3762	0	0	0	1	0	1.723277
361	3770	0	0	0	0	0	2.593283
362	3782	0	0	0	1	0	2.947391
363	3793	0	0	0	0	0	2.376357
364	3807	0	0	0	0	0	1.378110
365	3814	0	0	0	0	0	2.874148
366	3823	0	0	0	1	0	1.898428
367	3827	0	0	0	0	0	1.962610
368	3842	0	0	0	0	0	1.795862
369	3851	0	0	0	1	0	2.985293
370	3857	0	0	0	0	0	2.211161
371	3864	0	0	0	1	0	1.014871
372	3868	0	0	0	0	0	1.538393
373	3876	0	0	0	2	0	2.609276
374	3881	0	0	0	1	0	1.318554
375	3893	0	0	0	1	0	2.742743
376	3908	0	0	0	0	0	1.009301
377	3915	0	0	0	1	0	1.483323
378	3929	0	0	0	1	0	1.792733
379	3942	0	0	0	0	0	1.597955
380	3956	0	0	0	1	0	2.831316
381	3962	0	0	0	0	0	2.657943
382	3976	0	0	0	0	0	2.831471
383	3981	0	0	0	1	0	2.822593
384	3990	0	0	0	0	0	1.863343
385	3998	0	0	0	0	0	2.437213
386	4010	0	0	0	2	0	1.867979
387	4015	0	0	0	0	0	1.340607
388	4030	0	0	0	0	0	2.846255
389	4039	0	0	0	0	0	1.352814
390	4046	0	0	0	0	0	1.549475
391	4062	0	0	0	2	0	2.159515
392	4073	0	0	0	1	0	2.776217
393	4086	0	0	0	2	0	1.346973
394	4105	0	0	0	0	0	1.248138
395	4117	0	0	0	1	0	2.857824
396	4125	0	0	0	2	0	2.050177
397	4131	0	0	0	1	0	1.723627
398	4139	0	0	0	0	0	2.840783
399	4148	0	0	0	1	0	2.197509
400	4160	0	0	0	2	0	1.779096
401	4171	0	0	0	2	0	2.796705
402	4181	0	0	0	0	0	1.265209
403	4189	0	0	0	2	0	1.722998
404	4195	0	0	0	0	0	1.779350
405	4209	0	0	0	0	0	1.752818
406	4220	0	0	0	1	0	1.386146
407	4230	0	0	0	1	0	2.688634
408	4241	0	0	0	0	0	2.143604
409	4254	0	0	0	2	0	2.543791
410	4265	0	0	0	2	0	2.487148
411	4271	0	0	0	1	0	1.804992
412	4283	0	0	0	0	0	2.155264
413	4293	0	0	0	1	0	1.369437
414	4305	0	0	0	0	0	1.270102
415	4310	0	0	0	0	0	2.720603
416	4321	0	0	0	0	0	1.158154
417	4328	0	0	0	0	0	1.450733
418	4337	0	0	0	0	0	1.938947
419	4354	0	0	0	2	0	2.469052
420	4361	0	0	0	1	0	1.393861
421	4369	0	0	0	0	0	1.262850
422	4375	0	0	0	2	0	1.235533
423	4385	0	0	0	0	0	1.088129
424	4393	0	0	0	1	0	1.167610
425	4410	0	0	0	1	0	1.722114
426	4420	0	0	0	1	0	2.609466
427	4437	0	0	0	1	0	2.879841
428	4444	0	0	0	2	0	1.256868
429	4459	0	0	0	2	0	1.581330
430	4470	0	0	0	1	0	1.050735
431	4479	0	0	0	2	0	2.444179
432	4486	0	0	0	1	0	1.558368
433	4497	0	0	0	2	0	2.658511
434	4506	0	0	0	2	0	2.467604
435	4509	0	0	0	0	0	1.765000
436	4520	0	0	0	1	0	1.303515
437	4531	0	0	0	0	0	1.469296
438	4539	0	0	0	2	0	1.950976
439	4548	0	0	0	0	0	1.892160
440	4565	0	0	0	0	0	2.836639
441	4575	0	0	0	2	0	2.271561
442	4587	0	0	0	1	0	1.001918
443	4595	0	0	0	2	0	2.182975
444	4609	0	0	0	1	0	2.184168
445	4619	0	0	0	1	0	1.275599
446	4635	0	0	0	1	0	1.177871
447	4646	0	0	0	2	0	2.049138
448	4656	0	0	0	1	0	2.340134
449	4666	0	0	0	2	0	2.989807
450	4673	0	0	0	1	0	1.467207
451	4680	0	0	0	0	0	2.166196
452	4688	0	0	0	0	0	1.349623
453	4698	0	0	0	1	0	1.253022
454	4708	0	0	0	0	0	1.964520
455	4718	0	0	0	1	0	1.651729
456	4725	0	0	0	1	0	1.036763
457	4735	0	0	0	0	0	1.729086
458	4753	0	0	0	2	0	1.608540
459	4758	0	0	0	1	0	2.931993
460	4763	0	0	0	0	0	2.280776
461	4773	0	0	0	1	0	1.705623
462	4786	0	0	0	1	0	2.650713
463	4800	0	0	0	0	0	1.674414
464	4809	0	0	0	0	0	2.435238
465	4816	0	0	0	0	0	2.400789
466	4822	0	0	0	2	0	2.336066
467	4828	0	0	0	0	0	2.544584
468	4835	0	0	0	2	0	1.495641
469	4842	0	0	0	0	0	2.140212
470	4852	0	0	0	1	0	1.370457
471	4859	0	0	0	1	0	1.023017
472	4867	0	0	0	2	0	2.369451
473	4877	0	0	0	1	0	1.411679
474	4885	0	0	0	1	0	1.332676
475	4894	0	0	0	2	0	1.316609
476	4901	0	0	0	0	0	1.639077
477	4908	0	0	0	1	0	2.477950
478	4920	0	0	0	1	0	2.882368
479	4931	0	0	0	0	0	2.192463
480	4944	0	0	0	0	0	2.398044
481	4957	0	0	0	0	0	1.966317
482	4963	0	0	0	2	0	2.063477
483	4970	0	0	0	2	0	1.039149
484	4976	0	0	0	2	0	1.146352
485	4983	0	0	0	2	0	1.349609
486	4994	0	0	0	0	0	2.300648
487	5006	0	0	0	0	0	2.036232
488	5016	0	0	0	0	0	1.285447
489	5026	0	0	0	1	0	2.656831
490	5032	0	0	0	0	0	2.082379
491	5048	0	0	0	0	0	2.842865
492	5062	0	0	0	0	0	1.643913
493	5072	0	0	0	0	0	2.136235
494	5083	0	0	0	1	0	2.994245
495	5095	0	0	0	0	0	1.653181
496	5107	0	0	0	1	0	1.513833
497	5115	0	0	0	2	0	1.912266
498	5138	0	0	0	0	0	2.393063
499	5151	0	0	0	2	0	1.451868
500	5158	0	0	0	0	0	2.228890
501	5169	0	0	0	0	0	1.094588
502	5178	0	0	0	2	0	2.071977
503	5189	0	0	0	1	0	2.530510
504	5200	0	0	0	1	0	2.881864
505	5207	0	0	0	2	0	1.458716
506	5215	0	0	0	2	0	2.577674
507	5224	0	0	0	2	0	2.877814
508	5236	0	0	0	1	0	1.837087
509	5248	0	0	0	1	0	1.337859
510	5262	0	0	0	1	0	2.572596
511	5274	0	0	0	0	0	2.939339
512	5286	0	0	0	0	0	1.404407
513	5304	0	0	0	0	0	1.031277
514	5315	0	0	0	0	0	1.859096
515	5325	0	0	0	0	0	2.034217
516	5338	0	0	0	0	0	1.906250
517	5354	0	0	0	0	0	2.775842
518	5358	0	0	0	0	0	1.679226
519	5363	0	0	0	0	0	2.901848
520	5373	0	0	0	2	0	2.100539
521	5388	0	0	0	0	0	2.357679
522	5395	0	0	0	2	0	1.516132
523	5407	0	0	0	1	0	2.219813
524	5413	0	0	0	0	0	1.604954
525	5427	0	0	0	1	0	1.665802
526	5438	0	0	0	0	0	1.055537
527	5445	0	0	0	0	0	2.287992
528	5450	0	0	0	0	0	2.275432
529	5465	0	0	0	2	0	2.410921
530	5480	0	0	0	0	0	1.146326
531	5490	0	0	0	2	0	1.710538
532	5500	0	0	0	0	0	2.198145
533	5509	0	0	0	0	0	1.681123
534	5516	0	0	0	0	0	1.689983
535	5528	0	0	0	1	0	2.106589
536	5538	0	0	0	0	0	1.389657
537	5550	0	0	0	0	0	1.116860
538	5561	0	0	0	2	0	1.166013
539	5572	0	0	0	0	0	2.374202
540	5578	0	0	0	1	0	1.079287
541	5591	0	0	0	0	0	2.853863
542	5598	0	0	0	2	0	1.637270
543	5608	0	0	0	2	0	1.833915
544	5613	0	0	0	1	0	1.475075
545	5628	0	0	0	2	0	1.419845
546	5637	0	0	0	1	0	2.702443
547	5650	0	0	0	0	0	2.229118
548	5662	0	0	0	0	0	1.775713
549	5674	0	0	0	0	0	2.021452
550	5681	0	0	0	0	0	2.868185
551	5691	0	0	0	2	0	1.416449
552	5703	0	0	0	1	0	1.023924
553	5720	0	0	0	2	0	2.206742
554	5726	0	0	0	1	0	2.184716
555	5738	0	0	0	1	0	1.562799
556	5753	0	0	0	1	0	1.006794
557	5761	0	0	0	1	0	2.572239
558	5767	0	0	0	2	0	1.547123
559	5775	0	0	0	0	0	1.206880
560	5785	0	0	0	2	0	2.962430
561	5794	0	0	0	1	0	2.960099
562	5798	0	0	0	1	0	1.910424
563	5811	0	0	0	1	0	1.011551
564	5827	0	0	0	1	0	2.944603
565	5834	0	0	0	0	0	2.399563
566	5845	0	0	0	0	0	2.483020
567	5851	0	0	0	1	0	1.584631
568	5858	0	0	0	0	0	1.821255
569	5866	0	0	0	1	0	1.358908
570	5878	0	0	0	2	0	1.571789
571	5886	0	0	0	0	0	2.539188
572	5899	0	0	0	0	0	2.114965
573	5909	0	0	0	0	0	2.936392
574	5920	0	0	0	0	0	1.837383
575	5928	0	0	0	0	0	1.293012
576	5939	0	0	0	0	0	1.723125
577	5947	0	0	0	2	0	2.830163
578	5960	0	0	0	2	0	1.843245
579	5964	0	0	0	0	0	1.538083
580	5969	0	0	0	0	0	2.936129
581	5981	0	0	0	2	0	1.905569
582	5991	0	0	0	2	0	2.862852
583	5998	0	0	0	1	0	1.831902
584	6008	0	0	0	1	0	2.019461
585	6024	0	0	0	2	0	2.610246
586	6038	0	0	0	2	0	2.167055
587	6043	0	0	0	0	0	2.696683
588	6051	0	0	0	1	0	1.771368
589	6064	0	0	0	1	0	1.938233
590	6073	0	0	0	1	0	1.404159
591	6081	0	0	0	0	0	2.131577
592	6093	0	0	0	1	0	2.080584
593	6104	0	0	0	2	0	2.161607
594	6115	0	0	0	1	0	2.386195
595	6124	0	0	0	0	0	2.698952
596	6133	0	0	0	0	0	2.499441
597	6137	0	0	0	0	0	1.270683
598	6144	0	0	0	1	0	1.597309
599	6154	0	0	0	1	0	2.300572
600	6159	0	0	0	1	0	1.739382
601	6173	0	0	0	1	0	2.485527
602	6184	0	0	0	0	0	2.078195
603	6192	0	0	0	1	0	1.632351
604	6194	0	0	0	0	0	1.084388
605	6202	0	0	0	0	0	1.271689
606	6209	0	0	0	2	0	2.487265
607	6217	0	0	0	2	0	1.454243
608	6228	0	0	0	0	0	2.002784
609	6244	0	0	0	0	0	2.976134
610	6256	0	0	0	2	0	2.912376
611	6268	0	0	0	0	0	1.747637
612	6280	0	0	0	1	0	2.387489
613	6291	0	0	0	1	0	2.694782
614	6294	0	0	0	2	0	1.501420
615	6310	0	0	0	1	0	1.826862
616	6323	0	0	0	1	0	1.281356
617	6330	0	0	0	2	0	1.031957
618	6338	0	0	0	1	0	2.775347
619	6345	0	0	0	1	0	1.282894
620	6352	0	0	0	1	0	1.492832
621	6363	0	0	0	1	0	1.809318
622	6372	0	0	0	2	0	1.363929
623	6378	0	0	0	2	0	1.237251
624	6386	0	0	0	0	0	2.590889
625	6395	0	0	0	1	0	2.811038
626	6406	0	0	0	1	0	1.596650
627	6420	0	0	0	0	0	2.447166
628	6432	0	0	0	2	0	1.633270
629	6441	0	0	0	2	0	1.752271
630	6449	0	0	0	2	0	2.104740
631	6461	0	0	0	2	0	1.430060
632	6465	0	0	0	2	0	1.213756
633	6474	0	0	0	2	0	2.534025
634	6483	0	0	0	0	0	2.023217
635	6490	0	0	0	0	0	1.765720
636	6503	0	0	0	0	0	2.033222
637	6511	0	0	0	0	0	2.312989
638	6523	0	0	0	1	0	1.059264
639	6533	0	0	0	0	0	1.274831
640	6544	0	0	0	2	0	2.935825
641	6557	0	0	0	2	0	1.954621
642	6558	0	0	0	2	0	1.078857
643	6574	0	0	0	0	0	1.696022
644	6587	0	0	0	0	0	1.500898
645	6598	0	0	0	0	0	2.994905
646	6610	0	0	0	2	0	1.004905
647	6622	0	0	0	1	0	1.812254
648	6630	0	0	0	1	0	1.448908
649	6637	0	0	0	0	0	1.690215
650	6656	0	0	0	0	0	2.819068
651	6664	0	0	0	1	0	1.328300
652	6672	0	0	0	1	0	2.027228
653	6688	0	0	0	0	0	1.279781
654	6694	0	0	0	0	0	1.323211
655	6705	0	0	0	2	0	1.748405
656	6714	0	0	0	0	0	2.366402
657	6719	0	0	0	1	0	1.773852
658	6726	0	0	0	1	0	1.417921
659	6731	0	0	0	2	0	1.931880
660	6740	0	0	0	1	0	2.067999
661	6746	0	0	0	2	0	2.931019
662	6752	0	0	0	0	0	2.950999
663	6761	0	0	0	1	0	2.341695
664	6772	0	0	0	1	0	2.637133
665	6780	0	0	0	2	0	2.860529
666	6786	0	0	0	0	0	1.777604
667	6793	0	0	0	0	0	2.421578
668	6804	0	0	0	0	0	2.105441
669	6810	0	0	0	1	0	2.888457
670	6825	0	0	0	0	0	1.045456
671	6839	0	0	0	2	0	2.512263
672	6849	0	0	0	2	0	2.243500
673	6859	0	0	0	0	0	2.318023
674	6864	0	0	0	2	0	1.431855
675	6878	0	0	0	0	0	2.085895
676	6891	0	0	0	1	0	2.275048
677	6903	0	0	0	0	0	2.004219
678	6916	0	0	0	0	0	2.085662
679	6928	0	0	0	2	0	2.968286
680	6944	0	0	0	1	0	1.342306
681	6956	0	0	0	2	0	1.026789
682	6969	0	0	0	2	0	2.350036
683	6979	0	0	0	2	0	2.339276
684	6989	0	0	0	0	0	1.274288
685	6997	0	0	0	0	0	1.478285
686	7007	0	0	0	2	0	1.699671
687	7015	0	0	0	1	0	1.304847
688	7026	0	0	0	2	0	1.067666
689	7030	0	0	0	0	0	1.406050
690	7041	0	0	0	0	0	1.251879
691	7047	0	0	0	1	0	1.673152
692	7055	0	0	0	0	0	2.600887
693	7065	0	0	0	1	0	1.986085
694	7073	0	0	0	2	0	1.170441
695	7082	0	0	0	0	0	1.791086
696	7094	0	0	0	1	0	1.708552
697	7106	0	0	0	1	0	1.700441
698	7111	0	0	0	2	0	1.188332
699	7124	0	0	0	1	0	1.277666
700	7138	0	0	0	1	0	1.856900
701	7148	0	0	0	1	0	2.971490
702	7164	0	0	0	0	0	2.133700
703	7173	0	0	0	2	0	2.587028
704	7188	0	0	0	1	0	1.649499
705	7201	0	0	0	1	0	1.752968
706	7208	0	0	0	0	0	1.983329
707	7216	0	0	0	2	0	1.615631
708	7227	0	0	0	0	0	1.654094
709	7235	0	0	0	0	0	1.184380
710	7242	0	0	0	1	0	2.174775
711	7263	0	0	0	0	0	2.967585
712	7273	0	0	0	0	0	1.589598
713	7282	0	0	0	0	0	1.390852
714	7291	0	0	0	0	0	1.710621
715	7298	0	0	0	0	0	2.823195
716	7310	0	0	0	2	0	1.206857
717	7319	0	0	0	0	0	1.561280
718	7336	0	0	0	0	0	2.191308
719	7346	0	0	0	0	0	1.164610
720	7355	0	0	0	0	0	2.887235
721	7370	0	0	0	2	0	1.611063
722	7377	0	0	0	1	0	2.009244
723	7379	0	0	0	2	0	1.682667
724	7389	0	0	0	0	0	1.617416
725	7395	0	0	0	1	0	1.983932
726	7405	0	0	0	0	0	1.573301
727	7416	0	0	0	1	0	1.094076
728	7425	0	0	0	1	0	1.246697
729	7438	0	0	0	0	0	2.219496
730	7450	0	0	0	1	0	2.290138
731	7460	0	0	0	1	0	2.315524
732	7467	0	0	0	1	0	2.267143
733	7470	0	0	0	0	0	1.278696
734	7482	0	0	0	0	0	2.937210
735	7491	0	0	0	1	0	1.892185
736	7496	0	0	0	0	0	2.896588
737	7504	0	0	0	2	0	2.933748
738	7514	0	0	0	2	0	2.619297
739	7531	0	0	0	1	0	2.607329
740	7543	0	0	0	0	0	1.082224
741	7557	0	0	0	0	0	1.218756
742	7565	0	0	0	1	0	2.984510
743	7572	0	0	0	1	0	2.969085
744	7582	0	0	0	1	0	1.563332
745	7593	0	0	0	1	0	1.477872
746	7608	0	0	0	0	0	2.535901
747	7615	0	0	0	2	0	2.944275
748	7627	0	0	0	2	0	1.264274
749	7642	0	0	0	0	0	2.687207
750	7647	0	0	0	1	0	1.377683
751	7656	0	0	0	2	0	1.222938
752	7670	0	0	0	1	0	2.834034
753	7680	0	0	0	0	0	1.220217
754	7689	0	0	0	1	0	1.064151
755	7697	0	0	0	0	0	2.983255
756	7705	0	0	0	0	0	1.961458
757	7712	0	0	0	1	0	2.572063
758	7727	0	0	0	2	0	2.909144
759	7738	0	0	0	0	0	1.219400
760	7749	0	0	0	2	0	2.722325
761	7758	0	0	0	0	0	2.708058
762	7764	0	0	0	0	0	2.492123
763	7772	0	0	0	0	0	1.341664
764	7780	0	0	0	0	0	1.535376
765	7791	0	0	0	2	0	1.010470
766	7799	0	0	0	2	0	2.659130
767	7807	0	0	0	0	0	2.377944
768	7822	0	0	0	1	0	2.100660
769	7829	0	0	0	0	0	1.446575
770	7837	0	0	0	0	0	2.023019
771	7847	0	0	0	1	0	1.912216
772	7858	0	0	0	1	0	1.332922
773	7871	0	0	0	1	0	2.269648
774	7878	0	0	0	2	0	2.691479
775	7884	0	0	0	0	0	1.161747
776	7894	0	0	0	1	0	2.158324
777	7909	0	0	0	0	0	1.217111
778	7914	0	0	0	0	0	2.282385
779	7929	0	0	0	0	0	1.618419
780	7942	0	0	0	1	0	2.912420
781	7948	0	0	0	2	0	2.542071
782	7954	0	0	0	1	0	2.730311
783	7962	0	0	0	0	0	1.311174
784	7972	0	0	0	2	0	2.504876
785	7985	0	0	0	0	0	2.375569
786	7995	0	0	0	1	0	2.906507
787	8008	0	0	0	1	0	1.059149
788	8014	0	0	0	0	0	2.405557
789	8026	0	0	0	1	0	2.854875
790	8034	0	0	0	2	0	2.626503
791	8043	0	0	0	1	0	1.442764
792	8053	0	0	0	2	0	1.011718
793	8060	0	0	0	2	0	2.825486
794	8071	0	0	0	1	0	1.225733
795	8083	0	0	0	2	0	2.747835
796	8095	0	0	0	0	0	1.402261
797	8105	0	0	0	1	0	2.848143
798	8113	0	0	0	2	0	2.463424
799	8118	0	0	0	2	0	1.348764
800	8124	0	0	0	1	0	1.950738
801	8138	0	0	0	0	0	1.292363
802	8144	0	0	0	2	0	2.285857
803	8157	0	0	0	1	0	1.264141
804	8167	0	0	0	1	0	1.496864
805	8179	0	0	0	2	0	2.675504
806	8184	0	0	0	0	0	2.961808
807	8199	0	0	0	2	0	1.514100
808	8207	0	0	0	0	0	2.549491
809	8218	0	0	0	0	0	1.350367
810	8229	0	0	0	1	0	2.535145
811	8241	0	0	0	1	0	2.016245
812	8255	0	0	0	0	0	1.335738
813	8272	0	0	0	2	0	2.223936
814	8284	0	0	0	0	0	2.992012
815	8290	0	0	0	1	0	1.144841
816	8302	0	0	0	0	0	2.057993
817	8308	0	0	0	2	0	1.637974
818	8320	0	0	0	0	0	1.943934
819	8331	0	0	0	1	0	2.381430
820	8343	0	0	0	1	0	2.805336
821	8357	0	0	0	0	0	2.842156
822	8367	0	0	0	0	0	2.934652
823	8374	0	0	0	2	0	1.094545
824	8381	0	0	0	0	0	1.147320
825	8387	0	0	0	1	0	1.318709
826	8402	0	0	0	0	0	1.356549
827	8408	0	0	0	2	0	1.663099
828	8416	0	0	0	2	0	2.086504
829	8427	0	0	0	0	0	2.090186
830	8433	0	0	0	0	0	2.022911
831	8449	0	0	0	1	0	2.835415
832	8462	0	0	0	0	0	2.820063
833	8467	0	0	0	1	0	1.262710
834	8477	0	0	0	2	0	2.427499
835	8490	0	0	0	1	0	2.811292
836	8494	0	0	0	0	0	2.089595
837	8504	0	0	0	0	0	2.224214
838	8514	0	0	0	1	0	1.729251
839	8519	0	0	0	1	0	2.154197
840	8530	0	0	0	0	0	1.849419
841	8548	0	0	0	1	0	2.350061
842	8563	0	0	0	2	0	2.672368
843	8569	0	0	0	0	0	1.152078
844	8575	0	0	0	1	0	1.013127
845	8587	0	0	0	1	0	2.247527
846	8597	0	0	0	2	0	1.000118
847	8607	0	0	0	1	0	2.328893
848	8615	0	0	0	0	0	2.871827
849	8624	0	0	0	1	0	1.572853
850	8635	0	0	0	0	0	1.813401
851	8648	0	0	0	2	0	1.398808
852	8658	0	0	0	0	0	2.171230
853	8668	0	0	0	0	0	2.065319
854	8677	0	0	0	2	0	1.175619
855	8684	0	0	0	2	0	1.649452
856	8688	0	0	0	0	0	1.805525
857	8696	0	0	0	1	0	2.000388
858	8705	0	0	0	0	0	2.897140
859	8717	0	0	0	0	0	1.582285
860	8723	0	0	0	0	0	1.146010
861	8730	0	0	0	2	0	2.611224
862	8738	0	0	0	0	0	1.813344
863	8746	0	0	0	2	0	2.572432
864	8756	0	0	0	0	0	1.151197
865	8763	0	0	0	0	0	2.977140
866	8773	0	0	0	0	0	1.861551
867	8784	0	0	0	1	0	2.894025
868	8792	0	0	0	0	0	1.298777
869	8809	0	0	0	1	0	1.805059
870	8824	0	0	0	1	0	1.567067
871	8830	0	0	0	2	0	1.434220
872	8836	0	0	0	2	0	2.756580
873	8844	0	0	0	0	0	1.206515
874	8857	0	0	0	0	0	2.936102
875	8867	0	0	0	1	0	1.958469
876	8871	0	0	0	2	0	1.521142
877	8883	0	0	0	0	0	1.624239
878	8891	0	0	0	1	0	1.596654
879	8898	0	0	0	0	0	1.310213
880	8912	0	0	0	1	0	1.337769
881	8919	0	0	0	2	0	2.492722
882	8928	0	0	0	0	0	1.173882
883	8937	0	0	0	0	0	2.552479
884	8946	0	0	0	2	0	1.693831
885	8953	0	0	0	2	0	2.773558
886	8960	0	0	0	2	0	2.441112
887	8967	0	0	0	1	0	1.502016
888	8976	0	0	0	2	0	2.956659
889	8990	0	0	0	0	0	2.702181
890	8997	0	0	0	2	0	1.320867
891	9004	0	0	0	1	0	2.958726
892	9011	0	0	0	1	0	1.226984
893	9023	0	0	0	2	0	2.938985
894	9030	0	0	0	0	0	1.667159
895	9044	0	0	0	1	0	1.562704
896	9054	0	0	0	0	0	2.602760
897	9060	0	0	0	0	0	1.648877
898	9074	0	0	0	0	0	2.595081
899	9084	0	0	0	0	0	1.740149
900	9096	0	0	0	2	0	1.889140
901	9108	0	0	0	0	0	1.609120
902	9121	0	0	0	0	0	1.334310
903	9130	0	0	0	0	0	2.821290
904	9144	0	0	0	1	0	2.276575
905	9154	0	0	0	1	0	1.636266
906	9165	0	0	0	1	0	1.858834
907	9178	0	0	0	2	0	1.465419
908	9190	0	0	0	2	0	1.080262
909	9198	0	0	0	0	0	1.300016
910	9203	0	0	0	2	0	2.434895
911	9216	0	0	0	1	0	2.822667
912	9224	0	0	0	0	0	1.956056
913	9239	0	0	0	2	0	2.008942
914	9247	0	0	0	1	0	2.533807
915	9249	0	0	0	2	0	2.224480
916	9257	0	0	0	0	0	2.854520
917	9264	0	0	0	1	0	1.865039
918	9274	0	0	0	1	0	1.758052
919	9287	0	0	0	2	0	2.490219
920	9301	0	0	0	1	0	1.763721
921	9310	0	0	0	0	0	1.899425
922	9321	0	0	0	2	0	2.856057
923	9335	0	0	0	0	0	2.860601
924	9347	0	0	0	2	0	1.852043
925	9353	0	0	0	2	0	2.497540
926	9361	0	0	0	1	0	1.359798
927	9372	0	0	0	2	0	2.041575
928	9384	0	0	0	0	0	1.191750
929	9389	0	0	0	0	0	2.405402
930	9394	0	0	0	2	0	2.422681
931	9402	0	0	0	2	0	2.132727
932	9409	0	0	0	1	0	2.144660
933	9415	0	0	0	1	0	2.792792
934	9421	0	0	0	0	0	1.898411
935	9431	0	0	0	1	0	2.738094
936	9439	0	0	0	1	0	1.948106
937	9453	0	0	0	0	0	2.387281
938	9466	0	0	0	2	0	2.521039
939	9482	0	0	0	1	0	2.429641
940	9488	0	0	0	1	0	2.413103
941	9498	0	0	0	0	0	1.906319
942	9501	0	0	0	0	0	2.731957
943	9506	0	0	0	0	0	1.846073
944	9510	0	0	0	1	0	2.257607
945	9517	0	0	0	2	0	1.500369
946	9525	0	0	0	1	0	2.798837
947	9529	0	0	0	1	0	2.007532
948	9544	0	0	0	0	0	1.991494
949	9554	0	0	0	0	0	1.508773
950	9565	0	0	0	0	0	2.049591
951	9580	0	0	0	1	0	2.377668
952	9590	0	0	0	1	0	1.392429
953	9600	0	0	0	1	0	2.949931
954	9609	0	0	0	1	0	2.910776
955	9621	0	0	0	2	0	2.127006
956	9638	0	0	0	0	0	2.096162
957	9654	0	0	0	2	0	1.178042
958	9664	0	0	0	1	0	2.414220
959	9675	0	0	0	2	0	1.996447
960	9688	0	0	0	0	0	1.330125
961	9699	0	0	0	2	0	1.837933
962	9709	0	0	0	2	0	2.652600
963	9718	0	0	0	1	0	2.918784
964	9730	0	0	0	0	0	2.429279
965	9742	0	0	0	1	0	2.082495
966	9754	0	0	0	1	0	1.616526
967	9763	0	0	0	0	0	1.979478
968	9773	0	0	0	0	0	2.558633
969	9785	0	0	0	2	0	2.875030
970	9796	0	0	0	1	0	2.358310
971	9805	0	0	0	1	0	2.421575
972	9818	0	0	0	0	0	1.971145
973	9826	0	0	0	2	0	2.738978
974	9844	0	0	0	0	0	1.571145
975	9851	0	0	0	0	0	1.725255
976	9867	0	0	0	0	0	1.701676
977	9878	0	0	0	2	0	1.299244
978	9887	0	0	0	1	0	1.525492
979	9892	0	0	0	1	0	1.371913
980	9900	0	0	0	1	0	1.347281
981	9914	0	0	0	1	0	2.501186
982	9927	0	0	0	0	0	2.211296
983	9935	0	0	0	2	0	2.870040
984	9945	0	0	0	0	0	2.427349
985	9955	0	0	0	1	0	2.793999
986	9962	0	0	0	1	0	1.096996
987	9972	0	0	0	0	0	2.432502
988	9992	0	0	0	2	0	2.978560
989	9998	0	0	0	2	0	2.149388
990	10003	0	0	0	1	0	2.941436
991	10014	0	0	0	1	0	1.684827
992	10029	0	0	0	0	0	1.217494
993	10039	0	0	0	0	0	1.192038
994	10052	0	0	0	0	0	1.527242
995	10059	0	0	0	1	0	1.652386
996	10065	0	0	0	1	0	2.649963
997	10075	0	0	0	1	0	1.136499
998	10087	0	0	0	0	0	2.091473
999	10097	0	0	0	2	0	1.073518
