0	1	0	0	0	2	0	2.251600
1	14	0	0	0	1	0	1.243349
2	20	0	0	0	0	0	2.548063
3	26	0	0	0	0	0	1.742460
4	41	0	0	0	2	0	1.998052
5	48	0	0	0	1	0	1.976243
6	62	0	0	0	1	0	2.848926
7	71	0	0	0	0	0	2.691186
8	87	0	0	0	2	0	1.916611
9	97	0	0	0	1	0	2.333858
10	108	0	0	0	0	0	2.734895
11	117	0	0	0	1	0	2.433636
12	124	0	0	0	2	0	2.833388
13	132	0	0	0	2	0	1.811974
14	146	0	0	0	0	0	2.432794
15	153	0	0	0	0	0	2.322323
16	161	0	0	0	1	0	2.022672
17	170	0	0	0	1	0	2.212502
18	182	0	0	0	2	0	1.795017
19	195	0	0	0	0	0	2.805598
20	208	0	0	0	0	0	2.203225
21	219	0	0	0	1	0	2.771317
22	227	0	0	0	0	0	2.002266
23	239	0	0	0	2	0	1.488384
24	256	0	0	0	0	0	1.048927
25	264	0	0	0	0	0	2.086962
26	274	0	0	0	0	0	1.285758
27	285	0	0	0	2	0	1.842178
28	292	0	0	0	1	0	1.527916
29	302	0	0	0	0	0	1.568712
30	311	0	0	0	1	0	1.192028
31	325	0	0	0	1	0	1.649464
32	329	0	0	0	2	0	1.184369
33	339	0	0	0	1	0	1.344806
34	348	0	0	0	1	0	2.873235
35	359	0	0	0	2	0	2.767707
36	369	0	0	0	0	0	2.004466
37	380	0	0	0	1	0	2.432437
38	391	0	0	0	1	0	1.742807
39	401	0	0	0	0	0	2.852187
40	408	0	0	0	1	0	1.094435
41	416	0	0	0	2	0	2.204445
42	426	0	0	0	2	0	1.615854
43	436	0	0	0	0	0	1.162049
44	446	0	0	0	0	0	1.655006
45	457	0	0	0	0	0	2.527517
46	466	0	0	0	2	0	1.101906
47	477	0	0	0	1	0	2.400846
48	488	0	0	0	0	0	1.636839
49	495	0	0	0	2	0	1.604901
50	504	0	0	0	0	0	2.110632
51	512	0	0	0	2	0	2.357257
52	521	0	0	0	2	0	2.116093
53	535	0	0	0	0	0	2.389405
54	550	0	0	0	2	0	1.665579
55	557	0	0	0	0	0	1.993541
56	567	0	0	0	1	0	2.460253
57	580	0	0	0	2	0	1.351474
58	591	0	0	0	2	0	1.509382
59	597	0	0	0	2	0	1.461893
60	608	0	0	0	1	0	1.777719
61	620	0	0	0	0	0	2.648888
62	627	0	0	0	1	0	2.724864
63	638	0	0	0	0	0	2.190017
64	648	0	0	0	2	0	1.389153
65	658	0	0	0	0	0	2.195507
66	665	0	0	0	0	0	2.376785
67	670	0	0	0	1	0	2.937454
68	678	0	0	0	0	0	1.309951
69	686	0	0	0	1	0	2.237083
70	693	0	0	0	0	0	1.571037
71	707	0	0	0	1	0	1.406248
72	717	0	0	0	0	0	2.947162
73	727	0	0	0	2	0	2.809630
74	737	0	0	0	1	0	1.155703
75	753	0	0	0	0	0	2.640387
76	764	0	0	0	1	0	2.791198
77	771	0	0	0	0	0	1.710042
78	784	0	0	0	1	0	2.797766
79	799	0	0	0	0	0	2.691207
80	810	0	0	0	2	0	1.995268
81	822	0	0	0	0	0	1.820580
82	829	0	0	0	2	0	1.524401
83	839	0	0	0	2	0	2.222822
84	848	0	0	0	0	0	1.305250
85	861	0	0	0	2	0	1.437263
86	870	0	0	0	0	0	1.612401
87	875	0	0	0	2	0	1.290918
88	883	0	0	0	0	0	2.824287
89	898	0	0	0	2	0	2.721891
90	910	0	0	0	1	0	1.445622
91	923	0	0	0	2	0	1.773200
92	934	0	0	0	0	0	1.353511
93	940	0	0	0	2	0	1.911420
94	948	0	0	0	2	0	2.636945
95	957	0	0	0	1	0	1.919238
96	968	0	0	0	2	0	2.953807
97	984	0	0	0	2	0	1.117436
98	993	0	0	0	0	0	2.347579
99	1002	0	0	0	0	0	2.954187
100	1019	0	0	0	0	0	2.174343
101	1025	0	0	0	1	0	2.579083
102	1039	0	0	0	1	0	2.574656
103	1050	0	0	0	2	0	2.108224
104	1059	0	0	0	1	0	2.989416
105	1072	0	0	0	2	0	1.373937
106	1081	0	0	0	0	0	2.902173
107	1092	0	0	0	2	0	1.365323
108	1102	0	0	0	2	0	1.473430
109	1115	0	0	0	2	0	1.024259
110	1123	0	0	0	0	0	1.709017
111	1127	0	0	0	0	0	2.522972
112	1131	0	0	0	0	0	2.286704
113	1138	0	0	0	2	0	1.524614
114	1151	0	0	0	1	0	1.459524
115	1162	0	0	0	0	0	2.396683
116	1167	0	0	0	1	0	2.773355
117	1179	0	0	0	0	0	1.201940
118	1191	0	0	0	0	0	1.973355
119	1201	0	0	0	1	0	2.911888
120	1209	0	0	0	0	0	1.739430
121	1217	0	0	0	1	0	2.901603
122	1224	0	0	0	0	0	1.171607
123	1235	0	0	0	0	0	2.902953
124	1244	0	0	0	1	0	1.007060
125	1254	0	0	0	1	0	1.120874
126	1268	0	0	0	2	0	2.163633
127	1274	0	0	0	0	0	2.089143
128	1284	0	0	0	2	0	1.014840
129	1295	0	0	0	0	0	2.288305
130	1303	0	0	0	2	0	1.863724
131	1311	0	0	0	0	0	2.915440
132	1318	0	0	0	1	0	1.022535
133	1331	0	0	0	1	0	1.759665
134	1342	0	0	0	2	0	2.235053
135	1354	0	0	0	1	0	2.438116
136	1368	0	0	0	2	0	2.742790
137	1375	0	0	0	2	0	1.051250
138	1382	0	0	0	2	0	1.728817
139	1391	0	0	0	2	0	1.248923
140	1400	0	0	0	1	0	1.635824
141	1407	0	0	0	1	0	1.598540
142	1425	0	0	0	2	0	2.660040
143	1434	0	0	0	0	0	2.107031
144	1443	0	0	0	0	0	2.464125
145	1453	0	0	0	1	0	2.190848
146	1467	0	0	0	0	0	2.683882
147	1479	0	0	0	0	0	1.716582
148	1488	0	0	0	1	0	1.490890
149	1492	0	0	0	0	0	2.980158
150	1499	0	0	0	1	0	2.096277
151	1510	0	0	0	1	0	1.578676
152	1519	0	0	0	2	0	1.328957
153	1525	0	0	0	0	0	1.518728
154	1540	0	0	0	2	0	2.050942
155	1545	0	0	0	0	0	2.932658
156	1560	0	0	0	0	0	2.284750
157	1565	0	0	0	0	0	1.270852
158	1576	0	0	0	0	0	2.980105
159	1584	0	0	0	0	0	1.427350
160	1595	0	0	0	2	0	1.900893
161	1602	0	0	0	1	0	1.264457
162	1614	0	0	0	1	0	1.433481
163	1622	0	0	0	2	0	2.430502
164	1630	0	0	0	0	0	1.015182
165	1637	0	0	0	0	0	2.422576
166	1652	0	0	0	1	0	2.090799
167	1669	0	0	0	1	0	1.762642
168	1681	0	0	0	1	0	1.489354
169	1692	0	0	0	0	0	1.999752
170	1702	0	0	0	0	0	1.542760
171	1710	0	0	0	1	0	2.754201
172	1721	0	0	0	0	0	2.232615
173	1736	0	0	0	0	0	1.638043
174	1752	0	0	0	0	0	2.077515
175	1756	0	0	0	1	0	1.015156
176	1768	0	0	0	0	0	1.641814
177	1779	0	0	0	0	0	1.641371
178	1788	0	0	0	0	0	1.730408
179	1797	0	0	0	0	0	2.399817
180	1810	0	0	0	1	0	1.629755
181	1825	0	0	0	2	0	2.516499
182	1839	0	0	0	1	0	1.638725
183	1852	0	0	0	0	0	1.325390
184	1859	0	0	0	2	0	2.095224
185	1869	0	0	0	0	0	2.999166
186	1880	0	0	0	0	0	1.969877
187	1891	0	0	0	0	0	2.292104
188	1909	0	0	0	0	0	2.236702
189	1923	0	0	0	1	0	1.783773
190	1938	0	0	0	1	0	1.360670
191	1954	0	0	0	1	0	1.868285
192	1961	0	0	0	2	0	1.571075
193	1966	0	0	0	1	0	2.902520
194	1977	0	0	0	2	0	1.293122
195	1984	0	0	0	1	0	2.758065
196	1990	0	0	0	1	0	2.719923
197	1997	0	0	0	1	0	2.269497
198	2007	0	0	0	1	0	2.169428
199	2019	0	0	0	1	0	2.909070
200	2024	0	0	0	2	0	1.488175
201	2038	0	0	0	1	0	2.449503
202	2044	0	0	0	2	0	1.547254
203	2052	0	0	0	0	0	2.014046
204	2065	0	0	0	2	0	2.487919
205	2076	0	0	0	0	0	2.046391
206	2084	0	0	0	2	0	2.704615
207	2093	0	0	0	1	0	1.104408
208	2103	0	0	0	0	0	1.887139
209	2116	0	0	0	0	0	1.783216
210	2123	0	0	0	0	0	2.192458
211	2134	0	0	0	0	0	1.744618
212	2140	0	0	0	0	0	1.956195
213	2153	0	0	0	0	0	1.465914
214	2164	0	0	0	2	0	2.599165
215	2172	0	0	0	1	0	2.451171
216	2191	0	0	0	1	0	1.021100
217	2200	0	0	0	2	0	1.278828
218	2209	0	0	0	2	0	2.516459
219	2226	0	0	0	1	0	1.970696
220	2234	0	0	0	0	0	2.425310
221	2242	0	0	0	0	0	2.240973
222	2252	0	0	0	1	0	2.285970
223	2266	0	0	0	2	0	1.131376
224	2278	0	0	0	1	0	2.679710
225	2284	0	0	0	0	0	1.224094
226	2288	0	0	0	1	0	2.522594
227	2293	0	0	0	0	0	2.295132
228	2309	0	0	0	0	0	1.811206
229	2316	0	0	0	1	0	2.240243
230	2323	0	0	0	1	0	1.491315
231	2332	0	0	0	1	0	2.052595
232	2340	0	0	0	1	0	1.373586
233	2354	0	0	0	2	0	2.001543
234	2363	0	0	0	1	0	2.950512
235	2368	0	0	0	0	0	1.708411
236	2377	0	0	0	1	0	1.321631
237	2383	0	0	0	0	0	1.494788
238	2393	0	0	0	0	0	2.332290
239	2400	0	0	0	1	0	2.721275
240	2407	0	0	0	0	0	1.444959
241	2418	0	0	0	1	0	1.695801
242	2435	0	0	0	0	0	2.218418
243	2445	0	0	0	2	0	1.969005
244	2455	0	0	0	0	0	1.413475
245	2466	0	0	0	1	0	2.150993
246	2475	0	0	0	0	0	1.632729
247	2489	0	0	0	1	0	1.879786
248	2498	0	0	0	1	0	1.170990
249	2510	0	0	0	0	0	1.022800
250	2524	0	0	0	0	0	2.405914
251	2533	0	0	0	2	0	2.745640
252	2549	0	0	0	2	0	1.282951
253	2564	0	0	0	0	0	1.303819
254	2574	0	0	0	2	0	2.939619
255	2587	0	0	0	1	0	1.870061
256	2595	0	0	0	0	0	2.319240
257	2599	0	0	0	0	0	1.809750
258	2610	0	0	0	0	0	1.636722
259	2627	0	0	0	1	0	2.611362
260	2639	0	0	0	2	0	1.973913
261	2647	0	0	0	0	0	2.215691
262	2657	0	0	0	1	0	2.389289
263	2665	0	0	0	1	0	2.868294
264	2674	0	0	0	2	0	2.654249
265	2688	0	0	0	1	0	1.697666
266	2699	0	0	0	2	0	2.706955
267	2709	0	0	0	0	0	2.003748
268	2718	0	0	0	2	0	2.082832
269	2726	0	0	0	2	0	2.276497
270	2735	0	0	0	1	0	2.306019
271	2743	0	0	0	1	0	2.616356
272	2757	0	0	0	0	0	1.903310
273	2764	0	0	0	0	0	1.385298
274	2775	0	0	0	0	0	2.031326
275	2787	0	0	0	0	0	2.254869
276	2794	0	0	0	2	0	1.206918
277	2800	0	0	0	1	0	1.520203
278	2807	0	0	0	1	0	2.074511
279	2814	0	0	0	0	0	1.040830
280	2820	0	0	0	0	0	2.441962
281	2835	0	0	0	1	0	1.683819
282	2851	0	0	0	1	0	2.512041
283	2864	0	0	0	1	0	1.209580
284	2874	0	0	0	1	0	2.080254
285	2882	0	0	0	0	0	1.063681
286	2887	0	0	0	2	0	1.029924
287	2896	0	0	0	1	0	1.298221
288	2907	0	0	0	1	0	2.678323
289	2917	0	0	0	0	0	1.806952
290	2924	0	0	0	2	0	2.295469
291	2931	0	0	0	0	0	1.117788
292	2941	0	0	0	0	0	1.489600
293	2950	0	0	0	2	0	2.800193
294	2962	0	0	0	1	0	2.917862
295	2970	0	0	0	1	0	1.496854
296	2983	0	0	0	1	0	1.234837
297	2986	0	0	0	1	0	1.838764
298	2991	0	0	0	1	0	2.312383
299	3000	0	0	0	0	0	1.738527
300	3011	0	0	0	1	0	1.393692
301	3018	0	0	0	0	0	2.583898
302	3033	0	0	0	2	0	2.925500
303	3042	0	0	0	2	0	1.321810
304	3052	0	0	0	2	0	2.158125
305	3059	0	0	0	1	0	2.465772
306	3071	0	0	0	0	0	1.499620
307	3084	0	0	0	2	0	1.466586
308	3095	0	0	0	2	0	2.886874
309	3105	0	0	0	0	0	2.834995
310	3115	0	0	0	1	0	1.351779
311	3125	0	0	0	0	0	1.879188
312	3131	0	0	0	2	0	1.101040
313	3142	0	0	0	0	0	2.529377
314	3156	0	0	0	2	0	2.373777
315	3168	0	0	0	1	0	1.714496
316	3174	0	0	0	1	0	2.615213
317	3184	0	0	0	1	0	1.105853
318	3195	0	0	0	2	0	1.484637
319	3206	0	0	0	0	0	1.429887
320	3219	0	0	0	0	0	1.748554
321	3233	0	0	0	2	0	1.736109
322	3247	0	0	0	0	0	1.510338
323	3256	0	0	0	0	0	1.560843
324	3269	0	0	0	2	0	1.687815
325	3280	0	0	0	0	0	1.809116
326	3293	0	0	0	0	0	2.421602
327	3304	0	0	0	2	0	1.760109
328	3311	0	0	0	2	0	2.663400
329	3325	0	0	0	2	0	2.443859
330	3337	0	0	0	2	0	1.840013
331	3350	0	0	0	1	0	1.245553
332	3362	0	0	0	2	0	2.244378
333	3372	0	0	0	0	0	2.761988
334	3387	0	0	0	0	0	1.120192
335	3392	0	0	0	0	0	2.477117
336	3399	0	0	0	0	0	2.298535
337	3409	0	0	0	0	0	1.084066
338	3421	0	0	0	1	0	1.300296
339	3427	0	0	0	1	0	2.834100
340	3436	0	0	0	1	0	1.520472
341	3448	0	0	0	1	0	1.711192
342	3459	0	0	0	2	0	2.285449
343	3468	0	0	0	0	0	1.344281
344	3479	0	0	0	1	0	2.417067
345	3491	0	0	0	2	0	2.877582
346	3497	0	0	0	0	0	1.440324
347	3505	0	0	0	1	0	1.720505
348	3519	0	0	0	2	0	1.823980
349	3532	0	0	0	1	0	2.235385
350	3543	0	0	0	1	0	1.384605
351	3554	0	0	0	0	0	2.020197
352	3565	0	0	0	2	0	2.878268
353	3572	0	0	0	2	0	2.469157
354	3579	0	0	0	0	0	1.353707
355	3588	0	0	0	2	0	2.219733
356	3597	0	0	0	1	0	1.876350
357	3602	0	0	0	0	0	1.745161
358	3612	0	0	0	0	0	2.586275
359	3627	0	0	0	0	0	2.063092
360	3639	0	0	0	2	0	1.619471
361	3652	0	0	0	2	0	2.095423
362	3660	0	0	0	2	0	1.736504
363	3669	0	0	0	2	0	1.787089
364	3676	0	0	0	1	0	2.009168
365	3687	0	0	0	1	0	2.522931
366	3701	0	0	0	0	0	2.805497
367	3708	0	0	0	2	0	2.155401
368	3716	0	0	0	0	0	2.656708
369	3728	0	0	0	2	0	2.609715
370	3742	0	0	0	1	0	1.848521
371	3749	0	0	0	2	0	2.893599
372	3759	0	0	0	0	0	2.456141
373	3766	0	0	0	1	0	1.821596
374	3778	0	0	0	0	0	1.334245
375	3785	0	0	0	1	0	2.411155
376	3792	0	0	0	0	0	2.929908
377	3803	0	0	0	0	0	1.330828
378	3815	0	0	0	0	0	2.334420
379	3825	0	0	0	2	0	2.764664
380	3835	0	0	0	0	0	1.856945
381	3847	0	0	0	1	0	1.995868
382	3862	0	0	0	1	0	2.201630
383	3869	0	0	0	2	0	2.352499
384	3876	0	0	0	1	0	1.917633
385	3886	0	0	0	0	0	1.250739
386	3898	0	0	0	2	0	1.571550
387	3914	0	0	0	1	0	1.756416
388	3924	0	0	0	1	0	2.550499
389	3933	0	0	0	2	0	1.540074
390	3945	0	0	0	2	0	1.788233
391	3961	0	0	0	0	0	1.914447
392	3972	0	0	0	0	0	1.014139
393	3988	0	0	0	1	0	1.823813
394	4000	0	0	0	0	0	1.130558
395	4009	0	0	0	1	0	1.943542
396	4021	0	0	0	0	0	1.785695
397	4032	0	0	0	0	0	2.462516
398	4045	0	0	0	0	0	1.129403
399	4056	0	0	0	0	0	1.443065
400	4061	0	0	0	1	0	1.013217
401	4072	0	0	0	2	0	2.688380
402	4078	0	0	0	2	0	2.362153
403	4090	0	0	0	2	0	1.490678
404	4100	0	0	0	0	0	2.895551
405	4114	0	0	0	1	0	2.911016
406	4121	0	0	0	1	0	2.948230
407	4131	0	0	0	0	0	2.937101
408	4137	0	0	0	2	0	1.208457
409	4152	0	0	0	1	0	1.096718
410	4161	0	0	0	1	0	2.366548
411	4170	0	0	0	1	0	1.874893
412	4190	0	0	0	0	0	2.617620
413	4198	0	0	0	0	0	1.796359
414	4210	0	0	0	0	0	2.763609
415	4223	0	0	0	1	0	2.437003
416	4232	0	0	0	0	0	1.067280
417	4237	0	0	0	1	0	1.225990
418	4250	0	0	0	0	0	1.669548
419	4262	0	0	0	1	0	1.948455
420	4273	0	0	0	1	0	2.602783
421	4284	0	0	0	1	0	2.420766
422	4300	0	0	0	0	0	2.316850
423	4311	0	0	0	0	0	2.305175
424	4319	0	0	0	1	0	1.209554
425	4326	0	0	0	0	0	1.160544
426	4335	0	0	0	1	0	1.101690
427	4343	0	0	0	1	0	1.818685
428	4357	0	0	0	1	0	2.774045
429	4363	0	0	0	1	0	2.097174
430	4370	0	0	0	2	0	2.231136
431	4385	0	0	0	0	0	1.189149
432	4399	0	0	0	0	0	2.659593
433	4410	0	0	0	0	0	2.004621
434	4418	0	0	0	0	0	1.714912
435	4428	0	0	0	0	0	1.686016
436	4436	0	0	0	1	0	1.828949
437	4445	0	0	0	1	0	2.091941
438	4456	0	0	0	0	0	2.412092
439	4465	0	0	0	0	0	2.997860
440	4479	0	0	0	1	0	1.945962
441	4485	0	0	0	0	0	2.622947
442	4496	0	0	0	1	0	1.903706
443	4505	0	0	0	2	0	1.405861
444	4513	0	0	0	0	0	1.925770
445	4520	0	0	0	2	0	1.227043
446	4533	0	0	0	1	0	2.746683
447	4546	0	0	0	2	0	2.551969
448	4558	0	0	0	2	0	2.868892
449	4571	0	0	0	1	0	2.366999
450	4577	0	0	0	1	0	1.994746
451	4584	0	0	0	1	0	1.354916
452	4592	0	0	0	1	0	1.868274
453	4602	0	0	0	1	0	2.851670
454	4614	0	0	0	0	0	1.610279
455	4622	0	0	0	0	0	2.353655
456	4633	0	0	0	1	0	1.242342
457	4643	0	0	0	2	0	2.378030
458	4651	0	0	0	1	0	2.579404
459	4660	0	0	0	1	0	1.620509
460	4671	0	0	0	0	0	2.598519
461	4683	0	0	0	0	0	2.744570
462	4695	0	0	0	1	0	2.247812
463	4709	0	0	0	0	0	2.767837
464	4717	0	0	0	1	0	1.309267
465	4722	0	0	0	2	0	2.587014
466	4730	0	0	0	1	0	1.287094
467	4743	0	0	0	0	0	2.238455
468	4756	0	0	0	2	0	2.533039
469	4765	0	0	0	2	0	1.582938
470	4783	0	0	0	2	0	1.386012
471	4794	0	0	0	1	0	2.888224
472	4803	0	0	0	1	0	1.712520
473	4814	0	0	0	1	0	2.762606
474	4825	0	0	0	2	0	2.444343
475	4840	0	0	0	1	0	1.683502
476	4845	0	0	0	1	0	2.707126
477	4856	0	0	0	0	0	1.261896
478	4868	0	0	0	0	0	2.899784
479	4876	0	0	0	2	0	1.489679
480	4882	0	0	0	1	0	2.398582
481	4897	0	0	0	2	0	2.621238
482	4905	0	0	0	1	0	2.512563
483	4918	0	0	0	1	0	2.940832
484	4927	0	0	0	0	0	1.757712
485	4933	0	0	0	1	0	1.573485
486	4945	0	0	0	0	0	1.741803
487	4956	0	0	0	1	0	2.505011
488	4968	0	0	0	1	0	1.241137
489	4974	0	0	0	1	0	1.529587
490	4982	0	0	0	1	0	1.990868
491	4993	0	0	0	1	0	2.223499
492	5005	0	0	0	2	0	1.972050
493	5018	0	0	0	2	0	2.484333
494	5028	0	0	0	2	0	1.528184
495	5035	0	0	0	2	0	1.412872
496	5047	0	0	0	0	0	1.725411
497	5061	0	0	0	0	0	2.752893
498	5067	0	0	0	0	0	1.733774
499	5078	0	0	0	2	0	2.201092
500	5086	0	0	0	0	0	2.737786
501	5096	0	0	0	1	0	1.729868
502	5106	0	0	0	0	0	1.065561
503	5112	0	0	0	1	0	1.457385
504	5117	0	0	0	2	0	2.667947
505	5128	0	0	0	1	0	2.141590
506	5139	0	0	0	0	0	2.561815
507	5150	0	0	0	0	0	1.635748
508	5158	0	0	0	1	0	1.625286
509	5164	0	0	0	2	0	2.430212
510	5177	0	0	0	0	0	2.540206
511	5185	0	0	0	2	0	1.353848
512	5189	0	0	0	2	0	2.492377
513	5204	0	0	0	0	0	1.468356
514	5211	0	0	0	0	0	2.222618
515	5219	0	0	0	1	0	1.512874
516	5227	0	0	0	1	0	1.912608
517	5235	0	0	0	0	0	2.163626
518	5239	0	0	0	2	0	1.770937
519	5243	0	0	0	1	0	2.975679
520	5256	0	0	0	1	0	2.307438
521	5265	0	0	0	1	0	2.757084
522	5278	0	0	0	2	0	1.548113
523	5288	0	0	0	0	0	1.652576
524	5294	0	0	0	0	0	2.554806
525	5299	0	0	0	2	0	2.782987
526	5309	0	0	0	0	0	2.749992
527	5317	0	0	0	2	0	1.181230
528	5333	0	0	0	1	0	1.829596
529	5343	0	0	0	0	0	1.428862
530	5350	0	0	0	2	0	1.180121
531	5358	0	0	0	0	0	2.821158
532	5366	0	0	0	0	0	1.081842
533	5378	0	0	0	1	0	2.027732
534	5387	0	0	0	2	0	2.116215
535	5397	0	0	0	0	0	1.015237
536	5405	0	0	0	1	0	1.866388
537	5418	0	0	0	0	0	2.231483
538	5428	0	0	0	1	0	2.746270
539	5448	0	0	0	2	0	2.036035
540	5457	0	0	0	0	0	1.530989
541	5464	0	0	0	2	0	2.771340
542	5467	0	0	0	0	0	2.110935
543	5473	0	0	0	0	0	1.042150
544	5480	0	0	0	1	0	2.033342
545	5491	0	0	0	0	0	2.307130
546	5497	0	0	0	2	0	2.376387
547	5506	0	0	0	1	0	1.153720
548	5521	0	0	0	2	0	1.802756
549	5534	0	0	0	1	0	1.094432
550	5541	0	0	0	2	0	1.004425
551	5552	0	0	0	0	0	2.840175
552	5560	0	0	0	0	0	2.358764
553	5575	0	0	0	2	0	2.108306
554	5586	0	0	0	2	0	2.741377
555	5600	0	0	0	0	0	1.812782
556	5609	0	0	0	0	0	1.105509
557	5619	0	0	0	0	0	2.369549
558	5626	0	0	0	0	0	1.786132
559	5632	0	0	0	0	0	2.184855
560	5639	0	0	0	1	0	1.994580
561	5649	0	0	0	0	0	1.395426
562	5655	0	0	0	1	0	2.208554
563	5667	0	0	0	0	0	2.515803
564	5682	0	0	0	0	0	1.344907
565	5689	0	0	0	2	0	1.812079
566	5700	0	0	0	1	0	1.932557
567	5714	0	0	0	2	0	2.572730
568	5723	0	0	0	1	0	2.964080
569	5733	0	0	0	0	0	2.852877
570	5746	0	0	0	0	0	1.275157
571	5752	0	0	0	1	0	2.761908
572	5763	0	0	0	2	0	1.084471
573	5774	0	0	0	1	0	1.353781
574	5784	0	0	0	1	0	1.611986
575	5791	0	0	0	0	0	2.892430
576	5814	0	0	0	1	0	2.502243
577	5823	0	0	0	2	0	1.817811
578	5834	0	0	0	1	0	2.992855
579	5845	0	0	0	1	0	2.830131
580	5855	0	0	0	0	0	1.424071
581	5869	0	0	0	1	0	2.779101
582	5886	0	0	0	2	0	2.735395
583	5899	0	0	0	0	0	2.651718
584	5917	0	0	0	0	0	1.636376
585	5924	0	0	0	0	0	1.430746
586	5937	0	0	0	2	0	2.847609
587	5944	0	0	0	1	0	1.992476
588	5951	0	0	0	1	0	2.234895
589	5956	0	0	0	0	0	2.360998
590	5965	0	0	0	1	0	1.555640
591	5979	0	0	0	0	0	2.813402
592	5986	0	0	0	1	0	2.529709
593	6000	0	0	0	0	0	1.913115
594	6010	0	0	0	1	0	2.479423
595	6027	0	0	0	0	0	2.573540
596	6034	0	0	0	0	0	1.007544
597	6041	0	0	0	2	0	2.713994
598	6049	0	0	0	1	0	1.265618
599	6065	0	0	0	1	0	2.626497
600	6076	0	0	0	1	0	2.649508
601	6088	0	0	0	2	0	1.609808
602	6096	0	0	0	1	0	1.269306
603	6110	0	0	0	0	0	1.712472
604	6124	0	0	0	2	0	1.293088
605	6136	0	0	0	2	0	2.623139
606	6144	0	0	0	1	0	1.595056
607	6151	0	0	0	1	0	1.711081
608	6161	0	0	0	1	0	1.789025
609	6167	0	0	0	1	0	1.821741
610	6177	0	0	0	1	0	1.639362
611	6187	0	0	0	2	0	1.665957
612	6200	0	0	0	2	0	1.680628
613	6209	0	0	0	2	0	1.418770
614	6226	0	0	0	2	0	2.532101
615	6237	0	0	0	0	0	1.656996
616	6251	0	0	0	2	0	1.224201
617	6254	0	0	0	2	0	1.081325
618	6264	0	0	0	0	0	2.220844
619	6272	0	0	0	0	0	1.877653
620	6287	0	0	0	2	0	1.412750
621	6305	0	0	0	0	0	1.381774
622	6313	0	0	0	1	0	1.598128
623	6323	0	0	0	1	0	1.591520
624	6331	0	0	0	0	0	2.275064
625	6337	0	0	0	2	0	1.128184
626	6341	0	0	0	2	0	1.724419
627	6356	0	0	0	2	0	2.071313
628	6367	0	0	0	0	0	1.882862
629	6383	0	0	0	0	0	1.424682
630	6387	0	0	0	2	0	2.323272
631	6399	0	0	0	1	0	2.228138
632	6412	0	0	0	0	0	1.749089
633	6421	0	0	0	2	0	1.155430
634	6432	0	0	0	0	0	1.159634
635	6440	0	0	0	2	0	2.054788
636	6451	0	0	0	2	0	1.464033
637	6462	0	0	0	0	0	1.982423
638	6469	0	0	0	0	0	2.321041
639	6477	0	0	0	0	0	1.268912
640	6487	0	0	0	0	0	1.647776
641	6501	0	0	0	2	0	2.096994
642	6512	0	0	0	0	0	1.282526
643	6524	0	0	0	1	0	1.884998
644	6530	0	0	0	1	0	2.323181
645	6542	0	0	0	0	0	2.129175
646	6558	0	0	0	0	0	1.959977
647	6567	0	0	0	2	0	2.039786
648	6571	0	0	0	0	0	2.449928
649	6581	0	0	0	1	0	2.411247
650	6592	0	0	0	1	0	2.801396
651	6601	0	0	0	0	0	2.033126
652	6610	0	0	0	0	0	2.488210
653	6616	0	0	0	2	0	2.764777
654	6627	0	0	0	1	0	1.454346
655	6637	0	0	0	0	0	1.831981
656	6648	0	0	0	2	0	2.025867
657	6656	0	0	0	1	0	2.760421
658	6662	0	0	0	1	0	1.106957
659	6670	0	0	0	1	0	1.948338
660	6681	0	0	0	1	0	1.709244
661	6688	0	0	0	2	0	1.712949
662	6699	0	0	0	0	0	1.187589
663	6710	0	0	0	1	0	2.882254
664	6718	0	0	0	0	0	2.952373
665	6728	0	0	0	1	0	1.557580
666	6737	0	0	0	1	0	1.752664
667	6747	0	0	0	0	0	2.001657
668	6757	0	0	0	0	0	1.286982
669	6769	0	0	0	1	0	2.929681
670	6779	0	0	0	1	0	1.198666
671	6788	0	0	0	0	0	2.741712
672	6799	0	0	0	2	0	2.655813
673	6810	0	0	0	2	0	1.223495
674	6818	0	0	0	2	0	1.329757
675	6827	0	0	0	0	0	2.297778
676	6835	0	0	0	0	0	1.256734
677	6842	0	0	0	0	0	1.166600
678	6851	0	0	0	0	0	1.067164
679	6865	0	0	0	0	0	2.408354
680	6874	0	0	0	2	0	2.601416
681	6885	0	0	0	0	0	1.447748
682	6895	0	0	0	0	0	1.980475
683	6905	0	0	0	0	0	1.687807
684	6914	0	0	0	1	0	2.334520
685	6922	0	0	0	2	0	2.374961
686	6930	0	0	0	1	0	2.641110
687	6939	0	0	0	0	0	2.158836
688	6950	0	0	0	0	0	2.688557
689	6961	0	0	0	1	0	2.337233
690	6971	0	0	0	0	0	2.053200
691	6982	0	0	0	0	0	2.545703
692	6989	0	0	0	0	0	2.527690
693	6994	0	0	0	1	0	2.186750
694	7001	0	0	0	1	0	1.405137
695	7011	0	0	0	2	0	2.135224
696	7018	0	0	0	2	0	2.934591
697	7029	0	0	0	2	0	2.555902
698	7037	0	0	0	0	0	2.000814
699	7044	0	0	0	2	0	1.556308
700	7053	0	0	0	0	0	1.152066
701	7057	0	0	0	0	0	2.986754
702	7069	0	0	0	0	0	2.802083
703	7076	0	0	0	2	0	2.253866
704	7087	0	0	0	2	0	1.565599
705	7093	0	0	0	0	0	1.067037
706	7101	0	0	0	0	0	2.055959
707	7110	0	0	0	1	0	2.789099
708	7118	0	0	0	1	0	1.433056
709	7136	0	0	0	2	0	2.054995
710	7143	0	0	0	0	0	2.063271
711	7150	0	0	0	2	0	1.059299
712	7161	0	0	0	0	0	1.490827
713	7173	0	0	0	0	0	2.338330
714	7183	0	0	0	2	0	2.289615
715	7188	0	0	0	0	0	2.679202
716	7198	0	0	0	1	0	2.882052
717	7204	0	0	0	1	0	2.539275
718	7213	0	0	0	2	0	2.809707
719	7227	0	0	0	1	0	1.381905
720	7237	0	0	0	2	0	1.593102
721	7252	0	0	0	0	0	2.496498
722	7261	0	0	0	0	0	1.637796
723	7268	0	0	0	0	0	2.544684
724	7283	0	0	0	1	0	2.403914
725	7290	0	0	0	0	0	1.620622
726	7301	0	0	0	1	0	1.330032
727	7312	0	0	0	0	0	1.466736
728	7322	0	0	0	0	0	1.586636
729	7336	0	0	0	1	0	2.690545
730	7346	0	0	0	0	0	1.334772
731	7357	0	0	0	1	0	1.671383
732	7363	0	0	0	0	0	1.687131
733	7374	0	0	0	0	0	1.184099
734	7389	0	0	0	0	0	1.416154
735	7407	0	0	0	2	0	2.948894
736	7421	0	0	0	2	0	1.849357
737	7428	0	0	0	1	0	1.173502
738	7441	0	0	0	1	0	2.710427
739	7449	0	0	0	1	0	2.893189
740	7463	0	0	0	0	0	2.776783
741	7475	0	0	0	1	0	1.424479
742	7484	0	0	0	0	0	2.895578
743	7491	0	0	0	1	0	1.680904
744	7503	0	0	0	0	0	1.118790
745	7513	0	0	0	0	0	2.498848
746	7523	0	0	0	2	0	1.500283
747	7536	0	0	0	1	0	2.005145
748	7545	0	0	0	1	0	1.552709
749	7555	0	0	0	1	0	1.952684
750	7565	0	0	0	0	0	1.586973
751	7574	0	0	0	0	0	1.048679
752	7586	0	0	0	1	0	1.834300
753	7601	0	0	0	0	0	2.581633
754	7610	0	0	0	1	0	2.835361
755	7615	0	0	0	2	0	1.999398
756	7628	0	0	0	0	0	2.694367
757	7634	0	0	0	2	0	1.250299
758	7642	0	0	0	0	0	2.133928
759	7655	0	0	0	2	0	1.931891
760	7667	0	0	0	1	0	2.334734
761	7682	0	0	0	0	0	1.677227
762	7693	0	0	0	1	0	2.630755
763	7700	0	0	0	0	0	1.882449
764	7710	0	0	0	2	0	1.616407
765	7722	0	0	0	1	0	2.248784
766	7729	0	0	0	0	0	1.728474
767	7741	0	0	0	1	0	2.904835
768	7747	0	0	0	1	0	1.951368
769	7759	0	0	0	0	0	2.578501
770	7771	0	0	0	0	0	2.679422
771	7778	0	0	0	0	0	2.030915
772	7792	0	0	0	1	0	1.057459
773	7799	0	0	0	0	0	1.654631
774	7807	0	0	0	0	0	2.503336
775	7816	0	0	0	1	0	1.722364
776	7826	0	0	0	1	0	2.810562
777	7841	0	0	0	2	0	2.268215
778	7855	0	0	0	1	0	1.100467
779	7863	0	0	0	0	0	1.860027
780	7872	0	0	0	0	0	1.499580
781	7877	0	0	0	1	0	2.606097
782	7882	0	0	0	0	0	1.228257
783	7892	0	0	0	1	0	2.200360
784	7900	0	0	0	2	0	1.104039
785	7911	0	0	0	0	0	1.774655
786	7923	0	0	0	0	0	1.211605
787	7934	0	0	0	1	0	1.109258
788	7950	0	0	0	0	0	1.717911
789	7959	0	0	0	1	0	2.171493
790	7970	0	0	0	1	0	1.401896
791	7979	0	0	0	1	0	2.743852
792	7987	0	0	0	0	0	2.874590
793	7998	0	0	0	1	0	1.424864
794	8005	0	0	0	2	0	1.277125
795	8019	0	0	0	0	0	1.047778
796	8031	0	0	0	2	0	1.985607
797	8046	0	0	0	0	0	2.819087
798	8058	0	0	0	0	0	1.453053
799	8066	0	0	0	1	0	2.838872
800	8075	0	0	0	2	0	2.555044
801	8084	0	0	0	0	0	2.280994
802	8091	0	0	0	1	0	1.047635
803	8104	0	0	0	0	0	2.912427
804	8115	0	0	0	1	0	2.530001
805	8126	0	0	0	1	0	1.403692
806	8141	0	0	0	1	0	2.255863
807	8151	0	0	0	1	0	2.897079
808	8162	0	0	0	2	0	2.595553
809	8169	0	0	0	2	0	1.451753
810	8183	0	0	0	0	0	2.325706
811	8193	0	0	0	0	0	1.716992
812	8209	0	0	0	0	0	1.231708
813	8215	0	0	0	2	0	1.098111
814	8226	0	0	0	1	0	2.516560
815	8235	0	0	0	0	0	1.591095
816	8244	0	0	0	0	0	1.096369
817	8256	0	0	0	2	0	1.243989
818	8266	0	0	0	2	0	2.143212
819	8272	0	0	0	2	0	2.511949
820	8280	0	0	0	1	0	1.521694
821	8290	0	0	0	1	0	1.574341
822	8303	0	0	0	0	0	2.413743
823	8311	0	0	0	2	0	1.914489
824	8319	0	0	0	0	0	2.501445
825	8330	0	0	0	0	0	2.451735
826	8336	0	0	0	2	0	1.813137
827	8349	0	0	0	2	0	1.571258
828	8361	0	0	0	2	0	1.545186
829	8373	0	0	0	0	0	2.187973
830	8387	0	0	0	0	0	1.338491
831	8395	0	0	0	0	0	2.551784
832	8403	0	0	0	1	0	1.108847
833	8416	0	0	0	1	0	1.057315
834	8426	0	0	0	0	0	2.309614
835	8440	0	0	0	0	0	2.395747
836	8455	0	0	0	0	0	1.719403
837	8465	0	0	0	0	0	1.536447
838	8476	0	0	0	1	0	1.743957
839	8488	0	0	0	1	0	1.937486
840	8502	0	0	0	2	0	2.568788
841	8516	0	0	0	0	0	2.963567
842	8528	0	0	0	0	0	1.838816
843	8539	0	0	0	0	0	1.426244
844	8550	0	0	0	0	0	1.823961
845	8558	0	0	0	1	0	2.548527
846	8565	0	0	0	2	0	2.191037
847	8583	0	0	0	0	0	2.847860
848	8593	0	0	0	1	0	2.762986
849	8599	0	0	0	0	0	1.079627
850	8611	0	0	0	0	0	1.309733
851	8624	0	0	0	0	0	1.974996
852	8633	0	0	0	1	0	1.649759
853	8640	0	0	0	0	0	1.747763
854	8648	0	0	0	0	0	1.183498
855	8654	0	0	0	1	0	1.458410
856	8662	0	0	0	0	0	2.024233
857	8676	0	0	0	0	0	1.694106
858	8690	0	0	0	2	0	1.039285
859	8694	0	0	0	0	0	2.604958
860	8705	0	0	0	2	0	1.579097
861	8716	0	0	0	2	0	2.300192
862	8724	0	0	0	1	0	2.320028
863	8730	0	0	0	1	0	1.747453
864	8740	0	0	0	0	0	2.639782
865	8753	0	0	0	2	0	2.306628
866	8761	0	0	0	1	0	2.143738
867	8768	0	0	0	2	0	2.870516
868	8778	0	0	0	1	0	1.023407
869	8784	0	0	0	2	0	1.346368
870	8789	0	0	0	0	0	2.776886
871	8799	0	0	0	1	0	2.883749
872	8809	0	0	0	2	0	1.630522
873	8820	0	0	0	0	0	1.856023
874	8833	0	0	0	0	0	1.986496
875	8844	0	0	0	2	0	2.845900
876	8855	0	0	0	2	0	1.982763
877	8868	0	0	0	1	0	2.588122
878	8873	0	0	0	0	0	2.509837
879	8880	0	0	0	0	0	1.510893
880	8900	0	0	0	1	0	1.670918
881	8908	0	0	0	1	0	1.299644
882	8922	0	0	0	1	0	1.372067
883	8933	0	0	0	1	0	2.537947
884	8942	0	0	0	1	0	1.545046
885	8955	0	0	0	0	0	2.576863
886	8965	0	0	0	2	0	2.091807
887	8973	0	0	0	2	0	1.114111
888	8985	0	0	0	0	0	2.337882
889	8996	0	0	0	0	0	1.802404
890	9010	0	0	0	1	0	1.112636
891	9022	0	0	0	0	0	2.847675
892	9032	0	0	0	1	0	2.307711
893	9044	0	0	0	0	0	2.812775
894	9057	0	0	0	1	0	1.110318
895	9063	0	0	0	0	0	2.840123
896	9081	0	0	0	0	0	1.308817
897	9092	0	0	0	0	0	1.660139
898	9100	0	0	0	1	0	1.764604
899	9113	0	0	0	0	0	1.645619
900	9118	0	0	0	2	0	1.649551
901	9126	0	0	0	1	0	1.553288
902	9133	0	0	0	2	0	1.240577
903	9145	0	0	0	2	0	1.341942
904	9153	0	0	0	1	0	2.713406
905	9159	0	0	0	2	0	2.341464
906	9168	0	0	0	2	0	2.072016
907	9183	0	0	0	1	0	2.887825
908	9194	0	0	0	2	0	2.377013
909	9203	0	0	0	2	0	2.049417
910	9216	0	0	0	2	0	2.415930
911	9227	0	0	0	0	0	2.147470
912	9242	0	0	0	2	0	1.543681
913	9255	0	0	0	1	0	2.976631
914	9262	0	0	0	2	0	1.984267
915	9272	0	0	0	1	0	1.111634
916	9286	0	0	0	0	0	1.935595
917	9299	0	0	0	1	0	1.547957
918	9307	0	0	0	1	0	2.062831
919	9316	0	0	0	0	0	2.818098
920	9328	0	0	0	2	0	2.616163
921	9337	0	0	0	2	0	1.569661
922	9343	0	0	0	1	0	1.526268
923	9353	0	0	0	2	0	1.793695
924	9365	0	0	0	1	0	2.184717
925	9376	0	0	0	1	0	2.809652
926	9381	0	0	0	0	0	1.508623
927	9388	0	0	0	2	0	2.590447
928	9399	0	0	0	0	0	2.715264
929	9412	0	0	0	0	0	2.647677
930	9421	0	0	0	2	0	1.033306
931	9433	0	0	0	0	0	2.521700
932	9440	0	0	0	0	0	1.666149
933	9450	0	0	0	2	0	2.707229
934	9461	0	0	0	0	0	1.986881
935	9473	0	0	0	2	0	1.218514
936	9487	0	0	0	0	0	1.743589
937	9499	0	0	0	2	0	2.634124
938	9510	0	0	0	1	0	1.777942
939	9518	0	0	0	0	0	2.552057
940	9533	0	0	0	1	0	2.005885
941	9543	0	0	0	0	0	1.555356
942	9557	0	0	0	0	0	2.347940
943	9567	0	0	0	1	0	2.927318
944	9574	0	0	0	2	0	1.270122
945	9584	0	0	0	0	0	2.360619
946	9592	0	0	0	1	0	2.310442
947	9601	0	0	0	0	0	2.055187
948	9608	0	0	0	1	0	2.142810
949	9619	0	0	0	0	0	1.636143
950	9629	0	0	0	0	0	2.353284
951	9638	0	0	0	2	0	1.910394
952	9646	0	0	0	0	0	2.877136
953	9658	0	0	0	2	0	1.779778
954	9669	0	0	0	0	0	1.412015
955	9676	0	0	0	2	0	2.958565
956	9679	0	0	0	2	0	2.229079
957	9686	0	0	0	0	0	1.732180
958	9700	0	0	0	1	0	1.058316
959	9705	0	0	0	0	0	1.922749
960	9713	0	0	0	1	0	1.973157
961	9725	0	0	0	0	0	1.242846
962	9739	0	0	0	0	0	1.253516
963	9747	0	0	0	0	0	2.671316
964	9757	0	0	0	1	0	1.203475
965	9768	0	0	0	0	0	1.836875
966	9782	0	0	0	1	0	2.790028
967	9792	0	0	0	0	0	2.806524
968	9802	0	0	0	1	0	1.520487
969	9812	0	0	0	1	0	1.709858
970	9821	0	0	0	2	0	2.926695
971	9831	0	0	0	0	0	2.176882
972	9843	0	0	0	0	0	2.015775
973	9854	0	0	0	2	0	1.791313
974	9863	0	0	0	0	0	1.430816
975	9877	0	0	0	1	0	1.204404
976	9886	0	0	0	0	0	2.472697
977	9892	0	0	0	1	0	2.546138
978	9904	0	0	0	2	0	2.479912
979	9914	0	0	0	0	0	1.416831
980	9927	0	0	0	0	0	1.993036
981	9934	0	0	0	1	0	1.561813
982	9944	0	0	0	2	0	1.033554
983	9953	0	0	0	1	0	2.285397
984	9965	0	0	0	1	0	2.097120
985	9972	0	0	0	0	0	2.880738
986	9982	0	0	0	1	0	2.594816
987	9987	0	0	0	0	0	2.468433
988	9995	0	0	0	2	0	1.233769
989	10005	0	0	0	0	0	2.949141
990	10017	0	0	0	0	0	2.537297
991	10025	0	0	0	1	0	2.971394
992	10035	0	0	0	1	0	2.494278
993	10045	0	0	0	0	0	1.359465
994	10050	0	0	0	1	0	1.238272
995	10062	0	0	0	2	0	2.334173
996	10067	0	0	0	2	0	1.484044
997	10077	0	0	0	0	0	2.477912
998	10091	0	0	0	1	0	1.122302
999	10099	0	0	0	1	0	1.937700
