0	1	0	0	0	0	0	1.026944
1	12	0	0	0	1	0	2.124769
2	23	0	0	0	1	0	2.522790
3	32	0	0	0	0	0	2.375341
4	38	0	0	0	2	0	1.366348
5	47	0	0	0	2	0	2.972129
6	54	0	0	0	2	0	1.022754
7	67	0	0	0	0	0	2.369975
8	79	0	0	0	0	0	1.971110
9	91	0	0	0	0	0	2.873549
10	100	0	0	0	1	0	2.006212
11	117	0	0	0	2	0	2.943488
12	130	0	0	0	0	0	1.571371
13	146	0	0	0	1	0	2.215592
14	155	0	0	0	0	0	2.545380
15	167	0	0	0	2	0	2.488967
16	181	0	0	0	1	0	1.816941
17	194	0	0	0	1	0	2.580492
18	200	0	0	0	0	0	1.638845
19	212	0	0	0	2	0	2.270095
20	222	0	0	0	1	0	2.080683
21	239	0	0	0	2	0	1.095919
22	252	0	0	0	0	0	1.750796
23	263	0	0	0	0	0	1.736903
24	278	0	0	0	1	0	2.667208
25	286	0	0	0	1	0	1.139334
26	300	0	0	0	1	0	1.651536
27	307	0	0	0	0	0	1.389010
28	315	0	0	0	1	0	2.743585
29	320	0	0	0	2	0	2.477765
30	334	0	0	0	0	0	1.085724
31	340	0	0	0	2	0	2.594406
32	353	0	0	0	1	0	2.128580
33	365	0	0	0	1	0	1.211036
34	374	0	0	0	1	0	1.217116
35	388	0	0	0	0	0	2.513168
36	403	0	0	0	0	0	1.071321
37	409	0	0	0	0	0	2.914330
38	422	0	0	0	0	0	1.412169
39	428	0	0	0	0	0	1.535950
40	441	0	0	0	2	0	1.159220
41	451	0	0	0	2	0	1.288191
42	456	0	0	0	2	0	1.866352
43	460	0	0	0	0	0	1.465073
44	464	0	0	0	2	0	1.299948
45	470	0	0	0	1	0	2.916354
46	477	0	0	0	2	0	1.803261
47	487	0	0	0	1	0	2.777607
48	502	0	0	0	0	0	1.419887
49	511	0	0	0	0	0	2.368944
50	522	0	0	0	0	0	2.894873
51	532	0	0	0	0	0	2.078358
52	540	0	0	0	2	0	2.015316
53	555	0	0	0	2	0	1.456544
54	562	0	0	0	1	0	1.138945
55	568	0	0	0	1	0	2.729727
56	575	0	0	0	1	0	2.368222
57	588	0	0	0	0	0	2.705969
58	598	0	0	0	2	0	2.131976
59	601	0	0	0	1	0	2.389830
60	611	0	0	0	1	0	2.957294
61	621	0	0	0	1	0	1.920093
62	632	0	0	0	0	0	2.872632
63	643	0	0	0	1	0	2.943491
64	657	0	0	0	2	0	2.343705
65	666	0	0	0	1	0	1.290390
66	672	0	0	0	2	0	1.296715
67	681	0	0	0	0	0	2.434000
68	691	0	0	0	0	0	2.616575
69	703	0	0	0	1	0	2.256609
70	707	0	0	0	0	0	1.890053
71	719	0	0	0	1	0	1.676124
72	732	0	0	0	0	0	1.903016
73	738	0	0	0	0	0	1.437079
74	750	0	0	0	0	0	2.743387
75	765	0	0	0	2	0	2.121888
76	771	0	0	0	0	0	1.488935
77	782	0	0	0	0	0	1.647791
78	793	0	0	0	0	0	2.376062
79	806	0	0	0	2	0	2.093635
80	818	0	0	0	2	0	2.169454
81	829	0	0	0	0	0	2.498392
82	834	0	0	0	1	0	2.158808
83	842	0	0	0	0	0	2.166017
84	850	0	0	0	2	0	2.976564
85	860	0	0	0	1	0	2.729394
86	869	0	0	0	2	0	1.154233
87	874	0	0	0	2	0	1.619305
88	888	0	0	0	1	0	1.830576
89	900	0	0	0	2	0	2.920025
90	909	0	0	0	0	0	2.277481
91	918	0	0	0	1	0	1.860237
92	926	0	0	0	0	0	2.588388
93	934	0	0	0	2	0	2.334566
94	945	0	0	0	2	0	1.042261
95	955	0	0	0	0	0	2.055177
96	966	0	0	0	0	0	1.663707
97	975	0	0	0	1	0	2.164564
98	990	0	0	0	0	0	2.991749
99	999	0	0	0	1	0	1.761837
100	1007	0	0	0	2	0	1.731437
101	1015	0	0	0	0	0	1.790603
102	1030	0	0	0	0	0	2.615458
103	1045	0	0	0	1	0	1.109018
104	1055	0	0	0	1	0	1.708362
105	1069	0	0	0	2	0	2.156877
106	1080	0	0	0	1	0	1.576451
107	1085	0	0	0	1	0	2.456018
108	1095	0	0	0	2	0	1.443371
109	1104	0	0	0	2	0	1.914570
110	1110	0	0	0	1	0	2.963251
111	1118	0	0	0	2	0	1.758867
112	1127	0	0	0	1	0	1.799810
113	1137	0	0	0	0	0	2.244888
114	1144	0	0	0	0	0	2.260120
115	1158	0	0	0	2	0	1.822068
116	1164	0	0	0	0	0	2.660127
117	1173	0	0	0	1	0	2.928531
118	1179	0	0	0	1	0	1.246583
119	1185	0	0	0	0	0	2.444861
120	1194	0	0	0	2	0	2.443389
121	1203	0	0	0	2	0	2.519649
122	1213	0	0	0	2	0	1.533878
123	1224	0	0	0	0	0	1.074464
124	1236	0	0	0	1	0	2.475973
125	1243	0	0	0	0	0	1.780666
126	1255	0	0	0	1	0	2.043720
127	1263	0	0	0	0	0	1.928842
128	1271	0	0	0	0	0	2.600596
129	1275	0	0	0	2	0	2.050731
130	1287	0	0	0	0	0	1.041084
131	1303	0	0	0	0	0	2.303093
132	1308	0	0	0	0	0	2.627360
133	1321	0	0	0	1	0	1.629344
134	1331	0	0	0	1	0	1.418062
135	1336	0	0	0	1	0	2.701876
136	1344	0	0	0	2	0	2.637665
137	1350	0	0	0	1	0	1.801879
138	1362	0	0	0	0	0	1.650536
139	1369	0	0	0	1	0	2.627008
140	1379	0	0	0	0	0	1.645864
141	1387	0	0	0	2	0	2.670355
142	1398	0	0	0	1	0	2.459348
143	1415	0	0	0	2	0	1.812651
144	1424	0	0	0	2	0	1.975155
145	1435	0	0	0	0	0	2.206978
146	1445	0	0	0	0	0	1.330188
147	1449	0	0	0	0	0	1.004913
148	1464	0	0	0	0	0	1.159684
149	1472	0	0	0	2	0	2.041083
150	1483	0	0	0	1	0	1.093972
151	1492	0	0	0	2	0	1.761741
152	1497	0	0	0	2	0	1.564037
153	1512	0	0	0	0	0	1.034741
154	1519	0	0	0	0	0	2.248314
155	1532	0	0	0	0	0	2.680729
156	1542	0	0	0	1	0	1.112654
157	1558	0	0	0	1	0	2.587806
158	1568	0	0	0	0	0	2.035029
159	1579	0	0	0	0	0	1.054917
160	1592	0	0	0	2	0	2.698202
161	1601	0	0	0	0	0	1.005968
162	1614	0	0	0	0	0	1.281308
163	1622	0	0	0	2	0	1.151582
164	1629	0	0	0	0	0	1.246134
165	1638	0	0	0	1	0	1.983026
166	1649	0	0	0	0	0	1.064135
167	1657	0	0	0	2	0	2.127126
168	1669	0	0	0	1	0	1.973877
169	1677	0	0	0	1	0	1.254926
170	1685	0	0	0	0	0	1.597280
171	1696	0	0	0	2	0	1.646803
172	1705	0	0	0	0	0	1.073852
173	1711	0	0	0	0	0	1.337772
174	1724	0	0	0	0	0	1.251217
175	1733	0	0	0	1	0	1.789340
176	1742	0	0	0	2	0	2.159118
177	1754	0	0	0	1	0	2.690741
178	1763	0	0	0	1	0	1.389120
179	1774	0	0	0	2	0	2.413940
180	1788	0	0	0	1	0	2.806283
181	1795	0	0	0	2	0	2.660121
182	1809	0	0	0	0	0	2.737195
183	1816	0	0	0	1	0	1.601543
184	1833	0	0	0	1	0	1.287904
185	1844	0	0	0	0	0	1.044592
186	1854	0	0	0	1	0	2.552337
187	1863	0	0	0	2	0	1.923792
188	1871	0	0	0	2	0	2.746765
189	1880	0	0	0	0	0	2.056282
190	1889	0	0	0	0	0	1.907263
191	1895	0	0	0	0	0	1.997909
192	1906	0	0	0	1	0	2.334187
193	1917	0	0	0	1	0	1.197407
194	1927	0	0	0	0	0	2.739149
195	1937	0	0	0	2	0	1.205548
196	1947	0	0	0	2	0	1.579631
197	1960	0	0	0	0	0	1.925532
198	1972	0	0	0	0	0	1.370377
199	1982	0	0	0	1	0	2.888044
200	1988	0	0	0	1	0	2.733458
201	2003	0	0	0	0	0	1.503899
202	2014	0	0	0	0	0	1.846170
203	2023	0	0	0	2	0	1.834124
204	2035	0	0	0	0	0	1.805531
205	2048	0	0	0	1	0	2.011610
206	2060	0	0	0	0	0	1.241699
207	2071	0	0	0	0	0	2.654917
208	2079	0	0	0	1	0	1.942006
209	2087	0	0	0	1	0	1.492085
210	2101	0	0	0	0	0	2.719095
211	2120	0	0	0	2	0	1.429319
212	2133	0	0	0	1	0	1.282879
213	2137	0	0	0	0	0	2.016968
214	2147	0	0	0	0	0	2.233130
215	2155	0	0	0	0	0	2.219269
216	2163	0	0	0	0	0	2.019976
217	2172	0	0	0	1	0	1.187588
218	2181	0	0	0	2	0	2.645897
219	2194	0	0	0	1	0	2.141668
220	2206	0	0	0	2	0	2.731184
221	2211	0	0	0	0	0	1.321707
222	2222	0	0	0	2	0	2.911145
223	2229	0	0	0	2	0	2.833687
224	2239	0	0	0	0	0	1.286738
225	2246	0	0	0	0	0	2.009448
226	2257	0	0	0	2	0	1.207366
227	2263	0	0	0	1	0	1.460121
228	2271	0	0	0	2	0	1.693246
229	2284	0	0	0	0	0	2.277117
230	2296	0	0	0	2	0	1.099780
231	2309	0	0	0	1	0	1.894692
232	2323	0	0	0	1	0	1.165751
233	2334	0	0	0	1	0	1.759129
234	2344	0	0	0	0	0	2.508949
235	2356	0	0	0	1	0	2.220742
236	2360	0	0	0	0	0	1.906117
237	2367	0	0	0	0	0	1.806774
238	2379	0	0	0	1	0	1.577630
239	2386	0	0	0	1	0	2.160690
240	2401	0	0	0	0	0	2.048040
241	2410	0	0	0	0	0	2.958775
242	2423	0	0	0	1	0	1.322215
243	2432	0	0	0	1	0	1.421238
244	2442	0	0	0	0	0	2.272813
245	2449	0	0	0	1	0	1.110068
246	2456	0	0	0	2	0	1.152274
247	2464	0	0	0	1	0	1.419405
248	2479	0	0	0	1	0	2.099049
249	2490	0	0	0	1	0	2.837104
250	2503	0	0	0	2	0	2.775237
251	2511	0	0	0	0	0	1.644632
252	2519	0	0	0	1	0	1.766995
253	2527	0	0	0	1	0	1.053473
254	2537	0	0	0	0	0	1.337750
255	2544	0	0	0	0	0	2.906567
256	2552	0	0	0	0	0	2.769372
257	2562	0	0	0	2	0	1.133530
258	2569	0	0	0	0	0	2.459161
259	2582	0	0	0	2	0	1.439512
260	2590	0	0	0	1	0	1.351700
261	2599	0	0	0	0	0	2.295505
262	2614	0	0	0	1	0	1.165618
263	2625	0	0	0	1	0	2.127792
264	2634	0	0	0	1	0	1.941154
265	2646	0	0	0	1	0	2.114653
266	2656	0	0	0	1	0	1.869033
267	2671	0	0	0	0	0	2.110409
268	2680	0	0	0	0	0	1.645556
269	2689	0	0	0	0	0	1.052104
270	2697	0	0	0	0	0	1.490744
271	2708	0	0	0	0	0	2.009516
272	2719	0	0	0	2	0	2.567194
273	2732	0	0	0	2	0	1.485994
274	2747	0	0	0	2	0	1.187154
275	2754	0	0	0	0	0	2.943487
276	2769	0	0	0	1	0	2.865061
277	2786	0	0	0	0	0	1.104149
278	2799	0	0	0	2	0	2.080157
279	2810	0	0	0	0	0	2.892133
280	2814	0	0	0	0	0	1.377182
281	2826	0	0	0	0	0	1.310540
282	2842	0	0	0	1	0	1.336841
283	2855	0	0	0	1	0	2.223079
284	2863	0	0	0	1	0	2.022728
285	2872	0	0	0	0	0	1.073537
286	2876	0	0	0	1	0	1.282073
287	2892	0	0	0	0	0	2.417710
288	2898	0	0	0	2	0	2.613977
289	2906	0	0	0	2	0	1.330034
290	2914	0	0	0	2	0	1.005394
291	2925	0	0	0	2	0	1.991758
292	2934	0	0	0	2	0	1.584629
293	2943	0	0	0	1	0	1.949627
294	2955	0	0	0	1	0	2.214542
295	2962	0	0	0	0	0	1.320529
296	2977	0	0	0	1	0	2.382241
297	2987	0	0	0	2	0	2.268710
298	2998	0	0	0	0	0	2.090345
299	3009	0	0	0	0	0	2.492703
300	3019	0	0	0	0	0	1.527888
301	3031	0	0	0	2	0	1.686643
302	3047	0	0	0	0	0	1.978485
303	3056	0	0	0	0	0	1.970606
304	3063	0	0	0	1	0	2.149002
305	3074	0	0	0	2	0	2.700826
306	3078	0	0	0	1	0	1.569565
307	3090	0	0	0	1	0	2.620280
308	3101	0	0	0	0	0	1.957122
309	3112	0	0	0	1	0	2.660246
310	3123	0	0	0	0	0	2.621786
311	3134	0	0	0	1	0	2.218922
312	3144	0	0	0	2	0	1.762196
313	3154	0	0	0	1	0	1.588449
314	3166	0	0	0	1	0	2.920759
315	3179	0	0	0	2	0	2.781855
316	3192	0	0	0	1	0	1.245273
317	3199	0	0	0	1	0	2.593086
318	3209	0	0	0	2	0	2.243006
319	3221	0	0	0	2	0	1.809008
320	3227	0	0	0	1	0	1.621126
321	3235	0	0	0	0	0	1.684756
322	3243	0	0	0	1	0	2.991655
323	3254	0	0	0	0	0	2.126452
324	3263	0	0	0	2	0	2.038774
325	3269	0	0	0	2	0	1.943164
326	3277	0	0	0	2	0	2.160149
327	3289	0	0	0	0	0	2.071971
328	3302	0	0	0	2	0	2.947339
329	3306	0	0	0	2	0	1.876599
330	3320	0	0	0	1	0	2.352453
331	3328	0	0	0	2	0	2.902791
332	3345	0	0	0	0	0	2.214254
333	3354	0	0	0	2	0	1.265326
334	3359	0	0	0	2	0	1.026615
335	3368	0	0	0	0	0	2.647123
336	3374	0	0	0	1	0	1.827674
337	3382	0	0	0	0	0	1.137833
338	3389	0	0	0	1	0	2.197881
339	3398	0	0	0	0	0	1.964940
340	3412	0	0	0	0	0	2.099256
341	3423	0	0	0	1	0	2.222614
342	3432	0	0	0	0	0	1.553936
343	3438	0	0	0	0	0	2.855420
344	3445	0	0	0	1	0	2.715514
345	3452	0	0	0	0	0	1.054976
346	3461	0	0	0	1	0	1.655661
347	3469	0	0	0	0	0	2.762841
348	3475	0	0	0	1	0	1.969603
349	3484	0	0	0	0	0	2.518953
350	3500	0	0	0	0	0	1.219897
351	3509	0	0	0	0	0	2.693563
352	3519	0	0	0	1	0	1.624706
353	3533	0	0	0	1	0	2.004982
354	3542	0	0	0	2	0	2.960844
355	3547	0	0	0	1	0	1.531064
356	3559	0	0	0	1	0	2.658807
357	3568	0	0	0	1	0	1.504223
358	3573	0	0	0	1	0	1.139280
359	3582	0	0	0	0	0	1.511318
360	3590	0	0	0	2	0	1.496935
361	3605	0	0	0	0	0	2.448586
362	3617	0	0	0	1	0	2.269059
363	3629	0	0	0	1	0	2.172610
364	3641	0	0	0	2	0	2.424565
365	3653	0	0	0	1	0	1.051539
366	3661	0	0	0	2	0	1.700655
367	3676	0	0	0	0	0	1.199586
368	3685	0	0	0	1	0	1.686166
369	3698	0	0	0	1	0	2.358276
370	3712	0	0	0	1	0	2.180856
371	3725	0	0	0	0	0	2.253162
372	3732	0	0	0	1	0	1.797807
373	3747	0	0	0	0	0	1.368729
374	3754	0	0	0	1	0	2.821348
375	3766	0	0	0	2	0	1.871176
376	3772	0	0	0	0	0	2.573190
377	3783	0	0	0	2	0	1.583051
378	3793	0	0	0	1	0	2.663599
379	3806	0	0	0	2	0	2.784437
380	3816	0	0	0	1	0	1.464519
381	3823	0	0	0	1	0	2.923740
382	3833	0	0	0	0	0	2.855664
383	3843	0	0	0	1	0	1.884997
384	3856	0	0	0	2	0	1.016722
385	3862	0	0	0	2	0	2.211681
386	3876	0	0	0	2	0	2.000938
387	3890	0	0	0	0	0	2.043302
388	3904	0	0	0	1	0	2.842995
389	3909	0	0	0	0	0	2.539297
390	3917	0	0	0	0	0	1.643525
391	3926	0	0	0	1	0	2.652615
392	3933	0	0	0	0	0	1.015153
393	3944	0	0	0	0	0	2.000197
394	3952	0	0	0	1	0	2.780358
395	3957	0	0	0	1	0	2.780202
396	3971	0	0	0	0	0	2.051266
397	3985	0	0	0	0	0	1.294207
398	4000	0	0	0	0	0	2.708610
399	4014	0	0	0	0	0	2.980642
400	4031	0	0	0	2	0	1.468578
401	4045	0	0	0	2	0	1.353274
402	4053	0	0	0	1	0	1.887893
403	4063	0	0	0	1	0	1.870241
404	4072	0	0	0	1	0	1.669048
405	4077	0	0	0	0	0	1.105663
406	4093	0	0	0	0	0	1.051260
407	4103	0	0	0	2	0	1.079030
408	4114	0	0	0	2	0	1.772024
409	4123	0	0	0	2	0	2.793842
410	4132	0	0	0	1	0	1.928919
411	4143	0	0	0	1	0	1.641775
412	4155	0	0	0	1	0	1.856150
413	4164	0	0	0	0	0	2.427709
414	4176	0	0	0	1	0	2.241448
415	4185	0	0	0	1	0	1.314090
416	4197	0	0	0	0	0	2.857315
417	4208	0	0	0	0	0	1.872061
418	4216	0	0	0	0	0	1.401630
419	4222	0	0	0	2	0	1.289019
420	4235	0	0	0	2	0	1.073522
421	4247	0	0	0	1	0	1.398667
422	4254	0	0	0	1	0	1.917067
423	4261	0	0	0	1	0	2.643876
424	4280	0	0	0	0	0	2.579289
425	4288	0	0	0	1	0	1.503666
426	4292	0	0	0	0	0	1.197209
427	4305	0	0	0	0	0	2.711183
428	4311	0	0	0	0	0	2.339797
429	4319	0	0	0	1	0	1.791659
430	4335	0	0	0	0	0	1.047413
431	4341	0	0	0	0	0	2.575635
432	4349	0	0	0	1	0	2.729599
433	4361	0	0	0	0	0	2.397199
434	4365	0	0	0	0	0	2.448675
435	4380	0	0	0	1	0	1.553075
436	4389	0	0	0	0	0	1.816063
437	4400	0	0	0	0	0	1.288898
438	4410	0	0	0	0	0	2.050610
439	4424	0	0	0	1	0	2.873222
440	4432	0	0	0	1	0	1.550578
441	4444	0	0	0	1	0	1.011594
442	4453	0	0	0	0	0	1.898048
443	4462	0	0	0	1	0	1.066088
444	4473	0	0	0	1	0	1.943425
445	4479	0	0	0	1	0	1.771505
446	4485	0	0	0	1	0	2.864420
447	4496	0	0	0	1	0	1.079483
448	4503	0	0	0	1	0	1.288756
449	4511	0	0	0	1	0	1.893869
450	4526	0	0	0	1	0	1.183840
451	4535	0	0	0	0	0	1.232191
452	4547	0	0	0	2	0	2.437590
453	4560	0	0	0	1	0	1.717104
454	4575	0	0	0	1	0	2.714608
455	4586	0	0	0	0	0	1.009392
456	4597	0	0	0	0	0	1.105123
457	4606	0	0	0	1	0	1.199008
458	4622	0	0	0	2	0	1.002233
459	4627	0	0	0	1	0	1.854593
460	4638	0	0	0	2	0	2.547748
461	4647	0	0	0	1	0	1.129110
462	4653	0	0	0	0	0	1.174316
463	4665	0	0	0	1	0	2.412963
464	4671	0	0	0	0	0	2.242250
465	4680	0	0	0	1	0	2.110853
466	4691	0	0	0	0	0	2.571847
467	4699	0	0	0	1	0	2.441294
468	4706	0	0	0	0	0	2.008094
469	4717	0	0	0	1	0	2.322856
470	4731	0	0	0	0	0	1.258802
471	4742	0	0	0	1	0	1.366511
472	4748	0	0	0	0	0	2.657576
473	4760	0	0	0	0	0	2.030045
474	4767	0	0	0	1	0	1.550006
475	4778	0	0	0	2	0	2.160885
476	4788	0	0	0	0	0	2.634186
477	4799	0	0	0	1	0	2.834328
478	4808	0	0	0	1	0	2.840796
479	4815	0	0	0	2	0	2.942346
480	4823	0	0	0	2	0	2.032846
481	4829	0	0	0	0	0	2.296136
482	4836	0	0	0	2	0	1.964406
483	4842	0	0	0	1	0	2.475247
484	4852	0	0	0	0	0	2.545762
485	4859	0	0	0	0	0	1.890559
486	4869	0	0	0	2	0	2.519032
487	4876	0	0	0	0	0	2.536301
488	4885	0	0	0	1	0	2.141375
489	4896	0	0	0	1	0	1.336487
490	4907	0	0	0	1	0	2.976229
491	4913	0	0	0	0	0	2.608350
492	4920	0	0	0	1	0	2.361959
493	4934	0	0	0	0	0	2.411371
494	4947	0	0	0	2	0	2.169551
495	4959	0	0	0	0	0	2.878747
496	4968	0	0	0	0	0	1.649812
497	4982	0	0	0	1	0	2.054594
498	4993	0	0	0	0	0	1.534387
499	5009	0	0	0	1	0	1.097284
500	5021	0	0	0	1	0	2.066142
501	5031	0	0	0	1	0	2.699764
502	5042	0	0	0	1	0	1.364660
503	5054	0	0	0	1	0	1.718406
504	5069	0	0	0	1	0	2.791046
505	5083	0	0	0	2	0	1.132587
506	5093	0	0	0	2	0	1.903913
507	5098	0	0	0	2	0	2.739211
508	5103	0	0	0	0	0	1.472808
509	5115	0	0	0	1	0	1.945500
510	5121	0	0	0	1	0	2.099635
511	5131	0	0	0	2	0	2.968057
512	5143	0	0	0	1	0	1.846902
513	5153	0	0	0	1	0	1.700577
514	5158	0	0	0	0	0	2.004327
515	5169	0	0	0	2	0	2.303915
516	5177	0	0	0	2	0	1.489901
517	5188	0	0	0	0	0	1.081314
518	5197	0	0	0	1	0	2.614458
519	5208	0	0	0	1	0	1.230705
520	5216	0	0	0	0	0	1.266544
521	5222	0	0	0	1	0	2.698203
522	5227	0	0	0	2	0	1.134033
523	5237	0	0	0	1	0	1.935992
524	5243	0	0	0	1	0	2.515451
525	5256	0	0	0	0	0	2.041961
526	5265	0	0	0	1	0	2.394268
527	5276	0	0	0	2	0	2.222186
528	5286	0	0	0	2	0	2.580308
529	5293	0	0	0	0	0	2.003022
530	5302	0	0	0	1	0	2.587611
531	5312	0	0	0	2	0	1.400217
532	5319	0	0	0	0	0	2.140606
533	5329	0	0	0	0	0	1.173436
534	5343	0	0	0	2	0	1.217113
535	5351	0	0	0	1	0	2.062683
536	5358	0	0	0	0	0	1.842734
537	5367	0	0	0	0	0	1.461179
538	5374	0	0	0	0	0	2.657228
539	5390	0	0	0	2	0	1.903689
540	5402	0	0	0	0	0	2.146063
541	5408	0	0	0	1	0	2.483983
542	5420	0	0	0	0	0	2.885508
543	5432	0	0	0	1	0	2.197539
544	5437	0	0	0	1	0	1.120653
545	5444	0	0	0	0	0	2.659179
546	5451	0	0	0	0	0	2.117030
547	5458	0	0	0	2	0	1.984108
548	5469	0	0	0	0	0	2.341726
549	5480	0	0	0	0	0	2.804344
550	5497	0	0	0	1	0	1.602665
551	5504	0	0	0	0	0	1.003235
552	5511	0	0	0	1	0	2.704255
553	5519	0	0	0	1	0	2.839760
554	5525	0	0	0	0	0	2.345742
555	5539	0	0	0	2	0	2.737650
556	5546	0	0	0	2	0	1.057446
557	5555	0	0	0	1	0	2.699399
558	5564	0	0	0	1	0	2.885693
559	5572	0	0	0	1	0	1.196637
560	5578	0	0	0	0	0	2.635253
561	5588	0	0	0	0	0	2.789151
562	5598	0	0	0	1	0	2.058549
563	5616	0	0	0	2	0	1.584051
564	5628	0	0	0	0	0	1.539095
565	5643	0	0	0	1	0	2.140792
566	5659	0	0	0	0	0	2.451826
567	5673	0	0	0	0	0	1.314932
568	5683	0	0	0	1	0	1.191288
569	5696	0	0	0	0	0	1.738122
570	5708	0	0	0	2	0	1.859124
571	5717	0	0	0	2	0	2.700356
572	5730	0	0	0	0	0	1.745803
573	5739	0	0	0	0	0	2.880971
574	5744	0	0	0	0	0	1.303399
575	5754	0	0	0	2	0	1.133741
576	5765	0	0	0	2	0	2.031176
577	5772	0	0	0	0	0	1.112733
578	5781	0	0	0	0	0	1.362521
579	5786	0	0	0	2	0	2.122264
580	5797	0	0	0	0	0	1.196308
581	5806	0	0	0	0	0	1.187317
582	5817	0	0	0	2	0	2.098527
583	5828	0	0	0	1	0	1.634193
584	5834	0	0	0	0	0	1.634074
585	5849	0	0	0	1	0	1.443914
586	5855	0	0	0	0	0	2.801362
587	5865	0	0	0	1	0	1.763865
588	5876	0	0	0	0	0	2.030821
589	5889	0	0	0	1	0	1.487924
590	5902	0	0	0	2	0	2.331810
591	5913	0	0	0	1	0	2.197733
592	5920	0	0	0	1	0	2.874844
593	5934	0	0	0	2	0	1.421691
594	5944	0	0	0	2	0	2.422325
595	5958	0	0	0	1	0	2.415843
596	5966	0	0	0	0	0	2.543035
597	5975	0	0	0	2	0	2.255727
598	5982	0	0	0	0	0	1.868851
599	5987	0	0	0	2	0	1.573695
600	6003	0	0	0	0	0	2.108381
601	6013	0	0	0	2	0	2.332032
602	6026	0	0	0	1	0	1.945005
603	6039	0	0	0	2	0	1.693102
604	6047	0	0	0	1	0	1.457295
605	6060	0	0	0	0	0	1.540981
606	6071	0	0	0	1	0	2.077903
607	6076	0	0	0	0	0	2.099236
608	6089	0	0	0	0	0	1.717714
609	6097	0	0	0	1	0	1.295858
610	6110	0	0	0	1	0	1.955932
611	6115	0	0	0	1	0	1.894245
612	6127	0	0	0	0	0	1.298112
613	6137	0	0	0	0	0	1.266063
614	6148	0	0	0	0	0	2.432288
615	6159	0	0	0	0	0	1.430863
616	6170	0	0	0	0	0	2.705701
617	6183	0	0	0	1	0	2.058165
618	6194	0	0	0	2	0	2.252118
619	6206	0	0	0	1	0	2.318382
620	6214	0	0	0	0	0	2.744880
621	6223	0	0	0	2	0	2.863424
622	6238	0	0	0	0	0	1.871745
623	6254	0	0	0	0	0	1.644689
624	6264	0	0	0	1	0	2.603945
625	6267	0	0	0	1	0	2.171839
626	6275	0	0	0	1	0	1.764214
627	6291	0	0	0	0	0	2.924104
628	6300	0	0	0	2	0	2.907237
629	6310	0	0	0	0	0	2.582463
630	6321	0	0	0	0	0	2.523478
631	6330	0	0	0	0	0	1.838664
632	6342	0	0	0	0	0	1.860051
633	6347	0	0	0	0	0	1.532645
634	6353	0	0	0	1	0	1.549549
635	6363	0	0	0	2	0	2.368056
636	6372	0	0	0	0	0	2.529147
637	6379	0	0	0	2	0	1.110727
638	6393	0	0	0	0	0	1.212030
639	6399	0	0	0	0	0	1.550770
640	6409	0	0	0	1	0	2.422807
641	6418	0	0	0	2	0	2.784073
642	6422	0	0	0	2	0	1.528813
643	6434	0	0	0	1	0	2.955138
644	6443	0	0	0	1	0	1.329111
645	6453	0	0	0	2	0	2.083020
646	6466	0	0	0	0	0	1.647729
647	6474	0	0	0	0	0	1.728938
648	6488	0	0	0	2	0	1.384813
649	6501	0	0	0	1	0	1.867471
650	6513	0	0	0	1	0	2.495296
651	6529	0	0	0	1	0	1.013166
652	6536	0	0	0	0	0	1.284506
653	6554	0	0	0	2	0	2.181061
654	6562	0	0	0	0	0	2.347521
655	6575	0	0	0	0	0	1.387830
656	6586	0	0	0	2	0	2.473827
657	6601	0	0	0	0	0	2.369726
658	6604	0	0	0	1	0	2.999631
659	6615	0	0	0	1	0	2.270780
660	6624	0	0	0	0	0	1.765634
661	6635	0	0	0	1	0	1.007674
662	6642	0	0	0	1	0	2.835562
663	6652	0	0	0	1	0	2.109350
664	6664	0	0	0	0	0	1.361683
665	6672	0	0	0	2	0	1.142110
666	6684	0	0	0	1	0	2.818686
667	6695	0	0	0	2	0	1.920560
668	6707	0	0	0	2	0	2.558458
669	6723	0	0	0	0	0	2.944409
670	6729	0	0	0	0	0	1.629183
671	6740	0	0	0	1	0	2.035589
672	6755	0	0	0	2	0	1.947699
673	6770	0	0	0	1	0	1.894327
674	6781	0	0	0	1	0	1.830610
675	6791	0	0	0	1	0	2.085659
676	6801	0	0	0	1	0	1.742494
677	6810	0	0	0	1	0	1.448844
678	6821	0	0	0	0	0	1.933647
679	6833	0	0	0	0	0	1.581714
680	6845	0	0	0	0	0	1.260519
681	6856	0	0	0	1	0	2.465356
682	6867	0	0	0	0	0	1.209391
683	6877	0	0	0	2	0	1.777130
684	6888	0	0	0	1	0	1.349636
685	6893	0	0	0	0	0	1.274428
686	6904	0	0	0	2	0	1.939336
687	6910	0	0	0	2	0	2.818188
688	6922	0	0	0	1	0	1.280708
689	6930	0	0	0	2	0	1.326528
690	6938	0	0	0	1	0	2.226427
691	6949	0	0	0	0	0	2.746040
692	6958	0	0	0	0	0	2.893040
693	6968	0	0	0	2	0	2.502990
694	6977	0	0	0	1	0	2.685238
695	6986	0	0	0	2	0	1.801468
696	6996	0	0	0	2	0	1.993790
697	7009	0	0	0	0	0	1.080889
698	7019	0	0	0	2	0	1.983326
699	7034	0	0	0	0	0	2.259558
700	7043	0	0	0	1	0	1.853994
701	7057	0	0	0	1	0	1.395817
702	7069	0	0	0	0	0	1.920616
703	7078	0	0	0	0	0	2.376089
704	7083	0	0	0	2	0	1.656563
705	7094	0	0	0	2	0	2.592649
706	7109	0	0	0	0	0	2.270006
707	7121	0	0	0	1	0	1.431127
708	7126	0	0	0	2	0	2.524858
709	7135	0	0	0	1	0	2.484844
710	7141	0	0	0	1	0	1.892801
711	7153	0	0	0	1	0	1.009247
712	7163	0	0	0	1	0	1.299538
713	7173	0	0	0	1	0	2.973065
714	7181	0	0	0	2	0	2.806958
715	7195	0	0	0	0	0	1.150853
716	7211	0	0	0	1	0	2.279178
717	7226	0	0	0	0	0	1.131270
718	7239	0	0	0	2	0	1.525315
719	7247	0	0	0	1	0	1.742023
720	7258	0	0	0	2	0	2.107921
721	7268	0	0	0	1	0	1.849436
722	7276	0	0	0	1	0	2.712608
723	7287	0	0	0	0	0	2.590477
724	7294	0	0	0	1	0	2.986033
725	7303	0	0	0	0	0	1.584513
726	7313	0	0	0	0	0	1.187387
727	7318	0	0	0	2	0	2.788443
728	7331	0	0	0	1	0	2.468571
729	7342	0	0	0	2	0	1.211096
730	7352	0	0	0	1	0	2.275577
731	7363	0	0	0	1	0	2.516007
732	7370	0	0	0	0	0	2.328204
733	7384	0	0	0	0	0	2.632783
734	7396	0	0	0	0	0	2.805832
735	7409	0	0	0	2	0	1.503916
736	7419	0	0	0	0	0	2.319684
737	7427	0	0	0	1	0	2.523141
738	7440	0	0	0	2	0	2.545416
739	7445	0	0	0	2	0	1.911365
740	7451	0	0	0	2	0	2.105833
741	7460	0	0	0	1	0	2.021622
742	7473	0	0	0	0	0	1.667979
743	7487	0	0	0	0	0	1.344442
744	7497	0	0	0	0	0	1.024076
745	7507	0	0	0	1	0	2.513840
746	7516	0	0	0	1	0	1.964587
747	7529	0	0	0	2	0	2.655495
748	7538	0	0	0	2	0	2.717834
749	7550	0	0	0	1	0	2.676919
750	7560	0	0	0	1	0	1.274774
751	7572	0	0	0	2	0	1.619320
752	7583	0	0	0	1	0	2.559993
753	7591	0	0	0	0	0	1.809401
754	7601	0	0	0	2	0	2.958021
755	7610	0	0	0	0	0	1.991886
756	7622	0	0	0	1	0	1.495509
757	7631	0	0	0	1	0	1.656278
758	7646	0	0	0	2	0	2.262636
759	7655	0	0	0	2	0	2.783152
760	7670	0	0	0	1	0	1.428924
761	7678	0	0	0	0	0	1.475529
762	7694	0	0	0	0	0	2.438975
763	7702	0	0	0	2	0	1.647465
764	7708	0	0	0	0	0	2.733781
765	7713	0	0	0	1	0	1.503758
766	7724	0	0	0	1	0	2.461309
767	7732	0	0	0	0	0	2.926120
768	7734	0	0	0	1	0	2.421331
769	7740	0	0	0	1	0	2.492358
770	7749	0	0	0	2	0	2.050566
771	7757	0	0	0	2	0	2.201787
772	7772	0	0	0	0	0	1.967645
773	7780	0	0	0	1	0	2.016117
774	7793	0	0	0	0	0	2.691645
775	7807	0	0	0	0	0	2.018306
776	7814	0	0	0	2	0	1.509940
777	7828	0	0	0	1	0	2.131132
778	7831	0	0	0	2	0	1.537379
779	7839	0	0	0	1	0	1.446513
780	7850	0	0	0	0	0	1.535454
781	7855	0	0	0	2	0	2.078976
782	7866	0	0	0	0	0	1.696401
783	7881	0	0	0	0	0	1.947720
784	7890	0	0	0	1	0	1.642335
785	7898	0	0	0	2	0	2.738266
786	7905	0	0	0	2	0	2.227400
787	7914	0	0	0	1	0	2.605244
788	7923	0	0	0	0	0	2.528079
789	7934	0	0	0	1	0	1.258540
790	7941	0	0	0	2	0	2.579778
791	7946	0	0	0	2	0	2.920718
792	7958	0	0	0	1	0	2.756889
793	7964	0	0	0	1	0	1.527266
794	7976	0	0	0	1	0	1.879314
795	7988	0	0	0	0	0	1.546814
796	7997	0	0	0	0	0	1.033523
797	8009	0	0	0	1	0	1.800752
798	8019	0	0	0	2	0	1.774620
799	8028	0	0	0	2	0	2.376459
800	8037	0	0	0	1	0	1.098627
801	8048	0	0	0	1	0	2.991689
802	8057	0	0	0	2	0	1.257435
803	8072	0	0	0	0	0	2.863507
804	8087	0	0	0	0	0	2.826023
805	8100	0	0	0	1	0	2.836629
806	8114	0	0	0	1	0	1.913631
807	8131	0	0	0	1	0	2.566969
808	8142	0	0	0	2	0	1.927775
809	8152	0	0	0	2	0	2.533427
810	8166	0	0	0	2	0	2.830439
811	8170	0	0	0	1	0	1.354264
812	8183	0	0	0	0	0	1.183878
813	8192	0	0	0	0	0	1.015683
814	8205	0	0	0	1	0	1.797399
815	8213	0	0	0	1	0	2.171360
816	8227	0	0	0	0	0	1.875834
817	8236	0	0	0	0	0	2.138220
818	8248	0	0	0	2	0	2.563762
819	8259	0	0	0	1	0	2.680540
820	8272	0	0	0	0	0	2.747093
821	8283	0	0	0	2	0	2.343200
822	8292	0	0	0	0	0	1.389576
823	8301	0	0	0	0	0	1.643113
824	8306	0	0	0	1	0	1.631076
825	8313	0	0	0	0	0	2.232778
826	8323	0	0	0	1	0	1.995035
827	8333	0	0	0	1	0	2.951368
828	8347	0	0	0	1	0	1.902530
829	8358	0	0	0	0	0	1.623141
830	8360	0	0	0	0	0	1.489660
831	8372	0	0	0	0	0	1.600713
832	8384	0	0	0	1	0	1.947989
833	8392	0	0	0	1	0	2.788923
834	8404	0	0	0	2	0	1.987022
835	8416	0	0	0	0	0	1.368310
836	8424	0	0	0	1	0	2.769415
837	8439	0	0	0	0	0	1.103968
838	8454	0	0	0	2	0	1.938939
839	8460	0	0	0	0	0	2.202102
840	8469	0	0	0	0	0	1.426886
841	8476	0	0	0	0	0	1.443728
842	8485	0	0	0	2	0	2.606893
843	8496	0	0	0	1	0	1.100258
844	8504	0	0	0	0	0	2.939507
845	8512	0	0	0	0	0	2.922039
846	8525	0	0	0	0	0	2.219212
847	8530	0	0	0	2	0	1.706863
848	8543	0	0	0	1	0	2.523211
849	8551	0	0	0	1	0	2.232018
850	8562	0	0	0	2	0	2.513824
851	8572	0	0	0	0	0	1.115724
852	8587	0	0	0	0	0	1.380916
853	8598	0	0	0	0	0	1.698977
854	8605	0	0	0	1	0	2.713020
855	8614	0	0	0	0	0	1.054121
856	8626	0	0	0	2	0	1.955059
857	8636	0	0	0	1	0	2.410868
858	8651	0	0	0	1	0	2.372916
859	8665	0	0	0	0	0	2.743734
860	8675	0	0	0	1	0	2.146463
861	8682	0	0	0	2	0	1.070762
862	8692	0	0	0	1	0	2.117345
863	8704	0	0	0	2	0	2.234200
864	8714	0	0	0	2	0	1.210250
865	8720	0	0	0	1	0	2.032517
866	8727	0	0	0	2	0	1.069313
867	8737	0	0	0	2	0	2.090050
868	8746	0	0	0	0	0	1.198697
869	8759	0	0	0	1	0	1.334193
870	8767	0	0	0	1	0	1.698640
871	8777	0	0	0	1	0	2.718924
872	8786	0	0	0	0	0	2.838773
873	8800	0	0	0	0	0	1.665079
874	8807	0	0	0	0	0	1.298101
875	8821	0	0	0	2	0	1.677345
876	8838	0	0	0	1	0	2.724850
877	8849	0	0	0	0	0	1.659830
878	8860	0	0	0	1	0	1.189146
879	8871	0	0	0	1	0	2.836009
880	8886	0	0	0	1	0	1.832437
881	8896	0	0	0	1	0	1.692254
882	8900	0	0	0	2	0	2.531184
883	8907	0	0	0	0	0	2.730142
884	8917	0	0	0	1	0	2.988104
885	8925	0	0	0	0	0	1.018090
886	8931	0	0	0	0	0	2.874222
887	8941	0	0	0	1	0	1.511557
888	8953	0	0	0	1	0	2.340965
889	8960	0	0	0	1	0	2.735360
890	8972	0	0	0	0	0	2.438478
891	8984	0	0	0	2	0	2.596781
892	8991	0	0	0	0	0	1.281032
893	8997	0	0	0	0	0	1.608576
894	9008	0	0	0	0	0	2.813612
895	9015	0	0	0	2	0	1.106390
896	9025	0	0	0	2	0	1.519428
897	9032	0	0	0	1	0	2.122037
898	9041	0	0	0	0	0	2.004269
899	9060	0	0	0	0	0	1.364820
900	9072	0	0	0	2	0	2.537884
901	9082	0	0	0	0	0	2.222100
902	9088	0	0	0	1	0	2.136394
903	9102	0	0	0	1	0	2.119537
904	9105	0	0	0	2	0	2.836609
905	9113	0	0	0	1	0	2.585711
906	9125	0	0	0	0	0	2.044188
907	9145	0	0	0	2	0	2.936888
908	9163	0	0	0	0	0	1.923643
909	9173	0	0	0	0	0	1.193597
910	9182	0	0	0	0	0	2.582760
911	9189	0	0	0	0	0	2.923569
912	9199	0	0	0	2	0	2.908278
913	9206	0	0	0	2	0	2.068071
914	9216	0	0	0	0	0	2.133090
915	9222	0	0	0	1	0	1.091438
916	9233	0	0	0	1	0	2.961206
917	9241	0	0	0	0	0	1.616614
918	9248	0	0	0	1	0	1.569221
919	9255	0	0	0	0	0	2.159991
920	9264	0	0	0	1	0	1.124283
921	9274	0	0	0	0	0	1.900577
922	9284	0	0	0	2	0	2.085655
923	9296	0	0	0	2	0	1.960547
924	9304	0	0	0	1	0	2.133831
925	9317	0	0	0	2	0	2.419118
926	9328	0	0	0	0	0	2.922799
927	9333	0	0	0	1	0	2.164299
928	9338	0	0	0	0	0	1.265658
929	9348	0	0	0	1	0	1.231144
930	9368	0	0	0	2	0	2.425576
931	9375	0	0	0	1	0	2.386840
932	9386	0	0	0	1	0	2.337034
933	9396	0	0	0	0	0	1.412553
934	9404	0	0	0	0	0	2.732933
935	9417	0	0	0	2	0	2.134783
936	9428	0	0	0	1	0	1.203816
937	9440	0	0	0	0	0	2.984218
938	9456	0	0	0	0	0	1.412878
939	9465	0	0	0	1	0	1.413439
940	9473	0	0	0	2	0	1.179498
941	9486	0	0	0	0	0	2.293815
942	9494	0	0	0	0	0	2.679959
943	9506	0	0	0	0	0	2.246208
944	9511	0	0	0	2	0	2.060631
945	9516	0	0	0	2	0	1.256320
946	9528	0	0	0	1	0	1.924711
947	9540	0	0	0	2	0	2.027011
948	9545	0	0	0	1	0	2.179833
949	9555	0	0	0	2	0	2.952400
950	9564	0	0	0	2	0	1.504701
951	9574	0	0	0	0	0	1.961020
952	9581	0	0	0	2	0	1.221935
953	9588	0	0	0	1	0	2.373099
954	9601	0	0	0	0	0	2.375060
955	9615	0	0	0	0	0	2.361649
956	9626	0	0	0	2	0	1.751986
957	9636	0	0	0	2	0	2.468868
958	9644	0	0	0	2	0	1.676594
959	9663	0	0	0	0	0	1.640824
960	9672	0	0	0	0	0	2.592700
961	9681	0	0	0	2	0	1.957799
962	9688	0	0	0	1	0	1.122961
963	9697	0	0	0	0	0	1.425220
964	9706	0	0	0	2	0	1.277129
965	9717	0	0	0	2	0	2.411620
966	9723	0	0	0	1	0	1.963477
967	9732	0	0	0	1	0	2.136515
968	9749	0	0	0	2	0	2.914953
969	9758	0	0	0	0	0	2.711669
970	9768	0	0	0	2	0	1.940102
971	9777	0	0	0	0	0	2.779751
972	9787	0	0	0	1	0	2.524431
973	9792	0	0	0	2	0	2.854102
974	9805	0	0	0	1	0	1.014972
975	9820	0	0	0	1	0	2.067671
976	9828	0	0	0	1	0	2.268521
977	9837	0	0	0	2	0	2.542230
978	9846	0	0	0	2	0	1.915811
979	9854	0	0	0	2	0	1.569097
980	9860	0	0	0	0	0	1.454487
981	9866	0	0	0	2	0	2.076684
982	9873	0	0	0	0	0	2.396707
983	9886	0	0	0	0	0	2.636492
984	9893	0	0	0	1	0	2.169136
985	9902	0	0	0	1	0	2.369701
986	9910	0	0	0	1	0	2.599834
987	9920	0	0	0	1	0	1.611523
988	9928	0	0	0	0	0	2.873635
989	9937	0	0	0	2	0	1.062764
990	9944	0	0	0	0	0	2.819734
991	9948	0	0	0	2	0	1.737246
992	9955	0	0	0	2	0	2.773097
993	9961	0	0	0	1	0	2.050249
994	9969	0	0	0	2	0	1.993921
995	9980	0	0	0	2	0	2.881244
996	9994	0	0	0	2	0	2.123837
997	10002	0	0	0	0	0	2.685178
998	10018	0	0	0	0	0	1.701781
999	10022	0	0	0	0	0	1.088600
