0	1	0	0	0	2	0	2.253079
1	12	0	0	0	1	0	2.026395
2	26	0	0	0	2	0	2.766302
3	33	0	0	0	1	0	1.048170
4	40	0	0	0	2	0	2.362232
5	51	0	0	0	2	0	2.063490
6	61	0	0	0	1	0	1.352001
7	69	0	0	0	2	0	2.900551
8	78	0	0	0	1	0	1.863463
9	89	0	0	0	1	0	2.190444
10	92	0	0	0	0	0	1.984890
11	106	0	0	0	0	0	2.669248
12	112	0	0	0	1	0	2.489983
13	122	0	0	0	0	0	1.187004
14	133	0	0	0	1	0	1.741485
15	143	0	0	0	1	0	2.432406
16	146	0	0	0	0	0	1.432749
17	154	0	0	0	2	0	1.037652
18	160	0	0	0	2	0	1.049626
19	168	0	0	0	2	0	2.095194
20	180	0	0	0	0	0	2.763212
21	187	0	0	0	1	0	2.928240
22	194	0	0	0	1	0	2.191810
23	208	0	0	0	1	0	2.143669
24	213	0	0	0	0	0	1.667689
25	220	0	0	0	0	0	2.600107
26	225	0	0	0	2	0	2.380099
27	229	0	0	0	2	0	1.644795
28	240	0	0	0	0	0	2.496904
29	249	0	0	0	0	0	2.573736
30	262	0	0	0	2	0	2.064800
31	273	0	0	0	1	0	2.223175
32	286	0	0	0	1	0	2.075254
33	295	0	0	0	0	0	1.387342
34	305	0	0	0	2	0	2.207607
35	313	0	0	0	2	0	1.898281
36	319	0	0	0	0	0	1.522854
37	330	0	0	0	1	0	1.433327
38	339	0	0	0	0	0	1.530249
39	347	0	0	0	1	0	2.677085
40	360	0	0	0	2	0	2.064279
41	367	0	0	0	1	0	2.676721
42	375	0	0	0	2	0	2.183658
43	386	0	0	0	2	0	2.075074
44	393	0	0	0	0	0	2.537974
45	401	0	0	0	2	0	2.313843
46	406	0	0	0	2	0	2.835086
47	417	0	0	0	2	0	2.534455
48	427	0	0	0	2	0	1.449599
49	435	0	0	0	2	0	1.630146
50	447	0	0	0	2	0	2.171289
51	452	0	0	0	2	0	2.836239
52	463	0	0	0	1	0	1.553239
53	473	0	0	0	1	0	1.514096
54	484	0	0	0	1	0	1.862481
55	492	0	0	0	0	0	1.266081
56	503	0	0	0	1	0	1.325005
57	518	0	0	0	2	0	1.419351
58	523	0	0	0	2	0	2.193915
59	534	0	0	0	0	0	1.145601
60	541	0	0	0	2	0	1.848144
61	550	0	0	0	0	0	1.366346
62	560	0	0	0	1	0	2.923379
63	564	0	0	0	1	0	1.594500
64	572	0	0	0	0	0	1.767049
65	583	0	0	0	0	0	2.648635
66	597	0	0	0	0	0	1.137537
67	609	0	0	0	1	0	1.756611
68	618	0	0	0	0	0	2.939182
69	626	0	0	0	0	0	1.215500
70	634	0	0	0	2	0	2.262651
71	643	0	0	0	2	0	1.144913
72	649	0	0	0	0	0	1.539008
73	661	0	0	0	0	0	2.628594
74	673	0	0	0	2	0	1.488746
75	684	0	0	0	1	0	1.657436
76	700	0	0	0	2	0	2.448508
77	718	0	0	0	2	0	1.697047
78	729	0	0	0	2	0	2.937510
79	739	0	0	0	0	0	2.619493
80	746	0	0	0	0	0	1.373144
81	753	0	0	0	2	0	2.369750
82	764	0	0	0	0	0	1.445552
83	777	0	0	0	2	0	1.153787
84	786	0	0	0	1	0	2.008552
85	801	0	0	0	0	0	2.872328
86	803	0	0	0	1	0	2.011196
87	817	0	0	0	2	0	1.750160
88	827	0	0	0	1	0	2.508572
89	835	0	0	0	0	0	1.480346
90	848	0	0	0	1	0	2.811084
91	858	0	0	0	0	0	1.348930
92	867	0	0	0	0	0	1.460229
93	881	0	0	0	1	0	1.068362
94	889	0	0	0	0	0	2.767827
95	899	0	0	0	0	0	1.325674
96	906	0	0	0	2	0	2.390539
97	917	0	0	0	1	0	2.099957
98	928	0	0	0	1	0	1.210540
99	937	0	0	0	1	0	1.661469
100	948	0	0	0	0	0	1.668245
101	959	0	0	0	0	0	2.493518
102	970	0	0	0	1	0	2.282200
103	980	0	0	0	0	0	1.573301
104	993	0	0	0	2	0	1.995415
105	1000	0	0	0	1	0	2.037287
106	1004	0	0	0	1	0	2.356352
107	1008	0	0	0	2	0	2.401120
108	1020	0	0	0	0	0	2.868636
109	1030	0	0	0	0	0	1.696410
110	1037	0	0	0	1	0	2.503936
111	1045	0	0	0	0	0	1.664357
112	1053	0	0	0	0	0	2.547424
113	1062	0	0	0	0	0	1.598688
114	1076	0	0	0	0	0	2.971936
115	1085	0	0	0	1	0	1.675721
116	1096	0	0	0	1	0	1.582370
117	1102	0	0	0	0	0	1.703080
118	1116	0	0	0	1	0	2.788010
119	1132	0	0	0	2	0	2.345732
120	1146	0	0	0	0	0	2.856593
121	1152	0	0	0	0	0	2.131676
122	1164	0	0	0	1	0	2.519912
123	1173	0	0	0	1	0	2.481530
124	1186	0	0	0	1	0	2.084891
125	1196	0	0	0	1	0	1.097823
126	1201	0	0	0	0	0	1.845999
127	1214	0	0	0	2	0	1.719960
128	1226	0	0	0	0	0	1.819661
129	1229	0	0	0	0	0	2.355643
130	1239	0	0	0	0	0	1.989374
131	1253	0	0	0	0	0	1.389100
132	1261	0	0	0	1	0	2.048338
133	1265	0	0	0	1	0	1.249288
134	1272	0	0	0	1	0	1.565251
135	1285	0	0	0	1	0	1.991643
136	1298	0	0	0	2	0	1.565750
137	1313	0	0	0	2	0	1.643924
138	1322	0	0	0	0	0	1.627285
139	1335	0	0	0	1	0	1.384468
140	1347	0	0	0	2	0	1.611884
141	1357	0	0	0	1	0	1.813468
142	1363	0	0	0	0	0	2.653578
143	1372	0	0	0	2	0	1.679637
144	1377	0	0	0	2	0	1.490333
145	1392	0	0	0	2	0	2.057603
146	1401	0	0	0	1	0	2.057168
147	1415	0	0	0	1	0	2.071398
148	1423	0	0	0	1	0	2.803372
149	1431	0	0	0	1	0	2.041101
150	1436	0	0	0	0	0	1.130317
151	1447	0	0	0	0	0	1.927613
152	1458	0	0	0	1	0	1.564665
153	1465	0	0	0	0	0	1.561384
154	1475	0	0	0	1	0	1.399301
155	1485	0	0	0	2	0	2.163306
156	1495	0	0	0	0	0	1.951223
157	1499	0	0	0	0	0	1.609049
158	1507	0	0	0	2	0	1.856746
159	1514	0	0	0	2	0	1.513973
160	1526	0	0	0	0	0	1.936373
161	1536	0	0	0	1	0	2.113321
162	1549	0	0	0	1	0	2.433915
163	1559	0	0	0	0	0	1.946495
164	1567	0	0	0	1	0	2.900346
165	1577	0	0	0	0	0	1.860722
166	1585	0	0	0	1	0	1.819265
167	1599	0	0	0	2	0	1.341726
168	1612	0	0	0	1	0	1.072028
169	1619	0	0	0	1	0	1.637457
170	1628	0	0	0	0	0	1.422480
171	1634	0	0	0	0	0	1.038982
172	1641	0	0	0	1	0	1.300430
173	1653	0	0	0	2	0	1.860403
174	1663	0	0	0	1	0	1.398537
175	1670	0	0	0	1	0	2.405165
176	1684	0	0	0	0	0	1.937891
177	1688	0	0	0	1	0	1.053884
178	1697	0	0	0	2	0	2.824540
179	1706	0	0	0	0	0	1.053233
180	1717	0	0	0	2	0	2.781063
181	1729	0	0	0	0	0	2.138348
182	1741	0	0	0	0	0	2.052701
183	1753	0	0	0	1	0	1.088787
184	1759	0	0	0	0	0	1.807990
185	1768	0	0	0	1	0	2.609611
186	1778	0	0	0	1	0	2.656956
187	1787	0	0	0	0	0	2.901248
188	1798	0	0	0	2	0	1.951536
189	1806	0	0	0	2	0	2.664565
190	1814	0	0	0	1	0	1.554310
191	1822	0	0	0	0	0	1.557142
192	1831	0	0	0	1	0	1.786383
193	1843	0	0	0	0	0	1.675949
194	1859	0	0	0	0	0	2.172333
195	1867	0	0	0	1	0	1.175882
196	1877	0	0	0	2	0	1.547319
197	1885	0	0	0	1	0	2.105907
198	1896	0	0	0	1	0	1.193373
199	1910	0	0	0	1	0	2.881745
200	1918	0	0	0	2	0	1.808479
201	1930	0	0	0	1	0	2.396055
202	1937	0	0	0	0	0	2.683455
203	1945	0	0	0	0	0	2.971109
204	1953	0	0	0	1	0	2.119420
205	1960	0	0	0	1	0	2.526924
206	1970	0	0	0	1	0	1.598787
207	1982	0	0	0	1	0	2.272900
208	1989	0	0	0	1	0	2.603146
209	1999	0	0	0	1	0	2.414066
210	2007	0	0	0	0	0	1.758893
211	2021	0	0	0	2	0	2.418689
212	2029	0	0	0	2	0	1.531802
213	2035	0	0	0	2	0	2.150935
214	2044	0	0	0	2	0	2.364873
215	2055	0	0	0	0	0	2.981606
216	2066	0	0	0	1	0	1.610746
217	2079	0	0	0	0	0	1.909247
218	2086	0	0	0	1	0	1.778358
219	2102	0	0	0	2	0	2.169614
220	2113	0	0	0	0	0	2.747581
221	2122	0	0	0	1	0	2.066568
222	2126	0	0	0	0	0	2.683718
223	2138	0	0	0	1	0	1.385413
224	2145	0	0	0	2	0	2.847603
225	2154	0	0	0	2	0	2.242621
226	2166	0	0	0	2	0	1.746348
227	2174	0	0	0	0	0	1.906104
228	2181	0	0	0	0	0	1.827796
229	2188	0	0	0	2	0	1.704796
230	2194	0	0	0	1	0	1.418851
231	2204	0	0	0	0	0	1.778437
232	2210	0	0	0	0	0	2.179611
233	2221	0	0	0	0	0	2.305826
234	2231	0	0	0	0	0	2.128191
235	2241	0	0	0	1	0	2.766127
236	2248	0	0	0	2	0	1.746557
237	2255	0	0	0	0	0	1.668268
238	2262	0	0	0	1	0	1.804161
239	2269	0	0	0	2	0	1.757382
240	2278	0	0	0	0	0	2.941997
241	2283	0	0	0	2	0	2.116898
242	2294	0	0	0	0	0	2.700775
243	2302	0	0	0	1	0	1.225429
244	2314	0	0	0	2	0	2.841796
245	2322	0	0	0	1	0	2.914747
246	2330	0	0	0	1	0	1.425890
247	2339	0	0	0	0	0	2.985970
248	2347	0	0	0	0	0	2.504233
249	2355	0	0	0	0	0	2.759039
250	2360	0	0	0	1	0	2.920001
251	2370	0	0	0	0	0	2.734701
252	2381	0	0	0	0	0	1.269707
253	2394	0	0	0	1	0	2.208737
254	2402	0	0	0	0	0	1.937204
255	2410	0	0	0	1	0	2.302712
256	2420	0	0	0	1	0	2.547882
257	2434	0	0	0	0	0	1.419062
258	2445	0	0	0	1	0	1.822355
259	2455	0	0	0	0	0	2.585558
260	2461	0	0	0	0	0	2.413467
261	2470	0	0	0	0	0	1.724932
262	2480	0	0	0	2	0	1.298390
263	2488	0	0	0	1	0	2.313453
264	2496	0	0	0	0	0	2.075946
265	2506	0	0	0	0	0	1.714061
266	2516	0	0	0	1	0	2.993924
267	2530	0	0	0	1	0	2.662093
268	2540	0	0	0	0	0	1.386836
269	2549	0	0	0	1	0	1.972313
270	2557	0	0	0	1	0	1.175907
271	2568	0	0	0	2	0	2.939614
272	2576	0	0	0	1	0	2.380332
273	2585	0	0	0	1	0	1.198836
274	2592	0	0	0	2	0	1.620555
275	2600	0	0	0	2	0	1.487284
276	2613	0	0	0	1	0	2.713772
277	2627	0	0	0	0	0	1.725907
278	2638	0	0	0	0	0	2.509660
279	2645	0	0	0	2	0	2.569264
280	2657	0	0	0	1	0	1.663758
281	2667	0	0	0	2	0	1.713142
282	2672	0	0	0	0	0	2.452118
283	2683	0	0	0	1	0	2.150392
284	2693	0	0	0	0	0	2.016702
285	2703	0	0	0	1	0	2.988250
286	2711	0	0	0	1	0	2.367749
287	2725	0	0	0	1	0	1.703082
288	2733	0	0	0	2	0	1.413310
289	2742	0	0	0	0	0	2.320789
290	2753	0	0	0	2	0	2.011075
291	2764	0	0	0	1	0	1.897636
292	2777	0	0	0	0	0	2.705404
293	2783	0	0	0	0	0	2.732767
294	2791	0	0	0	1	0	1.293180
295	2800	0	0	0	1	0	1.462588
296	2811	0	0	0	1	0	1.955051
297	2820	0	0	0	2	0	2.764494
298	2831	0	0	0	0	0	1.553011
299	2840	0	0	0	0	0	2.707437
300	2849	0	0	0	0	0	1.200086
301	2860	0	0	0	1	0	1.206866
302	2870	0	0	0	0	0	2.667390
303	2880	0	0	0	0	0	2.961991
304	2888	0	0	0	0	0	2.289505
305	2900	0	0	0	1	0	1.270486
306	2906	0	0	0	0	0	2.392220
307	2916	0	0	0	1	0	1.368478
308	2933	0	0	0	2	0	2.925167
309	2942	0	0	0	2	0	2.571946
310	2953	0	0	0	2	0	1.878079
311	2965	0	0	0	0	0	1.507324
312	2970	0	0	0	0	0	2.172824
313	2981	0	0	0	0	0	1.326696
314	2991	0	0	0	0	0	2.119333
315	2999	0	0	0	0	0	1.567436
316	3007	0	0	0	2	0	1.659255
317	3016	0	0	0	2	0	1.762539
318	3036	0	0	0	1	0	2.580371
319	3053	0	0	0	0	0	2.526060
320	3060	0	0	0	2	0	2.920396
321	3080	0	0	0	2	0	2.774453
322	3089	0	0	0	0	0	2.985868
323	3106	0	0	0	1	0	1.260045
324	3114	0	0	0	2	0	1.329750
325	3125	0	0	0	2	0	1.488164
326	3138	0	0	0	1	0	2.197875
327	3146	0	0	0	0	0	2.413933
328	3155	0	0	0	1	0	1.900831
329	3164	0	0	0	0	0	1.211581
330	3167	0	0	0	1	0	2.053620
331	3175	0	0	0	1	0	2.627034
332	3188	0	0	0	1	0	1.138688
333	3198	0	0	0	1	0	1.255973
334	3208	0	0	0	1	0	2.940880
335	3216	0	0	0	2	0	1.482913
336	3220	0	0	0	0	0	1.152560
337	3229	0	0	0	2	0	1.342040
338	3239	0	0	0	1	0	2.419831
339	3254	0	0	0	0	0	2.311100
340	3264	0	0	0	1	0	2.587793
341	3278	0	0	0	1	0	2.127988
342	3286	0	0	0	2	0	1.439010
343	3300	0	0	0	2	0	1.693683
344	3308	0	0	0	1	0	1.218703
345	3320	0	0	0	2	0	1.133404
346	3326	0	0	0	0	0	2.005220
347	3339	0	0	0	1	0	2.493407
348	3346	0	0	0	2	0	1.360503
349	3355	0	0	0	1	0	2.186879
350	3367	0	0	0	1	0	2.498596
351	3372	0	0	0	0	0	2.216050
352	3382	0	0	0	1	0	1.113693
353	3394	0	0	0	0	0	1.177394
354	3403	0	0	0	1	0	2.667198
355	3414	0	0	0	2	0	1.912855
356	3427	0	0	0	2	0	1.402529
357	3440	0	0	0	1	0	2.334095
358	3446	0	0	0	0	0	2.121486
359	3456	0	0	0	1	0	1.665533
360	3464	0	0	0	2	0	1.177817
361	3475	0	0	0	2	0	1.711958
362	3488	0	0	0	2	0	2.894990
363	3499	0	0	0	1	0	2.865601
364	3514	0	0	0	0	0	1.879763
365	3523	0	0	0	0	0	1.878357
366	3538	0	0	0	0	0	1.344296
367	3543	0	0	0	1	0	2.430140
368	3550	0	0	0	2	0	1.477929
369	3564	0	0	0	1	0	1.907493
370	3578	0	0	0	2	0	1.029933
371	3590	0	0	0	0	0	2.433041
372	3601	0	0	0	2	0	1.244805
373	3613	0	0	0	1	0	1.904236
374	3626	0	0	0	2	0	1.105015
375	3634	0	0	0	0	0	1.065848
376	3644	0	0	0	0	0	1.920136
377	3655	0	0	0	0	0	2.673100
378	3669	0	0	0	1	0	2.818148
379	3680	0	0	0	1	0	2.715781
380	3692	0	0	0	0	0	1.552880
381	3703	0	0	0	1	0	2.828041
382	3711	0	0	0	1	0	1.757313
383	3725	0	0	0	0	0	2.454389
384	3739	0	0	0	2	0	1.096663
385	3752	0	0	0	1	0	1.351334
386	3762	0	0	0	0	0	2.131257
387	3770	0	0	0	1	0	1.838961
388	3773	0	0	0	0	0	1.808541
389	3779	0	0	0	0	0	1.161484
390	3790	0	0	0	0	0	2.563323
391	3795	0	0	0	1	0	2.191873
392	3805	0	0	0	2	0	2.759093
393	3819	0	0	0	1	0	2.159973
394	3829	0	0	0	1	0	2.260114
395	3839	0	0	0	1	0	1.939277
396	3849	0	0	0	1	0	2.075821
397	3860	0	0	0	1	0	1.014041
398	3869	0	0	0	2	0	2.184078
399	3883	0	0	0	0	0	2.063859
400	3886	0	0	0	1	0	1.560879
401	3898	0	0	0	2	0	2.705068
402	3909	0	0	0	0	0	2.929469
403	3923	0	0	0	2	0	2.478887
404	3930	0	0	0	1	0	2.257556
405	3941	0	0	0	1	0	2.370493
406	3945	0	0	0	0	0	2.883544
407	3957	0	0	0	2	0	2.716847
408	3965	0	0	0	2	0	1.543501
409	3979	0	0	0	2	0	1.181653
410	3990	0	0	0	2	0	1.347086
411	4004	0	0	0	1	0	2.592680
412	4013	0	0	0	1	0	2.746474
413	4025	0	0	0	2	0	2.565781
414	4033	0	0	0	0	0	1.504991
415	4039	0	0	0	0	0	1.660767
416	4047	0	0	0	0	0	1.384442
417	4059	0	0	0	0	0	1.807275
418	4071	0	0	0	0	0	1.768226
419	4078	0	0	0	0	0	2.075837
420	4090	0	0	0	0	0	2.891592
421	4098	0	0	0	1	0	1.778814
422	4109	0	0	0	0	0	1.929376
423	4118	0	0	0	0	0	1.102371
424	4127	0	0	0	1	0	2.457773
425	4135	0	0	0	2	0	1.255696
426	4141	0	0	0	1	0	2.435416
427	4149	0	0	0	1	0	1.072755
428	4163	0	0	0	0	0	1.181754
429	4168	0	0	0	2	0	1.946490
430	4177	0	0	0	1	0	2.430823
431	4188	0	0	0	0	0	1.195631
432	4197	0	0	0	0	0	1.945983
433	4210	0	0	0	0	0	2.611348
434	4223	0	0	0	2	0	2.670612
435	4233	0	0	0	2	0	1.381332
436	4240	0	0	0	2	0	2.114000
437	4251	0	0	0	0	0	2.752160
438	4258	0	0	0	0	0	1.012660
439	4268	0	0	0	2	0	1.439000
440	4277	0	0	0	2	0	2.212833
441	4287	0	0	0	0	0	1.681247
442	4296	0	0	0	0	0	1.436920
443	4305	0	0	0	1	0	1.226327
444	4318	0	0	0	2	0	2.615248
445	4325	0	0	0	0	0	2.108676
446	4335	0	0	0	1	0	2.367377
447	4346	0	0	0	0	0	1.775793
448	4352	0	0	0	2	0	1.141199
449	4362	0	0	0	0	0	1.231822
450	4370	0	0	0	0	0	1.123498
451	4383	0	0	0	2	0	2.707819
452	4391	0	0	0	0	0	2.763600
453	4402	0	0	0	2	0	2.220215
454	4412	0	0	0	1	0	1.180038
455	4421	0	0	0	0	0	1.100839
456	4429	0	0	0	1	0	2.238315
457	4437	0	0	0	2	0	2.027882
458	4445	0	0	0	2	0	2.542294
459	4456	0	0	0	1	0	1.963306
460	4462	0	0	0	1	0	1.237407
461	4472	0	0	0	2	0	1.795421
462	4482	0	0	0	0	0	1.832978
463	4492	0	0	0	1	0	2.296062
464	4503	0	0	0	0	0	2.796020
465	4511	0	0	0	0	0	1.003463
466	4520	0	0	0	1	0	1.299725
467	4533	0	0	0	0	0	2.798804
468	4544	0	0	0	1	0	1.252860
469	4552	0	0	0	2	0	2.674555
470	4560	0	0	0	2	0	1.502889
471	4568	0	0	0	2	0	2.950693
472	4575	0	0	0	0	0	1.699217
473	4586	0	0	0	2	0	2.185378
474	4595	0	0	0	1	0	2.635505
475	4606	0	0	0	0	0	2.664844
476	4613	0	0	0	0	0	1.382073
477	4621	0	0	0	1	0	2.154568
478	4634	0	0	0	0	0	1.758123
479	4650	0	0	0	1	0	2.333936
480	4665	0	0	0	2	0	2.113830
481	4677	0	0	0	0	0	1.221303
482	4683	0	0	0	1	0	1.364173
483	4689	0	0	0	0	0	2.306040
484	4694	0	0	0	0	0	1.267120
485	4704	0	0	0	1	0	2.427449
486	4716	0	0	0	2	0	1.887868
487	4728	0	0	0	1	0	2.886691
488	4737	0	0	0	0	0	2.451800
489	4751	0	0	0	1	0	2.125489
490	4762	0	0	0	0	0	2.871065
491	4770	0	0	0	1	0	2.925934
492	4782	0	0	0	2	0	1.085519
493	4794	0	0	0	1	0	2.182796
494	4801	0	0	0	1	0	1.513829
495	4815	0	0	0	1	0	2.874638
496	4822	0	0	0	0	0	2.268684
497	4828	0	0	0	0	0	1.995694
498	4834	0	0	0	2	0	1.854470
499	4848	0	0	0	1	0	2.097874
500	4860	0	0	0	0	0	2.400460
501	4871	0	0	0	0	0	1.265117
502	4887	0	0	0	0	0	2.642539
503	4897	0	0	0	1	0	1.231942
504	4908	0	0	0	1	0	2.218705
505	4920	0	0	0	1	0	1.238333
506	4928	0	0	0	1	0	1.955671
507	4935	0	0	0	0	0	2.752790
508	4955	0	0	0	0	0	2.784261
509	4966	0	0	0	0	0	2.808204
510	4980	0	0	0	0	0	2.158557
511	4994	0	0	0	1	0	1.949150
512	5006	0	0	0	2	0	2.401285
513	5013	0	0	0	1	0	1.879136
514	5024	0	0	0	1	0	1.688742
515	5039	0	0	0	0	0	2.097225
516	5050	0	0	0	0	0	2.532031
517	5063	0	0	0	2	0	1.881031
518	5069	0	0	0	1	0	2.030914
519	5081	0	0	0	0	0	2.433481
520	5089	0	0	0	1	0	2.214220
521	5102	0	0	0	0	0	1.244196
522	5113	0	0	0	2	0	1.449343
523	5125	0	0	0	0	0	2.915181
524	5132	0	0	0	2	0	2.824506
525	5144	0	0	0	0	0	1.691147
526	5157	0	0	0	1	0	1.389741
527	5170	0	0	0	0	0	1.188974
528	5176	0	0	0	2	0	2.084538
529	5183	0	0	0	2	0	2.930905
530	5193	0	0	0	1	0	2.825948
531	5199	0	0	0	1	0	1.170127
532	5210	0	0	0	0	0	2.228558
533	5218	0	0	0	1	0	1.643780
534	5231	0	0	0	2	0	1.647734
535	5242	0	0	0	0	0	1.459128
536	5248	0	0	0	0	0	1.316292
537	5259	0	0	0	2	0	2.174899
538	5276	0	0	0	2	0	1.787739
539	5292	0	0	0	1	0	1.939071
540	5297	0	0	0	0	0	2.437101
541	5306	0	0	0	1	0	2.440386
542	5312	0	0	0	1	0	2.898075
543	5319	0	0	0	2	0	1.211454
544	5326	0	0	0	0	0	2.259659
545	5334	0	0	0	2	0	2.731432
546	5341	0	0	0	1	0	1.723998
547	5354	0	0	0	1	0	2.769387
548	5366	0	0	0	1	0	2.748632
549	5377	0	0	0	0	0	2.692647
550	5393	0	0	0	1	0	2.034911
551	5403	0	0	0	2	0	1.989646
552	5415	0	0	0	1	0	2.801046
553	5423	0	0	0	0	0	2.918455
554	5429	0	0	0	0	0	2.257054
555	5442	0	0	0	0	0	2.641349
556	5457	0	0	0	1	0	2.762487
557	5464	0	0	0	1	0	1.010209
558	5471	0	0	0	1	0	1.573489
559	5478	0	0	0	0	0	1.536863
560	5498	0	0	0	0	0	2.831239
561	5505	0	0	0	0	0	1.282563
562	5516	0	0	0	1	0	1.060962
563	5527	0	0	0	1	0	1.394995
564	5535	0	0	0	2	0	2.928440
565	5541	0	0	0	0	0	2.309033
566	5551	0	0	0	1	0	1.995900
567	5561	0	0	0	1	0	2.305335
568	5571	0	0	0	2	0	2.412236
569	5582	0	0	0	0	0	1.104343
570	5590	0	0	0	1	0	1.320727
571	5592	0	0	0	1	0	2.498490
572	5605	0	0	0	0	0	2.078017
573	5612	0	0	0	2	0	1.957383
574	5619	0	0	0	1	0	2.348044
575	5627	0	0	0	1	0	2.509658
576	5641	0	0	0	1	0	2.173657
577	5653	0	0	0	0	0	2.064039
578	5662	0	0	0	1	0	1.950190
579	5673	0	0	0	1	0	1.580745
580	5680	0	0	0	0	0	2.648349
581	5687	0	0	0	0	0	2.187913
582	5693	0	0	0	1	0	1.189085
583	5698	0	0	0	0	0	1.452909
584	5713	0	0	0	0	0	2.897841
585	5722	0	0	0	1	0	2.780934
586	5741	0	0	0	1	0	2.743537
587	5749	0	0	0	0	0	2.548139
588	5756	0	0	0	0	0	2.204948
589	5771	0	0	0	2	0	2.287453
590	5780	0	0	0	1	0	1.332517
591	5785	0	0	0	0	0	1.171379
592	5795	0	0	0	2	0	2.086602
593	5806	0	0	0	1	0	2.139147
594	5818	0	0	0	1	0	1.724009
595	5825	0	0	0	0	0	2.769629
596	5836	0	0	0	0	0	2.585040
597	5843	0	0	0	1	0	2.166141
598	5852	0	0	0	1	0	2.818268
599	5862	0	0	0	1	0	1.953657
600	5872	0	0	0	0	0	1.676651
601	5881	0	0	0	0	0	2.307977
602	5888	0	0	0	1	0	1.346125
603	5897	0	0	0	1	0	1.869110
604	5910	0	0	0	0	0	2.834317
605	5923	0	0	0	1	0	1.589790
606	5930	0	0	0	2	0	1.645186
607	5944	0	0	0	1	0	2.174162
608	5950	0	0	0	0	0	2.240758
609	5958	0	0	0	2	0	2.795163
610	5967	0	0	0	1	0	2.418123
611	5981	0	0	0	1	0	2.757986
612	5987	0	0	0	2	0	1.002665
613	5995	0	0	0	0	0	1.341245
614	6002	0	0	0	1	0	2.226636
615	6017	0	0	0	2	0	1.556678
616	6036	0	0	0	0	0	1.112305
617	6042	0	0	0	0	0	2.637054
618	6058	0	0	0	1	0	1.679064
619	6071	0	0	0	1	0	1.443282
620	6089	0	0	0	0	0	1.217161
621	6095	0	0	0	1	0	1.333218
622	6111	0	0	0	1	0	1.962832
623	6122	0	0	0	0	0	2.192606
624	6128	0	0	0	0	0	1.161685
625	6136	0	0	0	1	0	1.594079
626	6149	0	0	0	0	0	1.259418
627	6161	0	0	0	2	0	1.742741
628	6174	0	0	0	0	0	2.210191
629	6184	0	0	0	0	0	2.480035
630	6197	0	0	0	1	0	1.505931
631	6206	0	0	0	0	0	1.964531
632	6217	0	0	0	2	0	1.163811
633	6222	0	0	0	0	0	1.449895
634	6230	0	0	0	1	0	1.691895
635	6239	0	0	0	1	0	1.724127
636	6250	0	0	0	2	0	2.136380
637	6260	0	0	0	0	0	1.573842
638	6269	0	0	0	2	0	1.210673
639	6275	0	0	0	1	0	2.287632
640	6287	0	0	0	0	0	2.599883
641	6295	0	0	0	2	0	1.565548
642	6304	0	0	0	0	0	2.942613
643	6313	0	0	0	1	0	2.733744
644	6326	0	0	0	1	0	1.280186
645	6334	0	0	0	1	0	1.808574
646	6346	0	0	0	0	0	2.875587
647	6353	0	0	0	2	0	2.593531
648	6365	0	0	0	2	0	2.599458
649	6375	0	0	0	0	0	1.572434
650	6379	0	0	0	1	0	1.955740
651	6393	0	0	0	1	0	1.966536
652	6402	0	0	0	0	0	1.938041
653	6412	0	0	0	0	0	2.833086
654	6423	0	0	0	0	0	1.844278
655	6435	0	0	0	0	0	1.133302
656	6446	0	0	0	0	0	1.294236
657	6458	0	0	0	0	0	2.586498
658	6469	0	0	0	1	0	1.752829
659	6475	0	0	0	0	0	2.003421
660	6487	0	0	0	1	0	2.818308
661	6494	0	0	0	2	0	2.703423
662	6511	0	0	0	1	0	2.623295
663	6529	0	0	0	2	0	2.741736
664	6539	0	0	0	1	0	1.508640
665	6545	0	0	0	1	0	1.615903
666	6557	0	0	0	1	0	1.787651
667	6565	0	0	0	0	0	1.160265
668	6571	0	0	0	0	0	2.307586
669	6581	0	0	0	2	0	1.440287
670	6593	0	0	0	2	0	1.846000
671	6602	0	0	0	1	0	1.124608
672	6612	0	0	0	1	0	1.841660
673	6624	0	0	0	0	0	1.939768
674	6637	0	0	0	0	0	1.152678
675	6646	0	0	0	0	0	1.760573
676	6655	0	0	0	1	0	2.572030
677	6676	0	0	0	0	0	1.462634
678	6689	0	0	0	0	0	2.025917
679	6693	0	0	0	1	0	1.861336
680	6703	0	0	0	2	0	1.541326
681	6717	0	0	0	0	0	2.021626
682	6727	0	0	0	1	0	2.268773
683	6744	0	0	0	0	0	1.220806
684	6752	0	0	0	1	0	2.710813
685	6758	0	0	0	2	0	1.583071
686	6771	0	0	0	2	0	1.970882
687	6780	0	0	0	0	0	2.168483
688	6789	0	0	0	1	0	1.762372
689	6803	0	0	0	0	0	1.505377
690	6814	0	0	0	0	0	2.400921
691	6822	0	0	0	0	0	2.267311
692	6831	0	0	0	0	0	2.807971
693	6839	0	0	0	1	0	1.646195
694	6845	0	0	0	0	0	2.523718
695	6857	0	0	0	1	0	1.949181
696	6872	0	0	0	1	0	2.538488
697	6883	0	0	0	2	0	1.079288
698	6892	0	0	0	0	0	1.731848
699	6901	0	0	0	0	0	1.803753
700	6910	0	0	0	0	0	1.735290
701	6917	0	0	0	0	0	2.372459
702	6923	0	0	0	0	0	1.839868
703	6929	0	0	0	1	0	2.979178
704	6939	0	0	0	2	0	2.730156
705	6951	0	0	0	1	0	1.245480
706	6962	0	0	0	1	0	1.285724
707	6971	0	0	0	1	0	2.422917
708	6978	0	0	0	1	0	1.119694
709	6987	0	0	0	1	0	2.401971
710	7000	0	0	0	1	0	1.131085
711	7013	0	0	0	2	0	1.848359
712	7027	0	0	0	1	0	1.575422
713	7040	0	0	0	1	0	1.581045
714	7048	0	0	0	1	0	2.086033
715	7060	0	0	0	2	0	2.801201
716	7071	0	0	0	0	0	2.309618
717	7086	0	0	0	1	0	1.582167
718	7094	0	0	0	0	0	1.787330
719	7104	0	0	0	0	0	1.687479
720	7111	0	0	0	2	0	1.787992
721	7122	0	0	0	1	0	1.489790
722	7133	0	0	0	0	0	2.060185
723	7145	0	0	0	1	0	1.307146
724	7154	0	0	0	1	0	1.876869
725	7168	0	0	0	1	0	1.293071
726	7181	0	0	0	2	0	2.504935
727	7185	0	0	0	0	0	1.050947
728	7196	0	0	0	1	0	1.010396
729	7200	0	0	0	2	0	1.115131
730	7212	0	0	0	2	0	2.168904
731	7223	0	0	0	0	0	2.907007
732	7237	0	0	0	0	0	2.701897
733	7246	0	0	0	0	0	2.393444
734	7258	0	0	0	1	0	1.960825
735	7269	0	0	0	1	0	1.134197
736	7281	0	0	0	2	0	2.159039
737	7287	0	0	0	1	0	1.321077
738	7295	0	0	0	0	0	2.043227
739	7301	0	0	0	1	0	2.445184
740	7310	0	0	0	1	0	1.928919
741	7313	0	0	0	0	0	2.625517
742	7325	0	0	0	1	0	1.383337
743	7340	0	0	0	0	0	2.777802
744	7351	0	0	0	0	0	1.389955
745	7364	0	0	0	2	0	2.305831
746	7377	0	0	0	2	0	1.326630
747	7387	0	0	0	2	0	1.761970
748	7393	0	0	0	1	0	2.194019
749	7401	0	0	0	0	0	1.410105
750	7407	0	0	0	0	0	2.097707
751	7416	0	0	0	1	0	1.044819
752	7427	0	0	0	2	0	2.741230
753	7442	0	0	0	0	0	2.247124
754	7451	0	0	0	0	0	1.869649
755	7460	0	0	0	0	0	2.485673
756	7475	0	0	0	2	0	2.388267
757	7488	0	0	0	1	0	1.082365
758	7499	0	0	0	2	0	2.618915
759	7514	0	0	0	1	0	1.008313
760	7521	0	0	0	0	0	2.365691
761	7532	0	0	0	0	0	1.859951
762	7547	0	0	0	2	0	1.398102
763	7553	0	0	0	1	0	2.682039
764	7561	0	0	0	2	0	1.105208
765	7574	0	0	0	1	0	1.628431
766	7589	0	0	0	0	0	2.385907
767	7599	0	0	0	0	0	2.536673
768	7609	0	0	0	2	0	2.401807
769	7620	0	0	0	0	0	1.024535
770	7630	0	0	0	1	0	1.850041
771	7638	0	0	0	0	0	1.807244
772	7653	0	0	0	2	0	2.521659
773	7664	0	0	0	1	0	2.376625
774	7674	0	0	0	2	0	1.149943
775	7685	0	0	0	1	0	1.231568
776	7697	0	0	0	0	0	1.927331
777	7706	0	0	0	0	0	1.563863
778	7723	0	0	0	0	0	2.903133
779	7731	0	0	0	2	0	1.139161
780	7741	0	0	0	0	0	2.682052
781	7749	0	0	0	0	0	2.629513
782	7763	0	0	0	0	0	1.026362
783	7772	0	0	0	2	0	1.613829
784	7778	0	0	0	2	0	1.639040
785	7792	0	0	0	1	0	1.971642
786	7793	0	0	0	2	0	2.097309
787	7801	0	0	0	2	0	1.404307
788	7816	0	0	0	1	0	1.975003
789	7829	0	0	0	0	0	1.428310
790	7844	0	0	0	0	0	1.772542
791	7854	0	0	0	2	0	2.373390
792	7869	0	0	0	2	0	2.090806
793	7877	0	0	0	0	0	1.322892
794	7884	0	0	0	1	0	1.751685
795	7891	0	0	0	0	0	1.482395
796	7901	0	0	0	1	0	1.143453
797	7915	0	0	0	2	0	2.120764
798	7922	0	0	0	1	0	1.951003
799	7928	0	0	0	2	0	2.035975
800	7935	0	0	0	1	0	2.400217
801	7941	0	0	0	2	0	1.893769
802	7957	0	0	0	1	0	1.323875
803	7970	0	0	0	0	0	2.212194
804	7974	0	0	0	0	0	1.935350
805	7986	0	0	0	0	0	2.643287
806	8002	0	0	0	0	0	2.567572
807	8009	0	0	0	0	0	2.635536
808	8018	0	0	0	1	0	1.411042
809	8028	0	0	0	0	0	2.797224
810	8038	0	0	0	0	0	2.933242
811	8046	0	0	0	0	0	1.501149
812	8054	0	0	0	0	0	2.130458
813	8062	0	0	0	2	0	2.847530
814	8070	0	0	0	0	0	2.266194
815	8081	0	0	0	0	0	1.025491
816	8096	0	0	0	0	0	2.097061
817	8103	0	0	0	1	0	2.578215
818	8109	0	0	0	2	0	2.873259
819	8121	0	0	0	1	0	1.957195
820	8127	0	0	0	1	0	2.258334
821	8137	0	0	0	1	0	2.549217
822	8145	0	0	0	0	0	2.203235
823	8152	0	0	0	1	0	2.311194
824	8159	0	0	0	2	0	1.195986
825	8165	0	0	0	1	0	1.609296
826	8179	0	0	0	2	0	2.033519
827	8189	0	0	0	0	0	2.612109
828	8197	0	0	0	0	0	2.465830
829	8205	0	0	0	2	0	2.545685
830	8214	0	0	0	2	0	1.887648
831	8222	0	0	0	1	0	1.891938
832	8224	0	0	0	1	0	1.452322
833	8228	0	0	0	1	0	2.892674
834	8235	0	0	0	1	0	1.425190
835	8241	0	0	0	0	0	1.985217
836	8249	0	0	0	0	0	2.216045
837	8266	0	0	0	1	0	1.685245
838	8275	0	0	0	0	0	2.028352
839	8284	0	0	0	1	0	1.656409
840	8296	0	0	0	0	0	2.366641
841	8301	0	0	0	1	0	2.092288
842	8308	0	0	0	0	0	1.334499
843	8314	0	0	0	1	0	1.223734
844	8327	0	0	0	2	0	1.607521
845	8337	0	0	0	1	0	1.752054
846	8346	0	0	0	0	0	1.682825
847	8357	0	0	0	0	0	2.496895
848	8364	0	0	0	1	0	1.772479
849	8373	0	0	0	0	0	1.382835
850	8381	0	0	0	0	0	2.285159
851	8389	0	0	0	1	0	1.737784
852	8399	0	0	0	2	0	1.289928
853	8408	0	0	0	0	0	2.144826
854	8418	0	0	0	1	0	1.613673
855	8428	0	0	0	0	0	1.892454
856	8441	0	0	0	1	0	1.590466
857	8448	0	0	0	1	0	1.741228
858	8455	0	0	0	1	0	1.956850
859	8465	0	0	0	1	0	1.703160
860	8471	0	0	0	2	0	2.525845
861	8486	0	0	0	1	0	1.312553
862	8494	0	0	0	2	0	2.955221
863	8499	0	0	0	0	0	1.906172
864	8514	0	0	0	1	0	2.058079
865	8521	0	0	0	0	0	1.836132
866	8530	0	0	0	2	0	2.225549
867	8538	0	0	0	1	0	2.442374
868	8547	0	0	0	1	0	1.171852
869	8552	0	0	0	1	0	1.442335
870	8562	0	0	0	1	0	1.910232
871	8571	0	0	0	0	0	1.942185
872	8587	0	0	0	2	0	2.630479
873	8593	0	0	0	0	0	2.309616
874	8607	0	0	0	0	0	1.203328
875	8617	0	0	0	0	0	1.919136
876	8628	0	0	0	1	0	1.209095
877	8638	0	0	0	1	0	1.756029
878	8645	0	0	0	0	0	1.056835
879	8655	0	0	0	2	0	1.883991
880	8671	0	0	0	1	0	2.620332
881	8678	0	0	0	0	0	2.551018
882	8685	0	0	0	2	0	2.413832
883	8694	0	0	0	0	0	2.498702
884	8712	0	0	0	0	0	1.950454
885	8722	0	0	0	2	0	1.382763
886	8728	0	0	0	1	0	1.688080
887	8737	0	0	0	1	0	1.456874
888	8748	0	0	0	2	0	1.430372
889	8762	0	0	0	1	0	2.565423
890	8768	0	0	0	1	0	1.565188
891	8782	0	0	0	0	0	1.955513
892	8788	0	0	0	0	0	2.048950
893	8795	0	0	0	1	0	1.800720
894	8803	0	0	0	1	0	2.116996
895	8814	0	0	0	0	0	2.055855
896	8828	0	0	0	1	0	2.453431
897	8845	0	0	0	1	0	2.535272
898	8859	0	0	0	1	0	1.743752
899	8874	0	0	0	1	0	2.250723
900	8886	0	0	0	1	0	2.498519
901	8896	0	0	0	0	0	1.397373
902	8904	0	0	0	1	0	1.889469
903	8918	0	0	0	0	0	1.605287
904	8929	0	0	0	0	0	1.854443
905	8939	0	0	0	0	0	2.840264
906	8950	0	0	0	0	0	1.481887
907	8959	0	0	0	1	0	1.988406
908	8970	0	0	0	2	0	1.115850
909	8977	0	0	0	0	0	2.921054
910	8983	0	0	0	1	0	2.288008
911	8995	0	0	0	0	0	2.837045
912	9006	0	0	0	0	0	2.119182
913	9015	0	0	0	0	0	1.548250
914	9024	0	0	0	1	0	2.622953
915	9034	0	0	0	1	0	2.293743
916	9040	0	0	0	2	0	2.943383
917	9048	0	0	0	0	0	1.259954
918	9059	0	0	0	0	0	1.700329
919	9064	0	0	0	0	0	2.694881
920	9070	0	0	0	1	0	1.809032
921	9079	0	0	0	0	0	1.607971
922	9089	0	0	0	1	0	1.047211
923	9095	0	0	0	0	0	1.175702
924	9103	0	0	0	0	0	2.794163
925	9112	0	0	0	1	0	1.019591
926	9125	0	0	0	1	0	2.907841
927	9135	0	0	0	2	0	1.912344
928	9148	0	0	0	1	0	1.568373
929	9156	0	0	0	1	0	2.619680
930	9167	0	0	0	2	0	2.316987
931	9178	0	0	0	1	0	2.158814
932	9191	0	0	0	1	0	2.542533
933	9200	0	0	0	0	0	2.357613
934	9204	0	0	0	2	0	2.209342
935	9219	0	0	0	0	0	2.952162
936	9226	0	0	0	0	0	2.426338
937	9238	0	0	0	1	0	1.113756
938	9249	0	0	0	2	0	2.002822
939	9261	0	0	0	0	0	1.209387
940	9275	0	0	0	0	0	2.654504
941	9292	0	0	0	2	0	1.626180
942	9309	0	0	0	0	0	1.961461
943	9319	0	0	0	2	0	2.779528
944	9329	0	0	0	0	0	2.628632
945	9338	0	0	0	2	0	1.131725
946	9343	0	0	0	2	0	1.582550
947	9352	0	0	0	2	0	1.924489
948	9361	0	0	0	1	0	2.417498
949	9371	0	0	0	2	0	1.761904
950	9385	0	0	0	1	0	1.652590
951	9397	0	0	0	2	0	2.898587
952	9408	0	0	0	1	0	2.107867
953	9417	0	0	0	2	0	1.327642
954	9424	0	0	0	0	0	2.733614
955	9432	0	0	0	2	0	2.119945
956	9443	0	0	0	2	0	1.506228
957	9456	0	0	0	2	0	2.800304
958	9467	0	0	0	0	0	2.914516
959	9475	0	0	0	0	0	2.417238
960	9485	0	0	0	2	0	2.928151
961	9503	0	0	0	2	0	1.764240
962	9516	0	0	0	0	0	2.084320
963	9526	0	0	0	1	0	1.430923
964	9535	0	0	0	0	0	1.161662
965	9543	0	0	0	2	0	2.485880
966	9549	0	0	0	1	0	1.355737
967	9557	0	0	0	0	0	1.197571
968	9569	0	0	0	1	0	2.125138
969	9585	0	0	0	1	0	1.141260
970	9595	0	0	0	1	0	2.455324
971	9600	0	0	0	2	0	1.721835
972	9608	0	0	0	0	0	1.566970
973	9618	0	0	0	2	0	2.952192
974	9628	0	0	0	2	0	1.657029
975	9632	0	0	0	0	0	1.310110
976	9644	0	0	0	0	0	2.043162
977	9655	0	0	0	1	0	2.438734
978	9664	0	0	0	2	0	1.421316
979	9671	0	0	0	0	0	2.408405
980	9683	0	0	0	1	0	2.161906
981	9690	0	0	0	1	0	1.334407
982	9700	0	0	0	2	0	1.824497
983	9714	0	0	0	2	0	2.740042
984	9720	0	0	0	1	0	2.408685
985	9732	0	0	0	0	0	2.564039
986	9742	0	0	0	2	0	2.326051
987	9749	0	0	0	2	0	2.200948
988	9764	0	0	0	1	0	1.989035
989	9773	0	0	0	0	0	1.604827
990	9782	0	0	0	0	0	2.465562
991	9790	0	0	0	2	0	2.499393
992	9798	0	0	0	2	0	2.470557
993	9804	0	0	0	0	0	1.463375
994	9813	0	0	0	0	0	1.908770
995	9825	0	0	0	1	0	1.968404
996	9842	0	0	0	1	0	1.128157
997	9850	0	0	0	1	0	1.743766
998	9860	0	0	0	0	0	2.012802
999	9872	0	0	0	1	0	1.060401
