0	1	0	0	0	2	0	2.700969
1	15	0	0	0	1	0	1.220212
2	28	0	0	0	0	0	2.049384
3	37	0	0	0	1	0	1.659634
4	42	0	0	0	2	0	1.850610
5	50	0	0	0	2	0	1.737480
6	56	0	0	0	1	0	2.156729
7	65	0	0	0	1	0	2.377663
8	78	0	0	0	1	0	2.699874
9	92	0	0	0	1	0	1.991789
10	101	0	0	0	2	0	1.829717
11	110	0	0	0	1	0	2.342825
12	118	0	0	0	2	0	2.055253
13	125	0	0	0	1	0	1.207000
14	136	0	0	0	0	0	1.763167
15	145	0	0	0	2	0	2.925970
16	156	0	0	0	1	0	1.545005
17	166	0	0	0	2	0	1.392513
18	178	0	0	0	2	0	1.611246
19	186	0	0	0	0	0	1.297925
20	195	0	0	0	1	0	1.824191
21	201	0	0	0	0	0	2.284901
22	208	0	0	0	1	0	1.909256
23	215	0	0	0	0	0	1.315782
24	223	0	0	0	0	0	2.023833
25	231	0	0	0	2	0	1.487110
26	237	0	0	0	0	0	1.595010
27	244	0	0	0	1	0	1.544309
28	254	0	0	0	1	0	1.765096
29	270	0	0	0	0	0	2.871278
30	278	0	0	0	2	0	2.661691
31	283	0	0	0	1	0	2.837305
32	295	0	0	0	1	0	1.618331
33	306	0	0	0	1	0	2.054153
34	318	0	0	0	1	0	2.804407
35	321	0	0	0	1	0	2.719700
36	333	0	0	0	0	0	2.537515
37	343	0	0	0	1	0	1.414579
38	356	0	0	0	2	0	2.728556
39	368	0	0	0	0	0	2.179321
40	377	0	0	0	1	0	2.758662
41	385	0	0	0	1	0	1.296296
42	396	0	0	0	0	0	1.135049
43	402	0	0	0	0	0	1.330174
44	413	0	0	0	2	0	2.088671
45	416	0	0	0	2	0	2.173707
46	425	0	0	0	1	0	1.511252
47	435	0	0	0	2	0	2.646313
48	445	0	0	0	1	0	1.971402
49	458	0	0	0	0	0	2.097765
50	471	0	0	0	1	0	1.323327
51	479	0	0	0	1	0	2.472280
52	485	0	0	0	0	0	2.829523
53	498	0	0	0	0	0	1.304313
54	509	0	0	0	2	0	2.212433
55	521	0	0	0	2	0	2.577713
56	533	0	0	0	0	0	2.887265
57	542	0	0	0	0	0	1.736098
58	553	0	0	0	1	0	1.668521
59	560	0	0	0	2	0	1.449631
60	574	0	0	0	1	0	2.950705
61	585	0	0	0	0	0	1.833435
62	594	0	0	0	1	0	1.935125
63	604	0	0	0	0	0	1.874105
64	618	0	0	0	1	0	2.704531
65	624	0	0	0	2	0	2.230807
66	631	0	0	0	2	0	2.172634
67	641	0	0	0	2	0	2.067527
68	649	0	0	0	0	0	2.330064
69	662	0	0	0	0	0	2.688804
70	669	0	0	0	0	0	2.323065
71	678	0	0	0	2	0	2.991511
72	693	0	0	0	1	0	2.990437
73	702	0	0	0	1	0	2.454892
74	714	0	0	0	1	0	1.715051
75	723	0	0	0	1	0	1.859586
76	734	0	0	0	0	0	2.062201
77	744	0	0	0	0	0	2.834151
78	750	0	0	0	2	0	1.821748
79	757	0	0	0	2	0	1.996394
80	770	0	0	0	1	0	2.455853
81	781	0	0	0	2	0	1.523453
82	791	0	0	0	0	0	2.671473
83	801	0	0	0	0	0	1.729437
84	814	0	0	0	1	0	1.001658
85	822	0	0	0	2	0	1.700569
86	829	0	0	0	2	0	1.403882
87	838	0	0	0	0	0	1.998864
88	847	0	0	0	1	0	2.221611
89	856	0	0	0	1	0	2.740646
90	866	0	0	0	0	0	2.005599
91	874	0	0	0	1	0	1.967175
92	881	0	0	0	1	0	1.458810
93	892	0	0	0	0	0	1.415627
94	899	0	0	0	0	0	2.711732
95	910	0	0	0	0	0	1.051656
96	920	0	0	0	0	0	1.666206
97	928	0	0	0	0	0	1.728014
98	935	0	0	0	2	0	2.304608
99	949	0	0	0	2	0	2.726052
100	969	0	0	0	0	0	2.681150
101	977	0	0	0	0	0	1.492966
102	980	0	0	0	0	0	1.153012
103	987	0	0	0	1	0	1.651724
104	993	0	0	0	2	0	2.443993
105	1004	0	0	0	0	0	2.244872
106	1011	0	0	0	0	0	1.913945
107	1023	0	0	0	0	0	2.513415
108	1037	0	0	0	2	0	1.877433
109	1053	0	0	0	1	0	2.827746
110	1064	0	0	0	1	0	2.360749
111	1072	0	0	0	0	0	1.932295
112	1085	0	0	0	1	0	2.065837
113	1093	0	0	0	2	0	2.432848
114	1100	0	0	0	0	0	1.762764
115	1112	0	0	0	1	0	2.057245
116	1122	0	0	0	0	0	2.016859
117	1126	0	0	0	0	0	2.045488
118	1141	0	0	0	1	0	1.141996
119	1152	0	0	0	2	0	2.527994
120	1162	0	0	0	0	0	1.944129
121	1167	0	0	0	1	0	2.395998
122	1179	0	0	0	1	0	2.850777
123	1191	0	0	0	1	0	1.767276
124	1198	0	0	0	1	0	1.561121
125	1208	0	0	0	0	0	1.944044
126	1216	0	0	0	1	0	2.967702
127	1219	0	0	0	2	0	1.298301
128	1226	0	0	0	1	0	1.663853
129	1235	0	0	0	0	0	1.368968
130	1246	0	0	0	1	0	2.139697
131	1256	0	0	0	2	0	1.657189
132	1269	0	0	0	0	0	2.414412
133	1278	0	0	0	0	0	2.564376
134	1287	0	0	0	1	0	2.758806
135	1298	0	0	0	2	0	2.441695
136	1314	0	0	0	1	0	2.857914
137	1322	0	0	0	0	0	2.921408
138	1332	0	0	0	1	0	2.145594
139	1340	0	0	0	0	0	1.407902
140	1350	0	0	0	2	0	2.536081
141	1362	0	0	0	0	0	2.890878
142	1371	0	0	0	0	0	1.404590
143	1380	0	0	0	1	0	1.143053
144	1388	0	0	0	2	0	1.539116
145	1396	0	0	0	2	0	1.355541
146	1406	0	0	0	0	0	1.649575
147	1417	0	0	0	0	0	1.438075
148	1426	0	0	0	0	0	1.766530
149	1433	0	0	0	0	0	2.776934
150	1445	0	0	0	2	0	1.997284
151	1456	0	0	0	0	0	2.371706
152	1470	0	0	0	0	0	1.296201
153	1480	0	0	0	0	0	2.621544
154	1491	0	0	0	2	0	1.115013
155	1497	0	0	0	0	0	1.337727
156	1509	0	0	0	0	0	2.233731
157	1521	0	0	0	1	0	1.770728
158	1530	0	0	0	1	0	2.247017
159	1535	0	0	0	1	0	2.326452
160	1546	0	0	0	1	0	2.378001
161	1555	0	0	0	1	0	1.541362
162	1564	0	0	0	0	0	2.473723
163	1578	0	0	0	0	0	2.589495
164	1592	0	0	0	0	0	1.453055
165	1607	0	0	0	2	0	2.823209
166	1618	0	0	0	0	0	2.141651
167	1620	0	0	0	0	0	1.266295
168	1628	0	0	0	0	0	2.118549
169	1635	0	0	0	0	0	1.844007
170	1645	0	0	0	1	0	2.850571
171	1655	0	0	0	2	0	2.674322
172	1665	0	0	0	0	0	1.206139
173	1675	0	0	0	0	0	2.850611
174	1694	0	0	0	2	0	1.750793
175	1702	0	0	0	0	0	2.445799
176	1714	0	0	0	0	0	1.291172
177	1725	0	0	0	2	0	2.936487
178	1741	0	0	0	2	0	1.819817
179	1753	0	0	0	1	0	2.707694
180	1762	0	0	0	2	0	1.377052
181	1769	0	0	0	2	0	2.825174
182	1777	0	0	0	1	0	2.423767
183	1785	0	0	0	2	0	2.469032
184	1793	0	0	0	1	0	2.582512
185	1801	0	0	0	0	0	2.879221
186	1810	0	0	0	0	0	1.696887
187	1819	0	0	0	1	0	2.269239
188	1826	0	0	0	1	0	1.367007
189	1833	0	0	0	0	0	2.237207
190	1843	0	0	0	1	0	2.206290
191	1851	0	0	0	2	0	2.652258
192	1864	0	0	0	1	0	2.116472
193	1878	0	0	0	2	0	2.072656
194	1890	0	0	0	2	0	2.110305
195	1899	0	0	0	0	0	2.682473
196	1914	0	0	0	1	0	1.612370
197	1924	0	0	0	1	0	2.041648
198	1935	0	0	0	0	0	2.236600
199	1941	0	0	0	2	0	1.315777
200	1951	0	0	0	0	0	2.123185
201	1961	0	0	0	0	0	2.509396
202	1974	0	0	0	2	0	2.148730
203	1985	0	0	0	0	0	1.247327
204	1998	0	0	0	2	0	1.655798
205	2007	0	0	0	2	0	2.124936
206	2018	0	0	0	0	0	2.100540
207	2027	0	0	0	0	0	1.873783
208	2035	0	0	0	1	0	1.381150
209	2042	0	0	0	0	0	1.442461
210	2051	0	0	0	0	0	1.765408
211	2056	0	0	0	0	0	2.727044
212	2065	0	0	0	2	0	2.152544
213	2075	0	0	0	2	0	1.465675
214	2093	0	0	0	2	0	2.135469
215	2100	0	0	0	2	0	1.744438
216	2109	0	0	0	2	0	2.171803
217	2119	0	0	0	0	0	2.114452
218	2136	0	0	0	0	0	2.841622
219	2145	0	0	0	2	0	2.720323
220	2153	0	0	0	2	0	2.987760
221	2164	0	0	0	1	0	2.850223
222	2175	0	0	0	0	0	1.959971
223	2185	0	0	0	1	0	1.433474
224	2196	0	0	0	0	0	2.343390
225	2205	0	0	0	2	0	1.800023
226	2214	0	0	0	1	0	1.485846
227	2219	0	0	0	1	0	2.013229
228	2234	0	0	0	1	0	2.423821
229	2243	0	0	0	1	0	1.954220
230	2253	0	0	0	0	0	2.920205
231	2264	0	0	0	2	0	2.444961
232	2276	0	0	0	2	0	2.037883
233	2286	0	0	0	1	0	2.847701
234	2300	0	0	0	1	0	1.121743
235	2311	0	0	0	0	0	1.515806
236	2321	0	0	0	0	0	1.154828
237	2326	0	0	0	1	0	1.139347
238	2335	0	0	0	0	0	2.343147
239	2345	0	0	0	0	0	1.147378
240	2358	0	0	0	1	0	1.994501
241	2369	0	0	0	0	0	1.649924
242	2385	0	0	0	2	0	1.840691
243	2394	0	0	0	2	0	1.719345
244	2406	0	0	0	0	0	1.751563
245	2416	0	0	0	2	0	1.072813
246	2427	0	0	0	0	0	2.427534
247	2435	0	0	0	1	0	2.987529
248	2442	0	0	0	1	0	1.867250
249	2454	0	0	0	0	0	2.908319
250	2465	0	0	0	1	0	1.831058
251	2471	0	0	0	1	0	2.623228
252	2481	0	0	0	1	0	1.135052
253	2493	0	0	0	1	0	2.326500
254	2505	0	0	0	1	0	2.631046
255	2519	0	0	0	0	0	1.392081
256	2533	0	0	0	1	0	1.409628
257	2544	0	0	0	0	0	1.169533
258	2556	0	0	0	1	0	1.685024
259	2564	0	0	0	0	0	2.379924
260	2582	0	0	0	0	0	2.208450
261	2593	0	0	0	2	0	1.090810
262	2602	0	0	0	2	0	2.471963
263	2616	0	0	0	2	0	1.389793
264	2630	0	0	0	1	0	1.692001
265	2638	0	0	0	1	0	1.500330
266	2651	0	0	0	1	0	1.330587
267	2658	0	0	0	2	0	1.337598
268	2673	0	0	0	0	0	1.660712
269	2682	0	0	0	1	0	1.643074
270	2687	0	0	0	0	0	1.432063
271	2695	0	0	0	1	0	2.022180
272	2705	0	0	0	2	0	2.063350
273	2717	0	0	0	1	0	2.396263
274	2725	0	0	0	0	0	1.740265
275	2736	0	0	0	2	0	2.846917
276	2748	0	0	0	1	0	1.789033
277	2758	0	0	0	0	0	1.994147
278	2769	0	0	0	0	0	1.449789
279	2779	0	0	0	0	0	1.023207
280	2788	0	0	0	0	0	2.622721
281	2796	0	0	0	1	0	1.079388
282	2801	0	0	0	2	0	2.016438
283	2808	0	0	0	2	0	1.568920
284	2818	0	0	0	2	0	1.063336
285	2831	0	0	0	0	0	2.130731
286	2836	0	0	0	2	0	1.163185
287	2844	0	0	0	2	0	2.570329
288	2859	0	0	0	2	0	2.521693
289	2872	0	0	0	2	0	1.702303
290	2888	0	0	0	2	0	1.492083
291	2895	0	0	0	2	0	1.099482
292	2903	0	0	0	0	0	2.615311
293	2912	0	0	0	1	0	1.511532
294	2921	0	0	0	0	0	2.177939
295	2931	0	0	0	1	0	1.306533
296	2940	0	0	0	1	0	1.397643
297	2954	0	0	0	2	0	2.781858
298	2961	0	0	0	0	0	1.796774
299	2970	0	0	0	2	0	1.103104
300	2978	0	0	0	2	0	1.343922
301	2987	0	0	0	2	0	2.951291
302	2993	0	0	0	0	0	2.947392
303	3003	0	0	0	0	0	2.395573
304	3014	0	0	0	2	0	2.692100
305	3029	0	0	0	0	0	2.577235
306	3036	0	0	0	1	0	1.897897
307	3051	0	0	0	0	0	1.443118
308	3064	0	0	0	1	0	2.207046
309	3074	0	0	0	2	0	2.639470
310	3082	0	0	0	1	0	2.763596
311	3093	0	0	0	0	0	2.202146
312	3105	0	0	0	0	0	1.034507
313	3118	0	0	0	0	0	2.277117
314	3130	0	0	0	0	0	2.498896
315	3136	0	0	0	0	0	1.763181
316	3148	0	0	0	1	0	1.200702
317	3159	0	0	0	2	0	2.974643
318	3169	0	0	0	1	0	2.655335
319	3183	0	0	0	1	0	1.764469
320	3190	0	0	0	1	0	1.004349
321	3201	0	0	0	0	0	2.867059
322	3219	0	0	0	0	0	1.452079
323	3230	0	0	0	1	0	2.374722
324	3240	0	0	0	0	0	2.146519
325	3255	0	0	0	2	0	1.945409
326	3263	0	0	0	1	0	2.077926
327	3270	0	0	0	0	0	2.941712
328	3279	0	0	0	1	0	2.318626
329	3289	0	0	0	1	0	1.005441
330	3300	0	0	0	0	0	1.105262
331	3312	0	0	0	0	0	2.962010
332	3322	0	0	0	1	0	2.526978
333	3328	0	0	0	0	0	1.747557
334	3333	0	0	0	2	0	2.019319
335	3344	0	0	0	0	0	1.034365
336	3358	0	0	0	0	0	2.369930
337	3374	0	0	0	1	0	2.923910
338	3376	0	0	0	1	0	1.139425
339	3393	0	0	0	0	0	2.223521
340	3401	0	0	0	2	0	1.815667
341	3408	0	0	0	1	0	1.679460
342	3419	0	0	0	1	0	1.017045
343	3438	0	0	0	0	0	1.862929
344	3448	0	0	0	1	0	1.494229
345	3457	0	0	0	0	0	1.409841
346	3471	0	0	0	0	0	2.372947
347	3485	0	0	0	1	0	2.584248
348	3499	0	0	0	2	0	2.018388
349	3507	0	0	0	0	0	2.330702
350	3521	0	0	0	0	0	2.285658
351	3534	0	0	0	1	0	1.887607
352	3545	0	0	0	0	0	1.003606
353	3556	0	0	0	1	0	2.085735
354	3567	0	0	0	2	0	2.508715
355	3570	0	0	0	0	0	1.419065
356	3576	0	0	0	0	0	1.762194
357	3586	0	0	0	2	0	2.616027
358	3589	0	0	0	1	0	1.922277
359	3602	0	0	0	0	0	2.999569
360	3610	0	0	0	0	0	1.853344
361	3621	0	0	0	2	0	2.588865
362	3630	0	0	0	2	0	1.168142
363	3638	0	0	0	0	0	1.118153
364	3651	0	0	0	1	0	1.186454
365	3666	0	0	0	1	0	2.392365
366	3678	0	0	0	2	0	2.770251
367	3681	0	0	0	1	0	1.690042
368	3687	0	0	0	0	0	1.075646
369	3697	0	0	0	1	0	1.066491
370	3708	0	0	0	0	0	2.886095
371	3720	0	0	0	0	0	1.350127
372	3727	0	0	0	0	0	1.138046
373	3736	0	0	0	1	0	2.266898
374	3744	0	0	0	1	0	1.599610
375	3757	0	0	0	0	0	1.630412
376	3766	0	0	0	2	0	2.769145
377	3769	0	0	0	1	0	2.388755
378	3783	0	0	0	0	0	2.073492
379	3796	0	0	0	1	0	2.841742
380	3807	0	0	0	1	0	2.024208
381	3815	0	0	0	0	0	2.906548
382	3827	0	0	0	1	0	2.376368
383	3833	0	0	0	2	0	2.437274
384	3843	0	0	0	2	0	2.175002
385	3859	0	0	0	2	0	1.098267
386	3876	0	0	0	0	0	1.626132
387	3886	0	0	0	1	0	2.520793
388	3892	0	0	0	1	0	1.398277
389	3900	0	0	0	0	0	1.180860
390	3912	0	0	0	0	0	1.868111
391	3921	0	0	0	2	0	2.313375
392	3937	0	0	0	1	0	2.105517
393	3948	0	0	0	1	0	1.412679
394	3955	0	0	0	0	0	2.353014
395	3962	0	0	0	0	0	1.112976
396	3974	0	0	0	2	0	1.084929
397	3983	0	0	0	1	0	2.039125
398	3993	0	0	0	0	0	2.665607
399	4001	0	0	0	2	0	1.040020
400	4006	0	0	0	0	0	1.228854
401	4013	0	0	0	1	0	1.118206
402	4023	0	0	0	0	0	1.058201
403	4039	0	0	0	2	0	1.186888
404	4053	0	0	0	1	0	2.771163
405	4064	0	0	0	2	0	2.410636
406	4076	0	0	0	0	0	2.735718
407	4083	0	0	0	0	0	1.515555
408	4094	0	0	0	1	0	2.138901
409	4097	0	0	0	1	0	1.679249
410	4101	0	0	0	2	0	1.978340
411	4110	0	0	0	0	0	2.060383
412	4119	0	0	0	0	0	1.831925
413	4132	0	0	0	0	0	2.669334
414	4138	0	0	0	1	0	2.009883
415	4151	0	0	0	1	0	1.028576
416	4164	0	0	0	1	0	1.823680
417	4176	0	0	0	1	0	1.021325
418	4182	0	0	0	2	0	2.142306
419	4193	0	0	0	0	0	1.584898
420	4202	0	0	0	0	0	1.529963
421	4217	0	0	0	1	0	2.845609
422	4224	0	0	0	0	0	2.845213
423	4235	0	0	0	2	0	2.634292
424	4242	0	0	0	0	0	2.625524
425	4253	0	0	0	0	0	2.171925
426	4258	0	0	0	0	0	1.386470
427	4270	0	0	0	0	0	2.354087
428	4283	0	0	0	2	0	2.113903
429	4296	0	0	0	0	0	2.331524
430	4314	0	0	0	1	0	1.046969
431	4325	0	0	0	0	0	2.489094
432	4336	0	0	0	0	0	2.776103
433	4344	0	0	0	1	0	1.966198
434	4352	0	0	0	1	0	2.246266
435	4361	0	0	0	1	0	1.387471
436	4369	0	0	0	0	0	2.800447
437	4377	0	0	0	2	0	2.220913
438	4383	0	0	0	0	0	2.164424
439	4392	0	0	0	2	0	1.769880
440	4403	0	0	0	0	0	1.716531
441	4411	0	0	0	1	0	2.982716
442	4416	0	0	0	2	0	2.628820
443	4424	0	0	0	0	0	1.486766
444	4439	0	0	0	2	0	1.225889
445	4447	0	0	0	0	0	2.856071
446	4455	0	0	0	2	0	2.405890
447	4462	0	0	0	1	0	2.699024
448	4477	0	0	0	0	0	1.756798
449	4482	0	0	0	2	0	2.721519
450	4499	0	0	0	1	0	2.178085
451	4510	0	0	0	1	0	2.656457
452	4526	0	0	0	0	0	2.002247
453	4534	0	0	0	1	0	2.060666
454	4541	0	0	0	2	0	2.466006
455	4548	0	0	0	1	0	2.843791
456	4556	0	0	0	0	0	2.365947
457	4567	0	0	0	1	0	1.418943
458	4576	0	0	0	2	0	1.356867
459	4594	0	0	0	2	0	1.293621
460	4612	0	0	0	1	0	2.560730
461	4621	0	0	0	0	0	1.205163
462	4633	0	0	0	2	0	2.716014
463	4637	0	0	0	2	0	2.869386
464	4648	0	0	0	1	0	2.631478
465	4660	0	0	0	1	0	1.248555
466	4673	0	0	0	1	0	1.108089
467	4685	0	0	0	0	0	2.010527
468	4695	0	0	0	0	0	1.176783
469	4705	0	0	0	1	0	1.771280
470	4717	0	0	0	0	0	2.563899
471	4726	0	0	0	0	0	2.271171
472	4740	0	0	0	0	0	2.875812
473	4754	0	0	0	1	0	2.006642
474	4765	0	0	0	1	0	2.150428
475	4775	0	0	0	2	0	1.533057
476	4785	0	0	0	2	0	2.010602
477	4793	0	0	0	2	0	2.988952
478	4804	0	0	0	1	0	2.167130
479	4814	0	0	0	0	0	2.301936
480	4825	0	0	0	1	0	1.114887
481	4836	0	0	0	1	0	1.784070
482	4848	0	0	0	2	0	1.965940
483	4859	0	0	0	0	0	2.662745
484	4876	0	0	0	2	0	2.935151
485	4888	0	0	0	0	0	2.249164
486	4901	0	0	0	1	0	2.448575
487	4910	0	0	0	1	0	2.899331
488	4914	0	0	0	0	0	2.020374
489	4923	0	0	0	0	0	2.168571
490	4936	0	0	0	0	0	1.637544
491	4950	0	0	0	1	0	1.988023
492	4957	0	0	0	1	0	1.425170
493	4966	0	0	0	2	0	1.665000
494	4976	0	0	0	1	0	2.576900
495	4987	0	0	0	0	0	1.792346
496	4995	0	0	0	1	0	1.559895
497	5006	0	0	0	0	0	1.987636
498	5018	0	0	0	0	0	2.086095
499	5032	0	0	0	2	0	2.032056
500	5041	0	0	0	0	0	2.596799
501	5050	0	0	0	2	0	1.344224
502	5063	0	0	0	0	0	1.545500
503	5074	0	0	0	0	0	1.076441
504	5088	0	0	0	1	0	2.943689
505	5099	0	0	0	0	0	2.297670
506	5108	0	0	0	0	0	1.671443
507	5121	0	0	0	1	0	2.075610
508	5133	0	0	0	2	0	1.499121
509	5144	0	0	0	1	0	1.109107
510	5156	0	0	0	1	0	2.207504
511	5162	0	0	0	1	0	2.909198
512	5173	0	0	0	2	0	1.998260
513	5182	0	0	0	0	0	2.440629
514	5190	0	0	0	1	0	1.899050
515	5201	0	0	0	0	0	2.308676
516	5212	0	0	0	0	0	2.918670
517	5229	0	0	0	2	0	1.177607
518	5234	0	0	0	1	0	2.984819
519	5250	0	0	0	1	0	1.360679
520	5259	0	0	0	0	0	1.473758
521	5270	0	0	0	2	0	1.961601
522	5282	0	0	0	2	0	1.812231
523	5292	0	0	0	0	0	1.450818
524	5308	0	0	0	0	0	1.542363
525	5321	0	0	0	1	0	1.663766
526	5329	0	0	0	0	0	2.607372
527	5340	0	0	0	0	0	2.933077
528	5353	0	0	0	0	0	1.628516
529	5363	0	0	0	1	0	1.779785
530	5377	0	0	0	1	0	2.418939
531	5389	0	0	0	1	0	1.142779
532	5404	0	0	0	0	0	2.295527
533	5413	0	0	0	0	0	2.422684
534	5422	0	0	0	2	0	1.600692
535	5431	0	0	0	0	0	1.773239
536	5437	0	0	0	0	0	2.237996
537	5448	0	0	0	1	0	1.666406
538	5463	0	0	0	0	0	1.134078
539	5472	0	0	0	2	0	1.140134
540	5484	0	0	0	0	0	1.793681
541	5495	0	0	0	0	0	2.302222
542	5508	0	0	0	0	0	2.574956
543	5519	0	0	0	1	0	1.610142
544	5525	0	0	0	1	0	2.848408
545	5541	0	0	0	1	0	1.188804
546	5546	0	0	0	2	0	1.940008
547	5557	0	0	0	0	0	1.020687
548	5568	0	0	0	1	0	2.608449
549	5571	0	0	0	2	0	2.688113
550	5581	0	0	0	0	0	1.620358
551	5587	0	0	0	0	0	1.878942
552	5591	0	0	0	1	0	2.425466
553	5603	0	0	0	1	0	2.072160
554	5608	0	0	0	2	0	1.269844
555	5613	0	0	0	2	0	2.560881
556	5621	0	0	0	0	0	2.609037
557	5632	0	0	0	0	0	1.021683
558	5639	0	0	0	1	0	1.731896
559	5646	0	0	0	1	0	1.368192
560	5657	0	0	0	1	0	2.710356
561	5664	0	0	0	2	0	1.177327
562	5675	0	0	0	1	0	2.911884
563	5685	0	0	0	1	0	1.209553
564	5701	0	0	0	2	0	1.493020
565	5714	0	0	0	0	0	2.362974
566	5724	0	0	0	1	0	2.592657
567	5736	0	0	0	0	0	1.420063
568	5745	0	0	0	0	0	1.511598
569	5758	0	0	0	0	0	1.001340
570	5766	0	0	0	2	0	2.029424
571	5775	0	0	0	0	0	1.389531
572	5781	0	0	0	2	0	2.383883
573	5791	0	0	0	0	0	2.587437
574	5800	0	0	0	0	0	2.610333
575	5803	0	0	0	1	0	2.300980
576	5814	0	0	0	1	0	1.848182
577	5820	0	0	0	0	0	2.191947
578	5831	0	0	0	0	0	1.352961
579	5843	0	0	0	2	0	2.939673
580	5850	0	0	0	2	0	2.640196
581	5858	0	0	0	1	0	1.074888
582	5868	0	0	0	0	0	1.122692
583	5882	0	0	0	0	0	2.209072
584	5895	0	0	0	0	0	1.406190
585	5902	0	0	0	1	0	2.983889
586	5910	0	0	0	0	0	2.503051
587	5926	0	0	0	0	0	1.572713
588	5932	0	0	0	0	0	2.214557
589	5944	0	0	0	0	0	1.160479
590	5958	0	0	0	1	0	2.778671
591	5974	0	0	0	0	0	2.779490
592	5988	0	0	0	1	0	1.340261
593	5995	0	0	0	1	0	2.372869
594	6006	0	0	0	1	0	2.086866
595	6019	0	0	0	1	0	2.975273
596	6029	0	0	0	2	0	2.401064
597	6041	0	0	0	0	0	1.956896
598	6049	0	0	0	0	0	2.062832
599	6056	0	0	0	0	0	1.230469
600	6062	0	0	0	0	0	1.461149
601	6076	0	0	0	1	0	1.784296
602	6086	0	0	0	1	0	2.589441
603	6104	0	0	0	1	0	1.260467
604	6113	0	0	0	0	0	1.384811
605	6120	0	0	0	1	0	2.572807
606	6129	0	0	0	1	0	2.125435
607	6142	0	0	0	1	0	2.890876
608	6147	0	0	0	2	0	2.061079
609	6160	0	0	0	2	0	1.989004
610	6173	0	0	0	1	0	2.614324
611	6184	0	0	0	0	0	1.577235
612	6195	0	0	0	1	0	2.952626
613	6201	0	0	0	2	0	2.863188
614	6208	0	0	0	2	0	2.517994
615	6223	0	0	0	2	0	2.323235
616	6230	0	0	0	0	0	2.262798
617	6243	0	0	0	0	0	1.839736
618	6254	0	0	0	2	0	1.626761
619	6260	0	0	0	1	0	2.838430
620	6270	0	0	0	2	0	1.635221
621	6277	0	0	0	1	0	1.795806
622	6284	0	0	0	1	0	1.099675
623	6291	0	0	0	2	0	1.887090
624	6309	0	0	0	2	0	1.530918
625	6319	0	0	0	2	0	1.118027
626	6329	0	0	0	1	0	2.623690
627	6339	0	0	0	1	0	1.448971
628	6351	0	0	0	2	0	2.550766
629	6357	0	0	0	2	0	2.991908
630	6368	0	0	0	0	0	1.002866
631	6378	0	0	0	1	0	1.044789
632	6388	0	0	0	0	0	1.901973
633	6398	0	0	0	0	0	1.163860
634	6402	0	0	0	0	0	1.090916
635	6416	0	0	0	1	0	2.067953
636	6425	0	0	0	2	0	1.667778
637	6435	0	0	0	2	0	1.015825
638	6442	0	0	0	0	0	2.002972
639	6452	0	0	0	2	0	1.690296
640	6458	0	0	0	1	0	1.066801
641	6466	0	0	0	0	0	1.746812
642	6474	0	0	0	2	0	2.307564
643	6491	0	0	0	1	0	2.701684
644	6501	0	0	0	1	0	2.792358
645	6508	0	0	0	0	0	2.097582
646	6517	0	0	0	0	0	1.940590
647	6522	0	0	0	0	0	1.584180
648	6534	0	0	0	1	0	1.868089
649	6544	0	0	0	0	0	1.419077
650	6552	0	0	0	1	0	2.075575
651	6558	0	0	0	0	0	2.472803
652	6566	0	0	0	2	0	1.406567
653	6578	0	0	0	2	0	2.976542
654	6585	0	0	0	2	0	2.069820
655	6598	0	0	0	1	0	1.217318
656	6609	0	0	0	1	0	2.537062
657	6615	0	0	0	0	0	1.652744
658	6623	0	0	0	2	0	1.013333
659	6635	0	0	0	2	0	2.169597
660	6643	0	0	0	0	0	1.113442
661	6656	0	0	0	2	0	1.847737
662	6669	0	0	0	0	0	2.417268
663	6676	0	0	0	2	0	1.724010
664	6683	0	0	0	1	0	1.931821
665	6690	0	0	0	2	0	1.131618
666	6701	0	0	0	0	0	2.391353
667	6714	0	0	0	1	0	2.378804
668	6725	0	0	0	0	0	1.109795
669	6735	0	0	0	1	0	1.587299
670	6744	0	0	0	1	0	2.501612
671	6752	0	0	0	0	0	1.919534
672	6758	0	0	0	2	0	2.587877
673	6767	0	0	0	0	0	1.814207
674	6779	0	0	0	2	0	1.300207
675	6791	0	0	0	1	0	2.838234
676	6801	0	0	0	0	0	1.525870
677	6809	0	0	0	0	0	2.303706
678	6820	0	0	0	2	0	1.755920
679	6831	0	0	0	0	0	2.750602
680	6842	0	0	0	1	0	1.706829
681	6852	0	0	0	0	0	1.700176
682	6861	0	0	0	2	0	2.203445
683	6871	0	0	0	0	0	1.623203
684	6882	0	0	0	0	0	1.935993
685	6895	0	0	0	0	0	2.211634
686	6901	0	0	0	2	0	2.667444
687	6908	0	0	0	1	0	2.840485
688	6924	0	0	0	2	0	1.383501
689	6931	0	0	0	2	0	2.309825
690	6942	0	0	0	0	0	2.789053
691	6950	0	0	0	0	0	2.934628
692	6961	0	0	0	0	0	1.594288
693	6971	0	0	0	0	0	2.185299
694	6980	0	0	0	2	0	1.431672
695	6987	0	0	0	1	0	2.265230
696	7000	0	0	0	1	0	2.817588
697	7010	0	0	0	1	0	2.480102
698	7019	0	0	0	1	0	2.631573
699	7027	0	0	0	2	0	1.381798
700	7037	0	0	0	1	0	1.318075
701	7044	0	0	0	1	0	1.942017
702	7053	0	0	0	2	0	2.173156
703	7066	0	0	0	1	0	1.599371
704	7077	0	0	0	2	0	1.034867
705	7083	0	0	0	2	0	2.779853
706	7093	0	0	0	0	0	2.672562
707	7116	0	0	0	2	0	1.238864
708	7125	0	0	0	0	0	1.782466
709	7136	0	0	0	2	0	1.059286
710	7149	0	0	0	0	0	2.819928
711	7156	0	0	0	1	0	1.771220
712	7169	0	0	0	0	0	2.613337
713	7177	0	0	0	0	0	2.549726
714	7189	0	0	0	1	0	2.203589
715	7201	0	0	0	0	0	2.510918
716	7214	0	0	0	0	0	2.683348
717	7223	0	0	0	2	0	2.388321
718	7231	0	0	0	0	0	1.466323
719	7240	0	0	0	0	0	2.300854
720	7248	0	0	0	1	0	2.201739
721	7257	0	0	0	1	0	2.958031
722	7269	0	0	0	0	0	2.504358
723	7278	0	0	0	0	0	1.435008
724	7285	0	0	0	1	0	2.935280
725	7297	0	0	0	1	0	1.436846
726	7305	0	0	0	1	0	2.204936
727	7314	0	0	0	0	0	1.057139
728	7324	0	0	0	1	0	1.473555
729	7337	0	0	0	0	0	1.085758
730	7344	0	0	0	1	0	2.275545
731	7353	0	0	0	0	0	1.360992
732	7365	0	0	0	1	0	1.284114
733	7381	0	0	0	0	0	1.218069
734	7394	0	0	0	0	0	1.762225
735	7402	0	0	0	2	0	2.951451
736	7416	0	0	0	1	0	2.565600
737	7422	0	0	0	1	0	2.277234
738	7432	0	0	0	0	0	2.325218
739	7442	0	0	0	1	0	1.492016
740	7452	0	0	0	0	0	1.836916
741	7457	0	0	0	2	0	1.179845
742	7470	0	0	0	2	0	2.292022
743	7477	0	0	0	2	0	2.786786
744	7482	0	0	0	2	0	2.213861
745	7492	0	0	0	0	0	1.776836
746	7502	0	0	0	0	0	2.986629
747	7512	0	0	0	0	0	1.526588
748	7522	0	0	0	2	0	2.785034
749	7534	0	0	0	1	0	1.228290
750	7544	0	0	0	0	0	2.157210
751	7548	0	0	0	0	0	2.773533
752	7564	0	0	0	1	0	1.035290
753	7577	0	0	0	0	0	2.446838
754	7584	0	0	0	2	0	1.443185
755	7604	0	0	0	0	0	1.959611
756	7613	0	0	0	0	0	2.432962
757	7624	0	0	0	0	0	2.068174
758	7635	0	0	0	1	0	2.922386
759	7646	0	0	0	2	0	1.469154
760	7653	0	0	0	0	0	1.794234
761	7667	0	0	0	0	0	1.173173
762	7677	0	0	0	1	0	1.966963
763	7689	0	0	0	2	0	2.459718
764	7700	0	0	0	0	0	2.869506
765	7707	0	0	0	0	0	1.958553
766	7721	0	0	0	0	0	1.678310
767	7737	0	0	0	2	0	1.594376
768	7750	0	0	0	2	0	2.983988
769	7760	0	0	0	2	0	1.172361
770	7775	0	0	0	1	0	2.651512
771	7783	0	0	0	2	0	2.258358
772	7791	0	0	0	0	0	2.172744
773	7795	0	0	0	2	0	1.686690
774	7804	0	0	0	2	0	2.586985
775	7818	0	0	0	0	0	2.087487
776	7827	0	0	0	0	0	2.965034
777	7835	0	0	0	1	0	1.206256
778	7843	0	0	0	0	0	1.337739
779	7865	0	0	0	0	0	1.144519
780	7870	0	0	0	0	0	2.854886
781	7877	0	0	0	1	0	1.626050
782	7884	0	0	0	2	0	1.231543
783	7894	0	0	0	1	0	1.706657
784	7905	0	0	0	2	0	2.498229
785	7914	0	0	0	0	0	2.049444
786	7923	0	0	0	2	0	1.319914
787	7929	0	0	0	1	0	1.742600
788	7939	0	0	0	1	0	2.385678
789	7951	0	0	0	0	0	1.171532
790	7955	0	0	0	1	0	2.569318
791	7962	0	0	0	1	0	1.373269
792	7975	0	0	0	0	0	1.756558
793	7990	0	0	0	2	0	2.686149
794	8000	0	0	0	1	0	1.621759
795	8010	0	0	0	0	0	2.432894
796	8019	0	0	0	0	0	2.078109
797	8032	0	0	0	0	0	1.235712
798	8037	0	0	0	0	0	2.500080
799	8049	0	0	0	2	0	1.855200
800	8065	0	0	0	0	0	1.473433
801	8072	0	0	0	1	0	1.006292
802	8084	0	0	0	2	0	1.712135
803	8098	0	0	0	1	0	2.763706
804	8113	0	0	0	2	0	2.847695
805	8123	0	0	0	1	0	1.551086
806	8134	0	0	0	1	0	1.961368
807	8138	0	0	0	0	0	2.043573
808	8147	0	0	0	1	0	2.003958
809	8158	0	0	0	0	0	2.180263
810	8169	0	0	0	0	0	2.717006
811	8178	0	0	0	2	0	1.469072
812	8188	0	0	0	2	0	1.062513
813	8200	0	0	0	0	0	1.728870
814	8208	0	0	0	0	0	2.174802
815	8216	0	0	0	1	0	1.898538
816	8225	0	0	0	0	0	1.949521
817	8235	0	0	0	0	0	2.647666
818	8242	0	0	0	2	0	2.735574
819	8252	0	0	0	2	0	1.598921
820	8264	0	0	0	1	0	1.409241
821	8275	0	0	0	1	0	1.735851
822	8284	0	0	0	1	0	2.952020
823	8298	0	0	0	0	0	1.814307
824	8306	0	0	0	1	0	2.008860
825	8316	0	0	0	2	0	2.157437
826	8325	0	0	0	0	0	1.692934
827	8336	0	0	0	1	0	1.693458
828	8343	0	0	0	0	0	2.394723
829	8361	0	0	0	1	0	1.296808
830	8371	0	0	0	1	0	1.254912
831	8378	0	0	0	1	0	2.742470
832	8394	0	0	0	0	0	1.765772
833	8405	0	0	0	0	0	1.036955
834	8412	0	0	0	1	0	2.319725
835	8423	0	0	0	2	0	1.461777
836	8435	0	0	0	0	0	1.014198
837	8444	0	0	0	1	0	1.938354
838	8450	0	0	0	1	0	1.277819
839	8457	0	0	0	0	0	2.036552
840	8463	0	0	0	1	0	1.394815
841	8473	0	0	0	0	0	1.069614
842	8484	0	0	0	0	0	1.530021
843	8490	0	0	0	2	0	2.838549
844	8504	0	0	0	2	0	1.724069
845	8511	0	0	0	1	0	1.361383
846	8515	0	0	0	1	0	2.649028
847	8524	0	0	0	1	0	2.536525
848	8532	0	0	0	1	0	2.671541
849	8545	0	0	0	1	0	2.789650
850	8556	0	0	0	1	0	1.489771
851	8570	0	0	0	2	0	1.181148
852	8583	0	0	0	1	0	2.599629
853	8591	0	0	0	0	0	1.697235
854	8601	0	0	0	2	0	1.288274
855	8609	0	0	0	0	0	2.381605
856	8616	0	0	0	0	0	2.134665
857	8632	0	0	0	1	0	1.240387
858	8640	0	0	0	0	0	2.392231
859	8649	0	0	0	0	0	2.984920
860	8660	0	0	0	0	0	1.315261
861	8667	0	0	0	0	0	1.638166
862	8681	0	0	0	2	0	1.696107
863	8694	0	0	0	2	0	2.254854
864	8702	0	0	0	0	0	1.351363
865	8708	0	0	0	2	0	2.305359
866	8717	0	0	0	1	0	1.578620
867	8726	0	0	0	0	0	1.185344
868	8734	0	0	0	1	0	2.063885
869	8741	0	0	0	0	0	2.492061
870	8747	0	0	0	0	0	1.506425
871	8757	0	0	0	0	0	1.501790
872	8770	0	0	0	0	0	2.547772
873	8783	0	0	0	1	0	1.174390
874	8802	0	0	0	0	0	1.220194
875	8813	0	0	0	1	0	1.409254
876	8822	0	0	0	0	0	2.102952
877	8829	0	0	0	2	0	2.950315
878	8837	0	0	0	2	0	1.487870
879	8847	0	0	0	0	0	1.387156
880	8855	0	0	0	1	0	2.437824
881	8861	0	0	0	0	0	1.129645
882	8870	0	0	0	2	0	1.643766
883	8882	0	0	0	0	0	1.579816
884	8891	0	0	0	1	0	1.635031
885	8903	0	0	0	0	0	2.097683
886	8914	0	0	0	0	0	2.349378
887	8923	0	0	0	0	0	1.524781
888	8934	0	0	0	1	0	1.864279
889	8941	0	0	0	0	0	2.760104
890	8953	0	0	0	1	0	2.197174
891	8965	0	0	0	2	0	2.490752
892	8971	0	0	0	0	0	2.279002
893	8983	0	0	0	0	0	2.258032
894	8993	0	0	0	0	0	1.682696
895	9004	0	0	0	0	0	2.904355
896	9009	0	0	0	1	0	1.228369
897	9022	0	0	0	1	0	1.233358
898	9032	0	0	0	1	0	1.104666
899	9036	0	0	0	0	0	1.906178
900	9043	0	0	0	0	0	1.129955
901	9053	0	0	0	1	0	1.282421
902	9059	0	0	0	1	0	2.865367
903	9077	0	0	0	2	0	1.426564
904	9081	0	0	0	0	0	1.140401
905	9092	0	0	0	0	0	2.227074
906	9102	0	0	0	1	0	1.095836
907	9108	0	0	0	2	0	2.849638
908	9123	0	0	0	0	0	1.438795
909	9128	0	0	0	2	0	1.351178
910	9131	0	0	0	1	0	2.973942
911	9139	0	0	0	0	0	1.744910
912	9145	0	0	0	1	0	1.793729
913	9150	0	0	0	0	0	1.764164
914	9165	0	0	0	0	0	2.236032
915	9177	0	0	0	2	0	1.844362
916	9192	0	0	0	1	0	1.686838
917	9201	0	0	0	0	0	1.112839
918	9206	0	0	0	1	0	2.647146
919	9215	0	0	0	0	0	1.154038
920	9227	0	0	0	2	0	2.393620
921	9231	0	0	0	0	0	1.563065
922	9239	0	0	0	0	0	2.153126
923	9248	0	0	0	0	0	1.442804
924	9255	0	0	0	1	0	2.690132
925	9264	0	0	0	2	0	2.577805
926	9273	0	0	0	1	0	1.010178
927	9284	0	0	0	1	0	2.215621
928	9295	0	0	0	2	0	2.427490
929	9312	0	0	0	0	0	1.750453
930	9332	0	0	0	1	0	1.090686
931	9340	0	0	0	0	0	2.578145
932	9353	0	0	0	1	0	2.495252
933	9366	0	0	0	0	0	2.707371
934	9374	0	0	0	0	0	1.641069
935	9379	0	0	0	1	0	1.436745
936	9387	0	0	0	0	0	1.321475
937	9403	0	0	0	0	0	1.391094
938	9411	0	0	0	0	0	1.495240
939	9419	0	0	0	0	0	2.072709
940	9423	0	0	0	1	0	1.474679
941	9434	0	0	0	0	0	1.675092
942	9446	0	0	0	1	0	1.418857
943	9459	0	0	0	2	0	1.499703
944	9467	0	0	0	2	0	2.681797
945	9477	0	0	0	0	0	2.201168
946	9487	0	0	0	0	0	2.902180
947	9494	0	0	0	2	0	1.471669
948	9511	0	0	0	0	0	2.022476
949	9523	0	0	0	2	0	2.201746
950	9532	0	0	0	0	0	2.163518
951	9546	0	0	0	1	0	1.301410
952	9554	0	0	0	2	0	2.178489
953	9565	0	0	0	0	0	1.947879
954	9575	0	0	0	0	0	1.052385
955	9585	0	0	0	2	0	1.182138
956	9593	0	0	0	2	0	1.914943
957	9601	0	0	0	0	0	1.260978
958	9613	0	0	0	1	0	2.435864
959	9618	0	0	0	0	0	2.867093
960	9623	0	0	0	0	0	1.305116
961	9627	0	0	0	0	0	1.840620
962	9636	0	0	0	0	0	2.051750
963	9645	0	0	0	1	0	1.433758
964	9654	0	0	0	1	0	1.694015
965	9664	0	0	0	0	0	1.473589
966	9673	0	0	0	0	0	1.209227
967	9679	0	0	0	2	0	1.222403
968	9693	0	0	0	1	0	1.904210
969	9711	0	0	0	0	0	1.749888
970	9721	0	0	0	0	0	1.832148
971	9729	0	0	0	0	0	2.625668
972	9742	0	0	0	0	0	2.805540
973	9752	0	0	0	2	0	2.790621
974	9764	0	0	0	0	0	1.080613
975	9773	0	0	0	1	0	1.357315
976	9778	0	0	0	0	0	2.821894
977	9795	0	0	0	0	0	1.376530
978	9801	0	0	0	2	0	1.492893
979	9811	0	0	0	0	0	2.193458
980	9817	0	0	0	2	0	2.679974
981	9825	0	0	0	1	0	2.115956
982	9836	0	0	0	0	0	2.802816
983	9847	0	0	0	0	0	1.919041
984	9855	0	0	0	1	0	2.412513
985	9869	0	0	0	1	0	2.335614
986	9874	0	0	0	0	0	1.870484
987	9887	0	0	0	1	0	1.932065
988	9900	0	0	0	0	0	2.781334
989	9907	0	0	0	0	0	1.854157
990	9917	0	0	0	1	0	1.017625
991	9923	0	0	0	0	0	2.576856
992	9935	0	0	0	0	0	1.372469
993	9944	0	0	0	2	0	2.456215
994	9954	0	0	0	2	0	2.261851
995	9965	0	0	0	1	0	1.483391
996	9974	0	0	0	0	0	2.594426
997	9983	0	0	0	2	0	1.804182
998	9992	0	0	0	2	0	1.335063
999	10008	0	0	0	1	0	2.091278
