0	1	0	0	0	0	0	1.276437
1	15	0	0	0	1	0	1.449501
2	28	0	0	0	1	0	1.600381
3	36	0	0	0	1	0	2.358236
4	47	0	0	0	2	0	2.910184
5	59	0	0	0	1	0	2.614142
6	66	0	0	0	1	0	1.566747
7	76	0	0	0	1	0	1.395400
8	94	0	0	0	0	0	2.005881
9	104	0	0	0	0	0	1.462244
10	109	0	0	0	2	0	1.992165
11	128	0	0	0	1	0	2.029107
12	138	0	0	0	0	0	2.376798
13	151	0	0	0	0	0	2.447558
14	164	0	0	0	0	0	1.583462
15	175	0	0	0	1	0	1.286335
16	180	0	0	0	2	0	2.602378
17	191	0	0	0	1	0	2.817712
18	197	0	0	0	2	0	1.190737
19	205	0	0	0	1	0	1.124110
20	221	0	0	0	1	0	1.028116
21	232	0	0	0	0	0	2.303413
22	247	0	0	0	0	0	2.851439
23	252	0	0	0	1	0	2.500913
24	264	0	0	0	1	0	2.237323
25	275	0	0	0	2	0	1.046791
26	280	0	0	0	0	0	2.948514
27	291	0	0	0	0	0	1.249389
28	302	0	0	0	1	0	1.974461
29	315	0	0	0	0	0	2.007911
30	330	0	0	0	2	0	1.781446
31	340	0	0	0	0	0	1.571503
32	345	0	0	0	2	0	1.827581
33	351	0	0	0	1	0	1.150063
34	359	0	0	0	2	0	2.897185
35	369	0	0	0	0	0	2.979131
36	372	0	0	0	1	0	1.010043
37	384	0	0	0	0	0	1.556668
38	393	0	0	0	1	0	1.014406
39	399	0	0	0	0	0	2.389138
40	406	0	0	0	1	0	2.143107
41	419	0	0	0	0	0	1.268480
42	425	0	0	0	0	0	2.794363
43	432	0	0	0	1	0	2.097555
44	438	0	0	0	0	0	2.625613
45	449	0	0	0	2	0	2.961999
46	454	0	0	0	1	0	1.393049
47	465	0	0	0	0	0	1.521140
48	472	0	0	0	1	0	1.163984
49	484	0	0	0	0	0	2.512319
50	495	0	0	0	0	0	1.690254
51	502	0	0	0	0	0	2.725906
52	510	0	0	0	0	0	2.922686
53	520	0	0	0	1	0	2.132034
54	529	0	0	0	1	0	1.854863
55	535	0	0	0	0	0	1.328495
56	547	0	0	0	0	0	2.599720
57	560	0	0	0	1	0	1.617054
58	571	0	0	0	2	0	2.629884
59	578	0	0	0	1	0	2.612671
60	586	0	0	0	1	0	2.573326
61	590	0	0	0	0	0	1.293296
62	597	0	0	0	1	0	1.344083
63	607	0	0	0	1	0	1.553268
64	615	0	0	0	2	0	2.070914
65	625	0	0	0	2	0	2.794208
66	636	0	0	0	1	0	1.702280
67	644	0	0	0	0	0	2.805173
68	655	0	0	0	1	0	2.659555
69	663	0	0	0	2	0	1.279832
70	670	0	0	0	0	0	2.055143
71	682	0	0	0	1	0	2.128593
72	690	0	0	0	1	0	1.768664
73	700	0	0	0	2	0	2.769719
74	708	0	0	0	1	0	2.229313
75	727	0	0	0	1	0	1.773059
76	735	0	0	0	0	0	1.362955
77	745	0	0	0	1	0	1.392050
78	762	0	0	0	1	0	2.381484
79	778	0	0	0	0	0	2.495242
80	788	0	0	0	0	0	1.245641
81	794	0	0	0	2	0	1.322937
82	803	0	0	0	1	0	2.453035
83	810	0	0	0	0	0	2.558622
84	814	0	0	0	0	0	2.771730
85	818	0	0	0	0	0	1.947225
86	827	0	0	0	2	0	2.413599
87	837	0	0	0	1	0	1.770573
88	849	0	0	0	2	0	2.635201
89	858	0	0	0	1	0	2.637368
90	866	0	0	0	0	0	1.389743
91	882	0	0	0	0	0	2.465654
92	897	0	0	0	0	0	2.158396
93	908	0	0	0	1	0	2.812052
94	918	0	0	0	0	0	2.979890
95	924	0	0	0	2	0	1.732824
96	935	0	0	0	1	0	2.865063
97	946	0	0	0	0	0	1.078887
98	958	0	0	0	2	0	2.179467
99	965	0	0	0	1	0	1.826360
100	976	0	0	0	1	0	2.299396
101	985	0	0	0	0	0	2.653719
102	990	0	0	0	0	0	2.017923
103	999	0	0	0	2	0	1.160670
104	1009	0	0	0	0	0	1.851681
105	1021	0	0	0	0	0	1.320269
106	1032	0	0	0	0	0	2.339492
107	1042	0	0	0	2	0	1.272306
108	1048	0	0	0	1	0	2.510761
109	1062	0	0	0	1	0	1.436340
110	1067	0	0	0	1	0	1.544287
111	1078	0	0	0	0	0	1.080242
112	1093	0	0	0	1	0	2.367142
113	1102	0	0	0	1	0	2.858023
114	1113	0	0	0	0	0	2.111506
115	1118	0	0	0	2	0	1.899322
116	1129	0	0	0	1	0	1.168695
117	1141	0	0	0	1	0	1.333225
118	1151	0	0	0	0	0	1.163484
119	1162	0	0	0	0	0	2.294674
120	1168	0	0	0	0	0	2.364163
121	1183	0	0	0	0	0	1.761693
122	1192	0	0	0	0	0	1.952920
123	1206	0	0	0	1	0	2.096237
124	1214	0	0	0	0	0	2.003698
125	1222	0	0	0	0	0	1.655193
126	1234	0	0	0	2	0	1.783545
127	1247	0	0	0	1	0	2.253819
128	1258	0	0	0	1	0	1.144901
129	1265	0	0	0	2	0	1.636258
130	1278	0	0	0	0	0	2.554250
131	1290	0	0	0	2	0	1.198273
132	1297	0	0	0	2	0	1.222046
133	1310	0	0	0	1	0	1.643493
134	1320	0	0	0	2	0	2.623282
135	1327	0	0	0	0	0	1.013096
136	1341	0	0	0	0	0	1.133203
137	1349	0	0	0	1	0	2.323096
138	1355	0	0	0	0	0	2.855080
139	1367	0	0	0	1	0	2.239917
140	1378	0	0	0	1	0	2.913948
141	1383	0	0	0	2	0	1.421458
142	1393	0	0	0	1	0	1.842690
143	1404	0	0	0	1	0	1.544784
144	1413	0	0	0	0	0	2.385765
145	1422	0	0	0	0	0	1.477139
146	1429	0	0	0	1	0	1.718226
147	1433	0	0	0	1	0	1.277723
148	1441	0	0	0	0	0	2.488854
149	1455	0	0	0	0	0	1.515104
150	1467	0	0	0	0	0	1.651147
151	1474	0	0	0	0	0	2.261145
152	1479	0	0	0	2	0	2.106792
153	1488	0	0	0	1	0	2.141008
154	1500	0	0	0	0	0	1.460030
155	1510	0	0	0	0	0	1.067555
156	1520	0	0	0	0	0	1.618776
157	1528	0	0	0	0	0	1.897238
158	1534	0	0	0	1	0	1.156761
159	1542	0	0	0	2	0	1.542245
160	1551	0	0	0	0	0	1.689948
161	1563	0	0	0	2	0	1.154121
162	1565	0	0	0	1	0	2.133037
163	1575	0	0	0	2	0	2.848742
164	1587	0	0	0	0	0	1.944728
165	1595	0	0	0	0	0	1.044279
166	1608	0	0	0	0	0	2.160489
167	1624	0	0	0	0	0	1.426562
168	1634	0	0	0	1	0	2.165595
169	1643	0	0	0	0	0	2.232666
170	1658	0	0	0	1	0	2.867693
171	1674	0	0	0	2	0	1.984625
172	1682	0	0	0	1	0	2.004920
173	1686	0	0	0	2	0	1.771266
174	1695	0	0	0	0	0	1.828448
175	1702	0	0	0	2	0	1.562233
176	1711	0	0	0	1	0	1.449758
177	1721	0	0	0	2	0	2.209249
178	1731	0	0	0	0	0	2.118429
179	1740	0	0	0	0	0	2.666152
180	1751	0	0	0	0	0	2.367521
181	1768	0	0	0	1	0	1.873684
182	1781	0	0	0	2	0	2.445786
183	1789	0	0	0	2	0	1.190618
184	1797	0	0	0	2	0	1.249190
185	1803	0	0	0	1	0	1.081530
186	1815	0	0	0	0	0	2.755195
187	1824	0	0	0	2	0	2.888960
188	1831	0	0	0	1	0	2.380064
189	1845	0	0	0	0	0	1.385268
190	1850	0	0	0	0	0	2.446816
191	1860	0	0	0	1	0	2.254657
192	1866	0	0	0	2	0	2.962912
193	1876	0	0	0	0	0	1.704618
194	1886	0	0	0	0	0	2.328517
195	1901	0	0	0	1	0	1.779337
196	1912	0	0	0	1	0	2.101356
197	1923	0	0	0	1	0	2.455065
198	1941	0	0	0	0	0	1.267024
199	1956	0	0	0	1	0	1.702829
200	1964	0	0	0	2	0	2.995144
201	1979	0	0	0	0	0	1.011665
202	1984	0	0	0	0	0	2.737015
203	1998	0	0	0	0	0	1.176115
204	2010	0	0	0	1	0	1.100231
205	2024	0	0	0	1	0	1.337810
206	2040	0	0	0	0	0	2.451086
207	2050	0	0	0	1	0	2.889817
208	2060	0	0	0	2	0	1.863251
209	2068	0	0	0	0	0	2.489817
210	2080	0	0	0	1	0	2.435666
211	2090	0	0	0	2	0	1.068321
212	2097	0	0	0	2	0	1.261465
213	2110	0	0	0	1	0	2.460884
214	2123	0	0	0	0	0	2.857196
215	2133	0	0	0	1	0	2.699591
216	2137	0	0	0	0	0	2.069599
217	2146	0	0	0	0	0	2.722415
218	2159	0	0	0	0	0	2.546999
219	2170	0	0	0	0	0	2.923415
220	2185	0	0	0	1	0	2.236931
221	2201	0	0	0	1	0	1.934363
222	2209	0	0	0	1	0	1.270369
223	2217	0	0	0	1	0	2.207859
224	2224	0	0	0	1	0	1.451453
225	2236	0	0	0	0	0	2.329667
226	2246	0	0	0	0	0	1.621838
227	2257	0	0	0	0	0	2.429323
228	2266	0	0	0	2	0	2.207185
229	2273	0	0	0	1	0	1.222449
230	2280	0	0	0	0	0	2.177943
231	2295	0	0	0	2	0	1.068812
232	2311	0	0	0	1	0	1.906722
233	2326	0	0	0	0	0	2.428686
234	2340	0	0	0	0	0	2.810822
235	2351	0	0	0	0	0	1.153359
236	2362	0	0	0	1	0	1.794108
237	2371	0	0	0	0	0	2.184156
238	2379	0	0	0	1	0	2.213319
239	2395	0	0	0	0	0	2.744848
240	2405	0	0	0	1	0	1.268559
241	2416	0	0	0	2	0	1.220119
242	2423	0	0	0	2	0	2.667848
243	2434	0	0	0	2	0	1.873211
244	2444	0	0	0	0	0	2.297092
245	2454	0	0	0	1	0	1.796687
246	2460	0	0	0	2	0	2.071586
247	2476	0	0	0	0	0	2.191390
248	2491	0	0	0	0	0	1.878513
249	2504	0	0	0	2	0	2.679954
250	2514	0	0	0	2	0	2.519128
251	2519	0	0	0	2	0	2.632966
252	2533	0	0	0	1	0	1.955832
253	2541	0	0	0	2	0	2.758094
254	2547	0	0	0	2	0	2.247612
255	2562	0	0	0	0	0	2.875838
256	2570	0	0	0	1	0	1.972441
257	2584	0	0	0	2	0	2.159258
258	2591	0	0	0	0	0	2.865613
259	2596	0	0	0	0	0	1.298689
260	2608	0	0	0	1	0	1.680935
261	2621	0	0	0	0	0	1.190295
262	2629	0	0	0	0	0	1.895581
263	2639	0	0	0	1	0	2.703514
264	2654	0	0	0	2	0	1.042782
265	2662	0	0	0	2	0	2.724205
266	2675	0	0	0	2	0	1.901143
267	2679	0	0	0	1	0	1.367703
268	2688	0	0	0	1	0	2.308043
269	2695	0	0	0	0	0	1.935479
270	2701	0	0	0	0	0	1.994861
271	2717	0	0	0	1	0	2.754747
272	2728	0	0	0	0	0	2.435255
273	2737	0	0	0	0	0	2.704233
274	2748	0	0	0	2	0	2.434894
275	2755	0	0	0	2	0	2.924328
276	2765	0	0	0	2	0	2.969223
277	2774	0	0	0	2	0	1.641164
278	2783	0	0	0	2	0	2.131541
279	2798	0	0	0	0	0	1.318868
280	2806	0	0	0	2	0	2.883096
281	2822	0	0	0	2	0	2.343355
282	2832	0	0	0	0	0	1.332610
283	2845	0	0	0	1	0	2.806693
284	2852	0	0	0	0	0	2.523699
285	2865	0	0	0	1	0	1.731241
286	2882	0	0	0	0	0	2.305155
287	2893	0	0	0	2	0	1.217883
288	2905	0	0	0	0	0	1.628684
289	2915	0	0	0	0	0	1.403171
290	2920	0	0	0	2	0	2.840031
291	2931	0	0	0	0	0	2.620200
292	2943	0	0	0	2	0	2.933973
293	2949	0	0	0	1	0	2.676931
294	2970	0	0	0	2	0	1.552587
295	2980	0	0	0	1	0	1.603723
296	2987	0	0	0	2	0	2.554544
297	2997	0	0	0	0	0	1.306192
298	3005	0	0	0	1	0	2.226370
299	3017	0	0	0	0	0	2.623122
300	3029	0	0	0	1	0	1.431926
301	3040	0	0	0	2	0	1.647644
302	3050	0	0	0	1	0	1.025022
303	3056	0	0	0	2	0	2.999315
304	3066	0	0	0	0	0	1.274756
305	3077	0	0	0	2	0	1.286238
306	3084	0	0	0	1	0	2.958090
307	3096	0	0	0	1	0	2.259534
308	3111	0	0	0	0	0	1.831734
309	3117	0	0	0	1	0	2.806231
310	3126	0	0	0	1	0	1.501892
311	3136	0	0	0	0	0	1.801814
312	3143	0	0	0	1	0	1.049352
313	3159	0	0	0	1	0	1.577114
314	3169	0	0	0	0	0	1.191795
315	3182	0	0	0	1	0	1.417092
316	3192	0	0	0	1	0	2.984248
317	3205	0	0	0	1	0	1.198417
318	3214	0	0	0	0	0	2.277482
319	3223	0	0	0	1	0	2.850126
320	3231	0	0	0	1	0	1.319521
321	3242	0	0	0	2	0	1.525698
322	3249	0	0	0	1	0	1.088857
323	3259	0	0	0	2	0	1.942971
324	3266	0	0	0	0	0	1.764971
325	3279	0	0	0	0	0	1.107443
326	3287	0	0	0	0	0	2.574111
327	3295	0	0	0	0	0	1.719519
328	3307	0	0	0	2	0	2.849856
329	3317	0	0	0	1	0	1.191495
330	3329	0	0	0	2	0	2.367556
331	3342	0	0	0	0	0	2.809966
332	3357	0	0	0	1	0	1.166367
333	3366	0	0	0	0	0	1.461781
334	3376	0	0	0	2	0	1.695523
335	3386	0	0	0	0	0	2.142349
336	3401	0	0	0	1	0	1.088496
337	3409	0	0	0	1	0	2.492055
338	3420	0	0	0	2	0	1.612560
339	3428	0	0	0	2	0	1.281745
340	3436	0	0	0	1	0	1.305842
341	3445	0	0	0	2	0	2.186741
342	3456	0	0	0	2	0	2.726259
343	3463	0	0	0	0	0	2.973746
344	3465	0	0	0	0	0	1.506316
345	3476	0	0	0	2	0	2.515765
346	3484	0	0	0	0	0	2.419185
347	3493	0	0	0	0	0	1.200824
348	3505	0	0	0	0	0	1.059099
349	3518	0	0	0	0	0	1.271491
350	3524	0	0	0	1	0	1.688127
351	3536	0	0	0	1	0	2.628528
352	3544	0	0	0	2	0	2.618393
353	3552	0	0	0	2	0	1.746578
354	3558	0	0	0	0	0	2.956055
355	3568	0	0	0	0	0	1.011795
356	3582	0	0	0	2	0	2.021241
357	3591	0	0	0	2	0	1.558504
358	3601	0	0	0	1	0	2.343103
359	3606	0	0	0	2	0	2.224894
360	3618	0	0	0	2	0	1.395373
361	3627	0	0	0	0	0	1.222096
362	3635	0	0	0	1	0	1.515029
363	3642	0	0	0	1	0	2.440539
364	3652	0	0	0	0	0	2.460406
365	3658	0	0	0	0	0	2.270153
366	3667	0	0	0	0	0	1.012130
367	3678	0	0	0	1	0	2.774831
368	3688	0	0	0	2	0	1.050313
369	3697	0	0	0	2	0	2.451134
370	3707	0	0	0	1	0	1.259042
371	3720	0	0	0	0	0	1.779877
372	3733	0	0	0	0	0	1.200381
373	3740	0	0	0	0	0	1.246812
374	3748	0	0	0	2	0	1.892917
375	3755	0	0	0	1	0	1.645012
376	3765	0	0	0	2	0	2.018862
377	3779	0	0	0	0	0	2.433652
378	3789	0	0	0	2	0	1.090207
379	3798	0	0	0	1	0	2.047624
380	3810	0	0	0	1	0	1.577394
381	3820	0	0	0	1	0	2.367645
382	3830	0	0	0	1	0	2.046905
383	3841	0	0	0	2	0	2.233565
384	3854	0	0	0	2	0	1.674205
385	3861	0	0	0	2	0	2.324880
386	3875	0	0	0	0	0	2.197383
387	3884	0	0	0	1	0	2.312957
388	3897	0	0	0	2	0	1.230105
389	3907	0	0	0	2	0	2.291931
390	3919	0	0	0	0	0	2.723328
391	3938	0	0	0	0	0	2.919670
392	3945	0	0	0	2	0	1.103054
393	3955	0	0	0	1	0	1.788508
394	3966	0	0	0	1	0	2.416572
395	3979	0	0	0	1	0	2.447651
396	3995	0	0	0	2	0	1.151898
397	4000	0	0	0	1	0	2.541443
398	4007	0	0	0	1	0	2.391116
399	4014	0	0	0	0	0	2.751231
400	4025	0	0	0	2	0	1.072921
401	4035	0	0	0	0	0	1.615229
402	4047	0	0	0	2	0	1.158032
403	4061	0	0	0	1	0	1.901710
404	4073	0	0	0	2	0	2.093076
405	4083	0	0	0	0	0	2.625045
406	4095	0	0	0	2	0	2.142630
407	4102	0	0	0	0	0	1.664693
408	4116	0	0	0	0	0	2.624885
409	4125	0	0	0	0	0	1.113412
410	4138	0	0	0	2	0	2.177900
411	4143	0	0	0	2	0	2.395741
412	4151	0	0	0	1	0	1.134581
413	4161	0	0	0	1	0	1.441325
414	4174	0	0	0	0	0	2.549538
415	4182	0	0	0	1	0	1.133427
416	4190	0	0	0	1	0	2.517869
417	4200	0	0	0	0	0	1.900249
418	4212	0	0	0	0	0	2.593523
419	4223	0	0	0	2	0	2.827797
420	4244	0	0	0	0	0	1.895001
421	4253	0	0	0	0	0	1.518462
422	4269	0	0	0	0	0	1.617851
423	4278	0	0	0	2	0	2.296222
424	4289	0	0	0	2	0	2.342082
425	4294	0	0	0	1	0	1.172005
426	4305	0	0	0	1	0	2.233641
427	4323	0	0	0	0	0	1.678889
428	4331	0	0	0	1	0	1.049193
429	4344	0	0	0	0	0	1.735668
430	4353	0	0	0	0	0	1.489544
431	4360	0	0	0	2	0	2.383744
432	4372	0	0	0	1	0	1.033496
433	4382	0	0	0	1	0	1.596832
434	4392	0	0	0	0	0	2.975463
435	4404	0	0	0	2	0	2.262465
436	4413	0	0	0	0	0	1.082881
437	4422	0	0	0	1	0	2.579343
438	4426	0	0	0	1	0	1.416544
439	4436	0	0	0	0	0	1.219369
440	4446	0	0	0	1	0	2.101229
441	4451	0	0	0	1	0	1.240025
442	4459	0	0	0	1	0	2.031497
443	4473	0	0	0	2	0	2.610225
444	4478	0	0	0	0	0	1.417535
445	4489	0	0	0	1	0	2.002965
446	4503	0	0	0	1	0	2.499940
447	4516	0	0	0	0	0	2.426331
448	4526	0	0	0	1	0	2.682386
449	4535	0	0	0	2	0	2.861628
450	4549	0	0	0	0	0	2.791854
451	4555	0	0	0	2	0	1.368065
452	4562	0	0	0	0	0	1.108723
453	4575	0	0	0	1	0	2.631679
454	4585	0	0	0	1	0	1.233156
455	4594	0	0	0	0	0	2.255236
456	4606	0	0	0	0	0	1.869922
457	4615	0	0	0	2	0	1.310856
458	4623	0	0	0	0	0	1.256928
459	4632	0	0	0	0	0	1.757330
460	4646	0	0	0	1	0	1.547729
461	4655	0	0	0	1	0	1.117671
462	4667	0	0	0	0	0	1.850899
463	4678	0	0	0	0	0	1.780910
464	4683	0	0	0	2	0	1.504536
465	4692	0	0	0	1	0	2.997240
466	4705	0	0	0	0	0	1.521486
467	4715	0	0	0	1	0	1.160157
468	4730	0	0	0	0	0	1.492594
469	4743	0	0	0	1	0	2.935343
470	4756	0	0	0	1	0	1.707773
471	4769	0	0	0	0	0	2.911113
472	4781	0	0	0	0	0	2.785388
473	4792	0	0	0	2	0	2.362095
474	4801	0	0	0	2	0	1.251460
475	4809	0	0	0	2	0	1.871016
476	4819	0	0	0	0	0	1.223730
477	4825	0	0	0	1	0	2.809540
478	4843	0	0	0	0	0	2.054779
479	4851	0	0	0	0	0	2.641831
480	4867	0	0	0	2	0	2.432324
481	4873	0	0	0	2	0	1.218112
482	4886	0	0	0	0	0	1.367260
483	4899	0	0	0	0	0	2.988491
484	4909	0	0	0	1	0	1.713483
485	4918	0	0	0	1	0	1.775395
486	4924	0	0	0	1	0	2.429460
487	4941	0	0	0	1	0	2.545601
488	4956	0	0	0	1	0	2.434674
489	4970	0	0	0	2	0	2.353607
490	4980	0	0	0	2	0	1.059729
491	4987	0	0	0	2	0	1.100769
492	4992	0	0	0	2	0	2.594399
493	5009	0	0	0	2	0	2.391518
494	5019	0	0	0	2	0	1.273037
495	5035	0	0	0	1	0	1.743491
496	5045	0	0	0	1	0	1.800119
497	5055	0	0	0	1	0	1.964409
498	5070	0	0	0	1	0	2.396517
499	5074	0	0	0	2	0	1.589037
500	5082	0	0	0	1	0	1.477313
501	5088	0	0	0	1	0	2.769118
502	5095	0	0	0	0	0	1.375565
503	5103	0	0	0	2	0	1.082043
504	5111	0	0	0	0	0	1.250646
505	5121	0	0	0	1	0	2.132834
506	5132	0	0	0	0	0	2.599624
507	5146	0	0	0	2	0	2.874744
508	5151	0	0	0	1	0	2.767736
509	5161	0	0	0	1	0	1.333378
510	5172	0	0	0	1	0	2.213501
511	5179	0	0	0	0	0	2.840429
512	5182	0	0	0	0	0	1.432273
513	5190	0	0	0	0	0	2.356295
514	5199	0	0	0	0	0	1.600984
515	5210	0	0	0	2	0	1.879824
516	5214	0	0	0	1	0	1.968210
517	5223	0	0	0	2	0	1.295601
518	5233	0	0	0	0	0	1.407598
519	5243	0	0	0	2	0	1.738875
520	5253	0	0	0	1	0	1.643039
521	5260	0	0	0	1	0	1.179818
522	5266	0	0	0	1	0	2.449981
523	5280	0	0	0	0	0	1.047927
524	5291	0	0	0	2	0	2.365176
525	5300	0	0	0	2	0	2.674763
526	5305	0	0	0	1	0	2.720178
527	5310	0	0	0	2	0	1.301543
528	5318	0	0	0	2	0	1.383264
529	5324	0	0	0	0	0	2.361861
530	5336	0	0	0	0	0	2.826369
531	5344	0	0	0	2	0	1.254103
532	5347	0	0	0	2	0	1.414180
533	5358	0	0	0	0	0	1.682166
534	5370	0	0	0	2	0	2.140104
535	5374	0	0	0	2	0	1.038640
536	5379	0	0	0	2	0	1.510607
537	5384	0	0	0	0	0	1.155631
538	5395	0	0	0	2	0	1.848454
539	5406	0	0	0	2	0	1.356814
540	5418	0	0	0	1	0	2.014087
541	5428	0	0	0	0	0	1.033776
542	5437	0	0	0	1	0	2.256309
543	5448	0	0	0	1	0	2.113960
544	5454	0	0	0	0	0	1.963023
545	5470	0	0	0	2	0	2.404483
546	5479	0	0	0	2	0	2.318163
547	5484	0	0	0	0	0	2.672275
548	5493	0	0	0	0	0	1.762419
549	5505	0	0	0	0	0	1.996193
550	5521	0	0	0	1	0	2.112472
551	5538	0	0	0	0	0	2.754297
552	5546	0	0	0	1	0	2.101484
553	5563	0	0	0	2	0	1.604014
554	5572	0	0	0	1	0	1.309815
555	5585	0	0	0	1	0	2.584063
556	5598	0	0	0	1	0	1.101520
557	5610	0	0	0	0	0	2.582364
558	5618	0	0	0	0	0	1.328139
559	5627	0	0	0	0	0	1.722109
560	5636	0	0	0	2	0	1.126134
561	5654	0	0	0	2	0	1.366584
562	5666	0	0	0	1	0	2.697561
563	5677	0	0	0	1	0	1.533246
564	5687	0	0	0	1	0	2.555805
565	5692	0	0	0	0	0	2.905340
566	5701	0	0	0	1	0	2.620493
567	5712	0	0	0	0	0	2.211870
568	5721	0	0	0	0	0	1.835102
569	5724	0	0	0	1	0	2.338644
570	5736	0	0	0	2	0	2.079309
571	5747	0	0	0	1	0	2.071184
572	5755	0	0	0	2	0	2.348047
573	5763	0	0	0	2	0	2.166206
574	5773	0	0	0	0	0	2.639622
575	5784	0	0	0	2	0	2.731318
576	5792	0	0	0	0	0	1.845775
577	5800	0	0	0	1	0	1.301159
578	5812	0	0	0	2	0	2.769743
579	5826	0	0	0	2	0	1.013947
580	5831	0	0	0	0	0	1.029964
581	5835	0	0	0	2	0	1.930266
582	5845	0	0	0	1	0	1.469150
583	5853	0	0	0	2	0	2.748100
584	5862	0	0	0	2	0	2.371129
585	5869	0	0	0	0	0	2.648052
586	5882	0	0	0	1	0	1.162934
587	5897	0	0	0	2	0	2.017293
588	5907	0	0	0	0	0	2.793495
589	5918	0	0	0	2	0	1.819678
590	5931	0	0	0	0	0	1.817951
591	5945	0	0	0	1	0	2.914450
592	5956	0	0	0	1	0	1.475756
593	5966	0	0	0	0	0	1.199433
594	5978	0	0	0	1	0	2.618727
595	5990	0	0	0	0	0	1.289441
596	6006	0	0	0	0	0	1.116916
597	6014	0	0	0	0	0	1.721645
598	6030	0	0	0	2	0	2.315498
599	6039	0	0	0	1	0	1.733576
600	6054	0	0	0	0	0	1.314524
601	6069	0	0	0	1	0	2.137649
602	6082	0	0	0	0	0	1.274137
603	6094	0	0	0	1	0	2.072035
604	6105	0	0	0	1	0	1.697548
605	6111	0	0	0	2	0	1.790299
606	6122	0	0	0	2	0	2.081606
607	6129	0	0	0	1	0	1.417244
608	6142	0	0	0	1	0	2.098372
609	6154	0	0	0	1	0	1.894733
610	6167	0	0	0	0	0	2.820275
611	6176	0	0	0	1	0	2.904961
612	6185	0	0	0	1	0	1.079058
613	6191	0	0	0	0	0	1.811716
614	6200	0	0	0	1	0	2.851034
615	6213	0	0	0	2	0	1.568141
616	6228	0	0	0	2	0	1.611089
617	6236	0	0	0	1	0	1.142812
618	6252	0	0	0	2	0	1.180603
619	6258	0	0	0	2	0	1.517957
620	6264	0	0	0	0	0	2.974551
621	6275	0	0	0	0	0	2.368337
622	6285	0	0	0	0	0	1.613765
623	6292	0	0	0	2	0	1.186591
624	6299	0	0	0	0	0	1.286248
625	6309	0	0	0	0	0	1.531463
626	6312	0	0	0	1	0	2.211676
627	6318	0	0	0	1	0	1.443804
628	6328	0	0	0	1	0	1.949492
629	6337	0	0	0	0	0	1.044238
630	6346	0	0	0	1	0	1.461618
631	6353	0	0	0	1	0	1.516156
632	6361	0	0	0	1	0	2.345500
633	6376	0	0	0	1	0	2.223788
634	6385	0	0	0	0	0	2.223056
635	6397	0	0	0	0	0	1.040850
636	6403	0	0	0	1	0	1.467470
637	6413	0	0	0	2	0	2.584521
638	6427	0	0	0	1	0	2.809249
639	6433	0	0	0	0	0	1.240024
640	6446	0	0	0	1	0	2.771581
641	6460	0	0	0	2	0	1.224193
642	6471	0	0	0	0	0	2.502821
643	6487	0	0	0	0	0	2.686524
644	6497	0	0	0	2	0	2.587016
645	6509	0	0	0	0	0	2.055332
646	6519	0	0	0	2	0	1.659612
647	6530	0	0	0	1	0	2.010945
648	6537	0	0	0	0	0	1.252143
649	6547	0	0	0	0	0	1.563809
650	6558	0	0	0	2	0	1.463901
651	6565	0	0	0	0	0	2.926968
652	6579	0	0	0	0	0	1.321350
653	6595	0	0	0	1	0	1.260810
654	6603	0	0	0	1	0	2.931940
655	6620	0	0	0	1	0	2.620988
656	6629	0	0	0	0	0	2.859415
657	6637	0	0	0	0	0	2.858899
658	6651	0	0	0	0	0	1.063242
659	6663	0	0	0	2	0	2.421939
660	6673	0	0	0	0	0	2.979227
661	6684	0	0	0	1	0	1.196724
662	6686	0	0	0	0	0	1.590586
663	6695	0	0	0	0	0	1.506313
664	6702	0	0	0	1	0	2.167693
665	6717	0	0	0	0	0	2.797783
666	6722	0	0	0	2	0	1.437430
667	6732	0	0	0	1	0	2.554106
668	6735	0	0	0	0	0	1.732332
669	6750	0	0	0	1	0	2.781356
670	6757	0	0	0	0	0	1.941203
671	6770	0	0	0	0	0	2.983453
672	6776	0	0	0	1	0	2.132299
673	6789	0	0	0	1	0	2.890562
674	6796	0	0	0	1	0	2.944765
675	6807	0	0	0	0	0	1.881926
676	6820	0	0	0	1	0	2.757374
677	6828	0	0	0	0	0	2.230724
678	6838	0	0	0	2	0	1.312919
679	6849	0	0	0	1	0	2.256104
680	6864	0	0	0	0	0	1.624087
681	6879	0	0	0	2	0	1.880769
682	6890	0	0	0	1	0	2.953118
683	6896	0	0	0	0	0	1.162484
684	6905	0	0	0	0	0	2.769678
685	6912	0	0	0	2	0	1.706638
686	6930	0	0	0	2	0	1.594353
687	6944	0	0	0	0	0	2.292239
688	6962	0	0	0	2	0	1.659193
689	6973	0	0	0	0	0	1.758457
690	6984	0	0	0	1	0	2.011972
691	6997	0	0	0	2	0	2.398964
692	7005	0	0	0	2	0	1.116156
693	7014	0	0	0	2	0	2.754134
694	7026	0	0	0	2	0	1.819211
695	7041	0	0	0	1	0	1.479081
696	7049	0	0	0	2	0	1.531526
697	7060	0	0	0	0	0	2.413976
698	7068	0	0	0	1	0	1.680538
699	7079	0	0	0	0	0	2.063545
700	7094	0	0	0	2	0	1.344351
701	7108	0	0	0	0	0	2.464160
702	7124	0	0	0	0	0	1.406425
703	7129	0	0	0	2	0	1.303444
704	7140	0	0	0	0	0	2.045781
705	7154	0	0	0	0	0	1.578200
706	7172	0	0	0	2	0	2.782627
707	7177	0	0	0	1	0	1.416436
708	7190	0	0	0	1	0	2.710351
709	7201	0	0	0	2	0	2.977291
710	7215	0	0	0	0	0	1.473361
711	7226	0	0	0	2	0	2.822647
712	7234	0	0	0	1	0	1.905917
713	7241	0	0	0	1	0	2.676290
714	7249	0	0	0	0	0	1.296249
715	7254	0	0	0	2	0	1.535472
716	7263	0	0	0	1	0	2.100598
717	7271	0	0	0	0	0	1.585979
718	7281	0	0	0	2	0	1.283855
719	7291	0	0	0	2	0	1.853417
720	7298	0	0	0	1	0	2.053125
721	7301	0	0	0	1	0	2.894949
722	7314	0	0	0	0	0	1.777853
723	7325	0	0	0	1	0	2.817993
724	7336	0	0	0	0	0	1.769503
725	7352	0	0	0	0	0	1.451594
726	7365	0	0	0	2	0	2.343346
727	7379	0	0	0	0	0	2.976286
728	7391	0	0	0	2	0	2.764389
729	7400	0	0	0	0	0	2.388194
730	7413	0	0	0	1	0	2.911246
731	7421	0	0	0	2	0	2.677894
732	7431	0	0	0	0	0	1.152300
733	7447	0	0	0	0	0	2.740887
734	7461	0	0	0	1	0	1.747100
735	7468	0	0	0	1	0	1.216721
736	7483	0	0	0	2	0	1.727948
737	7493	0	0	0	1	0	1.063409
738	7507	0	0	0	0	0	1.639539
739	7520	0	0	0	2	0	1.166689
740	7528	0	0	0	0	0	1.622149
741	7536	0	0	0	1	0	1.479282
742	7545	0	0	0	1	0	2.560734
743	7556	0	0	0	1	0	1.772422
744	7560	0	0	0	0	0	2.790635
745	7569	0	0	0	1	0	1.911623
746	7578	0	0	0	2	0	1.670857
747	7594	0	0	0	0	0	1.168935
748	7602	0	0	0	0	0	2.991837
749	7612	0	0	0	2	0	1.423417
750	7624	0	0	0	0	0	1.317092
751	7634	0	0	0	0	0	1.725988
752	7647	0	0	0	2	0	2.545052
753	7654	0	0	0	2	0	2.552139
754	7663	0	0	0	1	0	1.565240
755	7672	0	0	0	1	0	2.353860
756	7681	0	0	0	1	0	1.369594
757	7697	0	0	0	1	0	1.955786
758	7710	0	0	0	1	0	2.088724
759	7720	0	0	0	2	0	1.532797
760	7727	0	0	0	1	0	1.676199
761	7732	0	0	0	2	0	2.430174
762	7741	0	0	0	0	0	1.472618
763	7750	0	0	0	0	0	2.955831
764	7755	0	0	0	1	0	2.620698
765	7762	0	0	0	0	0	1.214320
766	7775	0	0	0	2	0	2.953417
767	7782	0	0	0	2	0	2.565938
768	7795	0	0	0	1	0	2.115291
769	7803	0	0	0	1	0	2.241016
770	7816	0	0	0	0	0	1.109800
771	7825	0	0	0	0	0	1.343793
772	7835	0	0	0	0	0	1.422278
773	7846	0	0	0	0	0	2.905988
774	7857	0	0	0	0	0	2.567345
775	7865	0	0	0	0	0	2.196985
776	7874	0	0	0	2	0	2.706530
777	7885	0	0	0	1	0	2.766837
778	7892	0	0	0	0	0	2.546842
779	7900	0	0	0	0	0	2.038381
780	7912	0	0	0	2	0	1.664871
781	7928	0	0	0	1	0	1.743405
782	7944	0	0	0	0	0	2.999970
783	7951	0	0	0	1	0	2.979619
784	7960	0	0	0	2	0	1.234490
785	7973	0	0	0	1	0	2.329823
786	7987	0	0	0	1	0	1.619479
787	7997	0	0	0	2	0	1.473051
788	8011	0	0	0	0	0	2.846325
789	8027	0	0	0	1	0	2.828026
790	8041	0	0	0	0	0	1.950951
791	8053	0	0	0	0	0	2.891297
792	8060	0	0	0	0	0	1.079239
793	8071	0	0	0	1	0	2.987397
794	8076	0	0	0	1	0	2.571599
795	8087	0	0	0	0	0	1.452545
796	8100	0	0	0	1	0	1.844554
797	8105	0	0	0	2	0	1.701042
798	8117	0	0	0	1	0	2.587948
799	8126	0	0	0	1	0	1.620564
800	8140	0	0	0	2	0	2.039905
801	8148	0	0	0	0	0	1.955771
802	8158	0	0	0	1	0	1.711955
803	8169	0	0	0	0	0	1.730736
804	8180	0	0	0	2	0	1.918100
805	8191	0	0	0	1	0	1.841395
806	8200	0	0	0	0	0	2.697604
807	8213	0	0	0	1	0	2.193258
808	8217	0	0	0	0	0	2.095195
809	8224	0	0	0	2	0	1.950257
810	8237	0	0	0	0	0	2.796824
811	8244	0	0	0	0	0	1.299768
812	8254	0	0	0	1	0	2.202492
813	8262	0	0	0	0	0	1.504967
814	8270	0	0	0	1	0	1.186811
815	8284	0	0	0	0	0	1.482513
816	8291	0	0	0	2	0	1.721897
817	8298	0	0	0	1	0	2.524442
818	8308	0	0	0	0	0	2.363199
819	8317	0	0	0	0	0	1.084493
820	8325	0	0	0	0	0	2.516350
821	8339	0	0	0	0	0	1.609722
822	8344	0	0	0	1	0	2.255904
823	8352	0	0	0	0	0	2.534137
824	8362	0	0	0	1	0	2.431817
825	8366	0	0	0	0	0	1.520543
826	8378	0	0	0	2	0	2.252861
827	8391	0	0	0	0	0	1.473325
828	8408	0	0	0	0	0	1.882976
829	8419	0	0	0	2	0	1.069762
830	8431	0	0	0	0	0	1.654248
831	8442	0	0	0	1	0	2.676339
832	8449	0	0	0	1	0	1.091804
833	8453	0	0	0	1	0	1.612601
834	8461	0	0	0	0	0	2.969464
835	8474	0	0	0	0	0	2.080493
836	8482	0	0	0	0	0	1.787085
837	8494	0	0	0	2	0	1.786841
838	8506	0	0	0	1	0	1.273022
839	8513	0	0	0	0	0	1.340820
840	8519	0	0	0	0	0	2.940495
841	8532	0	0	0	0	0	1.868871
842	8542	0	0	0	0	0	2.425714
843	8548	0	0	0	0	0	1.813518
844	8559	0	0	0	1	0	2.537250
845	8566	0	0	0	1	0	2.783719
846	8572	0	0	0	1	0	1.035439
847	8582	0	0	0	1	0	2.014307
848	8594	0	0	0	1	0	1.244764
849	8604	0	0	0	1	0	2.090009
850	8619	0	0	0	2	0	2.634534
851	8628	0	0	0	0	0	2.394690
852	8636	0	0	0	1	0	1.980199
853	8644	0	0	0	2	0	2.646965
854	8664	0	0	0	1	0	1.929125
855	8672	0	0	0	2	0	1.258496
856	8681	0	0	0	2	0	1.155623
857	8686	0	0	0	1	0	2.873365
858	8696	0	0	0	0	0	2.885049
859	8708	0	0	0	1	0	2.073650
860	8725	0	0	0	1	0	2.508930
861	8744	0	0	0	0	0	2.845138
862	8751	0	0	0	1	0	2.758613
863	8767	0	0	0	1	0	2.341159
864	8774	0	0	0	1	0	2.205378
865	8786	0	0	0	1	0	2.320731
866	8796	0	0	0	0	0	1.767714
867	8804	0	0	0	1	0	1.333410
868	8813	0	0	0	2	0	1.804661
869	8826	0	0	0	2	0	1.454489
870	8834	0	0	0	1	0	2.623713
871	8843	0	0	0	1	0	1.252830
872	8853	0	0	0	1	0	2.210710
873	8865	0	0	0	2	0	2.923066
874	8870	0	0	0	1	0	2.203418
875	8875	0	0	0	0	0	1.589016
876	8885	0	0	0	1	0	2.863577
877	8895	0	0	0	0	0	2.062543
878	8905	0	0	0	1	0	2.200219
879	8916	0	0	0	1	0	1.521370
880	8924	0	0	0	1	0	1.116004
881	8935	0	0	0	0	0	2.618655
882	8949	0	0	0	0	0	1.424014
883	8964	0	0	0	1	0	2.512280
884	8981	0	0	0	1	0	1.530417
885	8993	0	0	0	2	0	1.407551
886	9003	0	0	0	0	0	2.402178
887	9015	0	0	0	1	0	2.669920
888	9024	0	0	0	2	0	2.084144
889	9033	0	0	0	0	0	2.529897
890	9042	0	0	0	0	0	1.080830
891	9047	0	0	0	1	0	1.245872
892	9055	0	0	0	0	0	2.870162
893	9060	0	0	0	2	0	1.712313
894	9066	0	0	0	1	0	1.113485
895	9077	0	0	0	1	0	2.279055
896	9093	0	0	0	0	0	2.529753
897	9102	0	0	0	2	0	2.633295
898	9110	0	0	0	1	0	2.923090
899	9120	0	0	0	0	0	2.203798
900	9130	0	0	0	1	0	2.929909
901	9141	0	0	0	1	0	2.725137
902	9149	0	0	0	1	0	1.842310
903	9163	0	0	0	0	0	1.492139
904	9170	0	0	0	0	0	1.597690
905	9178	0	0	0	1	0	1.362382
906	9188	0	0	0	1	0	1.375229
907	9196	0	0	0	1	0	1.499809
908	9207	0	0	0	2	0	2.798666
909	9220	0	0	0	1	0	2.472018
910	9226	0	0	0	0	0	1.041235
911	9231	0	0	0	1	0	2.622321
912	9238	0	0	0	0	0	2.833931
913	9249	0	0	0	2	0	2.100079
914	9267	0	0	0	2	0	1.933045
915	9275	0	0	0	0	0	2.863246
916	9289	0	0	0	0	0	1.298235
917	9299	0	0	0	0	0	2.640188
918	9310	0	0	0	2	0	2.559026
919	9320	0	0	0	0	0	2.138893
920	9328	0	0	0	1	0	2.909685
921	9337	0	0	0	1	0	2.952234
922	9347	0	0	0	1	0	2.512410
923	9358	0	0	0	1	0	1.460376
924	9371	0	0	0	1	0	2.508444
925	9383	0	0	0	2	0	1.770100
926	9396	0	0	0	1	0	2.524399
927	9409	0	0	0	1	0	2.301094
928	9419	0	0	0	0	0	2.733479
929	9431	0	0	0	1	0	1.744645
930	9444	0	0	0	1	0	2.538390
931	9453	0	0	0	1	0	1.044623
932	9460	0	0	0	0	0	2.988481
933	9475	0	0	0	0	0	1.212273
934	9492	0	0	0	1	0	2.208139
935	9499	0	0	0	2	0	2.573770
936	9513	0	0	0	0	0	2.671545
937	9527	0	0	0	0	0	2.876695
938	9535	0	0	0	0	0	1.689028
939	9544	0	0	0	1	0	2.907210
940	9556	0	0	0	0	0	2.003259
941	9562	0	0	0	2	0	1.018410
942	9570	0	0	0	0	0	1.574983
943	9578	0	0	0	2	0	1.506909
944	9584	0	0	0	2	0	1.914266
945	9591	0	0	0	1	0	1.730100
946	9606	0	0	0	1	0	2.817656
947	9618	0	0	0	1	0	1.475170
948	9628	0	0	0	2	0	1.342827
949	9633	0	0	0	0	0	1.979655
950	9643	0	0	0	0	0	2.524545
951	9651	0	0	0	0	0	2.887184
952	9665	0	0	0	2	0	1.019804
953	9671	0	0	0	1	0	2.434817
954	9676	0	0	0	1	0	1.592597
955	9689	0	0	0	0	0	2.001589
956	9703	0	0	0	2	0	2.431893
957	9709	0	0	0	1	0	2.407907
958	9716	0	0	0	1	0	1.230727
959	9724	0	0	0	0	0	2.633830
960	9733	0	0	0	2	0	1.361862
961	9743	0	0	0	0	0	2.953212
962	9751	0	0	0	2	0	1.452504
963	9759	0	0	0	1	0	2.848218
964	9769	0	0	0	1	0	1.352627
965	9780	0	0	0	1	0	2.173872
966	9788	0	0	0	0	0	2.885721
967	9796	0	0	0	1	0	1.159719
968	9807	0	0	0	1	0	2.872562
969	9814	0	0	0	1	0	2.713277
970	9821	0	0	0	1	0	2.589075
971	9830	0	0	0	2	0	1.503214
972	9840	0	0	0	1	0	1.474104
973	9847	0	0	0	0	0	1.076727
974	9857	0	0	0	1	0	2.817992
975	9864	0	0	0	0	0	1.612166
976	9878	0	0	0	0	0	2.189349
977	9884	0	0	0	1	0	2.367196
978	9892	0	0	0	1	0	2.620879
979	9899	0	0	0	2	0	1.293223
980	9908	0	0	0	1	0	1.363884
981	9917	0	0	0	1	0	2.357408
982	9925	0	0	0	1	0	2.160979
983	9933	0	0	0	1	0	2.794400
984	9946	0	0	0	0	0	1.692490
985	9958	0	0	0	0	0	1.447844
986	9970	0	0	0	1	0	1.062052
987	9977	0	0	0	0	0	1.967007
988	9986	0	0	0	0	0	1.570615
989	9992	0	0	0	0	0	2.103604
990	10006	0	0	0	2	0	1.199803
991	10022	0	0	0	0	0	1.221073
992	10029	0	0	0	1	0	2.120628
993	10039	0	0	0	0	0	2.350969
994	10050	0	0	0	0	0	1.760316
995	10062	0	0	0	2	0	2.701295
996	10073	0	0	0	1	0	2.347778
997	10082	0	0	0	2	0	2.585485
998	10089	0	0	0	0	0	1.574136
999	10092	0	0	0	2	0	1.186292
