0	1	0	0	0	0	0	1.378746
1	17	0	0	0	0	0	1.278267
2	28	0	0	0	1	0	2.815260
3	37	0	0	0	1	0	1.828662
4	49	0	0	0	1	0	2.568033
5	58	0	0	0	0	0	2.177338
6	68	0	0	0	0	0	2.452180
7	76	0	0	0	0	0	1.229192
8	86	0	0	0	1	0	2.382862
9	91	0	0	0	0	0	2.998724
10	101	0	0	0	2	0	2.047166
11	114	0	0	0	1	0	1.439647
12	124	0	0	0	1	0	2.581350
13	131	0	0	0	2	0	1.022288
14	148	0	0	0	1	0	1.218860
15	159	0	0	0	1	0	1.173871
16	168	0	0	0	1	0	1.949372
17	180	0	0	0	2	0	2.260745
18	191	0	0	0	1	0	1.786543
19	199	0	0	0	2	0	2.397822
20	208	0	0	0	2	0	2.309348
21	214	0	0	0	0	0	1.389973
22	223	0	0	0	0	0	2.176567
23	233	0	0	0	0	0	2.442766
24	244	0	0	0	1	0	1.838369
25	257	0	0	0	0	0	2.681273
26	270	0	0	0	0	0	1.334182
27	281	0	0	0	1	0	1.544252
28	293	0	0	0	0	0	2.350544
29	300	0	0	0	1	0	2.272206
30	308	0	0	0	0	0	2.559905
31	315	0	0	0	1	0	1.592388
32	321	0	0	0	1	0	1.647921
33	332	0	0	0	2	0	2.541764
34	343	0	0	0	1	0	1.102578
35	352	0	0	0	1	0	2.898397
36	364	0	0	0	0	0	1.106560
37	377	0	0	0	1	0	1.179246
38	385	0	0	0	2	0	1.345646
39	391	0	0	0	1	0	2.988625
40	402	0	0	0	0	0	2.106905
41	409	0	0	0	1	0	1.747652
42	423	0	0	0	2	0	2.350514
43	433	0	0	0	0	0	1.496840
44	441	0	0	0	1	0	1.208919
45	452	0	0	0	0	0	1.705610
46	459	0	0	0	1	0	1.160783
47	471	0	0	0	1	0	2.523813
48	484	0	0	0	0	0	1.055442
49	498	0	0	0	1	0	1.542214
50	511	0	0	0	1	0	1.381950
51	522	0	0	0	1	0	1.883999
52	532	0	0	0	2	0	1.438332
53	541	0	0	0	0	0	1.221518
54	553	0	0	0	1	0	2.676324
55	559	0	0	0	2	0	2.641117
56	569	0	0	0	2	0	2.797172
57	577	0	0	0	0	0	1.478669
58	590	0	0	0	0	0	1.229862
59	606	0	0	0	0	0	1.401293
60	618	0	0	0	1	0	1.265168
61	629	0	0	0	2	0	2.381393
62	633	0	0	0	1	0	1.342356
63	645	0	0	0	1	0	2.795978
64	655	0	0	0	1	0	2.284024
65	667	0	0	0	2	0	1.909072
66	674	0	0	0	1	0	1.569519
67	681	0	0	0	2	0	1.371926
68	687	0	0	0	0	0	1.495538
69	698	0	0	0	2	0	2.286002
70	707	0	0	0	0	0	1.731941
71	720	0	0	0	1	0	2.940261
72	727	0	0	0	1	0	2.658614
73	735	0	0	0	2	0	2.237514
74	744	0	0	0	1	0	2.173800
75	753	0	0	0	0	0	2.676392
76	764	0	0	0	0	0	2.450899
77	771	0	0	0	2	0	1.658105
78	785	0	0	0	0	0	1.821823
79	800	0	0	0	0	0	2.997493
80	816	0	0	0	0	0	1.727331
81	825	0	0	0	0	0	2.393285
82	838	0	0	0	2	0	1.879355
83	854	0	0	0	2	0	2.623872
84	870	0	0	0	1	0	2.848355
85	883	0	0	0	0	0	2.229129
86	890	0	0	0	0	0	2.407308
87	899	0	0	0	2	0	1.180066
88	909	0	0	0	2	0	1.026071
89	921	0	0	0	2	0	2.175186
90	928	0	0	0	1	0	1.028703
91	936	0	0	0	0	0	1.851791
92	948	0	0	0	0	0	2.025843
93	954	0	0	0	0	0	1.893214
94	963	0	0	0	0	0	1.249882
95	974	0	0	0	0	0	1.379870
96	982	0	0	0	0	0	1.192251
97	992	0	0	0	0	0	1.256542
98	999	0	0	0	1	0	1.944671
99	1008	0	0	0	0	0	1.752176
100	1019	0	0	0	1	0	1.965057
101	1033	0	0	0	2	0	1.315256
102	1045	0	0	0	0	0	1.743035
103	1055	0	0	0	0	0	2.907007
104	1066	0	0	0	2	0	2.044686
105	1076	0	0	0	1	0	2.329872
106	1088	0	0	0	0	0	1.438957
107	1094	0	0	0	1	0	2.822839
108	1103	0	0	0	2	0	1.139624
109	1113	0	0	0	1	0	1.211135
110	1123	0	0	0	2	0	1.034864
111	1130	0	0	0	1	0	1.338143
112	1138	0	0	0	0	0	1.514257
113	1147	0	0	0	0	0	2.442560
114	1159	0	0	0	2	0	1.746925
115	1169	0	0	0	0	0	1.275707
116	1180	0	0	0	1	0	2.258035
117	1188	0	0	0	0	0	2.101216
118	1198	0	0	0	1	0	2.985317
119	1208	0	0	0	0	0	2.936408
120	1214	0	0	0	2	0	1.129675
121	1229	0	0	0	1	0	1.593821
122	1239	0	0	0	1	0	1.180637
123	1251	0	0	0	0	0	2.915966
124	1259	0	0	0	2	0	1.693022
125	1267	0	0	0	1	0	1.761686
126	1275	0	0	0	0	0	1.501829
127	1286	0	0	0	1	0	1.105701
128	1290	0	0	0	1	0	2.829845
129	1300	0	0	0	2	0	1.618933
130	1309	0	0	0	1	0	2.225139
131	1318	0	0	0	2	0	1.613522
132	1326	0	0	0	2	0	2.099337
133	1334	0	0	0	0	0	2.425619
134	1344	0	0	0	0	0	2.499376
135	1354	0	0	0	0	0	1.365292
136	1365	0	0	0	0	0	2.353242
137	1383	0	0	0	0	0	1.902181
138	1397	0	0	0	0	0	1.834948
139	1411	0	0	0	0	0	2.291168
140	1420	0	0	0	2	0	1.481974
141	1435	0	0	0	2	0	1.442232
142	1444	0	0	0	0	0	2.510084
143	1457	0	0	0	0	0	1.199787
144	1465	0	0	0	2	0	2.953901
145	1475	0	0	0	0	0	2.519351
146	1481	0	0	0	0	0	2.171846
147	1488	0	0	0	2	0	1.169418
148	1495	0	0	0	0	0	2.613285
149	1506	0	0	0	1	0	2.488762
150	1523	0	0	0	0	0	2.732258
151	1533	0	0	0	1	0	1.473447
152	1546	0	0	0	2	0	1.306152
153	1553	0	0	0	1	0	2.411009
154	1569	0	0	0	1	0	2.703985
155	1585	0	0	0	0	0	2.878102
156	1596	0	0	0	0	0	1.695045
157	1607	0	0	0	0	0	1.656644
158	1618	0	0	0	0	0	2.868601
159	1630	0	0	0	1	0	1.160760
160	1637	0	0	0	0	0	1.152055
161	1639	0	0	0	0	0	2.067624
162	1647	0	0	0	0	0	2.520989
163	1652	0	0	0	1	0	1.611486
164	1666	0	0	0	1	0	2.764735
165	1672	0	0	0	1	0	1.480111
166	1678	0	0	0	0	0	2.122907
167	1694	0	0	0	1	0	2.046364
168	1709	0	0	0	2	0	2.152664
169	1720	0	0	0	0	0	1.276754
170	1734	0	0	0	0	0	2.709802
171	1749	0	0	0	0	0	2.933783
172	1761	0	0	0	1	0	2.390928
173	1777	0	0	0	1	0	2.591320
174	1790	0	0	0	1	0	1.734748
175	1803	0	0	0	1	0	1.775111
176	1813	0	0	0	0	0	2.231760
177	1820	0	0	0	1	0	2.276543
178	1833	0	0	0	2	0	2.078876
179	1841	0	0	0	2	0	1.252044
180	1853	0	0	0	1	0	1.284810
181	1859	0	0	0	1	0	1.909431
182	1866	0	0	0	0	0	1.599354
183	1882	0	0	0	1	0	2.660731
184	1893	0	0	0	1	0	2.504572
185	1902	0	0	0	0	0	2.834861
186	1915	0	0	0	0	0	1.529701
187	1925	0	0	0	0	0	1.284136
188	1936	0	0	0	0	0	2.754810
189	1945	0	0	0	1	0	1.810325
190	1960	0	0	0	2	0	2.611441
191	1971	0	0	0	0	0	1.310213
192	1987	0	0	0	2	0	2.974264
193	1996	0	0	0	1	0	1.124583
194	2006	0	0	0	1	0	2.372657
195	2024	0	0	0	0	0	2.483220
196	2037	0	0	0	1	0	1.936383
197	2041	0	0	0	2	0	1.855053
198	2048	0	0	0	0	0	1.285594
199	2054	0	0	0	2	0	1.380670
200	2065	0	0	0	0	0	2.417034
201	2075	0	0	0	0	0	2.104489
202	2085	0	0	0	0	0	2.376818
203	2095	0	0	0	1	0	2.624947
204	2106	0	0	0	1	0	2.440197
205	2112	0	0	0	2	0	2.557317
206	2130	0	0	0	0	0	1.751416
207	2138	0	0	0	2	0	1.254255
208	2154	0	0	0	0	0	2.342378
209	2168	0	0	0	0	0	2.094658
210	2177	0	0	0	0	0	2.763142
211	2194	0	0	0	1	0	2.632640
212	2201	0	0	0	1	0	2.612581
213	2210	0	0	0	0	0	1.302321
214	2219	0	0	0	0	0	2.362590
215	2230	0	0	0	1	0	1.297959
216	2249	0	0	0	0	0	1.943291
217	2254	0	0	0	1	0	2.828286
218	2261	0	0	0	2	0	2.237079
219	2267	0	0	0	0	0	1.924481
220	2280	0	0	0	0	0	2.700818
221	2295	0	0	0	0	0	2.177529
222	2301	0	0	0	1	0	2.664827
223	2311	0	0	0	0	0	2.136977
224	2320	0	0	0	2	0	2.718562
225	2331	0	0	0	1	0	1.782239
226	2348	0	0	0	1	0	2.811228
227	2358	0	0	0	1	0	2.741912
228	2363	0	0	0	1	0	2.429342
229	2372	0	0	0	2	0	2.159114
230	2375	0	0	0	1	0	2.311898
231	2385	0	0	0	2	0	2.304727
232	2394	0	0	0	0	0	1.242090
233	2411	0	0	0	2	0	2.500806
234	2425	0	0	0	0	0	1.705822
235	2443	0	0	0	2	0	2.297335
236	2449	0	0	0	2	0	1.832661
237	2453	0	0	0	0	0	1.063216
238	2459	0	0	0	0	0	2.243257
239	2468	0	0	0	2	0	2.715160
240	2475	0	0	0	2	0	1.573583
241	2484	0	0	0	1	0	2.581670
242	2494	0	0	0	0	0	1.372060
243	2503	0	0	0	1	0	1.557334
244	2513	0	0	0	2	0	1.439813
245	2521	0	0	0	1	0	2.382088
246	2532	0	0	0	0	0	2.682116
247	2538	0	0	0	2	0	1.283190
248	2549	0	0	0	2	0	2.013594
249	2558	0	0	0	1	0	2.110408
250	2575	0	0	0	1	0	2.498114
251	2585	0	0	0	2	0	2.877528
252	2592	0	0	0	0	0	2.426180
253	2602	0	0	0	0	0	2.808896
254	2609	0	0	0	1	0	1.162654
255	2623	0	0	0	0	0	1.206018
256	2631	0	0	0	0	0	1.721225
257	2641	0	0	0	1	0	2.519505
258	2654	0	0	0	2	0	1.342768
259	2662	0	0	0	0	0	1.620358
260	2668	0	0	0	1	0	2.511388
261	2678	0	0	0	0	0	1.327756
262	2683	0	0	0	1	0	1.374190
263	2692	0	0	0	1	0	2.892778
264	2701	0	0	0	2	0	1.384327
265	2721	0	0	0	0	0	1.554660
266	2728	0	0	0	1	0	2.701110
267	2738	0	0	0	0	0	1.656338
268	2751	0	0	0	0	0	2.483561
269	2756	0	0	0	1	0	2.426035
270	2760	0	0	0	0	0	1.198921
271	2768	0	0	0	0	0	1.375800
272	2776	0	0	0	1	0	2.538344
273	2786	0	0	0	1	0	1.058612
274	2795	0	0	0	1	0	1.493939
275	2807	0	0	0	0	0	2.284136
276	2820	0	0	0	1	0	2.811293
277	2827	0	0	0	2	0	2.757524
278	2836	0	0	0	1	0	2.406020
279	2844	0	0	0	0	0	2.770375
280	2851	0	0	0	0	0	2.960997
281	2860	0	0	0	0	0	2.476000
282	2869	0	0	0	1	0	1.192912
283	2881	0	0	0	1	0	2.537912
284	2890	0	0	0	0	0	2.319896
285	2898	0	0	0	2	0	2.701519
286	2907	0	0	0	1	0	1.888799
287	2916	0	0	0	2	0	2.602959
288	2923	0	0	0	1	0	2.363505
289	2933	0	0	0	0	0	1.513206
290	2944	0	0	0	1	0	2.672418
291	2961	0	0	0	2	0	1.352529
292	2974	0	0	0	0	0	1.881297
293	2983	0	0	0	2	0	2.632911
294	2996	0	0	0	1	0	1.500149
295	3009	0	0	0	0	0	2.867338
296	3016	0	0	0	1	0	1.289138
297	3028	0	0	0	2	0	2.466658
298	3038	0	0	0	2	0	1.056237
299	3043	0	0	0	0	0	2.541437
300	3051	0	0	0	0	0	2.348291
301	3060	0	0	0	1	0	2.675721
302	3076	0	0	0	0	0	1.899526
303	3083	0	0	0	0	0	1.558053
304	3093	0	0	0	2	0	1.709911
305	3104	0	0	0	1	0	2.849041
306	3115	0	0	0	0	0	2.259578
307	3125	0	0	0	2	0	1.752816
308	3133	0	0	0	1	0	1.086277
309	3145	0	0	0	2	0	1.665983
310	3154	0	0	0	0	0	1.262308
311	3168	0	0	0	0	0	1.836251
312	3180	0	0	0	0	0	2.863810
313	3189	0	0	0	0	0	2.537899
314	3197	0	0	0	0	0	2.396428
315	3206	0	0	0	1	0	1.759294
316	3224	0	0	0	0	0	2.328017
317	3233	0	0	0	1	0	2.991394
318	3242	0	0	0	1	0	1.352385
319	3247	0	0	0	0	0	2.774495
320	3262	0	0	0	1	0	1.770930
321	3272	0	0	0	1	0	2.014108
322	3279	0	0	0	1	0	1.856558
323	3290	0	0	0	1	0	2.179577
324	3294	0	0	0	0	0	2.616075
325	3301	0	0	0	0	0	1.666203
326	3310	0	0	0	0	0	1.197297
327	3320	0	0	0	2	0	1.498496
328	3330	0	0	0	2	0	2.036457
329	3338	0	0	0	0	0	2.867417
330	3350	0	0	0	0	0	1.532814
331	3361	0	0	0	2	0	1.380939
332	3371	0	0	0	0	0	2.087511
333	3385	0	0	0	1	0	2.552057
334	3395	0	0	0	1	0	1.332630
335	3403	0	0	0	0	0	1.139141
336	3416	0	0	0	1	0	1.820632
337	3423	0	0	0	1	0	2.636679
338	3439	0	0	0	1	0	2.340100
339	3451	0	0	0	0	0	1.017170
340	3460	0	0	0	1	0	1.333873
341	3465	0	0	0	2	0	1.552517
342	3475	0	0	0	0	0	2.509353
343	3486	0	0	0	0	0	2.068191
344	3493	0	0	0	0	0	1.766931
345	3500	0	0	0	0	0	1.001999
346	3506	0	0	0	0	0	2.532692
347	3513	0	0	0	0	0	1.687024
348	3524	0	0	0	2	0	2.456391
349	3535	0	0	0	0	0	1.193176
350	3541	0	0	0	0	0	1.671874
351	3549	0	0	0	2	0	2.663417
352	3558	0	0	0	1	0	1.181911
353	3564	0	0	0	1	0	2.083915
354	3579	0	0	0	1	0	2.549005
355	3590	0	0	0	1	0	2.193256
356	3606	0	0	0	0	0	1.682873
357	3623	0	0	0	2	0	1.215150
358	3632	0	0	0	0	0	1.288586
359	3643	0	0	0	0	0	2.939635
360	3652	0	0	0	0	0	2.035716
361	3666	0	0	0	0	0	1.109643
362	3677	0	0	0	0	0	2.542353
363	3683	0	0	0	2	0	1.421359
364	3690	0	0	0	2	0	1.298717
365	3701	0	0	0	1	0	2.507056
366	3712	0	0	0	1	0	1.185519
367	3727	0	0	0	1	0	2.154737
368	3742	0	0	0	0	0	1.051390
369	3754	0	0	0	1	0	1.215576
370	3765	0	0	0	2	0	2.664465
371	3770	0	0	0	0	0	1.731931
372	3781	0	0	0	1	0	2.970491
373	3797	0	0	0	0	0	1.889496
374	3813	0	0	0	0	0	1.557137
375	3825	0	0	0	0	0	2.740347
376	3838	0	0	0	0	0	1.441123
377	3848	0	0	0	1	0	1.192157
378	3856	0	0	0	0	0	2.680475
379	3863	0	0	0	2	0	1.362466
380	3871	0	0	0	1	0	1.431306
381	3886	0	0	0	1	0	1.558870
382	3901	0	0	0	0	0	1.408573
383	3909	0	0	0	2	0	1.162327
384	3917	0	0	0	1	0	1.904046
385	3931	0	0	0	0	0	1.182736
386	3938	0	0	0	2	0	2.191652
387	3949	0	0	0	1	0	1.613668
388	3965	0	0	0	1	0	1.663933
389	3975	0	0	0	0	0	2.631034
390	3987	0	0	0	1	0	2.454607
391	3993	0	0	0	1	0	2.170366
392	3998	0	0	0	1	0	1.887956
393	4009	0	0	0	2	0	1.149730
394	4016	0	0	0	1	0	2.377046
395	4023	0	0	0	2	0	1.868621
396	4033	0	0	0	0	0	1.131511
397	4045	0	0	0	1	0	2.351235
398	4053	0	0	0	2	0	2.682532
399	4063	0	0	0	2	0	2.176789
400	4071	0	0	0	1	0	1.049583
401	4083	0	0	0	0	0	2.965380
402	4091	0	0	0	2	0	2.656109
403	4097	0	0	0	1	0	2.092263
404	4109	0	0	0	2	0	2.163335
405	4118	0	0	0	1	0	1.426465
406	4123	0	0	0	0	0	1.621998
407	4133	0	0	0	1	0	1.191058
408	4138	0	0	0	1	0	2.325801
409	4151	0	0	0	2	0	2.706702
410	4159	0	0	0	1	0	2.696228
411	4168	0	0	0	2	0	2.725684
412	4176	0	0	0	1	0	1.353940
413	4181	0	0	0	1	0	2.989568
414	4194	0	0	0	0	0	1.794897
415	4200	0	0	0	1	0	2.673971
416	4209	0	0	0	2	0	1.809526
417	4214	0	0	0	0	0	2.393214
418	4220	0	0	0	0	0	1.038703
419	4231	0	0	0	1	0	2.409924
420	4244	0	0	0	0	0	2.137914
421	4257	0	0	0	1	0	1.677278
422	4266	0	0	0	0	0	2.198383
423	4274	0	0	0	1	0	2.589185
424	4281	0	0	0	0	0	2.999415
425	4287	0	0	0	1	0	2.806117
426	4300	0	0	0	0	0	2.877912
427	4310	0	0	0	2	0	1.346311
428	4320	0	0	0	0	0	1.562550
429	4328	0	0	0	0	0	1.209160
430	4336	0	0	0	0	0	1.462930
431	4344	0	0	0	0	0	2.373444
432	4351	0	0	0	1	0	1.906082
433	4362	0	0	0	0	0	1.716953
434	4369	0	0	0	2	0	2.898319
435	4375	0	0	0	0	0	2.613516
436	4385	0	0	0	1	0	1.289010
437	4395	0	0	0	1	0	1.546797
438	4406	0	0	0	0	0	1.577937
439	4420	0	0	0	0	0	2.708229
440	4426	0	0	0	0	0	2.644376
441	4442	0	0	0	0	0	1.082606
442	4454	0	0	0	1	0	1.748601
443	4466	0	0	0	0	0	2.996302
444	4474	0	0	0	1	0	2.815277
445	4481	0	0	0	2	0	2.000423
446	4496	0	0	0	1	0	2.225712
447	4505	0	0	0	1	0	2.300668
448	4512	0	0	0	1	0	1.618506
449	4525	0	0	0	1	0	2.217930
450	4542	0	0	0	1	0	1.508862
451	4558	0	0	0	1	0	2.629218
452	4568	0	0	0	0	0	2.256276
453	4575	0	0	0	1	0	1.588418
454	4585	0	0	0	1	0	2.214830
455	4594	0	0	0	2	0	2.134927
456	4603	0	0	0	0	0	1.154826
457	4610	0	0	0	2	0	1.152439
458	4621	0	0	0	1	0	2.474076
459	4626	0	0	0	0	0	1.682288
460	4636	0	0	0	1	0	2.986234
461	4647	0	0	0	0	0	2.848845
462	4659	0	0	0	2	0	2.643564
463	4666	0	0	0	0	0	1.276475
464	4674	0	0	0	0	0	1.464531
465	4679	0	0	0	0	0	1.106050
466	4688	0	0	0	2	0	1.814550
467	4695	0	0	0	0	0	1.879039
468	4707	0	0	0	1	0	1.846316
469	4715	0	0	0	1	0	2.294316
470	4723	0	0	0	1	0	2.931269
471	4731	0	0	0	1	0	1.401551
472	4743	0	0	0	2	0	1.787767
473	4747	0	0	0	2	0	2.838519
474	4759	0	0	0	2	0	2.550109
475	4771	0	0	0	2	0	2.737815
476	4786	0	0	0	0	0	2.402059
477	4799	0	0	0	2	0	2.768554
478	4810	0	0	0	0	0	1.137967
479	4815	0	0	0	1	0	2.128805
480	4828	0	0	0	0	0	2.958997
481	4843	0	0	0	2	0	2.137406
482	4853	0	0	0	2	0	1.293250
483	4863	0	0	0	0	0	1.682805
484	4877	0	0	0	1	0	1.894489
485	4880	0	0	0	2	0	1.143132
486	4895	0	0	0	2	0	2.563663
487	4907	0	0	0	0	0	2.310906
488	4918	0	0	0	0	0	2.537302
489	4930	0	0	0	0	0	2.716925
490	4940	0	0	0	0	0	1.532064
491	4950	0	0	0	2	0	2.968953
492	4960	0	0	0	1	0	2.876436
493	4970	0	0	0	0	0	2.898077
494	4974	0	0	0	0	0	1.310351
495	4985	0	0	0	2	0	2.577790
496	4993	0	0	0	2	0	2.806444
497	5006	0	0	0	1	0	2.810862
498	5017	0	0	0	2	0	1.470084
499	5023	0	0	0	0	0	1.630425
500	5030	0	0	0	0	0	2.586203
501	5040	0	0	0	0	0	2.268685
502	5054	0	0	0	0	0	1.079423
503	5065	0	0	0	2	0	1.806183
504	5075	0	0	0	2	0	2.287484
505	5083	0	0	0	1	0	2.073435
506	5090	0	0	0	2	0	2.901852
507	5095	0	0	0	1	0	2.174792
508	5104	0	0	0	2	0	1.660811
509	5114	0	0	0	1	0	1.497876
510	5129	0	0	0	2	0	2.814792
511	5135	0	0	0	0	0	1.570556
512	5139	0	0	0	0	0	2.902574
513	5153	0	0	0	0	0	1.104096
514	5161	0	0	0	1	0	2.857926
515	5169	0	0	0	2	0	1.058553
516	5184	0	0	0	1	0	1.849109
517	5193	0	0	0	1	0	2.793258
518	5198	0	0	0	0	0	1.201905
519	5209	0	0	0	2	0	2.612352
520	5220	0	0	0	2	0	2.741525
521	5227	0	0	0	0	0	2.121488
522	5238	0	0	0	1	0	2.721193
523	5244	0	0	0	2	0	2.417077
524	5254	0	0	0	0	0	1.107217
525	5265	0	0	0	1	0	1.101963
526	5275	0	0	0	0	0	1.979107
527	5285	0	0	0	2	0	1.545092
528	5296	0	0	0	1	0	1.610779
529	5306	0	0	0	1	0	2.646253
530	5317	0	0	0	0	0	1.281938
531	5326	0	0	0	1	0	1.104037
532	5335	0	0	0	0	0	1.381237
533	5346	0	0	0	1	0	2.192960
534	5354	0	0	0	1	0	2.345389
535	5364	0	0	0	0	0	1.126010
536	5371	0	0	0	1	0	1.608256
537	5377	0	0	0	1	0	1.693981
538	5379	0	0	0	2	0	2.557976
539	5394	0	0	0	2	0	2.861051
540	5402	0	0	0	0	0	1.101083
541	5409	0	0	0	1	0	1.092864
542	5416	0	0	0	1	0	1.406950
543	5425	0	0	0	1	0	1.945915
544	5436	0	0	0	0	0	2.813855
545	5443	0	0	0	2	0	1.868696
546	5456	0	0	0	1	0	1.168990
547	5469	0	0	0	0	0	1.563847
548	5479	0	0	0	0	0	2.846526
549	5488	0	0	0	0	0	1.218930
550	5494	0	0	0	1	0	2.293413
551	5501	0	0	0	1	0	1.811499
552	5514	0	0	0	0	0	2.894676
553	5523	0	0	0	2	0	1.264138
554	5532	0	0	0	2	0	2.336960
555	5542	0	0	0	0	0	2.220361
556	5550	0	0	0	0	0	1.016303
557	5555	0	0	0	2	0	1.703894
558	5564	0	0	0	2	0	2.828225
559	5569	0	0	0	1	0	1.000076
560	5575	0	0	0	0	0	1.865699
561	5580	0	0	0	0	0	1.707032
562	5587	0	0	0	0	0	2.628111
563	5599	0	0	0	1	0	1.010174
564	5603	0	0	0	2	0	2.046180
565	5617	0	0	0	2	0	1.081518
566	5633	0	0	0	1	0	2.242198
567	5641	0	0	0	1	0	2.136476
568	5652	0	0	0	0	0	1.458333
569	5661	0	0	0	2	0	1.765746
570	5671	0	0	0	0	0	2.919766
571	5679	0	0	0	2	0	1.021476
572	5690	0	0	0	1	0	2.163740
573	5703	0	0	0	0	0	2.753509
574	5712	0	0	0	2	0	1.736697
575	5723	0	0	0	2	0	2.927159
576	5735	0	0	0	0	0	1.193591
577	5745	0	0	0	1	0	2.704983
578	5756	0	0	0	1	0	2.025182
579	5774	0	0	0	0	0	1.000713
580	5785	0	0	0	0	0	1.850508
581	5796	0	0	0	0	0	1.867978
582	5802	0	0	0	0	0	1.864622
583	5815	0	0	0	0	0	1.735118
584	5824	0	0	0	0	0	1.743603
585	5831	0	0	0	0	0	1.227037
586	5838	0	0	0	0	0	1.405781
587	5848	0	0	0	1	0	2.296138
588	5861	0	0	0	2	0	2.602003
589	5870	0	0	0	0	0	2.151600
590	5888	0	0	0	0	0	2.945004
591	5896	0	0	0	1	0	1.847916
592	5903	0	0	0	2	0	1.567366
593	5912	0	0	0	0	0	1.731466
594	5924	0	0	0	1	0	2.350389
595	5937	0	0	0	0	0	2.470315
596	5944	0	0	0	2	0	2.172762
597	5952	0	0	0	1	0	2.699928
598	5961	0	0	0	1	0	1.188288
599	5973	0	0	0	0	0	2.096177
600	5983	0	0	0	0	0	2.189340
601	5992	0	0	0	1	0	1.387543
602	6000	0	0	0	2	0	1.712262
603	6014	0	0	0	1	0	2.327236
604	6024	0	0	0	2	0	2.985975
605	6034	0	0	0	2	0	2.425174
606	6049	0	0	0	0	0	2.571993
607	6058	0	0	0	0	0	1.620023
608	6069	0	0	0	1	0	1.274246
609	6078	0	0	0	0	0	2.559845
610	6090	0	0	0	0	0	1.477532
611	6099	0	0	0	1	0	2.877815
612	6115	0	0	0	0	0	1.628674
613	6124	0	0	0	1	0	2.594728
614	6137	0	0	0	2	0	2.511098
615	6147	0	0	0	1	0	2.121386
616	6156	0	0	0	0	0	1.652627
617	6163	0	0	0	0	0	1.510603
618	6167	0	0	0	0	0	2.991453
619	6174	0	0	0	0	0	1.697179
620	6187	0	0	0	2	0	2.779380
621	6195	0	0	0	1	0	2.183062
622	6204	0	0	0	2	0	2.756139
623	6214	0	0	0	0	0	1.065979
624	6221	0	0	0	1	0	1.844047
625	6232	0	0	0	1	0	2.440731
626	6239	0	0	0	1	0	2.326346
627	6252	0	0	0	1	0	2.673655
628	6260	0	0	0	1	0	1.182583
629	6269	0	0	0	0	0	2.041421
630	6282	0	0	0	1	0	2.346345
631	6293	0	0	0	1	0	1.286695
632	6301	0	0	0	1	0	1.250014
633	6311	0	0	0	1	0	2.948565
634	6319	0	0	0	0	0	1.709585
635	6326	0	0	0	0	0	1.519047
636	6337	0	0	0	1	0	1.802127
637	6353	0	0	0	1	0	2.130815
638	6368	0	0	0	0	0	1.125137
639	6382	0	0	0	1	0	1.059336
640	6398	0	0	0	0	0	1.493258
641	6407	0	0	0	2	0	2.904435
642	6416	0	0	0	2	0	1.170681
643	6423	0	0	0	0	0	2.920671
644	6429	0	0	0	1	0	1.749133
645	6437	0	0	0	1	0	1.167164
646	6444	0	0	0	2	0	2.296151
647	6449	0	0	0	0	0	1.788721
648	6457	0	0	0	0	0	2.155477
649	6467	0	0	0	1	0	1.387872
650	6475	0	0	0	0	0	2.183085
651	6485	0	0	0	0	0	2.320497
652	6491	0	0	0	2	0	2.983169
653	6502	0	0	0	0	0	1.927241
654	6511	0	0	0	2	0	1.218692
655	6517	0	0	0	1	0	1.701568
656	6528	0	0	0	1	0	2.816601
657	6539	0	0	0	2	0	1.890136
658	6556	0	0	0	0	0	2.595828
659	6566	0	0	0	0	0	1.116261
660	6573	0	0	0	2	0	2.492855
661	6586	0	0	0	1	0	2.071956
662	6601	0	0	0	2	0	2.140259
663	6616	0	0	0	2	0	2.947777
664	6628	0	0	0	0	0	2.443076
665	6637	0	0	0	0	0	1.335741
666	6655	0	0	0	1	0	2.144818
667	6666	0	0	0	2	0	1.672435
668	6679	0	0	0	2	0	1.049407
669	6687	0	0	0	0	0	2.400870
670	6699	0	0	0	0	0	1.786161
671	6711	0	0	0	0	0	1.698537
672	6722	0	0	0	2	0	2.042434
673	6732	0	0	0	1	0	2.988533
674	6741	0	0	0	2	0	2.457504
675	6748	0	0	0	0	0	1.198480
676	6761	0	0	0	0	0	1.378626
677	6766	0	0	0	2	0	2.294093
678	6774	0	0	0	1	0	2.733602
679	6780	0	0	0	1	0	1.852631
680	6789	0	0	0	0	0	2.039051
681	6803	0	0	0	0	0	2.475949
682	6813	0	0	0	0	0	2.483821
683	6822	0	0	0	0	0	2.045837
684	6833	0	0	0	2	0	2.089236
685	6848	0	0	0	0	0	2.832713
686	6855	0	0	0	0	0	2.977833
687	6867	0	0	0	2	0	2.341198
688	6880	0	0	0	2	0	1.812944
689	6889	0	0	0	1	0	2.988898
690	6901	0	0	0	2	0	1.985322
691	6907	0	0	0	2	0	2.295070
692	6916	0	0	0	1	0	2.990098
693	6924	0	0	0	0	0	1.210666
694	6932	0	0	0	0	0	2.904551
695	6941	0	0	0	1	0	1.514829
696	6956	0	0	0	2	0	1.377240
697	6963	0	0	0	0	0	1.636604
698	6979	0	0	0	2	0	2.965355
699	6982	0	0	0	0	0	1.412900
700	6988	0	0	0	1	0	2.380110
701	6996	0	0	0	0	0	2.653145
702	7007	0	0	0	0	0	2.930544
703	7013	0	0	0	2	0	2.254740
704	7021	0	0	0	2	0	2.614266
705	7028	0	0	0	0	0	1.466626
706	7039	0	0	0	2	0	1.010300
707	7054	0	0	0	2	0	1.623914
708	7061	0	0	0	1	0	2.601559
709	7069	0	0	0	1	0	1.676839
710	7080	0	0	0	1	0	1.702384
711	7087	0	0	0	0	0	1.717245
712	7099	0	0	0	1	0	1.197371
713	7108	0	0	0	0	0	1.626584
714	7118	0	0	0	1	0	2.050719
715	7125	0	0	0	0	0	1.559014
716	7136	0	0	0	0	0	1.984180
717	7145	0	0	0	0	0	1.304051
718	7156	0	0	0	0	0	2.859824
719	7163	0	0	0	2	0	1.464444
720	7175	0	0	0	1	0	1.106810
721	7183	0	0	0	0	0	2.772241
722	7195	0	0	0	2	0	1.755809
723	7205	0	0	0	1	0	2.047612
724	7213	0	0	0	0	0	1.858314
725	7217	0	0	0	0	0	1.092468
726	7226	0	0	0	0	0	2.264902
727	7236	0	0	0	0	0	1.752857
728	7248	0	0	0	1	0	2.192936
729	7262	0	0	0	0	0	1.550495
730	7276	0	0	0	1	0	2.238434
731	7282	0	0	0	1	0	1.636862
732	7293	0	0	0	1	0	1.398925
733	7302	0	0	0	0	0	1.455166
734	7314	0	0	0	0	0	1.060327
735	7322	0	0	0	1	0	1.828673
736	7335	0	0	0	0	0	2.226830
737	7343	0	0	0	1	0	2.265099
738	7351	0	0	0	0	0	2.567393
739	7356	0	0	0	2	0	2.735271
740	7369	0	0	0	1	0	1.445574
741	7377	0	0	0	1	0	1.400684
742	7388	0	0	0	1	0	1.317848
743	7396	0	0	0	2	0	1.394436
744	7401	0	0	0	0	0	2.257033
745	7412	0	0	0	0	0	2.956358
746	7423	0	0	0	1	0	2.051425
747	7432	0	0	0	2	0	2.526414
748	7441	0	0	0	2	0	2.685375
749	7452	0	0	0	1	0	2.388134
750	7465	0	0	0	1	0	2.099135
751	7473	0	0	0	1	0	1.925187
752	7482	0	0	0	1	0	1.638531
753	7493	0	0	0	1	0	1.994978
754	7503	0	0	0	0	0	2.042138
755	7511	0	0	0	2	0	2.638327
756	7520	0	0	0	1	0	1.876011
757	7531	0	0	0	1	0	1.020095
758	7542	0	0	0	2	0	2.823434
759	7558	0	0	0	0	0	2.478964
760	7570	0	0	0	1	0	2.537182
761	7578	0	0	0	1	0	2.236520
762	7585	0	0	0	2	0	2.213841
763	7597	0	0	0	1	0	2.868069
764	7602	0	0	0	0	0	2.654371
765	7607	0	0	0	0	0	1.633073
766	7616	0	0	0	0	0	2.632849
767	7624	0	0	0	1	0	2.880528
768	7636	0	0	0	2	0	1.641209
769	7645	0	0	0	0	0	2.482284
770	7649	0	0	0	0	0	1.139025
771	7662	0	0	0	0	0	2.057006
772	7671	0	0	0	2	0	1.636910
773	7682	0	0	0	0	0	2.196585
774	7692	0	0	0	0	0	2.130467
775	7706	0	0	0	2	0	2.695589
776	7718	0	0	0	0	0	1.848308
777	7732	0	0	0	2	0	2.640051
778	7744	0	0	0	1	0	2.597229
779	7756	0	0	0	1	0	1.405219
780	7772	0	0	0	1	0	2.452156
781	7787	0	0	0	0	0	2.837172
782	7801	0	0	0	1	0	1.485456
783	7811	0	0	0	2	0	1.035539
784	7818	0	0	0	2	0	2.482397
785	7833	0	0	0	1	0	2.868170
786	7844	0	0	0	0	0	1.831183
787	7856	0	0	0	0	0	2.247449
788	7863	0	0	0	0	0	2.137061
789	7870	0	0	0	0	0	1.323454
790	7882	0	0	0	1	0	1.285591
791	7891	0	0	0	0	0	1.560655
792	7903	0	0	0	1	0	1.385165
793	7915	0	0	0	1	0	1.972964
794	7921	0	0	0	0	0	1.192119
795	7931	0	0	0	1	0	2.697002
796	7943	0	0	0	1	0	1.120687
797	7947	0	0	0	1	0	2.096021
798	7959	0	0	0	2	0	1.503535
799	7969	0	0	0	0	0	1.984435
800	7984	0	0	0	2	0	1.021008
801	7992	0	0	0	0	0	2.752277
802	8000	0	0	0	0	0	2.235249
803	8014	0	0	0	1	0	2.106834
804	8024	0	0	0	0	0	1.563616
805	8031	0	0	0	2	0	1.736063
806	8038	0	0	0	2	0	2.319762
807	8052	0	0	0	2	0	2.163022
808	8064	0	0	0	2	0	2.905894
809	8076	0	0	0	0	0	2.145608
810	8081	0	0	0	2	0	2.287381
811	8092	0	0	0	0	0	2.783371
812	8105	0	0	0	2	0	1.470749
813	8119	0	0	0	1	0	2.834971
814	8127	0	0	0	1	0	2.911578
815	8134	0	0	0	1	0	1.182965
816	8139	0	0	0	1	0	1.517303
817	8151	0	0	0	0	0	2.745775
818	8164	0	0	0	0	0	2.115831
819	8179	0	0	0	2	0	2.764531
820	8186	0	0	0	1	0	1.015329
821	8194	0	0	0	2	0	1.153817
822	8201	0	0	0	1	0	1.740650
823	8207	0	0	0	2	0	1.160993
824	8222	0	0	0	2	0	2.387810
825	8228	0	0	0	1	0	1.613220
826	8236	0	0	0	0	0	2.534224
827	8241	0	0	0	0	0	1.271510
828	8249	0	0	0	1	0	2.921098
829	8258	0	0	0	1	0	1.986524
830	8266	0	0	0	2	0	1.452223
831	8276	0	0	0	1	0	1.339202
832	8283	0	0	0	0	0	1.399739
833	8292	0	0	0	0	0	2.869083
834	8306	0	0	0	0	0	2.854068
835	8311	0	0	0	1	0	1.918309
836	8325	0	0	0	2	0	2.797871
837	8331	0	0	0	2	0	2.812514
838	8339	0	0	0	0	0	1.125262
839	8349	0	0	0	0	0	1.642009
840	8359	0	0	0	1	0	1.508361
841	8369	0	0	0	0	0	2.011701
842	8380	0	0	0	0	0	2.935399
843	8387	0	0	0	0	0	2.750204
844	8400	0	0	0	1	0	1.291086
845	8407	0	0	0	1	0	2.469624
846	8417	0	0	0	1	0	2.468783
847	8425	0	0	0	0	0	1.805866
848	8438	0	0	0	1	0	2.226648
849	8452	0	0	0	2	0	2.846959
850	8463	0	0	0	1	0	1.431332
851	8474	0	0	0	1	0	1.995094
852	8482	0	0	0	0	0	2.692064
853	8486	0	0	0	2	0	2.262891
854	8497	0	0	0	1	0	2.868568
855	8503	0	0	0	1	0	1.896906
856	8510	0	0	0	0	0	1.961124
857	8523	0	0	0	0	0	2.595447
858	8531	0	0	0	2	0	2.071383
859	8540	0	0	0	1	0	2.310031
860	8553	0	0	0	0	0	2.297916
861	8564	0	0	0	2	0	2.487259
862	8570	0	0	0	2	0	1.217263
863	8580	0	0	0	1	0	2.887667
864	8585	0	0	0	0	0	1.367555
865	8592	0	0	0	0	0	2.510994
866	8599	0	0	0	2	0	1.236293
867	8618	0	0	0	1	0	1.341324
868	8628	0	0	0	1	0	2.638600
869	8640	0	0	0	0	0	1.253385
870	8649	0	0	0	1	0	1.827686
871	8663	0	0	0	1	0	2.869864
872	8671	0	0	0	0	0	1.391622
873	8684	0	0	0	2	0	1.328357
874	8693	0	0	0	2	0	2.430274
875	8709	0	0	0	1	0	2.988460
876	8724	0	0	0	0	0	2.472537
877	8738	0	0	0	0	0	2.351289
878	8747	0	0	0	0	0	1.430583
879	8753	0	0	0	0	0	2.937065
880	8759	0	0	0	0	0	2.717695
881	8771	0	0	0	0	0	1.203806
882	8782	0	0	0	0	0	1.390492
883	8789	0	0	0	1	0	2.969816
884	8798	0	0	0	2	0	1.204669
885	8812	0	0	0	1	0	1.963621
886	8827	0	0	0	1	0	2.143576
887	8838	0	0	0	1	0	2.705660
888	8848	0	0	0	2	0	1.245319
889	8861	0	0	0	2	0	2.833935
890	8873	0	0	0	2	0	2.781540
891	8882	0	0	0	0	0	2.386050
892	8893	0	0	0	2	0	1.134723
893	8904	0	0	0	2	0	1.244822
894	8910	0	0	0	2	0	2.604015
895	8921	0	0	0	0	0	1.579855
896	8938	0	0	0	2	0	1.683337
897	8948	0	0	0	2	0	1.150755
898	8955	0	0	0	0	0	2.323432
899	8965	0	0	0	2	0	2.839968
900	8974	0	0	0	2	0	2.953749
901	8979	0	0	0	1	0	1.492461
902	8989	0	0	0	0	0	2.325966
903	9003	0	0	0	0	0	1.845887
904	9013	0	0	0	1	0	2.380581
905	9023	0	0	0	0	0	1.360323
906	9030	0	0	0	0	0	2.773571
907	9038	0	0	0	1	0	2.092864
908	9046	0	0	0	0	0	2.669489
909	9053	0	0	0	2	0	2.934030
910	9065	0	0	0	2	0	2.823552
911	9071	0	0	0	0	0	2.055750
912	9081	0	0	0	0	0	2.834429
913	9091	0	0	0	1	0	1.550083
914	9095	0	0	0	0	0	2.172526
915	9106	0	0	0	0	0	2.906428
916	9117	0	0	0	1	0	2.715408
917	9127	0	0	0	0	0	2.743044
918	9132	0	0	0	1	0	2.694994
919	9144	0	0	0	2	0	2.816578
920	9161	0	0	0	1	0	2.941731
921	9170	0	0	0	1	0	2.851992
922	9181	0	0	0	0	0	1.933413
923	9192	0	0	0	1	0	2.320716
924	9202	0	0	0	1	0	2.258725
925	9214	0	0	0	0	0	1.351453
926	9224	0	0	0	1	0	2.178755
927	9237	0	0	0	1	0	1.423970
928	9240	0	0	0	2	0	1.237851
929	9252	0	0	0	1	0	2.943831
930	9260	0	0	0	0	0	2.381878
931	9267	0	0	0	1	0	1.505742
932	9279	0	0	0	0	0	2.807883
933	9289	0	0	0	0	0	1.614267
934	9296	0	0	0	1	0	2.770781
935	9308	0	0	0	1	0	1.658007
936	9320	0	0	0	0	0	2.636266
937	9337	0	0	0	1	0	1.479131
938	9351	0	0	0	1	0	1.279466
939	9364	0	0	0	2	0	1.706760
940	9373	0	0	0	2	0	2.695042
941	9379	0	0	0	0	0	2.067866
942	9390	0	0	0	2	0	2.880980
943	9400	0	0	0	1	0	2.968814
944	9410	0	0	0	0	0	2.881451
945	9415	0	0	0	2	0	1.791417
946	9421	0	0	0	2	0	1.605139
947	9432	0	0	0	2	0	2.038027
948	9440	0	0	0	0	0	2.833123
949	9445	0	0	0	2	0	1.685421
950	9454	0	0	0	1	0	2.411501
951	9463	0	0	0	0	0	2.953091
952	9469	0	0	0	2	0	1.162185
953	9481	0	0	0	2	0	1.972195
954	9489	0	0	0	1	0	2.703838
955	9505	0	0	0	0	0	2.615838
956	9521	0	0	0	1	0	2.059647
957	9530	0	0	0	1	0	2.214020
958	9541	0	0	0	2	0	1.502929
959	9552	0	0	0	0	0	2.164222
960	9559	0	0	0	0	0	2.141730
961	9568	0	0	0	0	0	2.817333
962	9579	0	0	0	2	0	2.696772
963	9586	0	0	0	0	0	1.587929
964	9596	0	0	0	1	0	2.105072
965	9608	0	0	0	0	0	2.018982
966	9617	0	0	0	0	0	1.987666
967	9621	0	0	0	1	0	1.647390
968	9632	0	0	0	1	0	1.477284
969	9645	0	0	0	0	0	1.756817
970	9656	0	0	0	1	0	1.192746
971	9669	0	0	0	0	0	1.480114
972	9676	0	0	0	1	0	1.686788
973	9687	0	0	0	2	0	1.693746
974	9696	0	0	0	2	0	1.469803
975	9711	0	0	0	1	0	2.896410
976	9723	0	0	0	1	0	2.764982
977	9735	0	0	0	1	0	1.680660
978	9743	0	0	0	1	0	2.681470
979	9751	0	0	0	2	0	1.600535
980	9763	0	0	0	0	0	1.123277
981	9771	0	0	0	0	0	2.661195
982	9779	0	0	0	1	0	2.167381
983	9790	0	0	0	0	0	1.804021
984	9798	0	0	0	1	0	2.543309
985	9805	0	0	0	2	0	2.089084
986	9820	0	0	0	0	0	2.057184
987	9831	0	0	0	2	0	1.507254
988	9845	0	0	0	1	0	1.653316
989	9856	0	0	0	1	0	2.998298
990	9865	0	0	0	2	0	2.706422
991	9878	0	0	0	2	0	1.919418
992	9887	0	0	0	0	0	2.454618
993	9903	0	0	0	2	0	2.008796
994	9910	0	0	0	0	0	1.169880
995	9921	0	0	0	0	0	1.042943
996	9930	0	0	0	2	0	2.646967
997	9937	0	0	0	0	0	2.969618
998	9950	0	0	0	0	0	2.658287
999	9964	0	0	0	0	0	2.190256
