0	1	0	0	0	1	0	1.983636
1	7	0	0	0	2	0	2.938104
2	15	0	0	0	1	0	2.209456
3	22	0	0	0	1	0	2.848489
4	32	0	0	0	2	0	1.189191
5	46	0	0	0	0	0	1.621264
6	54	0	0	0	0	0	1.097138
7	61	0	0	0	0	0	2.766262
8	72	0	0	0	0	0	1.860889
9	86	0	0	0	1	0	2.776660
10	102	0	0	0	0	0	1.259767
11	108	0	0	0	1	0	1.537155
12	122	0	0	0	0	0	1.851061
13	133	0	0	0	1	0	1.596461
14	148	0	0	0	1	0	1.967889
15	159	0	0	0	0	0	1.490915
16	169	0	0	0	0	0	1.297767
17	184	0	0	0	0	0	1.609103
18	189	0	0	0	0	0	1.675506
19	198	0	0	0	0	0	1.450680
20	212	0	0	0	2	0	2.010153
21	222	0	0	0	0	0	2.055503
22	228	0	0	0	2	0	1.096742
23	239	0	0	0	2	0	1.357873
24	249	0	0	0	1	0	1.057910
25	260	0	0	0	1	0	2.198839
26	269	0	0	0	1	0	1.855369
27	277	0	0	0	2	0	2.557212
28	282	0	0	0	0	0	1.864003
29	296	0	0	0	2	0	2.816056
30	309	0	0	0	2	0	1.544045
31	321	0	0	0	1	0	1.031607
32	331	0	0	0	0	0	1.216847
33	342	0	0	0	1	0	1.309219
34	353	0	0	0	1	0	1.157213
35	365	0	0	0	0	0	2.950020
36	374	0	0	0	0	0	1.308905
37	386	0	0	0	1	0	2.331006
38	392	0	0	0	1	0	1.782584
39	402	0	0	0	1	0	2.524529
40	412	0	0	0	1	0	2.333501
41	415	0	0	0	2	0	1.469266
42	429	0	0	0	0	0	2.468980
43	441	0	0	0	1	0	2.183703
44	449	0	0	0	1	0	1.209898
45	461	0	0	0	0	0	2.515451
46	475	0	0	0	0	0	2.591279
47	483	0	0	0	1	0	1.735149
48	495	0	0	0	2	0	2.556163
49	503	0	0	0	2	0	1.729827
50	516	0	0	0	0	0	1.706821
51	524	0	0	0	0	0	1.497298
52	535	0	0	0	1	0	2.156761
53	546	0	0	0	0	0	1.781953
54	553	0	0	0	2	0	2.730747
55	561	0	0	0	2	0	1.061051
56	572	0	0	0	1	0	1.971706
57	583	0	0	0	2	0	2.318080
58	593	0	0	0	1	0	1.657385
59	603	0	0	0	0	0	2.853624
60	611	0	0	0	1	0	1.722852
61	624	0	0	0	0	0	2.809115
62	630	0	0	0	2	0	2.144020
63	641	0	0	0	1	0	1.944414
64	654	0	0	0	1	0	2.519515
65	661	0	0	0	0	0	2.026535
66	668	0	0	0	0	0	2.415495
67	675	0	0	0	2	0	1.995299
68	683	0	0	0	2	0	2.096954
69	690	0	0	0	0	0	1.503044
70	701	0	0	0	2	0	1.738098
71	715	0	0	0	0	0	2.135618
72	730	0	0	0	1	0	1.164868
73	743	0	0	0	0	0	2.294830
74	744	0	0	0	0	0	2.709207
75	758	0	0	0	1	0	2.617896
76	770	0	0	0	0	0	1.536348
77	787	0	0	0	2	0	1.055843
78	798	0	0	0	0	0	1.911530
79	809	0	0	0	1	0	1.659571
80	824	0	0	0	2	0	1.029794
81	840	0	0	0	0	0	2.729020
82	854	0	0	0	1	0	1.254545
83	870	0	0	0	0	0	1.763132
84	877	0	0	0	0	0	1.036734
85	892	0	0	0	0	0	2.806098
86	900	0	0	0	2	0	1.132275
87	911	0	0	0	1	0	2.986971
88	921	0	0	0	0	0	1.688265
89	927	0	0	0	1	0	1.893543
90	937	0	0	0	0	0	1.456429
91	948	0	0	0	0	0	1.099774
92	959	0	0	0	2	0	2.632694
93	966	0	0	0	1	0	1.199210
94	977	0	0	0	0	0	1.743736
95	987	0	0	0	1	0	1.785785
96	993	0	0	0	0	0	2.351894
97	1002	0	0	0	1	0	2.857556
98	1010	0	0	0	1	0	2.298070
99	1023	0	0	0	1	0	1.770392
100	1035	0	0	0	2	0	1.777566
101	1045	0	0	0	1	0	1.057689
102	1059	0	0	0	0	0	2.746380
103	1069	0	0	0	2	0	1.008506
104	1084	0	0	0	0	0	1.138898
105	1092	0	0	0	0	0	2.846763
106	1101	0	0	0	2	0	1.749996
107	1111	0	0	0	1	0	2.384946
108	1122	0	0	0	0	0	2.807454
109	1130	0	0	0	0	0	1.929052
110	1139	0	0	0	1	0	2.409310
111	1143	0	0	0	1	0	2.278022
112	1149	0	0	0	1	0	1.264209
113	1159	0	0	0	0	0	1.622414
114	1171	0	0	0	1	0	2.115771
115	1189	0	0	0	0	0	2.781014
116	1195	0	0	0	0	0	1.424240
117	1202	0	0	0	2	0	2.177725
118	1212	0	0	0	0	0	1.028440
119	1221	0	0	0	1	0	2.664650
120	1236	0	0	0	0	0	1.979899
121	1252	0	0	0	1	0	1.430615
122	1267	0	0	0	0	0	1.116572
123	1280	0	0	0	1	0	2.670465
124	1288	0	0	0	0	0	2.291504
125	1298	0	0	0	2	0	2.723425
126	1305	0	0	0	0	0	2.752012
127	1311	0	0	0	2	0	1.729160
128	1321	0	0	0	1	0	1.512423
129	1328	0	0	0	2	0	1.399872
130	1340	0	0	0	2	0	2.161900
131	1352	0	0	0	2	0	2.576072
132	1369	0	0	0	0	0	2.700078
133	1381	0	0	0	2	0	2.280298
134	1393	0	0	0	0	0	1.325237
135	1407	0	0	0	2	0	1.973795
136	1414	0	0	0	2	0	2.072734
137	1425	0	0	0	0	0	2.372051
138	1433	0	0	0	1	0	2.256691
139	1444	0	0	0	2	0	1.534107
140	1453	0	0	0	0	0	1.133353
141	1462	0	0	0	0	0	2.463739
142	1471	0	0	0	1	0	2.803285
143	1483	0	0	0	2	0	2.416202
144	1494	0	0	0	1	0	1.924904
145	1501	0	0	0	2	0	2.445162
146	1513	0	0	0	0	0	1.757990
147	1524	0	0	0	1	0	2.287627
148	1534	0	0	0	0	0	1.211800
149	1542	0	0	0	1	0	2.558948
150	1547	0	0	0	0	0	1.993723
151	1558	0	0	0	2	0	2.496021
152	1566	0	0	0	1	0	2.496459
153	1575	0	0	0	0	0	2.111608
154	1591	0	0	0	2	0	1.011933
155	1601	0	0	0	0	0	2.488938
156	1608	0	0	0	1	0	2.266048
157	1615	0	0	0	0	0	2.095276
158	1623	0	0	0	0	0	2.705782
159	1631	0	0	0	1	0	2.609987
160	1649	0	0	0	1	0	2.207766
161	1656	0	0	0	1	0	2.661018
162	1662	0	0	0	0	0	1.545816
163	1670	0	0	0	0	0	2.562237
164	1678	0	0	0	0	0	2.990579
165	1691	0	0	0	0	0	1.156080
166	1706	0	0	0	0	0	2.032535
167	1715	0	0	0	2	0	2.692678
168	1726	0	0	0	1	0	2.508560
169	1739	0	0	0	1	0	2.736871
170	1747	0	0	0	0	0	1.911718
171	1759	0	0	0	1	0	2.166456
172	1777	0	0	0	2	0	2.964823
173	1788	0	0	0	1	0	2.110104
174	1796	0	0	0	1	0	1.018501
175	1802	0	0	0	1	0	2.614918
176	1817	0	0	0	2	0	2.344519
177	1828	0	0	0	1	0	2.965291
178	1833	0	0	0	2	0	1.764863
179	1848	0	0	0	0	0	2.955034
180	1852	0	0	0	2	0	2.094753
181	1857	0	0	0	0	0	2.177742
182	1870	0	0	0	0	0	2.700023
183	1881	0	0	0	0	0	1.158054
184	1887	0	0	0	0	0	2.663445
185	1895	0	0	0	0	0	1.228126
186	1907	0	0	0	1	0	2.341037
187	1913	0	0	0	2	0	1.268224
188	1923	0	0	0	0	0	1.104964
189	1934	0	0	0	0	0	1.557039
190	1945	0	0	0	1	0	2.234435
191	1953	0	0	0	1	0	2.344920
192	1964	0	0	0	2	0	1.549512
193	1970	0	0	0	0	0	2.394027
194	1982	0	0	0	2	0	2.440701
195	1995	0	0	0	1	0	1.680114
196	2005	0	0	0	0	0	2.268347
197	2018	0	0	0	0	0	1.237935
198	2026	0	0	0	0	0	2.281556
199	2041	0	0	0	0	0	2.907769
200	2053	0	0	0	2	0	2.853445
201	2062	0	0	0	1	0	1.030303
202	2072	0	0	0	0	0	2.604797
203	2084	0	0	0	2	0	1.541752
204	2090	0	0	0	1	0	2.951271
205	2102	0	0	0	2	0	2.851854
206	2109	0	0	0	2	0	2.858419
207	2116	0	0	0	0	0	2.315486
208	2125	0	0	0	0	0	1.188346
209	2134	0	0	0	1	0	2.241860
210	2144	0	0	0	2	0	1.431063
211	2150	0	0	0	0	0	1.850708
212	2159	0	0	0	0	0	2.678535
213	2166	0	0	0	0	0	1.614568
214	2178	0	0	0	1	0	2.816862
215	2188	0	0	0	0	0	1.948860
216	2202	0	0	0	2	0	1.238689
217	2214	0	0	0	1	0	2.027387
218	2227	0	0	0	0	0	2.583176
219	2237	0	0	0	0	0	1.011021
220	2245	0	0	0	0	0	1.867960
221	2258	0	0	0	1	0	2.388428
222	2273	0	0	0	0	0	1.917346
223	2285	0	0	0	1	0	1.004225
224	2299	0	0	0	1	0	1.043093
225	2311	0	0	0	0	0	1.474649
226	2317	0	0	0	1	0	2.979010
227	2326	0	0	0	1	0	2.824521
228	2334	0	0	0	1	0	1.249119
229	2344	0	0	0	1	0	1.534359
230	2356	0	0	0	0	0	1.588011
231	2367	0	0	0	1	0	1.263520
232	2376	0	0	0	2	0	2.591188
233	2383	0	0	0	0	0	1.175815
234	2390	0	0	0	1	0	1.559150
235	2396	0	0	0	2	0	1.692467
236	2406	0	0	0	1	0	1.427617
237	2416	0	0	0	1	0	2.623021
238	2422	0	0	0	0	0	2.594164
239	2434	0	0	0	0	0	1.529393
240	2454	0	0	0	1	0	2.670568
241	2463	0	0	0	0	0	2.448753
242	2476	0	0	0	2	0	1.714654
243	2485	0	0	0	1	0	2.146807
244	2493	0	0	0	0	0	2.359781
245	2500	0	0	0	0	0	2.170437
246	2509	0	0	0	0	0	2.527635
247	2520	0	0	0	2	0	1.670064
248	2531	0	0	0	2	0	2.625111
249	2536	0	0	0	1	0	2.975953
250	2552	0	0	0	0	0	2.733611
251	2567	0	0	0	1	0	2.766043
252	2576	0	0	0	0	0	2.461677
253	2594	0	0	0	0	0	2.737861
254	2604	0	0	0	1	0	1.598818
255	2618	0	0	0	0	0	1.087641
256	2628	0	0	0	1	0	1.678979
257	2636	0	0	0	2	0	1.351843
258	2641	0	0	0	0	0	1.930753
259	2655	0	0	0	0	0	1.664828
260	2668	0	0	0	0	0	1.088427
261	2676	0	0	0	0	0	2.789560
262	2682	0	0	0	2	0	1.031748
263	2692	0	0	0	0	0	1.406177
264	2701	0	0	0	1	0	2.088664
265	2709	0	0	0	2	0	1.638358
266	2718	0	0	0	0	0	2.747726
267	2734	0	0	0	2	0	1.844385
268	2748	0	0	0	2	0	2.551355
269	2760	0	0	0	2	0	2.462801
270	2769	0	0	0	2	0	2.108115
271	2775	0	0	0	1	0	1.157867
272	2784	0	0	0	2	0	1.060809
273	2795	0	0	0	2	0	2.531594
274	2802	0	0	0	0	0	2.717030
275	2814	0	0	0	0	0	2.976898
276	2823	0	0	0	0	0	2.481635
277	2831	0	0	0	0	0	2.758876
278	2839	0	0	0	1	0	2.478684
279	2850	0	0	0	2	0	1.266171
280	2859	0	0	0	0	0	1.097290
281	2866	0	0	0	2	0	1.705652
282	2873	0	0	0	0	0	2.857299
283	2887	0	0	0	1	0	2.013908
284	2897	0	0	0	2	0	2.913341
285	2906	0	0	0	1	0	2.154415
286	2916	0	0	0	0	0	1.824771
287	2929	0	0	0	0	0	2.603388
288	2940	0	0	0	0	0	2.842109
289	2956	0	0	0	0	0	1.471688
290	2970	0	0	0	1	0	1.156953
291	2978	0	0	0	0	0	1.986332
292	2987	0	0	0	0	0	1.749384
293	2990	0	0	0	1	0	2.477857
294	2995	0	0	0	0	0	2.577929
295	3007	0	0	0	0	0	1.138264
296	3015	0	0	0	0	0	2.797219
297	3025	0	0	0	0	0	1.302519
298	3033	0	0	0	1	0	1.498550
299	3048	0	0	0	2	0	2.936666
300	3061	0	0	0	0	0	1.079668
301	3067	0	0	0	0	0	1.035671
302	3076	0	0	0	1	0	2.962542
303	3084	0	0	0	1	0	2.921090
304	3093	0	0	0	1	0	2.442909
305	3103	0	0	0	1	0	1.245028
306	3115	0	0	0	0	0	1.304345
307	3118	0	0	0	1	0	2.102496
308	3131	0	0	0	0	0	1.398357
309	3143	0	0	0	0	0	2.670613
310	3158	0	0	0	0	0	2.185434
311	3165	0	0	0	1	0	2.040110
312	3177	0	0	0	2	0	2.940293
313	3184	0	0	0	1	0	2.743283
314	3193	0	0	0	2	0	2.462986
315	3207	0	0	0	0	0	2.012744
316	3219	0	0	0	1	0	2.546972
317	3232	0	0	0	0	0	2.890441
318	3238	0	0	0	2	0	2.646538
319	3246	0	0	0	0	0	1.657372
320	3256	0	0	0	1	0	2.394631
321	3263	0	0	0	0	0	1.015270
322	3275	0	0	0	0	0	2.505618
323	3285	0	0	0	1	0	1.615061
324	3301	0	0	0	0	0	1.821455
325	3314	0	0	0	0	0	2.702730
326	3326	0	0	0	1	0	2.397149
327	3339	0	0	0	2	0	2.701932
328	3349	0	0	0	0	0	1.919597
329	3358	0	0	0	2	0	2.548694
330	3367	0	0	0	0	0	2.525890
331	3380	0	0	0	0	0	1.930852
332	3394	0	0	0	2	0	2.799252
333	3400	0	0	0	0	0	1.093632
334	3409	0	0	0	1	0	2.735081
335	3422	0	0	0	0	0	1.166510
336	3437	0	0	0	0	0	2.632944
337	3443	0	0	0	0	0	1.438730
338	3452	0	0	0	0	0	2.686364
339	3460	0	0	0	0	0	2.774203
340	3474	0	0	0	2	0	1.372860
341	3489	0	0	0	0	0	1.667768
342	3501	0	0	0	0	0	2.699038
343	3508	0	0	0	1	0	2.406962
344	3517	0	0	0	0	0	2.534824
345	3530	0	0	0	0	0	2.545608
346	3536	0	0	0	1	0	1.452060
347	3546	0	0	0	1	0	2.801150
348	3551	0	0	0	0	0	2.483320
349	3558	0	0	0	1	0	2.145108
350	3568	0	0	0	2	0	2.443884
351	3581	0	0	0	2	0	2.774280
352	3591	0	0	0	0	0	1.151566
353	3600	0	0	0	2	0	1.081360
354	3614	0	0	0	0	0	1.178723
355	3630	0	0	0	2	0	2.265110
356	3640	0	0	0	2	0	2.043249
357	3652	0	0	0	2	0	1.910291
358	3660	0	0	0	1	0	1.568166
359	3673	0	0	0	1	0	1.936471
360	3687	0	0	0	1	0	2.563901
361	3698	0	0	0	2	0	2.976345
362	3709	0	0	0	0	0	2.104655
363	3721	0	0	0	0	0	1.748085
364	3736	0	0	0	2	0	2.000265
365	3743	0	0	0	0	0	2.596277
366	3752	0	0	0	2	0	1.702631
367	3760	0	0	0	0	0	2.952271
368	3774	0	0	0	1	0	2.783927
369	3784	0	0	0	1	0	2.883964
370	3787	0	0	0	0	0	1.026584
371	3799	0	0	0	0	0	1.584647
372	3814	0	0	0	1	0	1.225920
373	3826	0	0	0	0	0	1.649442
374	3830	0	0	0	1	0	2.262175
375	3838	0	0	0	0	0	2.598942
376	3849	0	0	0	1	0	2.205350
377	3866	0	0	0	0	0	1.533461
378	3882	0	0	0	2	0	2.384425
379	3893	0	0	0	0	0	2.241561
380	3901	0	0	0	1	0	2.249978
381	3911	0	0	0	1	0	1.853560
382	3925	0	0	0	1	0	2.826586
383	3932	0	0	0	2	0	1.320622
384	3942	0	0	0	1	0	1.417030
385	3957	0	0	0	1	0	1.294532
386	3968	0	0	0	1	0	2.218238
387	3975	0	0	0	0	0	1.231397
388	3988	0	0	0	1	0	1.244299
389	4000	0	0	0	1	0	2.825112
390	4015	0	0	0	1	0	2.910306
391	4029	0	0	0	1	0	1.063781
392	4044	0	0	0	1	0	1.261882
393	4050	0	0	0	0	0	2.609265
394	4061	0	0	0	1	0	1.854014
395	4071	0	0	0	1	0	1.996395
396	4076	0	0	0	1	0	2.632684
397	4088	0	0	0	1	0	2.465514
398	4098	0	0	0	1	0	1.447156
399	4104	0	0	0	1	0	1.361536
400	4118	0	0	0	1	0	2.092620
401	4125	0	0	0	1	0	1.666990
402	4134	0	0	0	2	0	2.669294
403	4151	0	0	0	2	0	1.325451
404	4161	0	0	0	2	0	2.284904
405	4186	0	0	0	1	0	2.809829
406	4202	0	0	0	2	0	2.499165
407	4217	0	0	0	2	0	2.558265
408	4229	0	0	0	0	0	1.520590
409	4236	0	0	0	2	0	2.770563
410	4246	0	0	0	1	0	1.549747
411	4255	0	0	0	1	0	1.108120
412	4270	0	0	0	0	0	2.299242
413	4285	0	0	0	1	0	2.949699
414	4296	0	0	0	1	0	1.380112
415	4306	0	0	0	2	0	2.007513
416	4315	0	0	0	0	0	1.126432
417	4327	0	0	0	0	0	1.955108
418	4335	0	0	0	2	0	2.724936
419	4342	0	0	0	0	0	1.680217
420	4349	0	0	0	1	0	2.646062
421	4359	0	0	0	1	0	1.532777
422	4365	0	0	0	1	0	2.404143
423	4375	0	0	0	0	0	1.522042
424	4379	0	0	0	0	0	2.495739
425	4383	0	0	0	0	0	2.179249
426	4390	0	0	0	1	0	1.568966
427	4398	0	0	0	1	0	2.297575
428	4409	0	0	0	0	0	1.830589
429	4417	0	0	0	1	0	2.615165
430	4422	0	0	0	0	0	1.012840
431	4429	0	0	0	0	0	2.116232
432	4441	0	0	0	1	0	2.592333
433	4452	0	0	0	2	0	2.110435
434	4459	0	0	0	0	0	2.995989
435	4468	0	0	0	1	0	2.533901
436	4478	0	0	0	2	0	2.533998
437	4490	0	0	0	1	0	2.495446
438	4505	0	0	0	2	0	1.976511
439	4511	0	0	0	0	0	1.497781
440	4525	0	0	0	0	0	2.829822
441	4535	0	0	0	0	0	2.522379
442	4542	0	0	0	0	0	2.683573
443	4555	0	0	0	0	0	2.612647
444	4566	0	0	0	0	0	2.259300
445	4584	0	0	0	2	0	2.003642
446	4596	0	0	0	0	0	2.853189
447	4607	0	0	0	0	0	2.934371
448	4614	0	0	0	0	0	1.202296
449	4621	0	0	0	1	0	1.381902
450	4631	0	0	0	0	0	2.153403
451	4640	0	0	0	0	0	1.162863
452	4649	0	0	0	1	0	2.943058
453	4662	0	0	0	2	0	2.898131
454	4676	0	0	0	0	0	1.550124
455	4688	0	0	0	2	0	2.394777
456	4698	0	0	0	0	0	2.611338
457	4713	0	0	0	0	0	2.768773
458	4722	0	0	0	0	0	2.164657
459	4732	0	0	0	0	0	1.629580
460	4741	0	0	0	0	0	2.778706
461	4749	0	0	0	2	0	1.624875
462	4758	0	0	0	2	0	1.284320
463	4768	0	0	0	2	0	1.349373
464	4777	0	0	0	2	0	2.930469
465	4785	0	0	0	1	0	2.023598
466	4795	0	0	0	1	0	2.162659
467	4804	0	0	0	0	0	2.881652
468	4812	0	0	0	2	0	1.676023
469	4819	0	0	0	2	0	1.522282
470	4827	0	0	0	1	0	2.918210
471	4832	0	0	0	1	0	1.693630
472	4845	0	0	0	2	0	1.370920
473	4856	0	0	0	1	0	1.633654
474	4864	0	0	0	1	0	2.094478
475	4872	0	0	0	0	0	2.012692
476	4878	0	0	0	0	0	2.391939
477	4887	0	0	0	0	0	1.085406
478	4903	0	0	0	2	0	2.027465
479	4909	0	0	0	1	0	1.420413
480	4916	0	0	0	0	0	1.646149
481	4926	0	0	0	2	0	1.858079
482	4937	0	0	0	0	0	2.219066
483	4952	0	0	0	2	0	2.672167
484	4965	0	0	0	0	0	1.115514
485	4972	0	0	0	0	0	2.099232
486	4982	0	0	0	1	0	1.018097
487	4993	0	0	0	0	0	1.483448
488	5001	0	0	0	1	0	1.264056
489	5014	0	0	0	2	0	1.524578
490	5024	0	0	0	0	0	2.894596
491	5039	0	0	0	0	0	1.152814
492	5048	0	0	0	1	0	2.924107
493	5061	0	0	0	1	0	2.492795
494	5077	0	0	0	2	0	2.208253
495	5088	0	0	0	0	0	2.000949
496	5098	0	0	0	1	0	2.894481
497	5106	0	0	0	1	0	2.051507
498	5113	0	0	0	2	0	1.353681
499	5130	0	0	0	1	0	1.477023
500	5140	0	0	0	0	0	2.943817
501	5152	0	0	0	0	0	1.672273
502	5166	0	0	0	0	0	2.356021
503	5178	0	0	0	0	0	1.365981
504	5184	0	0	0	1	0	1.335808
505	5193	0	0	0	1	0	1.359979
506	5200	0	0	0	0	0	2.451186
507	5208	0	0	0	0	0	2.001367
508	5216	0	0	0	1	0	2.095929
509	5225	0	0	0	2	0	1.762337
510	5241	0	0	0	0	0	1.421003
511	5252	0	0	0	2	0	1.718077
512	5259	0	0	0	0	0	1.511639
513	5268	0	0	0	1	0	2.020753
514	5279	0	0	0	0	0	2.917586
515	5287	0	0	0	1	0	2.317653
516	5299	0	0	0	0	0	1.320185
517	5306	0	0	0	2	0	1.943281
518	5315	0	0	0	0	0	2.670388
519	5328	0	0	0	1	0	1.765560
520	5338	0	0	0	1	0	1.753378
521	5348	0	0	0	0	0	2.528436
522	5356	0	0	0	2	0	2.243548
523	5366	0	0	0	1	0	2.822821
524	5382	0	0	0	0	0	1.759050
525	5395	0	0	0	2	0	2.260489
526	5403	0	0	0	2	0	1.328086
527	5416	0	0	0	1	0	2.856321
528	5429	0	0	0	1	0	1.896702
529	5436	0	0	0	2	0	2.802909
530	5443	0	0	0	2	0	2.051966
531	5454	0	0	0	0	0	1.587690
532	5464	0	0	0	1	0	2.082355
533	5472	0	0	0	1	0	2.891980
534	5480	0	0	0	1	0	2.382548
535	5488	0	0	0	0	0	2.889866
536	5494	0	0	0	0	0	2.773913
537	5502	0	0	0	0	0	1.485875
538	5512	0	0	0	1	0	2.027118
539	5522	0	0	0	0	0	1.493571
540	5526	0	0	0	0	0	2.647570
541	5541	0	0	0	1	0	1.910120
542	5555	0	0	0	0	0	1.999296
543	5566	0	0	0	1	0	1.426739
544	5577	0	0	0	1	0	1.213199
545	5586	0	0	0	1	0	1.276265
546	5599	0	0	0	2	0	2.933587
547	5605	0	0	0	1	0	2.505352
548	5627	0	0	0	0	0	2.934840
549	5637	0	0	0	2	0	1.892439
550	5653	0	0	0	0	0	2.143710
551	5663	0	0	0	1	0	2.442030
552	5675	0	0	0	0	0	2.315835
553	5687	0	0	0	2	0	1.008673
554	5694	0	0	0	2	0	2.343364
555	5706	0	0	0	2	0	1.078960
556	5712	0	0	0	0	0	2.475950
557	5722	0	0	0	0	0	2.862418
558	5730	0	0	0	0	0	2.094687
559	5742	0	0	0	0	0	1.069457
560	5749	0	0	0	0	0	1.589638
561	5759	0	0	0	0	0	2.707197
562	5766	0	0	0	1	0	1.009823
563	5774	0	0	0	1	0	1.579871
564	5787	0	0	0	1	0	2.309322
565	5795	0	0	0	0	0	2.580724
566	5803	0	0	0	0	0	2.283942
567	5809	0	0	0	1	0	1.192890
568	5819	0	0	0	1	0	1.793442
569	5829	0	0	0	1	0	1.112716
570	5837	0	0	0	0	0	1.644282
571	5843	0	0	0	1	0	1.035711
572	5849	0	0	0	0	0	2.197122
573	5865	0	0	0	0	0	2.127811
574	5872	0	0	0	1	0	1.254518
575	5879	0	0	0	0	0	1.790441
576	5893	0	0	0	0	0	2.011845
577	5900	0	0	0	0	0	1.852317
578	5912	0	0	0	2	0	2.817209
579	5921	0	0	0	1	0	2.841360
580	5927	0	0	0	1	0	2.817210
581	5940	0	0	0	1	0	1.888469
582	5955	0	0	0	0	0	1.497169
583	5965	0	0	0	0	0	2.959143
584	5979	0	0	0	1	0	2.283066
585	5989	0	0	0	0	0	2.812300
586	5997	0	0	0	0	0	2.625807
587	6007	0	0	0	2	0	1.199536
588	6017	0	0	0	0	0	2.395904
589	6027	0	0	0	0	0	1.309600
590	6041	0	0	0	1	0	2.010079
591	6049	0	0	0	1	0	1.086979
592	6058	0	0	0	2	0	2.247498
593	6072	0	0	0	0	0	1.501458
594	6084	0	0	0	1	0	1.428730
595	6096	0	0	0	1	0	1.338637
596	6112	0	0	0	0	0	2.811902
597	6118	0	0	0	1	0	1.132468
598	6128	0	0	0	0	0	2.493224
599	6140	0	0	0	1	0	1.687614
600	6151	0	0	0	2	0	2.828353
601	6157	0	0	0	0	0	2.559723
602	6168	0	0	0	1	0	2.917436
603	6178	0	0	0	0	0	1.098614
604	6182	0	0	0	0	0	2.231068
605	6185	0	0	0	2	0	2.569316
606	6196	0	0	0	0	0	2.903799
607	6206	0	0	0	0	0	2.246362
608	6224	0	0	0	2	0	1.449322
609	6235	0	0	0	0	0	2.329887
610	6248	0	0	0	2	0	2.729418
611	6257	0	0	0	0	0	2.465124
612	6266	0	0	0	1	0	2.425475
613	6279	0	0	0	2	0	1.107640
614	6287	0	0	0	1	0	2.470761
615	6303	0	0	0	2	0	1.797904
616	6318	0	0	0	1	0	2.901370
617	6322	0	0	0	0	0	1.406965
618	6329	0	0	0	1	0	1.514224
619	6340	0	0	0	0	0	2.619053
620	6349	0	0	0	1	0	1.031050
621	6362	0	0	0	2	0	1.760294
622	6373	0	0	0	2	0	2.893765
623	6382	0	0	0	0	0	1.678960
624	6388	0	0	0	2	0	2.617337
625	6397	0	0	0	1	0	2.137628
626	6404	0	0	0	1	0	2.578467
627	6410	0	0	0	1	0	1.751758
628	6428	0	0	0	0	0	1.789968
629	6437	0	0	0	1	0	2.186323
630	6448	0	0	0	0	0	1.628435
631	6456	0	0	0	0	0	1.944658
632	6468	0	0	0	0	0	2.694715
633	6478	0	0	0	1	0	1.796043
634	6491	0	0	0	0	0	1.347254
635	6501	0	0	0	2	0	2.579418
636	6515	0	0	0	1	0	1.061849
637	6525	0	0	0	1	0	2.698347
638	6530	0	0	0	0	0	2.735273
639	6536	0	0	0	0	0	1.621949
640	6542	0	0	0	0	0	2.688263
641	6550	0	0	0	1	0	1.663632
642	6560	0	0	0	1	0	2.013181
643	6566	0	0	0	1	0	1.162385
644	6576	0	0	0	0	0	1.218884
645	6583	0	0	0	2	0	1.653439
646	6594	0	0	0	2	0	1.263953
647	6605	0	0	0	2	0	1.951797
648	6613	0	0	0	0	0	2.123936
649	6619	0	0	0	2	0	2.294595
650	6625	0	0	0	2	0	2.082825
651	6633	0	0	0	0	0	1.519677
652	6640	0	0	0	1	0	1.365445
653	6658	0	0	0	0	0	1.513893
654	6671	0	0	0	0	0	2.643981
655	6683	0	0	0	0	0	2.373047
656	6693	0	0	0	2	0	1.838719
657	6703	0	0	0	2	0	2.619462
658	6713	0	0	0	1	0	1.467036
659	6726	0	0	0	0	0	1.171409
660	6741	0	0	0	2	0	2.918904
661	6752	0	0	0	0	0	1.337955
662	6759	0	0	0	0	0	1.373222
663	6766	0	0	0	1	0	2.719419
664	6779	0	0	0	2	0	2.172590
665	6792	0	0	0	0	0	2.079988
666	6800	0	0	0	0	0	2.021031
667	6805	0	0	0	1	0	2.057569
668	6811	0	0	0	0	0	1.887948
669	6815	0	0	0	1	0	1.247442
670	6830	0	0	0	1	0	2.757999
671	6844	0	0	0	1	0	2.107882
672	6850	0	0	0	0	0	1.960723
673	6862	0	0	0	2	0	1.329703
674	6869	0	0	0	2	0	2.377207
675	6883	0	0	0	1	0	1.322119
676	6893	0	0	0	1	0	2.817879
677	6899	0	0	0	1	0	1.128440
678	6906	0	0	0	1	0	1.205599
679	6909	0	0	0	0	0	2.173293
680	6921	0	0	0	2	0	1.326116
681	6934	0	0	0	2	0	1.746893
682	6946	0	0	0	0	0	1.955302
683	6954	0	0	0	0	0	2.316789
684	6961	0	0	0	0	0	1.345245
685	6973	0	0	0	0	0	2.684651
686	6982	0	0	0	0	0	1.708057
687	6988	0	0	0	1	0	1.254178
688	6999	0	0	0	0	0	2.942480
689	7016	0	0	0	1	0	1.239997
690	7025	0	0	0	0	0	2.318139
691	7034	0	0	0	0	0	2.095810
692	7054	0	0	0	0	0	2.910965
693	7072	0	0	0	0	0	1.136827
694	7081	0	0	0	1	0	2.492813
695	7092	0	0	0	1	0	2.151514
696	7105	0	0	0	1	0	1.192917
697	7113	0	0	0	1	0	2.638054
698	7123	0	0	0	1	0	1.544493
699	7130	0	0	0	2	0	2.800184
700	7135	0	0	0	1	0	2.652567
701	7146	0	0	0	1	0	2.859641
702	7157	0	0	0	0	0	2.529289
703	7166	0	0	0	1	0	2.622232
704	7178	0	0	0	1	0	1.468175
705	7182	0	0	0	1	0	2.444322
706	7191	0	0	0	1	0	1.872795
707	7200	0	0	0	0	0	1.571472
708	7217	0	0	0	0	0	1.668793
709	7221	0	0	0	1	0	2.370358
710	7228	0	0	0	0	0	2.849459
711	7238	0	0	0	2	0	1.432212
712	7245	0	0	0	2	0	2.865509
713	7251	0	0	0	2	0	2.104654
714	7256	0	0	0	0	0	2.466435
715	7265	0	0	0	0	0	2.296096
716	7272	0	0	0	2	0	1.278290
717	7287	0	0	0	1	0	2.121071
718	7295	0	0	0	0	0	1.078620
719	7306	0	0	0	0	0	2.093416
720	7313	0	0	0	0	0	1.405455
721	7324	0	0	0	0	0	2.332876
722	7332	0	0	0	1	0	1.971490
723	7338	0	0	0	1	0	2.232260
724	7344	0	0	0	0	0	1.252015
725	7353	0	0	0	1	0	2.523566
726	7359	0	0	0	0	0	1.198428
727	7371	0	0	0	0	0	1.469519
728	7383	0	0	0	0	0	2.974892
729	7394	0	0	0	0	0	2.259041
730	7404	0	0	0	1	0	1.122150
731	7408	0	0	0	0	0	1.216785
732	7421	0	0	0	0	0	2.402588
733	7432	0	0	0	2	0	2.208847
734	7437	0	0	0	0	0	2.257796
735	7445	0	0	0	1	0	1.017608
736	7455	0	0	0	0	0	1.932606
737	7466	0	0	0	2	0	1.875585
738	7472	0	0	0	1	0	1.418016
739	7480	0	0	0	0	0	1.228694
740	7492	0	0	0	1	0	2.677975
741	7500	0	0	0	2	0	1.615318
742	7509	0	0	0	2	0	2.472935
743	7518	0	0	0	1	0	1.116335
744	7528	0	0	0	0	0	2.650172
745	7537	0	0	0	1	0	2.540880
746	7546	0	0	0	1	0	2.084557
747	7553	0	0	0	0	0	1.559491
748	7562	0	0	0	1	0	2.086754
749	7573	0	0	0	0	0	1.744966
750	7587	0	0	0	1	0	1.627544
751	7596	0	0	0	0	0	2.139943
752	7605	0	0	0	1	0	2.615039
753	7615	0	0	0	2	0	2.024322
754	7624	0	0	0	1	0	1.600053
755	7643	0	0	0	2	0	1.594245
756	7650	0	0	0	0	0	1.530465
757	7661	0	0	0	0	0	1.607141
758	7676	0	0	0	0	0	2.293792
759	7689	0	0	0	1	0	1.565310
760	7696	0	0	0	0	0	2.680737
761	7709	0	0	0	0	0	1.762222
762	7714	0	0	0	0	0	1.026551
763	7724	0	0	0	0	0	1.876312
764	7733	0	0	0	0	0	1.520351
765	7746	0	0	0	1	0	1.216466
766	7759	0	0	0	2	0	2.982262
767	7769	0	0	0	2	0	1.750347
768	7783	0	0	0	1	0	2.396304
769	7789	0	0	0	1	0	1.338149
770	7797	0	0	0	2	0	2.804578
771	7807	0	0	0	0	0	2.473564
772	7818	0	0	0	0	0	2.960426
773	7821	0	0	0	0	0	1.738098
774	7829	0	0	0	1	0	2.922915
775	7841	0	0	0	2	0	2.165049
776	7851	0	0	0	1	0	1.005381
777	7868	0	0	0	1	0	2.528465
778	7876	0	0	0	2	0	1.293794
779	7886	0	0	0	0	0	2.388120
780	7896	0	0	0	2	0	2.556410
781	7905	0	0	0	0	0	2.426208
782	7914	0	0	0	0	0	1.137457
783	7924	0	0	0	0	0	2.305195
784	7935	0	0	0	1	0	2.953746
785	7943	0	0	0	0	0	1.683161
786	7950	0	0	0	2	0	1.087686
787	7958	0	0	0	1	0	1.697787
788	7969	0	0	0	1	0	2.120602
789	7977	0	0	0	1	0	1.649925
790	7995	0	0	0	2	0	2.851065
791	8010	0	0	0	1	0	1.404758
792	8025	0	0	0	0	0	2.073227
793	8040	0	0	0	2	0	2.883023
794	8044	0	0	0	0	0	2.710458
795	8053	0	0	0	2	0	2.075882
796	8059	0	0	0	1	0	1.195763
797	8067	0	0	0	0	0	2.052362
798	8077	0	0	0	1	0	1.396027
799	8086	0	0	0	2	0	2.623060
800	8098	0	0	0	0	0	2.071612
801	8109	0	0	0	1	0	1.546261
802	8117	0	0	0	0	0	2.520570
803	8128	0	0	0	2	0	2.954966
804	8133	0	0	0	1	0	1.587545
805	8149	0	0	0	2	0	2.341224
806	8161	0	0	0	1	0	2.381052
807	8168	0	0	0	0	0	1.712410
808	8177	0	0	0	0	0	1.863762
809	8188	0	0	0	0	0	1.128902
810	8202	0	0	0	0	0	2.895950
811	8210	0	0	0	0	0	2.721317
812	8220	0	0	0	0	0	2.031211
813	8227	0	0	0	1	0	2.963089
814	8237	0	0	0	1	0	2.822147
815	8247	0	0	0	0	0	1.562129
816	8259	0	0	0	0	0	1.866198
817	8270	0	0	0	1	0	1.822040
818	8287	0	0	0	2	0	2.127440
819	8296	0	0	0	0	0	1.903003
820	8310	0	0	0	1	0	1.798652
821	8322	0	0	0	0	0	1.665452
822	8330	0	0	0	1	0	1.908162
823	8338	0	0	0	1	0	1.600009
824	8350	0	0	0	1	0	2.624015
825	8360	0	0	0	2	0	2.690639
826	8370	0	0	0	1	0	2.875763
827	8380	0	0	0	0	0	1.375150
828	8386	0	0	0	2	0	1.241162
829	8397	0	0	0	1	0	2.869825
830	8407	0	0	0	1	0	1.884201
831	8415	0	0	0	0	0	1.355901
832	8419	0	0	0	0	0	1.831186
833	8429	0	0	0	1	0	2.830628
834	8442	0	0	0	1	0	2.309191
835	8459	0	0	0	0	0	2.854422
836	8477	0	0	0	0	0	1.807545
837	8482	0	0	0	0	0	2.549612
838	8496	0	0	0	0	0	1.793034
839	8507	0	0	0	1	0	2.401570
840	8515	0	0	0	1	0	2.504125
841	8530	0	0	0	2	0	1.996646
842	8539	0	0	0	0	0	2.600452
843	8548	0	0	0	0	0	1.346753
844	8557	0	0	0	0	0	2.198639
845	8568	0	0	0	1	0	2.978256
846	8576	0	0	0	2	0	2.247735
847	8588	0	0	0	0	0	2.873273
848	8594	0	0	0	2	0	1.676910
849	8603	0	0	0	1	0	1.786086
850	8619	0	0	0	1	0	2.103805
851	8624	0	0	0	0	0	1.428718
852	8635	0	0	0	1	0	2.426277
853	8644	0	0	0	1	0	2.004645
854	8656	0	0	0	0	0	2.763830
855	8664	0	0	0	0	0	2.327847
856	8672	0	0	0	0	0	2.387335
857	8687	0	0	0	1	0	2.818057
858	8695	0	0	0	2	0	1.995163
859	8703	0	0	0	0	0	2.159813
860	8720	0	0	0	1	0	1.181835
861	8730	0	0	0	1	0	1.945428
862	8741	0	0	0	2	0	2.806494
863	8750	0	0	0	1	0	2.596219
864	8762	0	0	0	0	0	1.145231
865	8775	0	0	0	1	0	1.762721
866	8783	0	0	0	0	0	2.303112
867	8791	0	0	0	0	0	1.573949
868	8801	0	0	0	2	0	1.124844
869	8809	0	0	0	0	0	1.748830
870	8817	0	0	0	2	0	2.847479
871	8826	0	0	0	1	0	1.924914
872	8834	0	0	0	1	0	1.977782
873	8847	0	0	0	0	0	2.606536
874	8853	0	0	0	2	0	2.157927
875	8861	0	0	0	2	0	1.830595
876	8870	0	0	0	2	0	1.602796
877	8879	0	0	0	0	0	2.722266
878	8895	0	0	0	0	0	1.062275
879	8903	0	0	0	2	0	1.299736
880	8917	0	0	0	0	0	2.220733
881	8925	0	0	0	0	0	2.929072
882	8936	0	0	0	0	0	1.853471
883	8947	0	0	0	1	0	2.420207
884	8953	0	0	0	2	0	1.633926
885	8967	0	0	0	1	0	1.258458
886	8979	0	0	0	0	0	2.621650
887	8986	0	0	0	1	0	1.110838
888	8997	0	0	0	0	0	2.544078
889	9007	0	0	0	0	0	1.916534
890	9025	0	0	0	0	0	2.388018
891	9033	0	0	0	1	0	2.140366
892	9043	0	0	0	1	0	2.119007
893	9057	0	0	0	0	0	2.130434
894	9061	0	0	0	0	0	1.770866
895	9073	0	0	0	0	0	1.185535
896	9082	0	0	0	0	0	1.137162
897	9085	0	0	0	1	0	2.928859
898	9096	0	0	0	0	0	1.134574
899	9108	0	0	0	0	0	1.879151
900	9122	0	0	0	1	0	1.911421
901	9135	0	0	0	0	0	1.078861
902	9147	0	0	0	1	0	2.306386
903	9166	0	0	0	0	0	2.571779
904	9177	0	0	0	1	0	1.481575
905	9188	0	0	0	2	0	2.193701
906	9194	0	0	0	0	0	1.538753
907	9207	0	0	0	0	0	2.119527
908	9218	0	0	0	0	0	1.658289
909	9229	0	0	0	0	0	2.217314
910	9243	0	0	0	0	0	2.096338
911	9257	0	0	0	0	0	2.516094
912	9262	0	0	0	1	0	1.405653
913	9273	0	0	0	1	0	1.618489
914	9281	0	0	0	1	0	2.574806
915	9293	0	0	0	2	0	2.908532
916	9302	0	0	0	0	0	2.878125
917	9313	0	0	0	2	0	2.105234
918	9319	0	0	0	0	0	2.700698
919	9329	0	0	0	0	0	2.208593
920	9335	0	0	0	2	0	1.545454
921	9341	0	0	0	1	0	2.099299
922	9351	0	0	0	1	0	1.010494
923	9365	0	0	0	1	0	1.398046
924	9372	0	0	0	0	0	2.392390
925	9383	0	0	0	1	0	2.764391
926	9394	0	0	0	2	0	2.699584
927	9415	0	0	0	2	0	2.335132
928	9426	0	0	0	1	0	1.599893
929	9430	0	0	0	1	0	2.628440
930	9445	0	0	0	0	0	2.299925
931	9454	0	0	0	1	0	1.525769
932	9463	0	0	0	0	0	2.384832
933	9471	0	0	0	0	0	2.183501
934	9482	0	0	0	1	0	2.493556
935	9494	0	0	0	2	0	1.796570
936	9499	0	0	0	1	0	1.286245
937	9508	0	0	0	0	0	1.501335
938	9525	0	0	0	0	0	1.561367
939	9534	0	0	0	2	0	2.124629
940	9549	0	0	0	1	0	2.408436
941	9558	0	0	0	1	0	1.509126
942	9565	0	0	0	0	0	2.942792
943	9577	0	0	0	0	0	1.115088
944	9588	0	0	0	0	0	2.644502
945	9596	0	0	0	1	0	1.105841
946	9607	0	0	0	0	0	2.407636
947	9620	0	0	0	2	0	2.428013
948	9628	0	0	0	2	0	2.272207
949	9639	0	0	0	1	0	1.640915
950	9653	0	0	0	0	0	1.742730
951	9665	0	0	0	0	0	1.123106
952	9673	0	0	0	1	0	2.881343
953	9681	0	0	0	2	0	1.027933
954	9692	0	0	0	1	0	1.960924
955	9714	0	0	0	1	0	1.072706
956	9722	0	0	0	0	0	2.127669
957	9732	0	0	0	1	0	2.825397
958	9746	0	0	0	1	0	2.501023
959	9758	0	0	0	0	0	1.754437
960	9771	0	0	0	0	0	2.214082
961	9777	0	0	0	1	0	1.179881
962	9786	0	0	0	1	0	1.177605
963	9797	0	0	0	0	0	1.592084
964	9805	0	0	0	1	0	1.606820
965	9813	0	0	0	0	0	2.715370
966	9827	0	0	0	1	0	1.714301
967	9840	0	0	0	1	0	2.889861
968	9852	0	0	0	0	0	2.743383
969	9862	0	0	0	2	0	1.836234
970	9873	0	0	0	0	0	1.293043
971	9887	0	0	0	0	0	2.522248
972	9903	0	0	0	1	0	2.032973
973	9912	0	0	0	1	0	1.768011
974	9929	0	0	0	0	0	1.842451
975	9937	0	0	0	0	0	1.900795
976	9953	0	0	0	1	0	2.048882
977	9963	0	0	0	0	0	1.694351
978	9967	0	0	0	1	0	2.265212
979	9978	0	0	0	1	0	1.033675
980	9989	0	0	0	2	0	2.640653
981	10004	0	0	0	0	0	1.828878
982	10016	0	0	0	0	0	2.721454
983	10025	0	0	0	2	0	1.199726
984	10029	0	0	0	0	0	1.291625
985	10041	0	0	0	1	0	1.958077
986	10049	0	0	0	1	0	1.271789
987	10063	0	0	0	2	0	2.360428
988	10075	0	0	0	0	0	1.049393
989	10087	0	0	0	0	0	2.839705
990	10095	0	0	0	0	0	2.485804
991	10105	0	0	0	2	0	1.201769
992	10115	0	0	0	2	0	1.167483
993	10124	0	0	0	2	0	2.560550
994	10138	0	0	0	0	0	1.973055
995	10148	0	0	0	2	0	2.011816
996	10162	0	0	0	0	0	2.392205
997	10176	0	0	0	0	0	1.828521
998	10180	0	0	0	1	0	2.210627
999	10193	0	0	0	0	0	1.281904
