0	1	0	0	0	0	0	2.305931
1	8	0	0	0	0	0	1.661403
2	20	0	0	0	2	0	2.659779
3	28	0	0	0	1	0	2.982698
4	38	0	0	0	0	0	1.832936
5	48	0	0	0	0	0	1.264975
6	57	0	0	0	1	0	2.300258
7	63	0	0	0	0	0	1.118575
8	75	0	0	0	1	0	2.117972
9	84	0	0	0	0	0	2.617981
10	94	0	0	0	2	0	1.282085
11	105	0	0	0	0	0	2.663397
12	115	0	0	0	0	0	2.966183
13	124	0	0	0	0	0	2.137396
14	131	0	0	0	1	0	1.797933
15	137	0	0	0	2	0	1.325147
16	149	0	0	0	0	0	1.269531
17	158	0	0	0	2	0	1.524907
18	168	0	0	0	2	0	2.705164
19	183	0	0	0	2	0	2.580583
20	197	0	0	0	0	0	1.013183
21	209	0	0	0	1	0	1.021387
22	219	0	0	0	1	0	1.916334
23	227	0	0	0	0	0	2.763959
24	234	0	0	0	1	0	2.716987
25	246	0	0	0	2	0	1.345854
26	259	0	0	0	2	0	2.007256
27	265	0	0	0	1	0	1.120075
28	274	0	0	0	2	0	1.965148
29	283	0	0	0	2	0	1.088126
30	294	0	0	0	0	0	1.128720
31	300	0	0	0	1	0	1.392862
32	317	0	0	0	2	0	2.541955
33	326	0	0	0	0	0	2.235777
34	340	0	0	0	1	0	2.457026
35	345	0	0	0	2	0	2.038638
36	351	0	0	0	0	0	1.245587
37	356	0	0	0	0	0	1.378132
38	364	0	0	0	1	0	2.554848
39	372	0	0	0	1	0	1.893706
40	387	0	0	0	0	0	1.012687
41	397	0	0	0	2	0	2.193875
42	404	0	0	0	1	0	1.100669
43	413	0	0	0	2	0	1.699250
44	421	0	0	0	1	0	1.127015
45	429	0	0	0	2	0	2.181897
46	436	0	0	0	1	0	1.189043
47	447	0	0	0	2	0	2.417983
48	458	0	0	0	1	0	2.393625
49	467	0	0	0	0	0	2.821132
50	476	0	0	0	1	0	1.281087
51	485	0	0	0	0	0	1.786672
52	496	0	0	0	0	0	2.359275
53	508	0	0	0	1	0	1.915230
54	524	0	0	0	1	0	2.218496
55	533	0	0	0	2	0	2.986059
56	543	0	0	0	2	0	2.563775
57	553	0	0	0	0	0	1.958899
58	566	0	0	0	1	0	1.291507
59	574	0	0	0	0	0	1.526746
60	584	0	0	0	0	0	2.752744
61	595	0	0	0	1	0	1.098219
62	600	0	0	0	1	0	2.956035
63	611	0	0	0	1	0	1.868145
64	625	0	0	0	0	0	1.070326
65	632	0	0	0	1	0	2.019606
66	641	0	0	0	1	0	1.754621
67	646	0	0	0	0	0	2.520959
68	658	0	0	0	0	0	2.696753
69	674	0	0	0	0	0	1.836851
70	685	0	0	0	0	0	2.834958
71	698	0	0	0	1	0	1.703761
72	709	0	0	0	0	0	1.637136
73	720	0	0	0	1	0	2.735751
74	733	0	0	0	0	0	1.698857
75	741	0	0	0	0	0	2.653468
76	748	0	0	0	2	0	2.781482
77	759	0	0	0	2	0	2.271941
78	766	0	0	0	1	0	2.542831
79	772	0	0	0	1	0	2.987774
80	787	0	0	0	0	0	1.427904
81	803	0	0	0	1	0	2.144307
82	809	0	0	0	1	0	1.923655
83	813	0	0	0	0	0	2.125222
84	823	0	0	0	0	0	1.664237
85	837	0	0	0	0	0	1.759198
86	844	0	0	0	0	0	2.396161
87	862	0	0	0	0	0	1.138903
88	871	0	0	0	2	0	2.946322
89	880	0	0	0	2	0	2.109925
90	887	0	0	0	2	0	1.156457
91	899	0	0	0	0	0	1.838662
92	911	0	0	0	1	0	2.254761
93	919	0	0	0	1	0	2.360786
94	930	0	0	0	2	0	1.024884
95	936	0	0	0	1	0	2.317379
96	947	0	0	0	0	0	1.257878
97	954	0	0	0	1	0	2.601002
98	965	0	0	0	2	0	1.867710
99	974	0	0	0	1	0	2.754756
100	985	0	0	0	0	0	2.098990
101	996	0	0	0	2	0	1.735371
102	1010	0	0	0	1	0	2.367660
103	1018	0	0	0	2	0	2.632993
104	1021	0	0	0	2	0	2.267121
105	1029	0	0	0	2	0	1.968902
106	1034	0	0	0	2	0	1.391801
107	1042	0	0	0	2	0	2.317301
108	1054	0	0	0	0	0	2.017344
109	1060	0	0	0	1	0	2.034759
110	1067	0	0	0	1	0	2.357323
111	1079	0	0	0	2	0	1.412938
112	1091	0	0	0	0	0	2.345912
113	1101	0	0	0	0	0	2.079901
114	1107	0	0	0	2	0	1.740125
115	1119	0	0	0	1	0	1.990824
116	1125	0	0	0	2	0	1.591193
117	1133	0	0	0	0	0	1.937394
118	1141	0	0	0	2	0	1.168331
119	1150	0	0	0	0	0	1.230325
120	1159	0	0	0	0	0	1.233303
121	1175	0	0	0	0	0	1.333719
122	1180	0	0	0	0	0	2.370238
123	1196	0	0	0	0	0	1.597619
124	1204	0	0	0	1	0	2.376649
125	1215	0	0	0	0	0	2.732212
126	1224	0	0	0	2	0	1.981687
127	1233	0	0	0	0	0	2.382952
128	1246	0	0	0	1	0	1.537010
129	1256	0	0	0	1	0	2.311570
130	1263	0	0	0	2	0	2.461388
131	1270	0	0	0	1	0	1.085455
132	1282	0	0	0	1	0	2.919139
133	1286	0	0	0	2	0	1.330102
134	1297	0	0	0	0	0	1.951337
135	1305	0	0	0	1	0	2.049965
136	1314	0	0	0	1	0	2.594888
137	1328	0	0	0	2	0	1.977906
138	1340	0	0	0	1	0	1.516321
139	1351	0	0	0	1	0	2.227477
140	1358	0	0	0	1	0	1.146132
141	1367	0	0	0	2	0	1.629610
142	1378	0	0	0	1	0	2.090849
143	1385	0	0	0	1	0	1.875760
144	1397	0	0	0	2	0	2.064244
145	1406	0	0	0	1	0	1.396426
146	1412	0	0	0	2	0	2.863130
147	1418	0	0	0	2	0	1.055549
148	1428	0	0	0	0	0	2.911077
149	1434	0	0	0	1	0	2.598044
150	1442	0	0	0	1	0	2.346776
151	1451	0	0	0	1	0	2.390575
152	1463	0	0	0	1	0	1.063162
153	1475	0	0	0	0	0	1.734772
154	1488	0	0	0	1	0	1.003026
155	1499	0	0	0	2	0	2.244571
156	1509	0	0	0	0	0	1.191620
157	1519	0	0	0	1	0	2.825858
158	1526	0	0	0	1	0	2.530238
159	1535	0	0	0	2	0	2.841770
160	1545	0	0	0	0	0	1.072024
161	1551	0	0	0	0	0	2.682388
162	1560	0	0	0	1	0	1.758316
163	1566	0	0	0	1	0	2.218949
164	1574	0	0	0	0	0	2.394388
165	1583	0	0	0	2	0	1.235971
166	1593	0	0	0	1	0	1.793663
167	1598	0	0	0	1	0	1.662353
168	1609	0	0	0	2	0	1.819946
169	1621	0	0	0	2	0	2.782765
170	1631	0	0	0	1	0	1.778285
171	1639	0	0	0	1	0	2.952638
172	1648	0	0	0	0	0	2.935436
173	1656	0	0	0	1	0	2.817528
174	1669	0	0	0	0	0	1.474672
175	1678	0	0	0	0	0	1.971113
176	1692	0	0	0	2	0	2.703277
177	1703	0	0	0	2	0	1.534293
178	1714	0	0	0	0	0	2.519711
179	1728	0	0	0	2	0	1.570609
180	1735	0	0	0	0	0	2.285030
181	1742	0	0	0	0	0	2.009750
182	1752	0	0	0	0	0	2.135346
183	1757	0	0	0	1	0	2.724977
184	1767	0	0	0	0	0	2.513418
185	1777	0	0	0	1	0	1.503693
186	1789	0	0	0	2	0	2.940373
187	1799	0	0	0	2	0	1.015079
188	1811	0	0	0	0	0	1.553667
189	1813	0	0	0	2	0	2.086377
190	1825	0	0	0	0	0	2.454978
191	1833	0	0	0	1	0	2.731493
192	1846	0	0	0	1	0	2.598311
193	1856	0	0	0	0	0	2.813747
194	1866	0	0	0	1	0	2.596750
195	1878	0	0	0	1	0	1.341709
196	1890	0	0	0	0	0	1.284594
197	1901	0	0	0	0	0	1.219068
198	1908	0	0	0	0	0	1.807484
199	1918	0	0	0	1	0	1.869789
200	1929	0	0	0	0	0	1.188747
201	1942	0	0	0	2	0	2.542642
202	1950	0	0	0	0	0	1.884114
203	1963	0	0	0	0	0	1.148598
204	1970	0	0	0	0	0	2.153623
205	1981	0	0	0	2	0	1.373860
206	1992	0	0	0	0	0	1.780423
207	1996	0	0	0	0	0	1.076589
208	2007	0	0	0	1	0	1.796650
209	2023	0	0	0	1	0	1.460317
210	2033	0	0	0	1	0	2.638200
211	2048	0	0	0	1	0	2.615329
212	2059	0	0	0	1	0	2.401453
213	2074	0	0	0	0	0	1.131920
214	2085	0	0	0	0	0	2.531705
215	2094	0	0	0	1	0	2.114228
216	2107	0	0	0	1	0	2.383180
217	2115	0	0	0	1	0	1.278934
218	2129	0	0	0	0	0	2.816571
219	2145	0	0	0	1	0	1.549756
220	2151	0	0	0	1	0	2.564867
221	2161	0	0	0	1	0	1.316882
222	2173	0	0	0	2	0	1.537294
223	2179	0	0	0	0	0	2.824413
224	2189	0	0	0	0	0	2.991987
225	2199	0	0	0	0	0	1.636765
226	2214	0	0	0	1	0	1.100457
227	2224	0	0	0	0	0	1.667656
228	2231	0	0	0	0	0	1.557431
229	2243	0	0	0	0	0	1.577266
230	2260	0	0	0	2	0	2.596949
231	2267	0	0	0	1	0	2.805227
232	2277	0	0	0	1	0	1.744743
233	2292	0	0	0	0	0	2.299610
234	2303	0	0	0	0	0	2.618427
235	2312	0	0	0	2	0	1.854816
236	2315	0	0	0	0	0	2.382639
237	2328	0	0	0	0	0	2.982318
238	2341	0	0	0	1	0	1.730443
239	2355	0	0	0	0	0	1.423663
240	2372	0	0	0	1	0	2.522295
241	2385	0	0	0	0	0	2.664538
242	2391	0	0	0	1	0	1.465723
243	2402	0	0	0	0	0	2.327301
244	2410	0	0	0	0	0	1.381193
245	2423	0	0	0	1	0	2.159103
246	2430	0	0	0	0	0	1.775260
247	2439	0	0	0	2	0	1.612844
248	2456	0	0	0	0	0	1.950788
249	2468	0	0	0	0	0	2.605664
250	2480	0	0	0	0	0	2.127226
251	2492	0	0	0	2	0	2.080344
252	2508	0	0	0	0	0	2.781897
253	2517	0	0	0	2	0	2.769180
254	2531	0	0	0	0	0	1.866605
255	2536	0	0	0	0	0	2.066159
256	2550	0	0	0	1	0	2.004608
257	2562	0	0	0	0	0	1.782407
258	2573	0	0	0	2	0	2.067212
259	2586	0	0	0	2	0	1.416456
260	2597	0	0	0	1	0	2.407404
261	2608	0	0	0	0	0	2.637004
262	2616	0	0	0	1	0	1.910484
263	2625	0	0	0	2	0	2.972585
264	2647	0	0	0	0	0	1.122919
265	2661	0	0	0	1	0	1.979910
266	2669	0	0	0	1	0	2.398376
267	2678	0	0	0	1	0	1.760955
268	2689	0	0	0	1	0	2.049966
269	2699	0	0	0	2	0	1.995852
270	2712	0	0	0	0	0	2.022276
271	2721	0	0	0	0	0	1.651531
272	2731	0	0	0	2	0	2.548157
273	2741	0	0	0	0	0	1.177875
274	2752	0	0	0	2	0	2.867988
275	2758	0	0	0	1	0	1.999687
276	2762	0	0	0	1	0	1.732076
277	2771	0	0	0	0	0	2.840415
278	2777	0	0	0	2	0	1.937548
279	2788	0	0	0	2	0	1.974263
280	2795	0	0	0	0	0	2.556224
281	2807	0	0	0	1	0	2.810657
282	2815	0	0	0	2	0	1.817905
283	2824	0	0	0	1	0	1.359866
284	2832	0	0	0	0	0	1.205720
285	2844	0	0	0	2	0	2.222070
286	2855	0	0	0	1	0	1.475078
287	2866	0	0	0	0	0	1.969350
288	2882	0	0	0	1	0	2.487293
289	2889	0	0	0	1	0	2.096120
290	2901	0	0	0	0	0	1.212286
291	2911	0	0	0	2	0	1.243196
292	2922	0	0	0	0	0	1.825854
293	2930	0	0	0	0	0	1.870744
294	2937	0	0	0	0	0	1.350451
295	2947	0	0	0	1	0	2.387894
296	2957	0	0	0	2	0	1.962984
297	2965	0	0	0	1	0	1.474096
298	2975	0	0	0	1	0	1.682185
299	2985	0	0	0	1	0	1.637219
300	2998	0	0	0	1	0	2.335049
301	3007	0	0	0	0	0	2.797951
302	3017	0	0	0	0	0	1.677457
303	3025	0	0	0	0	0	2.521722
304	3029	0	0	0	0	0	1.508623
305	3041	0	0	0	2	0	2.506147
306	3046	0	0	0	1	0	2.513982
307	3052	0	0	0	1	0	2.264203
308	3062	0	0	0	1	0	1.597224
309	3070	0	0	0	0	0	1.450594
310	3079	0	0	0	1	0	2.798576
311	3086	0	0	0	2	0	1.197394
312	3093	0	0	0	1	0	2.457703
313	3102	0	0	0	0	0	1.397411
314	3113	0	0	0	0	0	2.376382
315	3124	0	0	0	0	0	1.600338
316	3135	0	0	0	2	0	2.291348
317	3143	0	0	0	2	0	2.924490
318	3152	0	0	0	1	0	2.469114
319	3158	0	0	0	2	0	2.412514
320	3167	0	0	0	1	0	1.850809
321	3176	0	0	0	0	0	2.996285
322	3192	0	0	0	2	0	2.092138
323	3198	0	0	0	0	0	1.964223
324	3209	0	0	0	1	0	1.483283
325	3217	0	0	0	1	0	2.999770
326	3230	0	0	0	0	0	1.901577
327	3237	0	0	0	0	0	1.151689
328	3252	0	0	0	0	0	1.224202
329	3265	0	0	0	1	0	2.801300
330	3274	0	0	0	0	0	2.520204
331	3285	0	0	0	1	0	1.715961
332	3295	0	0	0	0	0	2.186524
333	3306	0	0	0	0	0	2.609349
334	3311	0	0	0	1	0	2.506158
335	3319	0	0	0	1	0	2.385575
336	3328	0	0	0	1	0	1.753745
337	3336	0	0	0	1	0	2.124653
338	3346	0	0	0	2	0	2.762499
339	3358	0	0	0	1	0	2.264508
340	3370	0	0	0	0	0	1.081274
341	3380	0	0	0	0	0	1.011374
342	3387	0	0	0	0	0	2.252200
343	3396	0	0	0	1	0	2.261457
344	3404	0	0	0	1	0	1.436555
345	3415	0	0	0	1	0	1.153876
346	3427	0	0	0	1	0	2.013759
347	3438	0	0	0	2	0	1.307550
348	3448	0	0	0	1	0	2.959741
349	3457	0	0	0	1	0	2.439444
350	3471	0	0	0	2	0	1.159174
351	3481	0	0	0	1	0	1.969740
352	3489	0	0	0	1	0	2.867426
353	3501	0	0	0	2	0	2.944372
354	3509	0	0	0	0	0	1.164799
355	3523	0	0	0	1	0	2.011992
356	3530	0	0	0	2	0	1.485720
357	3539	0	0	0	1	0	2.487560
358	3548	0	0	0	1	0	1.169200
359	3556	0	0	0	1	0	1.754842
360	3567	0	0	0	1	0	2.045786
361	3576	0	0	0	1	0	1.562237
362	3588	0	0	0	0	0	1.020156
363	3595	0	0	0	0	0	1.606067
364	3605	0	0	0	2	0	2.929319
365	3613	0	0	0	1	0	2.496070
366	3619	0	0	0	1	0	1.691895
367	3630	0	0	0	0	0	1.270539
368	3635	0	0	0	0	0	2.356655
369	3643	0	0	0	0	0	2.712741
370	3650	0	0	0	0	0	1.603306
371	3662	0	0	0	1	0	1.109624
372	3672	0	0	0	0	0	1.243067
373	3686	0	0	0	1	0	1.255837
374	3697	0	0	0	1	0	2.409391
375	3703	0	0	0	1	0	1.140282
376	3710	0	0	0	1	0	1.602387
377	3718	0	0	0	0	0	2.809465
378	3726	0	0	0	2	0	1.069066
379	3737	0	0	0	1	0	2.340930
380	3745	0	0	0	2	0	2.064502
381	3750	0	0	0	2	0	2.398956
382	3761	0	0	0	1	0	2.314032
383	3773	0	0	0	0	0	1.677155
384	3782	0	0	0	0	0	2.432698
385	3795	0	0	0	0	0	2.745458
386	3809	0	0	0	0	0	1.627429
387	3820	0	0	0	0	0	1.564330
388	3836	0	0	0	1	0	2.043722
389	3842	0	0	0	2	0	1.234803
390	3850	0	0	0	1	0	1.892415
391	3862	0	0	0	2	0	1.062345
392	3872	0	0	0	2	0	1.306830
393	3886	0	0	0	0	0	2.646025
394	3898	0	0	0	0	0	1.685999
395	3912	0	0	0	2	0	2.356069
396	3919	0	0	0	0	0	2.152305
397	3930	0	0	0	0	0	1.766602
398	3942	0	0	0	2	0	1.469498
399	3956	0	0	0	1	0	2.617649
400	3970	0	0	0	0	0	2.923794
401	3980	0	0	0	1	0	2.991241
402	3989	0	0	0	0	0	2.929613
403	3996	0	0	0	2	0	2.981978
404	4005	0	0	0	1	0	1.404172
405	4022	0	0	0	2	0	1.605586
406	4031	0	0	0	1	0	1.726504
407	4039	0	0	0	1	0	2.369310
408	4045	0	0	0	2	0	1.343471
409	4053	0	0	0	0	0	2.718052
410	4063	0	0	0	1	0	1.833983
411	4070	0	0	0	0	0	1.755766
412	4083	0	0	0	0	0	1.882357
413	4092	0	0	0	1	0	1.527789
414	4100	0	0	0	0	0	1.369217
415	4108	0	0	0	2	0	2.839339
416	4114	0	0	0	0	0	1.683612
417	4131	0	0	0	0	0	2.529466
418	4137	0	0	0	1	0	1.941231
419	4144	0	0	0	1	0	2.962629
420	4153	0	0	0	1	0	1.828462
421	4166	0	0	0	0	0	1.431147
422	4177	0	0	0	0	0	1.833028
423	4187	0	0	0	1	0	1.340934
424	4200	0	0	0	1	0	1.600890
425	4209	0	0	0	2	0	1.298897
426	4217	0	0	0	1	0	1.791021
427	4233	0	0	0	1	0	2.229568
428	4235	0	0	0	0	0	1.381139
429	4244	0	0	0	1	0	1.715232
430	4258	0	0	0	2	0	2.849496
431	4269	0	0	0	1	0	2.707725
432	4274	0	0	0	0	0	1.281160
433	4282	0	0	0	0	0	2.499414
434	4288	0	0	0	0	0	2.344466
435	4300	0	0	0	1	0	1.220486
436	4306	0	0	0	1	0	1.733062
437	4316	0	0	0	1	0	2.608696
438	4326	0	0	0	1	0	1.216699
439	4338	0	0	0	1	0	1.900543
440	4348	0	0	0	1	0	2.378278
441	4354	0	0	0	0	0	1.483889
442	4358	0	0	0	1	0	1.973141
443	4364	0	0	0	1	0	2.728390
444	4377	0	0	0	2	0	2.277426
445	4385	0	0	0	0	0	2.989466
446	4395	0	0	0	0	0	2.703849
447	4402	0	0	0	0	0	2.104188
448	4407	0	0	0	1	0	2.719949
449	4415	0	0	0	2	0	1.492363
450	4432	0	0	0	0	0	2.384059
451	4445	0	0	0	2	0	2.223499
452	4455	0	0	0	0	0	1.441830
453	4469	0	0	0	0	0	2.872080
454	4478	0	0	0	2	0	2.855182
455	4485	0	0	0	0	0	1.992028
456	4491	0	0	0	1	0	2.581513
457	4500	0	0	0	0	0	1.414658
458	4510	0	0	0	1	0	1.721032
459	4517	0	0	0	0	0	1.881773
460	4523	0	0	0	0	0	2.612113
461	4534	0	0	0	2	0	1.761548
462	4542	0	0	0	1	0	1.037802
463	4552	0	0	0	1	0	2.722036
464	4564	0	0	0	1	0	2.313663
465	4574	0	0	0	1	0	1.157148
466	4580	0	0	0	2	0	1.472980
467	4590	0	0	0	1	0	1.994218
468	4599	0	0	0	1	0	2.329558
469	4611	0	0	0	1	0	2.695701
470	4624	0	0	0	1	0	1.993188
471	4635	0	0	0	0	0	1.600299
472	4647	0	0	0	1	0	2.000921
473	4659	0	0	0	2	0	2.168197
474	4670	0	0	0	0	0	1.830516
475	4681	0	0	0	1	0	2.265304
476	4693	0	0	0	1	0	1.462028
477	4702	0	0	0	1	0	1.124536
478	4710	0	0	0	2	0	2.357018
479	4720	0	0	0	0	0	2.879422
480	4730	0	0	0	2	0	1.184112
481	4746	0	0	0	1	0	2.655146
482	4758	0	0	0	1	0	2.516023
483	4765	0	0	0	2	0	1.208573
484	4772	0	0	0	2	0	2.604875
485	4789	0	0	0	1	0	2.560111
486	4802	0	0	0	0	0	2.066310
487	4808	0	0	0	2	0	2.704983
488	4814	0	0	0	2	0	2.890790
489	4825	0	0	0	2	0	1.344763
490	4837	0	0	0	1	0	2.948674
491	4850	0	0	0	1	0	1.314637
492	4860	0	0	0	1	0	1.204201
493	4868	0	0	0	2	0	2.655168
494	4874	0	0	0	0	0	1.389573
495	4880	0	0	0	2	0	2.721079
496	4889	0	0	0	2	0	2.806835
497	4901	0	0	0	1	0	2.119820
498	4907	0	0	0	1	0	1.654252
499	4913	0	0	0	0	0	2.739688
500	4928	0	0	0	2	0	1.071831
501	4938	0	0	0	2	0	1.643869
502	4947	0	0	0	0	0	1.056100
503	4955	0	0	0	1	0	2.309446
504	4964	0	0	0	0	0	2.572103
505	4974	0	0	0	0	0	2.674587
506	4985	0	0	0	1	0	1.882203
507	4997	0	0	0	2	0	2.656977
508	5007	0	0	0	0	0	1.123446
509	5019	0	0	0	0	0	2.638628
510	5032	0	0	0	0	0	1.081945
511	5044	0	0	0	0	0	2.637510
512	5052	0	0	0	2	0	2.960468
513	5059	0	0	0	2	0	1.566843
514	5066	0	0	0	0	0	2.665207
515	5073	0	0	0	0	0	1.860435
516	5084	0	0	0	1	0	2.712639
517	5093	0	0	0	0	0	2.288127
518	5102	0	0	0	1	0	2.291884
519	5113	0	0	0	1	0	2.614699
520	5122	0	0	0	2	0	1.601335
521	5130	0	0	0	2	0	1.200466
522	5141	0	0	0	0	0	1.726728
523	5151	0	0	0	0	0	1.384324
524	5159	0	0	0	0	0	1.828421
525	5170	0	0	0	1	0	1.448591
526	5178	0	0	0	0	0	1.965915
527	5185	0	0	0	2	0	1.187226
528	5192	0	0	0	1	0	2.232345
529	5201	0	0	0	1	0	1.755524
530	5210	0	0	0	1	0	1.496451
531	5218	0	0	0	1	0	1.526957
532	5225	0	0	0	2	0	2.490911
533	5237	0	0	0	0	0	2.444413
534	5253	0	0	0	1	0	2.696909
535	5265	0	0	0	0	0	2.820501
536	5274	0	0	0	0	0	2.489778
537	5287	0	0	0	0	0	2.586941
538	5296	0	0	0	2	0	2.768968
539	5306	0	0	0	1	0	1.159305
540	5319	0	0	0	2	0	1.396581
541	5332	0	0	0	2	0	1.562741
542	5340	0	0	0	2	0	1.295294
543	5352	0	0	0	2	0	2.554710
544	5360	0	0	0	0	0	1.907831
545	5376	0	0	0	0	0	1.019863
546	5389	0	0	0	0	0	2.751243
547	5405	0	0	0	1	0	2.814608
548	5412	0	0	0	1	0	2.498087
549	5420	0	0	0	0	0	1.093562
550	5430	0	0	0	0	0	2.215732
551	5444	0	0	0	2	0	2.465933
552	5455	0	0	0	0	0	2.044628
553	5465	0	0	0	1	0	1.678548
554	5480	0	0	0	1	0	1.752015
555	5485	0	0	0	2	0	1.093452
556	5493	0	0	0	0	0	2.151450
557	5506	0	0	0	2	0	1.891922
558	5517	0	0	0	1	0	2.502096
559	5533	0	0	0	0	0	1.214315
560	5542	0	0	0	2	0	2.784105
561	5552	0	0	0	1	0	1.707916
562	5567	0	0	0	0	0	2.512705
563	5574	0	0	0	2	0	2.689384
564	5583	0	0	0	2	0	1.682366
565	5596	0	0	0	2	0	1.188559
566	5610	0	0	0	1	0	1.028466
567	5615	0	0	0	0	0	2.691863
568	5623	0	0	0	0	0	1.765691
569	5636	0	0	0	1	0	2.018918
570	5642	0	0	0	1	0	1.610849
571	5654	0	0	0	0	0	2.938064
572	5659	0	0	0	0	0	2.563305
573	5669	0	0	0	0	0	2.781866
574	5679	0	0	0	0	0	1.148456
575	5687	0	0	0	0	0	2.570907
576	5698	0	0	0	0	0	1.069081
577	5705	0	0	0	0	0	2.394221
578	5710	0	0	0	1	0	2.360935
579	5722	0	0	0	0	0	2.467310
580	5735	0	0	0	0	0	2.806908
581	5745	0	0	0	0	0	2.595462
582	5754	0	0	0	0	0	1.298903
583	5763	0	0	0	1	0	1.961861
584	5774	0	0	0	1	0	1.262883
585	5785	0	0	0	2	0	1.953983
586	5801	0	0	0	0	0	2.128615
587	5813	0	0	0	0	0	2.938227
588	5827	0	0	0	2	0	1.274742
589	5838	0	0	0	1	0	2.640256
590	5846	0	0	0	0	0	1.249083
591	5854	0	0	0	1	0	2.885329
592	5863	0	0	0	1	0	2.256909
593	5872	0	0	0	1	0	2.876529
594	5882	0	0	0	0	0	2.433573
595	5892	0	0	0	1	0	1.610407
596	5900	0	0	0	0	0	2.595590
597	5909	0	0	0	0	0	1.417587
598	5919	0	0	0	2	0	1.768263
599	5928	0	0	0	2	0	2.413306
600	5938	0	0	0	1	0	2.371636
601	5946	0	0	0	0	0	2.254101
602	5956	0	0	0	2	0	1.998764
603	5966	0	0	0	0	0	1.168931
604	5974	0	0	0	2	0	1.546468
605	5981	0	0	0	0	0	1.279832
606	5990	0	0	0	2	0	1.939929
607	5999	0	0	0	2	0	1.595840
608	6014	0	0	0	2	0	1.641787
609	6023	0	0	0	1	0	1.438703
610	6030	0	0	0	1	0	2.453899
611	6041	0	0	0	0	0	2.494283
612	6057	0	0	0	1	0	1.155316
613	6065	0	0	0	0	0	2.735901
614	6075	0	0	0	0	0	2.197900
615	6084	0	0	0	2	0	1.804195
616	6093	0	0	0	1	0	2.508770
617	6097	0	0	0	1	0	1.440239
618	6109	0	0	0	0	0	2.536830
619	6125	0	0	0	2	0	2.073285
620	6133	0	0	0	1	0	1.689860
621	6140	0	0	0	1	0	1.635637
622	6153	0	0	0	1	0	1.795947
623	6168	0	0	0	2	0	1.427697
624	6176	0	0	0	1	0	2.407417
625	6180	0	0	0	0	0	2.168681
626	6186	0	0	0	1	0	1.321896
627	6199	0	0	0	2	0	1.462651
628	6213	0	0	0	1	0	1.008534
629	6220	0	0	0	2	0	2.727806
630	6229	0	0	0	2	0	2.033775
631	6238	0	0	0	0	0	2.298077
632	6248	0	0	0	0	0	2.774812
633	6257	0	0	0	2	0	2.462743
634	6267	0	0	0	2	0	1.530803
635	6276	0	0	0	0	0	2.525459
636	6287	0	0	0	0	0	1.726544
637	6301	0	0	0	0	0	2.073987
638	6309	0	0	0	0	0	2.163627
639	6321	0	0	0	2	0	2.637253
640	6331	0	0	0	1	0	1.933566
641	6342	0	0	0	2	0	1.506466
642	6356	0	0	0	1	0	2.850237
643	6368	0	0	0	0	0	2.120193
644	6373	0	0	0	2	0	1.052236
645	6380	0	0	0	2	0	2.844265
646	6394	0	0	0	0	0	2.300476
647	6402	0	0	0	2	0	2.929638
648	6406	0	0	0	1	0	1.171990
649	6422	0	0	0	1	0	2.564362
650	6428	0	0	0	0	0	2.180038
651	6437	0	0	0	0	0	2.708878
652	6446	0	0	0	1	0	2.786519
653	6460	0	0	0	1	0	1.208908
654	6464	0	0	0	1	0	2.403741
655	6472	0	0	0	1	0	1.778436
656	6483	0	0	0	0	0	2.501674
657	6493	0	0	0	1	0	2.895351
658	6502	0	0	0	1	0	1.422119
659	6511	0	0	0	0	0	2.090511
660	6525	0	0	0	1	0	2.628334
661	6536	0	0	0	1	0	2.069362
662	6547	0	0	0	0	0	1.711674
663	6558	0	0	0	0	0	1.330080
664	6571	0	0	0	1	0	2.387323
665	6582	0	0	0	1	0	1.414207
666	6591	0	0	0	1	0	1.936191
667	6604	0	0	0	2	0	2.679820
668	6616	0	0	0	0	0	2.719079
669	6634	0	0	0	0	0	1.217597
670	6643	0	0	0	0	0	1.812626
671	6654	0	0	0	1	0	1.437732
672	6661	0	0	0	1	0	2.599381
673	6672	0	0	0	1	0	1.147810
674	6681	0	0	0	2	0	2.203212
675	6691	0	0	0	1	0	1.817823
676	6702	0	0	0	1	0	1.835908
677	6718	0	0	0	1	0	1.557943
678	6726	0	0	0	1	0	2.913568
679	6738	0	0	0	0	0	2.074771
680	6751	0	0	0	2	0	2.605916
681	6765	0	0	0	0	0	1.687040
682	6774	0	0	0	0	0	1.027023
683	6786	0	0	0	0	0	2.412382
684	6796	0	0	0	2	0	2.052028
685	6812	0	0	0	1	0	1.349700
686	6830	0	0	0	2	0	1.083835
687	6847	0	0	0	2	0	2.756107
688	6857	0	0	0	2	0	2.261866
689	6863	0	0	0	0	0	2.023233
690	6872	0	0	0	0	0	1.130718
691	6877	0	0	0	1	0	1.212654
692	6891	0	0	0	1	0	1.338404
693	6900	0	0	0	0	0	2.219641
694	6908	0	0	0	2	0	2.186445
695	6925	0	0	0	2	0	2.626138
696	6929	0	0	0	0	0	1.952929
697	6935	0	0	0	2	0	1.103008
698	6947	0	0	0	2	0	1.756196
699	6957	0	0	0	1	0	1.631571
700	6967	0	0	0	0	0	2.946731
701	6977	0	0	0	2	0	2.514302
702	6992	0	0	0	2	0	2.772016
703	6999	0	0	0	1	0	1.319254
704	7006	0	0	0	2	0	2.303826
705	7015	0	0	0	0	0	2.928943
706	7026	0	0	0	2	0	2.012428
707	7029	0	0	0	1	0	2.390189
708	7041	0	0	0	2	0	2.620170
709	7055	0	0	0	0	0	2.615938
710	7065	0	0	0	1	0	1.452264
711	7073	0	0	0	0	0	2.735063
712	7084	0	0	0	0	0	1.151376
713	7099	0	0	0	1	0	2.728226
714	7108	0	0	0	1	0	2.877994
715	7119	0	0	0	0	0	2.652709
716	7129	0	0	0	0	0	2.402070
717	7136	0	0	0	1	0	2.209913
718	7142	0	0	0	2	0	1.832344
719	7148	0	0	0	1	0	2.531230
720	7155	0	0	0	0	0	1.329803
721	7164	0	0	0	1	0	2.358782
722	7178	0	0	0	1	0	1.830821
723	7192	0	0	0	0	0	2.084323
724	7211	0	0	0	0	0	2.338930
725	7226	0	0	0	2	0	1.781085
726	7237	0	0	0	1	0	2.036928
727	7245	0	0	0	1	0	2.059388
728	7256	0	0	0	0	0	1.951473
729	7268	0	0	0	1	0	2.469378
730	7276	0	0	0	0	0	2.244675
731	7279	0	0	0	0	0	1.224095
732	7283	0	0	0	0	0	2.921938
733	7290	0	0	0	1	0	1.110223
734	7298	0	0	0	1	0	2.108202
735	7311	0	0	0	2	0	1.219702
736	7319	0	0	0	1	0	2.373667
737	7327	0	0	0	2	0	2.582524
738	7339	0	0	0	1	0	1.236462
739	7351	0	0	0	2	0	1.955653
740	7358	0	0	0	1	0	2.356034
741	7367	0	0	0	2	0	2.889868
742	7374	0	0	0	2	0	1.292218
743	7382	0	0	0	1	0	1.714461
744	7391	0	0	0	1	0	1.884821
745	7399	0	0	0	0	0	1.681293
746	7412	0	0	0	1	0	2.756586
747	7424	0	0	0	2	0	2.512771
748	7435	0	0	0	0	0	2.159759
749	7445	0	0	0	1	0	2.529897
750	7456	0	0	0	0	0	1.154414
751	7467	0	0	0	2	0	2.363113
752	7472	0	0	0	0	0	1.514776
753	7484	0	0	0	1	0	1.440224
754	7495	0	0	0	2	0	1.223780
755	7504	0	0	0	2	0	2.204374
756	7517	0	0	0	1	0	1.163090
757	7526	0	0	0	1	0	1.136857
758	7536	0	0	0	0	0	1.185064
759	7547	0	0	0	1	0	2.259183
760	7556	0	0	0	1	0	1.828592
761	7566	0	0	0	0	0	1.137966
762	7579	0	0	0	0	0	2.411401
763	7589	0	0	0	1	0	1.570835
764	7598	0	0	0	1	0	2.726490
765	7604	0	0	0	2	0	2.986569
766	7613	0	0	0	0	0	2.570774
767	7619	0	0	0	0	0	2.852772
768	7631	0	0	0	1	0	1.415086
769	7638	0	0	0	1	0	2.494179
770	7644	0	0	0	1	0	1.045704
771	7653	0	0	0	0	0	2.425695
772	7660	0	0	0	2	0	2.524020
773	7670	0	0	0	2	0	1.632896
774	7679	0	0	0	0	0	2.466785
775	7693	0	0	0	0	0	1.910507
776	7704	0	0	0	2	0	2.645355
777	7713	0	0	0	0	0	2.427917
778	7725	0	0	0	0	0	2.770963
779	7735	0	0	0	0	0	2.834252
780	7745	0	0	0	1	0	2.147681
781	7760	0	0	0	0	0	2.865664
782	7768	0	0	0	2	0	2.351315
783	7779	0	0	0	1	0	1.119408
784	7795	0	0	0	1	0	1.610168
785	7800	0	0	0	1	0	2.047376
786	7811	0	0	0	1	0	1.635406
787	7822	0	0	0	1	0	2.537347
788	7830	0	0	0	0	0	2.890056
789	7843	0	0	0	2	0	2.878598
790	7856	0	0	0	2	0	1.762154
791	7865	0	0	0	1	0	2.369317
792	7873	0	0	0	1	0	2.838052
793	7885	0	0	0	1	0	2.579762
794	7895	0	0	0	1	0	2.165281
795	7899	0	0	0	0	0	1.321099
796	7909	0	0	0	1	0	2.033785
797	7917	0	0	0	2	0	1.874113
798	7930	0	0	0	1	0	2.694855
799	7941	0	0	0	2	0	2.911097
800	7950	0	0	0	0	0	2.017019
801	7962	0	0	0	2	0	2.058324
802	7975	0	0	0	2	0	2.460708
803	7984	0	0	0	1	0	2.748192
804	7995	0	0	0	1	0	1.553671
805	8004	0	0	0	0	0	2.343930
806	8015	0	0	0	0	0	2.029475
807	8024	0	0	0	1	0	2.255663
808	8036	0	0	0	2	0	2.450410
809	8043	0	0	0	0	0	2.384678
810	8052	0	0	0	2	0	1.892720
811	8063	0	0	0	1	0	2.122216
812	8067	0	0	0	1	0	2.938832
813	8075	0	0	0	1	0	1.693882
814	8089	0	0	0	1	0	2.506773
815	8099	0	0	0	0	0	1.987675
816	8111	0	0	0	2	0	1.183962
817	8121	0	0	0	0	0	2.731042
818	8140	0	0	0	0	0	2.166260
819	8148	0	0	0	1	0	1.379675
820	8156	0	0	0	1	0	2.249882
821	8170	0	0	0	1	0	1.539036
822	8180	0	0	0	2	0	2.616454
823	8185	0	0	0	2	0	1.320188
824	8198	0	0	0	2	0	1.230000
825	8207	0	0	0	1	0	1.511170
826	8220	0	0	0	1	0	2.484797
827	8226	0	0	0	1	0	1.184665
828	8240	0	0	0	2	0	2.484888
829	8246	0	0	0	2	0	2.080321
830	8267	0	0	0	2	0	1.882060
831	8281	0	0	0	0	0	2.907125
832	8287	0	0	0	1	0	2.213839
833	8292	0	0	0	1	0	1.262910
834	8301	0	0	0	0	0	1.802530
835	8311	0	0	0	2	0	2.386370
836	8325	0	0	0	0	0	2.358359
837	8331	0	0	0	0	0	2.747972
838	8341	0	0	0	0	0	2.810873
839	8348	0	0	0	1	0	1.997471
840	8355	0	0	0	0	0	1.692444
841	8365	0	0	0	0	0	2.788511
842	8379	0	0	0	2	0	2.407889
843	8392	0	0	0	0	0	2.489411
844	8405	0	0	0	0	0	1.726958
845	8413	0	0	0	0	0	1.627304
846	8423	0	0	0	0	0	1.178123
847	8431	0	0	0	2	0	2.563377
848	8446	0	0	0	0	0	1.514109
849	8458	0	0	0	1	0	1.196578
850	8473	0	0	0	2	0	1.990459
851	8482	0	0	0	1	0	1.145634
852	8491	0	0	0	1	0	1.201140
853	8500	0	0	0	2	0	1.773429
854	8511	0	0	0	0	0	1.182690
855	8523	0	0	0	2	0	1.658923
856	8531	0	0	0	0	0	1.713298
857	8536	0	0	0	0	0	2.830611
858	8549	0	0	0	0	0	1.195528
859	8557	0	0	0	0	0	2.292938
860	8568	0	0	0	0	0	1.203160
861	8576	0	0	0	0	0	2.808255
862	8582	0	0	0	2	0	1.015348
863	8594	0	0	0	1	0	1.038278
864	8600	0	0	0	1	0	1.139954
865	8609	0	0	0	1	0	2.122907
866	8615	0	0	0	1	0	1.373506
867	8624	0	0	0	0	0	2.250109
868	8633	0	0	0	0	0	2.500689
869	8648	0	0	0	2	0	1.936119
870	8659	0	0	0	0	0	1.553868
871	8666	0	0	0	1	0	2.046381
872	8673	0	0	0	1	0	1.202168
873	8679	0	0	0	1	0	2.429119
874	8694	0	0	0	0	0	1.216645
875	8699	0	0	0	1	0	2.291703
876	8707	0	0	0	1	0	2.281597
877	8719	0	0	0	0	0	1.364451
878	8733	0	0	0	0	0	1.103642
879	8747	0	0	0	0	0	2.013278
880	8757	0	0	0	0	0	2.289938
881	8764	0	0	0	2	0	2.924081
882	8768	0	0	0	2	0	2.061342
883	8776	0	0	0	2	0	1.902860
884	8787	0	0	0	0	0	1.222063
885	8802	0	0	0	2	0	2.201643
886	8817	0	0	0	2	0	1.500521
887	8822	0	0	0	2	0	1.831996
888	8829	0	0	0	2	0	1.026679
889	8835	0	0	0	1	0	1.280099
890	8843	0	0	0	1	0	1.885192
891	8855	0	0	0	2	0	1.045118
892	8868	0	0	0	2	0	2.568134
893	8875	0	0	0	0	0	2.469586
894	8889	0	0	0	0	0	2.787753
895	8900	0	0	0	2	0	1.662589
896	8916	0	0	0	0	0	2.217002
897	8929	0	0	0	0	0	2.824496
898	8945	0	0	0	2	0	2.735180
899	8947	0	0	0	0	0	1.449745
900	8954	0	0	0	1	0	1.904309
901	8961	0	0	0	0	0	2.652739
902	8972	0	0	0	0	0	2.741417
903	8987	0	0	0	1	0	2.372511
904	8996	0	0	0	0	0	2.975140
905	9006	0	0	0	0	0	2.765949
906	9023	0	0	0	0	0	1.036641
907	9031	0	0	0	2	0	1.068813
908	9040	0	0	0	0	0	1.226916
909	9052	0	0	0	2	0	1.614592
910	9061	0	0	0	0	0	1.245120
911	9072	0	0	0	1	0	1.408437
912	9083	0	0	0	1	0	2.028625
913	9090	0	0	0	0	0	2.167027
914	9100	0	0	0	1	0	2.726501
915	9113	0	0	0	1	0	1.929112
916	9118	0	0	0	1	0	2.976502
917	9129	0	0	0	0	0	2.369192
918	9139	0	0	0	0	0	2.939177
919	9147	0	0	0	1	0	2.713138
920	9155	0	0	0	2	0	1.971173
921	9158	0	0	0	0	0	1.598472
922	9170	0	0	0	1	0	1.640156
923	9186	0	0	0	1	0	1.664356
924	9199	0	0	0	2	0	1.140660
925	9209	0	0	0	1	0	1.856819
926	9221	0	0	0	0	0	2.475424
927	9230	0	0	0	1	0	2.213476
928	9248	0	0	0	0	0	2.895470
929	9255	0	0	0	1	0	2.256588
930	9264	0	0	0	1	0	2.746574
931	9278	0	0	0	2	0	1.269736
932	9288	0	0	0	0	0	1.478814
933	9301	0	0	0	2	0	1.115225
934	9308	0	0	0	0	0	1.551479
935	9319	0	0	0	1	0	2.762718
936	9329	0	0	0	0	0	2.514890
937	9333	0	0	0	2	0	2.844638
938	9342	0	0	0	0	0	1.820773
939	9357	0	0	0	1	0	1.670213
940	9367	0	0	0	0	0	1.007550
941	9380	0	0	0	0	0	2.077903
942	9388	0	0	0	0	0	1.289711
943	9396	0	0	0	1	0	1.671598
944	9413	0	0	0	0	0	2.390591
945	9419	0	0	0	0	0	1.173192
946	9429	0	0	0	2	0	2.948513
947	9437	0	0	0	1	0	1.693057
948	9448	0	0	0	1	0	2.776015
949	9458	0	0	0	1	0	2.136565
950	9469	0	0	0	0	0	1.487844
951	9477	0	0	0	0	0	1.801025
952	9485	0	0	0	1	0	1.674581
953	9497	0	0	0	2	0	1.748667
954	9509	0	0	0	0	0	2.687639
955	9516	0	0	0	0	0	2.632157
956	9525	0	0	0	1	0	2.439040
957	9536	0	0	0	0	0	1.583711
958	9548	0	0	0	0	0	1.279648
959	9564	0	0	0	2	0	1.422319
960	9578	0	0	0	1	0	1.268314
961	9587	0	0	0	2	0	2.564205
962	9599	0	0	0	2	0	1.579728
963	9608	0	0	0	1	0	2.793698
964	9622	0	0	0	0	0	2.321339
965	9633	0	0	0	0	0	2.714130
966	9643	0	0	0	0	0	1.734789
967	9652	0	0	0	0	0	2.898207
968	9664	0	0	0	0	0	2.049021
969	9673	0	0	0	2	0	2.008006
970	9686	0	0	0	0	0	1.445373
971	9697	0	0	0	2	0	2.368674
972	9704	0	0	0	1	0	1.855810
973	9714	0	0	0	1	0	2.196494
974	9721	0	0	0	2	0	2.062322
975	9731	0	0	0	0	0	2.843885
976	9739	0	0	0	0	0	2.714376
977	9752	0	0	0	0	0	1.622307
978	9765	0	0	0	0	0	2.260736
979	9776	0	0	0	1	0	2.405678
980	9784	0	0	0	1	0	1.193698
981	9797	0	0	0	2	0	1.112640
982	9807	0	0	0	2	0	2.963527
983	9813	0	0	0	1	0	1.420943
984	9825	0	0	0	2	0	1.233553
985	9837	0	0	0	2	0	2.088997
986	9845	0	0	0	1	0	1.619431
987	9855	0	0	0	0	0	1.263895
988	9868	0	0	0	0	0	1.606101
989	9876	0	0	0	0	0	2.925697
990	9884	0	0	0	1	0	1.645001
991	9895	0	0	0	0	0	2.032327
992	9902	0	0	0	0	0	1.651880
993	9911	0	0	0	0	0	1.083388
994	9920	0	0	0	2	0	2.120549
995	9928	0	0	0	0	0	2.084702
996	9933	0	0	0	1	0	2.689976
997	9940	0	0	0	1	0	2.671159
998	9950	0	0	0	2	0	1.926460
999	9959	0	0	0	2	0	1.504898
