0	1	0	0	0	0	0	1.176628
1	8	0	0	0	1	0	2.623962
2	17	0	0	0	0	0	1.389573
3	28	0	0	0	2	0	1.892844
4	41	0	0	0	2	0	1.258449
5	54	0	0	0	2	0	2.058247
6	64	0	0	0	0	0	2.689891
7	73	0	0	0	0	0	1.571519
8	81	0	0	0	2	0	1.640162
9	86	0	0	0	2	0	2.938331
10	100	0	0	0	2	0	1.950911
11	110	0	0	0	2	0	2.633266
12	116	0	0	0	1	0	1.187545
13	123	0	0	0	0	0	1.888226
14	132	0	0	0	1	0	1.962877
15	139	0	0	0	0	0	1.412142
16	145	0	0	0	1	0	1.266141
17	154	0	0	0	1	0	1.381482
18	160	0	0	0	0	0	2.596149
19	170	0	0	0	2	0	1.844124
20	180	0	0	0	1	0	2.730944
21	187	0	0	0	2	0	1.188834
22	199	0	0	0	2	0	1.483599
23	212	0	0	0	2	0	1.498924
24	219	0	0	0	1	0	1.555968
25	223	0	0	0	2	0	2.309222
26	235	0	0	0	2	0	2.434724
27	242	0	0	0	1	0	2.799719
28	253	0	0	0	0	0	2.416192
29	266	0	0	0	0	0	1.534728
30	273	0	0	0	1	0	2.769957
31	285	0	0	0	1	0	2.298508
32	291	0	0	0	0	0	1.744341
33	298	0	0	0	2	0	1.497032
34	309	0	0	0	2	0	2.449422
35	319	0	0	0	0	0	2.859961
36	325	0	0	0	2	0	1.786896
37	334	0	0	0	0	0	2.920118
38	347	0	0	0	0	0	2.831146
39	360	0	0	0	0	0	2.160142
40	364	0	0	0	2	0	2.845437
41	370	0	0	0	2	0	1.837942
42	375	0	0	0	1	0	2.770924
43	384	0	0	0	0	0	1.831927
44	392	0	0	0	2	0	1.909178
45	400	0	0	0	1	0	1.965554
46	406	0	0	0	0	0	2.413196
47	414	0	0	0	2	0	1.518246
48	424	0	0	0	1	0	1.662186
49	434	0	0	0	0	0	2.441165
50	446	0	0	0	2	0	2.699307
51	459	0	0	0	1	0	2.167556
52	473	0	0	0	2	0	1.034746
53	483	0	0	0	2	0	1.784477
54	494	0	0	0	0	0	2.915672
55	502	0	0	0	1	0	2.984299
56	509	0	0	0	1	0	1.299580
57	519	0	0	0	0	0	1.296238
58	527	0	0	0	0	0	2.773993
59	538	0	0	0	1	0	1.149037
60	546	0	0	0	0	0	2.956096
61	553	0	0	0	2	0	1.965129
62	560	0	0	0	0	0	1.474643
63	570	0	0	0	1	0	2.228979
64	579	0	0	0	0	0	2.725170
65	588	0	0	0	1	0	2.412637
66	597	0	0	0	0	0	1.151341
67	607	0	0	0	0	0	1.728177
68	618	0	0	0	0	0	2.063266
69	633	0	0	0	0	0	1.987751
70	640	0	0	0	1	0	2.661776
71	651	0	0	0	0	0	1.930777
72	662	0	0	0	0	0	2.632697
73	670	0	0	0	0	0	2.538458
74	682	0	0	0	2	0	2.479989
75	695	0	0	0	1	0	1.366467
76	701	0	0	0	2	0	2.163446
77	708	0	0	0	1	0	2.284122
78	720	0	0	0	1	0	2.246741
79	727	0	0	0	0	0	2.713489
80	740	0	0	0	1	0	1.125531
81	757	0	0	0	1	0	1.182174
82	767	0	0	0	0	0	2.050973
83	775	0	0	0	2	0	1.766674
84	784	0	0	0	2	0	1.113754
85	793	0	0	0	1	0	2.007886
86	807	0	0	0	0	0	2.433367
87	817	0	0	0	1	0	2.689777
88	822	0	0	0	2	0	1.073355
89	829	0	0	0	1	0	1.358095
90	840	0	0	0	0	0	1.693033
91	852	0	0	0	2	0	2.034264
92	858	0	0	0	0	0	1.346918
93	860	0	0	0	1	0	2.105637
94	867	0	0	0	2	0	1.539401
95	882	0	0	0	2	0	1.373379
96	890	0	0	0	0	0	1.020209
97	910	0	0	0	2	0	2.631230
98	920	0	0	0	2	0	2.934621
99	929	0	0	0	2	0	2.993647
100	940	0	0	0	2	0	1.796059
101	952	0	0	0	1	0	1.003633
102	957	0	0	0	0	0	1.547147
103	964	0	0	0	2	0	1.059297
104	975	0	0	0	2	0	1.078541
105	986	0	0	0	0	0	1.084868
106	1000	0	0	0	2	0	1.444745
107	1010	0	0	0	0	0	1.321618
108	1017	0	0	0	0	0	1.999609
109	1026	0	0	0	1	0	2.725457
110	1039	0	0	0	1	0	1.212653
111	1048	0	0	0	1	0	1.586727
112	1061	0	0	0	1	0	2.029853
113	1068	0	0	0	1	0	1.593005
114	1073	0	0	0	1	0	1.042855
115	1086	0	0	0	0	0	2.493160
116	1097	0	0	0	0	0	2.951803
117	1107	0	0	0	0	0	1.852154
118	1117	0	0	0	0	0	2.883987
119	1127	0	0	0	0	0	2.120660
120	1137	0	0	0	2	0	1.920266
121	1149	0	0	0	1	0	2.975839
122	1160	0	0	0	0	0	2.321642
123	1174	0	0	0	0	0	2.304594
124	1189	0	0	0	0	0	2.030332
125	1200	0	0	0	0	0	2.038256
126	1211	0	0	0	0	0	2.701746
127	1230	0	0	0	2	0	2.041010
128	1240	0	0	0	0	0	1.687279
129	1255	0	0	0	1	0	1.575172
130	1266	0	0	0	0	0	1.698338
131	1275	0	0	0	1	0	2.852834
132	1290	0	0	0	0	0	1.042294
133	1304	0	0	0	0	0	2.813866
134	1314	0	0	0	1	0	2.226844
135	1324	0	0	0	1	0	1.359772
136	1329	0	0	0	2	0	2.297515
137	1339	0	0	0	0	0	1.484819
138	1349	0	0	0	2	0	1.243302
139	1360	0	0	0	1	0	2.572574
140	1365	0	0	0	0	0	1.198091
141	1375	0	0	0	0	0	1.332506
142	1388	0	0	0	0	0	1.562547
143	1402	0	0	0	0	0	2.918066
144	1415	0	0	0	1	0	1.992069
145	1424	0	0	0	1	0	2.827409
146	1432	0	0	0	2	0	2.917248
147	1440	0	0	0	2	0	2.213387
148	1448	0	0	0	0	0	1.567982
149	1462	0	0	0	1	0	2.865018
150	1469	0	0	0	0	0	1.225156
151	1482	0	0	0	1	0	1.568662
152	1493	0	0	0	0	0	1.871375
153	1500	0	0	0	0	0	1.454938
154	1512	0	0	0	1	0	1.623944
155	1523	0	0	0	2	0	1.408726
156	1533	0	0	0	0	0	1.847539
157	1546	0	0	0	2	0	2.642130
158	1553	0	0	0	1	0	2.833509
159	1563	0	0	0	2	0	1.108954
160	1575	0	0	0	0	0	2.043637
161	1586	0	0	0	2	0	2.335896
162	1603	0	0	0	0	0	1.838566
163	1614	0	0	0	0	0	2.593940
164	1624	0	0	0	0	0	2.415885
165	1629	0	0	0	0	0	2.531243
166	1642	0	0	0	0	0	1.299788
167	1653	0	0	0	0	0	2.019033
168	1662	0	0	0	2	0	1.173798
169	1680	0	0	0	1	0	1.007385
170	1689	0	0	0	2	0	1.092367
171	1699	0	0	0	1	0	1.626835
172	1710	0	0	0	2	0	2.943296
173	1718	0	0	0	0	0	1.604296
174	1726	0	0	0	2	0	1.527902
175	1735	0	0	0	1	0	1.706183
176	1744	0	0	0	2	0	1.966547
177	1752	0	0	0	0	0	2.226243
178	1767	0	0	0	0	0	1.698658
179	1773	0	0	0	1	0	2.951774
180	1779	0	0	0	1	0	1.850608
181	1786	0	0	0	0	0	2.620316
182	1795	0	0	0	0	0	1.829562
183	1800	0	0	0	1	0	2.349721
184	1805	0	0	0	0	0	2.635731
185	1810	0	0	0	2	0	1.311535
186	1817	0	0	0	2	0	2.785859
187	1824	0	0	0	0	0	1.906242
188	1840	0	0	0	0	0	2.314814
189	1847	0	0	0	1	0	1.845084
190	1866	0	0	0	1	0	2.606004
191	1875	0	0	0	0	0	1.641213
192	1884	0	0	0	0	0	2.286605
193	1888	0	0	0	2	0	1.380749
194	1896	0	0	0	0	0	2.517583
195	1902	0	0	0	1	0	1.112993
196	1913	0	0	0	0	0	2.698222
197	1924	0	0	0	1	0	1.573057
198	1933	0	0	0	0	0	2.756532
199	1944	0	0	0	1	0	2.422444
200	1955	0	0	0	0	0	2.578179
201	1967	0	0	0	1	0	1.316102
202	1980	0	0	0	0	0	1.263048
203	1990	0	0	0	1	0	2.362314
204	2006	0	0	0	0	0	1.218195
205	2019	0	0	0	0	0	2.358592
206	2031	0	0	0	2	0	2.489688
207	2044	0	0	0	2	0	2.578031
208	2056	0	0	0	2	0	1.849864
209	2062	0	0	0	1	0	1.003846
210	2071	0	0	0	0	0	1.991749
211	2077	0	0	0	0	0	1.664183
212	2089	0	0	0	0	0	1.641462
213	2107	0	0	0	0	0	2.753149
214	2118	0	0	0	2	0	2.348966
215	2124	0	0	0	0	0	2.064643
216	2142	0	0	0	2	0	2.211715
217	2148	0	0	0	2	0	2.576041
218	2158	0	0	0	1	0	2.063863
219	2170	0	0	0	0	0	1.989996
220	2178	0	0	0	0	0	1.199523
221	2193	0	0	0	1	0	1.298448
222	2204	0	0	0	0	0	2.927985
223	2215	0	0	0	2	0	1.374738
224	2228	0	0	0	0	0	1.019457
225	2237	0	0	0	0	0	1.379724
226	2248	0	0	0	1	0	2.568532
227	2253	0	0	0	2	0	2.284104
228	2266	0	0	0	2	0	1.099495
229	2279	0	0	0	0	0	2.771238
230	2286	0	0	0	1	0	2.721778
231	2297	0	0	0	1	0	2.529293
232	2310	0	0	0	0	0	2.509884
233	2317	0	0	0	1	0	2.926600
234	2327	0	0	0	1	0	1.141754
235	2338	0	0	0	0	0	1.373543
236	2347	0	0	0	0	0	2.980556
237	2361	0	0	0	2	0	1.452483
238	2376	0	0	0	0	0	2.367354
239	2384	0	0	0	1	0	2.575035
240	2393	0	0	0	1	0	2.079371
241	2403	0	0	0	0	0	1.872111
242	2419	0	0	0	2	0	2.617438
243	2429	0	0	0	1	0	2.956815
244	2440	0	0	0	1	0	2.643390
245	2446	0	0	0	1	0	1.026129
246	2454	0	0	0	0	0	1.169677
247	2463	0	0	0	0	0	2.285748
248	2474	0	0	0	0	0	1.950383
249	2485	0	0	0	1	0	1.227447
250	2496	0	0	0	0	0	1.106934
251	2512	0	0	0	2	0	1.788368
252	2523	0	0	0	2	0	1.570198
253	2530	0	0	0	0	0	2.380408
254	2541	0	0	0	2	0	2.593737
255	2552	0	0	0	2	0	2.229642
256	2562	0	0	0	0	0	1.667847
257	2577	0	0	0	2	0	2.476885
258	2586	0	0	0	2	0	1.940858
259	2596	0	0	0	2	0	2.159262
260	2604	0	0	0	1	0	2.903335
261	2608	0	0	0	1	0	1.894855
262	2615	0	0	0	2	0	2.663116
263	2629	0	0	0	1	0	2.718000
264	2640	0	0	0	0	0	1.986108
265	2646	0	0	0	0	0	2.609193
266	2658	0	0	0	0	0	2.960798
267	2672	0	0	0	1	0	1.021480
268	2683	0	0	0	2	0	1.243721
269	2694	0	0	0	0	0	2.994876
270	2705	0	0	0	0	0	1.849979
271	2712	0	0	0	1	0	2.888403
272	2722	0	0	0	0	0	2.982256
273	2735	0	0	0	0	0	1.748979
274	2745	0	0	0	1	0	1.145386
275	2756	0	0	0	1	0	2.814867
276	2772	0	0	0	0	0	2.783552
277	2783	0	0	0	2	0	1.221117
278	2788	0	0	0	0	0	1.413310
279	2802	0	0	0	2	0	2.310515
280	2811	0	0	0	0	0	2.140178
281	2822	0	0	0	0	0	1.009233
282	2837	0	0	0	1	0	1.706048
283	2845	0	0	0	0	0	2.800821
284	2855	0	0	0	0	0	1.673960
285	2865	0	0	0	0	0	1.919202
286	2873	0	0	0	0	0	2.766188
287	2879	0	0	0	1	0	2.882766
288	2887	0	0	0	2	0	1.745820
289	2902	0	0	0	0	0	2.296208
290	2914	0	0	0	1	0	1.693192
291	2925	0	0	0	1	0	1.840107
292	2938	0	0	0	1	0	1.631808
293	2950	0	0	0	2	0	2.731410
294	2962	0	0	0	0	0	2.856915
295	2973	0	0	0	0	0	2.994430
296	2986	0	0	0	1	0	2.753148
297	2991	0	0	0	1	0	2.093867
298	2998	0	0	0	0	0	1.038067
299	3016	0	0	0	0	0	1.829470
300	3026	0	0	0	0	0	2.462951
301	3038	0	0	0	0	0	1.788489
302	3047	0	0	0	0	0	1.694488
303	3058	0	0	0	1	0	2.163204
304	3071	0	0	0	1	0	1.943615
305	3081	0	0	0	0	0	1.181109
306	3092	0	0	0	0	0	1.690552
307	3104	0	0	0	1	0	1.255498
308	3119	0	0	0	0	0	2.097061
309	3128	0	0	0	1	0	2.628552
310	3136	0	0	0	0	0	2.160486
311	3149	0	0	0	1	0	1.833040
312	3158	0	0	0	1	0	1.655448
313	3170	0	0	0	2	0	2.333756
314	3182	0	0	0	2	0	1.668787
315	3189	0	0	0	2	0	2.334501
316	3200	0	0	0	1	0	1.250101
317	3211	0	0	0	0	0	2.181772
318	3224	0	0	0	1	0	1.012283
319	3233	0	0	0	2	0	2.487452
320	3240	0	0	0	0	0	1.903488
321	3249	0	0	0	0	0	1.953583
322	3259	0	0	0	1	0	1.477844
323	3263	0	0	0	2	0	1.108079
324	3272	0	0	0	1	0	2.575699
325	3283	0	0	0	1	0	1.737619
326	3300	0	0	0	2	0	2.588268
327	3308	0	0	0	2	0	2.880795
328	3315	0	0	0	0	0	1.709065
329	3321	0	0	0	0	0	1.111147
330	3332	0	0	0	0	0	1.916509
331	3346	0	0	0	0	0	1.588103
332	3354	0	0	0	2	0	2.914416
333	3365	0	0	0	0	0	2.589939
334	3376	0	0	0	0	0	1.777874
335	3384	0	0	0	2	0	1.421836
336	3393	0	0	0	1	0	1.702934
337	3401	0	0	0	2	0	1.311722
338	3409	0	0	0	2	0	2.503695
339	3418	0	0	0	1	0	2.375916
340	3427	0	0	0	0	0	2.556937
341	3433	0	0	0	1	0	2.207243
342	3442	0	0	0	2	0	2.159876
343	3451	0	0	0	0	0	1.070282
344	3460	0	0	0	0	0	2.272218
345	3471	0	0	0	2	0	2.434471
346	3477	0	0	0	0	0	2.891542
347	3492	0	0	0	0	0	1.893532
348	3498	0	0	0	0	0	2.622213
349	3507	0	0	0	2	0	1.089868
350	3516	0	0	0	1	0	2.783950
351	3522	0	0	0	1	0	2.607946
352	3531	0	0	0	1	0	1.515439
353	3542	0	0	0	2	0	1.984274
354	3556	0	0	0	2	0	2.122529
355	3564	0	0	0	0	0	1.505904
356	3570	0	0	0	0	0	2.872017
357	3579	0	0	0	0	0	1.809137
358	3585	0	0	0	1	0	2.198057
359	3594	0	0	0	0	0	2.747844
360	3607	0	0	0	2	0	1.569644
361	3620	0	0	0	2	0	1.579966
362	3628	0	0	0	1	0	1.366914
363	3641	0	0	0	0	0	2.844904
364	3645	0	0	0	1	0	1.603874
365	3659	0	0	0	1	0	2.421699
366	3666	0	0	0	2	0	1.720214
367	3670	0	0	0	1	0	2.202354
368	3687	0	0	0	2	0	2.179840
369	3699	0	0	0	1	0	1.156367
370	3708	0	0	0	2	0	2.507851
371	3713	0	0	0	1	0	1.791231
372	3724	0	0	0	1	0	2.213748
373	3732	0	0	0	2	0	2.935279
374	3743	0	0	0	2	0	2.026107
375	3753	0	0	0	2	0	2.758450
376	3763	0	0	0	0	0	2.566778
377	3775	0	0	0	0	0	1.342634
378	3784	0	0	0	1	0	1.979549
379	3791	0	0	0	0	0	2.099736
380	3808	0	0	0	0	0	1.793064
381	3816	0	0	0	1	0	2.843480
382	3827	0	0	0	2	0	2.858933
383	3835	0	0	0	1	0	2.354859
384	3850	0	0	0	1	0	2.315534
385	3871	0	0	0	2	0	1.863486
386	3878	0	0	0	1	0	1.504620
387	3887	0	0	0	1	0	1.110952
388	3894	0	0	0	1	0	1.491620
389	3903	0	0	0	0	0	1.844681
390	3908	0	0	0	2	0	1.917978
391	3919	0	0	0	1	0	2.281157
392	3928	0	0	0	1	0	1.514182
393	3936	0	0	0	1	0	1.983968
394	3945	0	0	0	1	0	1.535419
395	3952	0	0	0	1	0	2.772409
396	3962	0	0	0	0	0	1.116638
397	3980	0	0	0	0	0	1.288320
398	3988	0	0	0	1	0	2.489808
399	4004	0	0	0	2	0	1.900942
400	4015	0	0	0	0	0	1.678089
401	4023	0	0	0	2	0	1.329101
402	4033	0	0	0	2	0	1.645207
403	4045	0	0	0	2	0	1.840156
404	4054	0	0	0	0	0	1.849228
405	4065	0	0	0	0	0	2.698530
406	4071	0	0	0	2	0	2.146511
407	4082	0	0	0	0	0	1.759950
408	4093	0	0	0	1	0	1.881482
409	4106	0	0	0	0	0	1.490655
410	4118	0	0	0	0	0	1.687206
411	4126	0	0	0	0	0	1.264199
412	4137	0	0	0	1	0	2.065114
413	4146	0	0	0	0	0	1.948884
414	4157	0	0	0	1	0	2.270367
415	4171	0	0	0	0	0	2.345098
416	4179	0	0	0	0	0	1.036564
417	4192	0	0	0	1	0	2.849385
418	4201	0	0	0	1	0	1.894512
419	4212	0	0	0	0	0	2.663564
420	4220	0	0	0	1	0	2.001223
421	4230	0	0	0	2	0	2.825467
422	4237	0	0	0	0	0	2.417453
423	4251	0	0	0	1	0	1.291362
424	4256	0	0	0	1	0	2.431163
425	4263	0	0	0	2	0	2.372273
426	4273	0	0	0	0	0	2.887103
427	4282	0	0	0	2	0	2.092291
428	4294	0	0	0	2	0	2.276156
429	4304	0	0	0	2	0	2.928506
430	4313	0	0	0	2	0	2.950284
431	4320	0	0	0	2	0	1.019578
432	4330	0	0	0	0	0	1.465490
433	4340	0	0	0	1	0	2.933226
434	4349	0	0	0	1	0	2.262943
435	4362	0	0	0	2	0	2.303869
436	4371	0	0	0	0	0	2.754534
437	4383	0	0	0	1	0	2.761449
438	4393	0	0	0	0	0	1.084563
439	4403	0	0	0	2	0	2.605358
440	4414	0	0	0	0	0	1.814488
441	4421	0	0	0	1	0	1.399160
442	4438	0	0	0	1	0	1.623574
443	4447	0	0	0	0	0	1.552843
444	4457	0	0	0	1	0	2.135850
445	4465	0	0	0	2	0	2.642964
446	4470	0	0	0	1	0	2.419281
447	4484	0	0	0	0	0	1.501367
448	4498	0	0	0	1	0	1.738607
449	4511	0	0	0	2	0	2.025512
450	4520	0	0	0	0	0	2.025645
451	4530	0	0	0	2	0	2.740232
452	4542	0	0	0	0	0	1.994738
453	4554	0	0	0	1	0	1.206617
454	4567	0	0	0	0	0	2.667231
455	4576	0	0	0	0	0	1.807743
456	4582	0	0	0	1	0	2.000425
457	4606	0	0	0	0	0	1.132382
458	4614	0	0	0	0	0	2.295905
459	4625	0	0	0	2	0	2.767148
460	4635	0	0	0	2	0	2.474620
461	4646	0	0	0	0	0	1.368603
462	4658	0	0	0	0	0	1.468676
463	4673	0	0	0	2	0	1.240328
464	4679	0	0	0	1	0	2.616785
465	4686	0	0	0	0	0	2.860991
466	4691	0	0	0	0	0	1.276814
467	4697	0	0	0	0	0	1.618788
468	4702	0	0	0	2	0	1.648363
469	4712	0	0	0	1	0	1.450101
470	4726	0	0	0	0	0	2.629359
471	4731	0	0	0	0	0	2.000626
472	4735	0	0	0	2	0	1.963061
473	4738	0	0	0	0	0	1.140240
474	4747	0	0	0	1	0	2.085005
475	4754	0	0	0	2	0	1.933205
476	4762	0	0	0	0	0	2.327805
477	4777	0	0	0	1	0	2.688085
478	4784	0	0	0	1	0	1.515412
479	4799	0	0	0	0	0	1.548395
480	4815	0	0	0	2	0	1.812544
481	4825	0	0	0	1	0	1.333504
482	4834	0	0	0	0	0	1.851508
483	4844	0	0	0	2	0	2.361292
484	4855	0	0	0	1	0	1.069475
485	4871	0	0	0	2	0	1.643285
486	4883	0	0	0	0	0	2.890467
487	4892	0	0	0	0	0	1.811445
488	4898	0	0	0	0	0	2.538602
489	4910	0	0	0	0	0	2.367842
490	4924	0	0	0	2	0	1.066314
491	4937	0	0	0	2	0	2.108637
492	4950	0	0	0	1	0	1.863414
493	4955	0	0	0	1	0	2.799321
494	4963	0	0	0	2	0	1.156685
495	4972	0	0	0	0	0	2.552292
496	4987	0	0	0	1	0	2.847133
497	4997	0	0	0	0	0	2.318021
498	5011	0	0	0	2	0	1.583744
499	5020	0	0	0	1	0	1.292665
500	5034	0	0	0	2	0	1.894885
501	5049	0	0	0	2	0	1.019763
502	5055	0	0	0	2	0	1.667924
503	5067	0	0	0	2	0	2.802431
504	5079	0	0	0	1	0	2.563522
505	5093	0	0	0	0	0	2.036204
506	5114	0	0	0	0	0	2.153681
507	5124	0	0	0	0	0	2.243757
508	5140	0	0	0	0	0	1.994517
509	5149	0	0	0	1	0	1.921375
510	5159	0	0	0	1	0	2.572723
511	5169	0	0	0	1	0	2.761107
512	5177	0	0	0	0	0	2.820031
513	5188	0	0	0	1	0	1.601003
514	5194	0	0	0	1	0	2.465315
515	5202	0	0	0	1	0	1.482441
516	5215	0	0	0	2	0	1.295668
517	5232	0	0	0	0	0	1.795462
518	5245	0	0	0	1	0	1.793270
519	5250	0	0	0	0	0	2.827692
520	5261	0	0	0	1	0	2.266572
521	5268	0	0	0	0	0	2.176223
522	5283	0	0	0	1	0	1.665283
523	5288	0	0	0	1	0	1.597165
524	5301	0	0	0	1	0	1.771191
525	5318	0	0	0	0	0	2.344044
526	5323	0	0	0	0	0	2.868018
527	5331	0	0	0	0	0	1.190246
528	5341	0	0	0	0	0	2.628747
529	5344	0	0	0	0	0	1.767266
530	5353	0	0	0	0	0	2.898467
531	5361	0	0	0	0	0	2.917235
532	5367	0	0	0	0	0	1.843333
533	5375	0	0	0	1	0	2.344685
534	5384	0	0	0	1	0	2.223722
535	5394	0	0	0	2	0	1.043965
536	5406	0	0	0	1	0	1.841619
537	5417	0	0	0	0	0	1.770365
538	5427	0	0	0	0	0	2.073959
539	5438	0	0	0	1	0	1.746920
540	5451	0	0	0	1	0	1.710621
541	5456	0	0	0	2	0	1.537786
542	5466	0	0	0	0	0	2.989522
543	5480	0	0	0	0	0	1.885860
544	5495	0	0	0	2	0	2.827804
545	5506	0	0	0	2	0	1.280668
546	5512	0	0	0	2	0	1.726894
547	5525	0	0	0	0	0	2.462148
548	5537	0	0	0	1	0	2.281894
549	5552	0	0	0	0	0	1.979401
550	5558	0	0	0	1	0	1.382362
551	5564	0	0	0	0	0	1.757347
552	5576	0	0	0	2	0	2.280581
553	5585	0	0	0	0	0	1.617346
554	5592	0	0	0	2	0	2.364807
555	5603	0	0	0	2	0	1.294157
556	5609	0	0	0	1	0	1.749438
557	5624	0	0	0	2	0	1.598669
558	5632	0	0	0	0	0	1.032096
559	5641	0	0	0	0	0	1.678466
560	5652	0	0	0	2	0	2.305045
561	5655	0	0	0	0	0	2.810298
562	5670	0	0	0	0	0	1.111463
563	5682	0	0	0	1	0	2.051871
564	5691	0	0	0	0	0	2.976208
565	5702	0	0	0	2	0	1.108197
566	5707	0	0	0	1	0	2.491802
567	5714	0	0	0	0	0	1.968642
568	5726	0	0	0	1	0	2.309084
569	5739	0	0	0	0	0	2.587087
570	5746	0	0	0	2	0	1.549570
571	5752	0	0	0	1	0	1.907154
572	5761	0	0	0	0	0	2.197624
573	5774	0	0	0	0	0	2.410504
574	5785	0	0	0	1	0	1.431652
575	5795	0	0	0	1	0	1.088874
576	5802	0	0	0	1	0	1.662836
577	5811	0	0	0	1	0	1.880434
578	5826	0	0	0	0	0	1.203815
579	5832	0	0	0	2	0	2.914872
580	5844	0	0	0	1	0	1.993008
581	5856	0	0	0	0	0	2.820584
582	5869	0	0	0	0	0	2.154948
583	5878	0	0	0	0	0	1.276680
584	5885	0	0	0	2	0	2.803126
585	5897	0	0	0	0	0	2.099093
586	5910	0	0	0	0	0	1.458739
587	5921	0	0	0	0	0	1.631501
588	5930	0	0	0	0	0	1.216048
589	5934	0	0	0	0	0	2.244477
590	5944	0	0	0	1	0	1.395254
591	5959	0	0	0	0	0	1.973425
592	5968	0	0	0	1	0	1.789287
593	5978	0	0	0	0	0	2.954303
594	5989	0	0	0	2	0	2.520345
595	5998	0	0	0	1	0	2.463619
596	6009	0	0	0	0	0	2.892324
597	6020	0	0	0	1	0	1.298260
598	6030	0	0	0	2	0	2.650069
599	6040	0	0	0	1	0	2.256837
600	6051	0	0	0	2	0	1.705649
601	6067	0	0	0	0	0	1.546076
602	6077	0	0	0	1	0	2.685272
603	6087	0	0	0	2	0	2.320859
604	6093	0	0	0	2	0	1.863343
605	6095	0	0	0	2	0	1.744375
606	6107	0	0	0	1	0	2.052829
607	6113	0	0	0	2	0	1.451542
608	6122	0	0	0	0	0	2.820947
609	6132	0	0	0	2	0	2.364859
610	6138	0	0	0	2	0	1.998149
611	6150	0	0	0	0	0	2.713827
612	6159	0	0	0	1	0	2.332475
613	6170	0	0	0	0	0	2.009043
614	6183	0	0	0	0	0	2.020209
615	6196	0	0	0	0	0	2.169100
616	6202	0	0	0	0	0	1.554809
617	6211	0	0	0	0	0	2.636075
618	6220	0	0	0	1	0	2.044398
619	6235	0	0	0	0	0	1.995826
620	6238	0	0	0	0	0	1.734836
621	6247	0	0	0	2	0	1.656682
622	6259	0	0	0	0	0	2.734789
623	6267	0	0	0	1	0	1.758443
624	6278	0	0	0	1	0	2.681948
625	6284	0	0	0	2	0	1.025648
626	6292	0	0	0	2	0	2.253163
627	6303	0	0	0	0	0	2.256817
628	6310	0	0	0	2	0	1.334869
629	6322	0	0	0	2	0	1.137389
630	6330	0	0	0	0	0	2.921212
631	6336	0	0	0	1	0	1.391990
632	6352	0	0	0	0	0	1.095798
633	6363	0	0	0	2	0	1.717907
634	6371	0	0	0	1	0	2.579177
635	6380	0	0	0	1	0	2.542950
636	6391	0	0	0	0	0	2.353602
637	6403	0	0	0	0	0	1.063961
638	6409	0	0	0	0	0	1.125570
639	6414	0	0	0	0	0	2.359374
640	6426	0	0	0	0	0	2.130232
641	6434	0	0	0	0	0	1.436295
642	6445	0	0	0	2	0	1.991387
643	6452	0	0	0	0	0	1.127985
644	6462	0	0	0	1	0	1.855132
645	6468	0	0	0	1	0	1.193037
646	6482	0	0	0	1	0	2.310800
647	6489	0	0	0	2	0	1.763230
648	6493	0	0	0	1	0	1.186404
649	6500	0	0	0	1	0	1.624718
650	6508	0	0	0	0	0	2.074000
651	6522	0	0	0	0	0	1.269084
652	6534	0	0	0	1	0	1.866654
653	6549	0	0	0	2	0	1.601497
654	6555	0	0	0	0	0	1.232057
655	6561	0	0	0	0	0	2.440281
656	6572	0	0	0	1	0	1.251818
657	6583	0	0	0	2	0	2.919832
658	6588	0	0	0	0	0	2.701139
659	6600	0	0	0	2	0	2.930608
660	6611	0	0	0	0	0	1.745630
661	6620	0	0	0	1	0	1.067415
662	6631	0	0	0	1	0	1.287954
663	6646	0	0	0	2	0	2.503044
664	6656	0	0	0	1	0	1.430593
665	6670	0	0	0	0	0	1.649777
666	6681	0	0	0	1	0	2.703546
667	6689	0	0	0	0	0	1.945502
668	6698	0	0	0	2	0	1.439607
669	6704	0	0	0	0	0	1.311431
670	6713	0	0	0	1	0	2.920346
671	6725	0	0	0	2	0	1.396585
672	6733	0	0	0	1	0	1.176444
673	6747	0	0	0	1	0	1.251307
674	6760	0	0	0	2	0	1.749162
675	6773	0	0	0	1	0	1.525140
676	6783	0	0	0	0	0	2.772277
677	6790	0	0	0	1	0	2.801373
678	6803	0	0	0	1	0	2.375658
679	6821	0	0	0	2	0	1.681535
680	6831	0	0	0	1	0	1.343724
681	6843	0	0	0	0	0	2.436222
682	6857	0	0	0	2	0	1.228116
683	6864	0	0	0	0	0	2.586057
684	6875	0	0	0	1	0	1.111543
685	6888	0	0	0	0	0	1.036631
686	6898	0	0	0	1	0	1.801603
687	6907	0	0	0	0	0	1.658275
688	6918	0	0	0	2	0	2.526481
689	6925	0	0	0	2	0	2.107358
690	6937	0	0	0	0	0	2.331515
691	6944	0	0	0	0	0	1.944581
692	6947	0	0	0	2	0	1.013972
693	6957	0	0	0	1	0	1.827640
694	6965	0	0	0	0	0	1.888629
695	6977	0	0	0	1	0	1.627534
696	6985	0	0	0	0	0	1.694129
697	6994	0	0	0	0	0	1.791961
698	7004	0	0	0	2	0	2.866532
699	7010	0	0	0	1	0	1.357450
700	7022	0	0	0	0	0	1.576145
701	7035	0	0	0	0	0	1.442963
702	7043	0	0	0	1	0	1.354490
703	7051	0	0	0	2	0	1.487169
704	7062	0	0	0	2	0	2.092308
705	7073	0	0	0	2	0	1.919069
706	7088	0	0	0	0	0	1.492592
707	7098	0	0	0	2	0	2.585153
708	7109	0	0	0	0	0	2.998126
709	7118	0	0	0	0	0	2.107169
710	7133	0	0	0	0	0	2.593815
711	7147	0	0	0	1	0	2.801791
712	7158	0	0	0	0	0	2.167317
713	7165	0	0	0	1	0	2.918510
714	7176	0	0	0	1	0	2.641426
715	7186	0	0	0	1	0	1.447608
716	7198	0	0	0	0	0	1.373688
717	7205	0	0	0	0	0	1.221268
718	7216	0	0	0	0	0	1.648625
719	7226	0	0	0	1	0	2.182239
720	7237	0	0	0	2	0	1.929468
721	7256	0	0	0	0	0	2.221827
722	7264	0	0	0	1	0	2.003898
723	7272	0	0	0	0	0	1.289652
724	7286	0	0	0	0	0	2.906727
725	7295	0	0	0	0	0	1.743755
726	7302	0	0	0	0	0	2.428269
727	7316	0	0	0	0	0	1.654397
728	7328	0	0	0	1	0	2.214102
729	7341	0	0	0	0	0	1.973915
730	7354	0	0	0	0	0	1.291287
731	7362	0	0	0	1	0	2.742362
732	7369	0	0	0	0	0	2.770104
733	7376	0	0	0	0	0	1.729002
734	7386	0	0	0	0	0	2.106227
735	7398	0	0	0	0	0	2.994085
736	7409	0	0	0	1	0	1.311646
737	7419	0	0	0	0	0	1.551503
738	7424	0	0	0	0	0	1.298807
739	7432	0	0	0	0	0	2.551686
740	7446	0	0	0	1	0	2.417308
741	7455	0	0	0	1	0	2.489489
742	7463	0	0	0	0	0	2.570019
743	7474	0	0	0	1	0	1.826215
744	7488	0	0	0	0	0	2.176587
745	7498	0	0	0	0	0	1.262562
746	7505	0	0	0	1	0	1.531745
747	7516	0	0	0	1	0	1.357826
748	7528	0	0	0	0	0	2.962072
749	7534	0	0	0	1	0	2.993108
750	7544	0	0	0	1	0	2.633174
751	7556	0	0	0	2	0	2.811738
752	7568	0	0	0	0	0	2.750627
753	7583	0	0	0	0	0	1.453740
754	7593	0	0	0	0	0	1.210727
755	7605	0	0	0	0	0	1.928316
756	7610	0	0	0	0	0	2.350264
757	7619	0	0	0	0	0	1.904837
758	7628	0	0	0	1	0	1.246435
759	7634	0	0	0	1	0	1.589160
760	7643	0	0	0	0	0	1.906926
761	7650	0	0	0	1	0	2.491020
762	7664	0	0	0	1	0	1.083805
763	7673	0	0	0	1	0	1.455385
764	7679	0	0	0	1	0	2.334762
765	7689	0	0	0	0	0	2.828162
766	7699	0	0	0	1	0	2.929670
767	7706	0	0	0	1	0	2.950933
768	7718	0	0	0	1	0	1.443454
769	7726	0	0	0	0	0	2.706039
770	7736	0	0	0	0	0	2.290376
771	7744	0	0	0	1	0	1.613772
772	7758	0	0	0	0	0	2.165717
773	7766	0	0	0	0	0	1.516229
774	7773	0	0	0	1	0	2.491522
775	7781	0	0	0	1	0	2.268186
776	7792	0	0	0	1	0	1.108781
777	7800	0	0	0	1	0	1.545052
778	7808	0	0	0	2	0	1.934825
779	7823	0	0	0	0	0	2.240172
780	7831	0	0	0	1	0	2.454201
781	7840	0	0	0	1	0	2.210087
782	7850	0	0	0	2	0	1.319569
783	7858	0	0	0	0	0	1.533272
784	7870	0	0	0	2	0	1.304937
785	7882	0	0	0	0	0	2.845291
786	7888	0	0	0	1	0	1.082650
787	7896	0	0	0	0	0	1.367278
788	7903	0	0	0	0	0	2.604012
789	7912	0	0	0	2	0	1.039287
790	7916	0	0	0	2	0	1.262263
791	7922	0	0	0	0	0	2.179866
792	7927	0	0	0	1	0	1.283116
793	7935	0	0	0	0	0	2.655817
794	7943	0	0	0	0	0	2.753356
795	7955	0	0	0	0	0	2.910492
796	7966	0	0	0	1	0	2.955389
797	7976	0	0	0	0	0	2.817716
798	7986	0	0	0	1	0	2.448405
799	8000	0	0	0	0	0	2.290911
800	8007	0	0	0	1	0	2.051273
801	8017	0	0	0	1	0	1.019867
802	8023	0	0	0	0	0	1.810464
803	8034	0	0	0	0	0	1.588781
804	8041	0	0	0	2	0	2.871047
805	8052	0	0	0	1	0	1.148784
806	8067	0	0	0	0	0	1.690178
807	8075	0	0	0	2	0	2.604010
808	8082	0	0	0	0	0	2.435331
809	8092	0	0	0	0	0	2.118966
810	8108	0	0	0	1	0	2.895087
811	8118	0	0	0	1	0	2.217896
812	8129	0	0	0	1	0	1.297479
813	8139	0	0	0	0	0	2.453406
814	8151	0	0	0	1	0	2.218948
815	8165	0	0	0	1	0	2.899043
816	8173	0	0	0	2	0	2.338982
817	8186	0	0	0	0	0	2.621416
818	8196	0	0	0	2	0	2.113623
819	8211	0	0	0	1	0	2.419614
820	8224	0	0	0	1	0	1.578677
821	8235	0	0	0	2	0	1.853074
822	8239	0	0	0	1	0	2.422672
823	8246	0	0	0	0	0	1.570586
824	8258	0	0	0	1	0	2.952635
825	8266	0	0	0	0	0	2.322173
826	8273	0	0	0	1	0	1.589692
827	8282	0	0	0	1	0	2.710582
828	8296	0	0	0	2	0	1.502559
829	8305	0	0	0	1	0	1.414027
830	8316	0	0	0	2	0	1.735898
831	8320	0	0	0	1	0	1.519446
832	8331	0	0	0	0	0	2.784536
833	8343	0	0	0	1	0	2.341633
834	8352	0	0	0	2	0	2.779517
835	8364	0	0	0	0	0	1.969235
836	8376	0	0	0	1	0	2.059571
837	8381	0	0	0	0	0	1.740701
838	8389	0	0	0	1	0	2.616637
839	8397	0	0	0	0	0	2.122707
840	8404	0	0	0	1	0	1.377880
841	8413	0	0	0	1	0	2.277241
842	8422	0	0	0	1	0	2.038685
843	8429	0	0	0	1	0	2.959693
844	8437	0	0	0	0	0	2.493670
845	8442	0	0	0	1	0	1.859562
846	8456	0	0	0	1	0	2.956413
847	8462	0	0	0	2	0	1.123205
848	8472	0	0	0	2	0	1.981353
849	8484	0	0	0	0	0	2.644480
850	8494	0	0	0	2	0	2.532200
851	8502	0	0	0	0	0	2.223190
852	8515	0	0	0	1	0	2.570523
853	8522	0	0	0	2	0	2.996872
854	8535	0	0	0	0	0	2.072823
855	8548	0	0	0	0	0	1.751011
856	8563	0	0	0	2	0	1.353608
857	8574	0	0	0	0	0	1.470307
858	8582	0	0	0	0	0	1.811689
859	8594	0	0	0	2	0	2.880314
860	8602	0	0	0	2	0	1.090209
861	8612	0	0	0	0	0	1.177271
862	8624	0	0	0	0	0	1.660948
863	8628	0	0	0	1	0	2.325774
864	8644	0	0	0	0	0	2.513384
865	8649	0	0	0	1	0	2.003294
866	8657	0	0	0	2	0	1.764740
867	8673	0	0	0	1	0	2.857293
868	8688	0	0	0	0	0	2.021653
869	8697	0	0	0	0	0	2.874457
870	8703	0	0	0	1	0	2.538413
871	8717	0	0	0	2	0	1.391401
872	8725	0	0	0	0	0	2.710660
873	8740	0	0	0	2	0	1.534876
874	8747	0	0	0	0	0	1.823743
875	8761	0	0	0	0	0	1.070930
876	8775	0	0	0	0	0	2.135999
877	8781	0	0	0	1	0	2.975364
878	8787	0	0	0	2	0	1.712229
879	8793	0	0	0	1	0	1.327947
880	8798	0	0	0	0	0	1.466998
881	8810	0	0	0	0	0	1.661581
882	8819	0	0	0	2	0	1.134888
883	8829	0	0	0	0	0	1.457441
884	8839	0	0	0	1	0	2.626112
885	8846	0	0	0	0	0	1.713725
886	8853	0	0	0	1	0	1.471291
887	8865	0	0	0	0	0	2.252418
888	8878	0	0	0	0	0	2.527414
889	8889	0	0	0	1	0	1.107968
890	8905	0	0	0	0	0	1.874393
891	8918	0	0	0	2	0	2.916899
892	8926	0	0	0	1	0	2.412756
893	8934	0	0	0	0	0	1.022913
894	8944	0	0	0	0	0	2.073144
895	8953	0	0	0	1	0	1.076833
896	8965	0	0	0	2	0	1.037274
897	8972	0	0	0	0	0	2.719208
898	8984	0	0	0	1	0	1.979928
899	8992	0	0	0	0	0	1.841087
900	9004	0	0	0	1	0	2.177141
901	9015	0	0	0	2	0	2.526505
902	9022	0	0	0	1	0	1.280579
903	9031	0	0	0	1	0	2.150023
904	9047	0	0	0	0	0	1.669712
905	9061	0	0	0	1	0	2.663390
906	9072	0	0	0	1	0	1.201986
907	9082	0	0	0	2	0	2.421500
908	9097	0	0	0	1	0	2.297297
909	9107	0	0	0	1	0	1.541604
910	9118	0	0	0	2	0	2.482369
911	9133	0	0	0	2	0	1.586590
912	9141	0	0	0	1	0	1.515848
913	9149	0	0	0	1	0	2.405032
914	9163	0	0	0	0	0	2.711581
915	9178	0	0	0	1	0	2.061608
916	9184	0	0	0	0	0	1.168839
917	9193	0	0	0	0	0	2.504563
918	9202	0	0	0	2	0	1.321200
919	9214	0	0	0	1	0	1.146163
920	9224	0	0	0	1	0	2.087420
921	9230	0	0	0	1	0	1.019365
922	9242	0	0	0	0	0	1.858895
923	9258	0	0	0	2	0	2.018767
924	9269	0	0	0	0	0	1.521894
925	9278	0	0	0	1	0	1.441420
926	9286	0	0	0	1	0	1.854178
927	9295	0	0	0	2	0	2.797442
928	9307	0	0	0	0	0	1.990420
929	9316	0	0	0	2	0	2.413042
930	9328	0	0	0	1	0	2.906393
931	9341	0	0	0	1	0	2.647614
932	9352	0	0	0	2	0	1.163212
933	9365	0	0	0	1	0	2.733766
934	9371	0	0	0	1	0	2.509298
935	9382	0	0	0	0	0	1.159521
936	9397	0	0	0	2	0	2.347825
937	9407	0	0	0	2	0	2.276197
938	9414	0	0	0	0	0	2.366136
939	9422	0	0	0	2	0	1.914940
940	9430	0	0	0	0	0	1.464212
941	9440	0	0	0	0	0	2.496322
942	9447	0	0	0	2	0	1.597859
943	9456	0	0	0	1	0	1.284672
944	9465	0	0	0	0	0	2.961792
945	9473	0	0	0	0	0	2.340801
946	9482	0	0	0	0	0	2.483306
947	9492	0	0	0	2	0	1.558146
948	9499	0	0	0	0	0	1.069886
949	9510	0	0	0	2	0	1.339723
950	9519	0	0	0	1	0	2.513822
951	9528	0	0	0	2	0	1.679602
952	9545	0	0	0	1	0	2.856429
953	9556	0	0	0	2	0	2.903197
954	9565	0	0	0	1	0	2.838674
955	9572	0	0	0	1	0	1.184753
956	9581	0	0	0	0	0	2.382856
957	9594	0	0	0	0	0	1.287159
958	9607	0	0	0	1	0	1.695106
959	9617	0	0	0	2	0	2.597115
960	9632	0	0	0	1	0	1.406229
961	9639	0	0	0	0	0	2.028840
962	9649	0	0	0	1	0	2.112563
963	9662	0	0	0	0	0	1.820611
964	9668	0	0	0	2	0	2.886749
965	9682	0	0	0	1	0	2.820275
966	9691	0	0	0	1	0	1.780710
967	9702	0	0	0	0	0	1.115879
968	9712	0	0	0	0	0	2.101981
969	9721	0	0	0	1	0	2.105149
970	9732	0	0	0	0	0	2.040326
971	9744	0	0	0	1	0	2.371724
972	9750	0	0	0	1	0	2.595663
973	9761	0	0	0	0	0	1.310002
974	9770	0	0	0	1	0	2.799415
975	9782	0	0	0	0	0	1.025691
976	9792	0	0	0	1	0	1.329632
977	9796	0	0	0	0	0	1.194543
978	9808	0	0	0	1	0	1.178571
979	9824	0	0	0	0	0	1.351602
980	9827	0	0	0	2	0	2.053359
981	9836	0	0	0	0	0	2.797663
982	9853	0	0	0	2	0	2.264118
983	9861	0	0	0	2	0	2.309151
984	9876	0	0	0	1	0	2.835959
985	9890	0	0	0	1	0	1.683217
986	9903	0	0	0	1	0	1.035677
987	9909	0	0	0	0	0	2.276196
988	9921	0	0	0	1	0	1.691932
989	9931	0	0	0	2	0	1.977992
990	9945	0	0	0	1	0	2.731489
991	9956	0	0	0	2	0	2.358654
992	9966	0	0	0	0	0	1.888325
993	9977	0	0	0	0	0	2.433067
994	9984	0	0	0	1	0	2.813491
995	9997	0	0	0	1	0	2.916345
996	10006	0	0	0	2	0	2.561904
997	10022	0	0	0	0	0	2.530878
998	10027	0	0	0	2	0	2.939147
999	10033	0	0	0	1	0	2.888692
