0	1	0	0	0	1	0	2.599454
1	9	0	0	0	1	0	2.611269
2	23	0	0	0	2	0	1.619774
3	39	0	0	0	2	0	2.887665
4	51	0	0	0	0	0	1.833396
5	65	0	0	0	0	0	1.092445
6	83	0	0	0	0	0	1.774106
7	92	0	0	0	1	0	1.340677
8	105	0	0	0	2	0	2.382208
9	120	0	0	0	0	0	2.604479
10	135	0	0	0	1	0	2.529513
11	140	0	0	0	0	0	2.699769
12	149	0	0	0	1	0	1.194569
13	156	0	0	0	1	0	2.253894
14	166	0	0	0	0	0	1.810469
15	174	0	0	0	2	0	2.912713
16	184	0	0	0	1	0	1.763158
17	191	0	0	0	1	0	1.087933
18	202	0	0	0	2	0	1.709935
19	215	0	0	0	1	0	1.665933
20	224	0	0	0	1	0	1.892810
21	232	0	0	0	0	0	2.925704
22	238	0	0	0	2	0	1.248912
23	245	0	0	0	2	0	1.538356
24	253	0	0	0	2	0	1.584324
25	268	0	0	0	2	0	2.075604
26	279	0	0	0	1	0	1.802426
27	291	0	0	0	2	0	1.081556
28	302	0	0	0	2	0	2.998908
29	312	0	0	0	2	0	1.123117
30	317	0	0	0	2	0	2.473746
31	329	0	0	0	2	0	2.650250
32	336	0	0	0	0	0	1.263898
33	343	0	0	0	0	0	2.934463
34	352	0	0	0	1	0	1.549611
35	358	0	0	0	2	0	1.942737
36	366	0	0	0	2	0	2.206288
37	378	0	0	0	0	0	1.114368
38	390	0	0	0	1	0	1.007654
39	395	0	0	0	1	0	1.268354
40	406	0	0	0	1	0	1.500948
41	421	0	0	0	2	0	1.234949
42	435	0	0	0	1	0	2.170125
43	442	0	0	0	1	0	2.501046
44	453	0	0	0	1	0	1.481605
45	457	0	0	0	0	0	1.922271
46	472	0	0	0	2	0	1.735757
47	489	0	0	0	1	0	1.685222
48	495	0	0	0	1	0	1.858599
49	506	0	0	0	1	0	2.965822
50	514	0	0	0	2	0	1.672825
51	525	0	0	0	1	0	2.872417
52	534	0	0	0	0	0	2.490303
53	544	0	0	0	2	0	2.775395
54	552	0	0	0	0	0	2.266047
55	563	0	0	0	1	0	1.546584
56	577	0	0	0	0	0	1.692611
57	588	0	0	0	1	0	1.506553
58	604	0	0	0	1	0	1.069966
59	610	0	0	0	2	0	2.381757
60	623	0	0	0	1	0	1.565045
61	636	0	0	0	0	0	2.093574
62	646	0	0	0	0	0	1.617595
63	659	0	0	0	1	0	2.401006
64	669	0	0	0	1	0	2.378270
65	676	0	0	0	2	0	2.098996
66	686	0	0	0	1	0	2.505921
67	690	0	0	0	0	0	2.805335
68	699	0	0	0	1	0	1.111603
69	709	0	0	0	0	0	1.432380
70	719	0	0	0	1	0	2.036020
71	727	0	0	0	0	0	1.423471
72	735	0	0	0	2	0	1.829683
73	741	0	0	0	0	0	2.424781
74	754	0	0	0	1	0	2.709810
75	768	0	0	0	0	0	1.166374
76	774	0	0	0	0	0	2.716746
77	778	0	0	0	0	0	2.096681
78	788	0	0	0	1	0	1.991403
79	801	0	0	0	1	0	1.259510
80	805	0	0	0	1	0	1.866824
81	813	0	0	0	0	0	2.486171
82	821	0	0	0	1	0	2.989967
83	831	0	0	0	0	0	2.868516
84	843	0	0	0	1	0	1.897213
85	860	0	0	0	1	0	1.342104
86	873	0	0	0	2	0	1.749774
87	882	0	0	0	1	0	1.812834
88	894	0	0	0	0	0	2.037837
89	908	0	0	0	0	0	2.494750
90	916	0	0	0	1	0	2.565330
91	926	0	0	0	2	0	2.814621
92	933	0	0	0	2	0	2.336197
93	942	0	0	0	1	0	1.747654
94	952	0	0	0	0	0	2.449998
95	962	0	0	0	0	0	1.821498
96	974	0	0	0	0	0	2.961150
97	986	0	0	0	0	0	1.374875
98	997	0	0	0	0	0	2.868009
99	1007	0	0	0	0	0	1.552153
100	1015	0	0	0	1	0	1.859689
101	1022	0	0	0	1	0	2.826635
102	1032	0	0	0	2	0	2.876463
103	1042	0	0	0	2	0	2.838856
104	1054	0	0	0	0	0	2.138596
105	1064	0	0	0	0	0	2.485490
106	1078	0	0	0	2	0	2.045915
107	1090	0	0	0	2	0	2.536615
108	1100	0	0	0	0	0	1.054273
109	1114	0	0	0	2	0	2.590291
110	1121	0	0	0	1	0	1.404179
111	1131	0	0	0	1	0	2.362762
112	1145	0	0	0	0	0	2.952210
113	1154	0	0	0	1	0	1.162490
114	1163	0	0	0	1	0	2.862117
115	1171	0	0	0	0	0	2.948305
116	1186	0	0	0	1	0	1.763156
117	1195	0	0	0	0	0	2.056445
118	1203	0	0	0	2	0	2.641006
119	1218	0	0	0	0	0	2.554675
120	1226	0	0	0	0	0	1.292202
121	1233	0	0	0	1	0	2.418917
122	1245	0	0	0	0	0	1.749441
123	1258	0	0	0	1	0	2.619971
124	1272	0	0	0	1	0	1.778161
125	1287	0	0	0	2	0	2.674009
126	1298	0	0	0	2	0	2.129011
127	1311	0	0	0	1	0	2.104318
128	1325	0	0	0	1	0	2.974804
129	1336	0	0	0	2	0	2.608479
130	1342	0	0	0	0	0	1.557496
131	1358	0	0	0	1	0	2.681542
132	1369	0	0	0	0	0	1.807254
133	1383	0	0	0	2	0	2.811094
134	1392	0	0	0	2	0	1.531919
135	1405	0	0	0	0	0	1.108324
136	1416	0	0	0	2	0	1.025800
137	1424	0	0	0	2	0	2.330260
138	1434	0	0	0	2	0	2.558322
139	1442	0	0	0	2	0	1.764257
140	1453	0	0	0	0	0	1.538357
141	1460	0	0	0	1	0	2.284800
142	1468	0	0	0	2	0	1.366351
143	1478	0	0	0	2	0	2.735217
144	1489	0	0	0	0	0	2.553890
145	1495	0	0	0	2	0	2.684486
146	1504	0	0	0	2	0	1.075310
147	1510	0	0	0	2	0	2.489519
148	1521	0	0	0	1	0	1.983558
149	1534	0	0	0	2	0	1.198432
150	1545	0	0	0	2	0	1.688817
151	1555	0	0	0	2	0	1.746914
152	1567	0	0	0	1	0	2.791640
153	1572	0	0	0	0	0	1.572436
154	1579	0	0	0	1	0	1.709274
155	1592	0	0	0	1	0	1.980314
156	1600	0	0	0	0	0	2.059567
157	1612	0	0	0	2	0	1.076041
158	1621	0	0	0	2	0	2.134056
159	1625	0	0	0	0	0	1.208415
160	1631	0	0	0	0	0	1.907598
161	1640	0	0	0	0	0	2.789101
162	1647	0	0	0	1	0	1.534466
163	1659	0	0	0	2	0	2.950946
164	1666	0	0	0	1	0	2.849637
165	1676	0	0	0	0	0	1.762458
166	1687	0	0	0	0	0	1.797732
167	1696	0	0	0	2	0	2.981260
168	1702	0	0	0	0	0	2.643301
169	1716	0	0	0	0	0	2.342177
170	1729	0	0	0	0	0	2.842146
171	1742	0	0	0	1	0	2.681563
172	1754	0	0	0	1	0	1.145230
173	1763	0	0	0	0	0	2.599497
174	1772	0	0	0	1	0	2.779580
175	1780	0	0	0	0	0	1.239371
176	1792	0	0	0	1	0	1.663355
177	1807	0	0	0	1	0	2.126842
178	1817	0	0	0	0	0	2.119351
179	1826	0	0	0	0	0	2.624441
180	1833	0	0	0	1	0	1.840543
181	1838	0	0	0	1	0	2.456475
182	1852	0	0	0	2	0	1.219152
183	1864	0	0	0	1	0	1.920212
184	1876	0	0	0	2	0	1.132091
185	1887	0	0	0	0	0	1.564064
186	1901	0	0	0	0	0	2.196446
187	1908	0	0	0	2	0	2.088802
188	1921	0	0	0	0	0	1.317174
189	1931	0	0	0	2	0	1.015617
190	1947	0	0	0	0	0	1.392547
191	1956	0	0	0	1	0	1.355563
192	1962	0	0	0	0	0	2.693766
193	1981	0	0	0	2	0	1.941620
194	1988	0	0	0	0	0	1.050073
195	1996	0	0	0	2	0	1.868762
196	2008	0	0	0	1	0	1.160145
197	2016	0	0	0	1	0	1.721954
198	2028	0	0	0	0	0	1.535449
199	2041	0	0	0	0	0	2.243930
200	2051	0	0	0	0	0	1.189575
201	2056	0	0	0	0	0	2.214530
202	2070	0	0	0	1	0	1.000357
203	2080	0	0	0	0	0	1.692287
204	2090	0	0	0	0	0	1.889816
205	2100	0	0	0	1	0	1.372524
206	2109	0	0	0	1	0	2.379783
207	2119	0	0	0	0	0	1.574947
208	2129	0	0	0	2	0	2.084859
209	2143	0	0	0	1	0	1.028868
210	2155	0	0	0	0	0	2.031417
211	2164	0	0	0	0	0	1.933048
212	2170	0	0	0	0	0	2.190237
213	2178	0	0	0	1	0	1.022135
214	2183	0	0	0	1	0	1.348953
215	2199	0	0	0	2	0	1.302784
216	2211	0	0	0	0	0	1.447691
217	2220	0	0	0	0	0	2.980121
218	2229	0	0	0	1	0	2.988875
219	2238	0	0	0	0	0	1.791126
220	2248	0	0	0	2	0	1.402492
221	2258	0	0	0	0	0	2.215520
222	2274	0	0	0	1	0	2.585773
223	2280	0	0	0	0	0	2.207017
224	2293	0	0	0	1	0	2.020871
225	2301	0	0	0	1	0	2.077410
226	2310	0	0	0	2	0	1.245396
227	2316	0	0	0	0	0	1.684974
228	2329	0	0	0	1	0	2.118098
229	2339	0	0	0	1	0	1.080217
230	2352	0	0	0	0	0	1.815261
231	2364	0	0	0	2	0	2.512805
232	2372	0	0	0	2	0	2.387378
233	2374	0	0	0	2	0	1.439339
234	2384	0	0	0	0	0	2.360972
235	2394	0	0	0	2	0	2.042096
236	2404	0	0	0	0	0	2.855233
237	2413	0	0	0	1	0	2.180166
238	2425	0	0	0	0	0	2.591843
239	2431	0	0	0	2	0	1.175122
240	2445	0	0	0	2	0	1.958871
241	2455	0	0	0	0	0	1.974509
242	2464	0	0	0	2	0	2.155082
243	2475	0	0	0	0	0	1.690828
244	2485	0	0	0	0	0	2.603881
245	2493	0	0	0	2	0	1.243195
246	2500	0	0	0	0	0	1.911553
247	2512	0	0	0	1	0	1.056647
248	2518	0	0	0	2	0	2.658597
249	2524	0	0	0	0	0	2.706279
250	2536	0	0	0	1	0	1.990818
251	2544	0	0	0	2	0	2.914706
252	2557	0	0	0	1	0	2.693462
253	2567	0	0	0	1	0	2.912861
254	2583	0	0	0	2	0	2.779917
255	2595	0	0	0	1	0	1.315503
256	2603	0	0	0	2	0	1.597030
257	2614	0	0	0	2	0	1.869892
258	2623	0	0	0	0	0	2.819065
259	2635	0	0	0	1	0	1.562646
260	2641	0	0	0	0	0	2.180854
261	2655	0	0	0	1	0	1.488950
262	2659	0	0	0	1	0	2.999738
263	2662	0	0	0	2	0	2.100597
264	2672	0	0	0	0	0	1.230865
265	2683	0	0	0	0	0	1.751515
266	2689	0	0	0	0	0	2.704642
267	2695	0	0	0	0	0	1.945479
268	2704	0	0	0	1	0	2.654192
269	2709	0	0	0	1	0	2.422624
270	2724	0	0	0	1	0	1.425895
271	2737	0	0	0	0	0	2.622878
272	2749	0	0	0	1	0	2.988080
273	2757	0	0	0	0	0	1.676586
274	2763	0	0	0	2	0	1.379221
275	2772	0	0	0	0	0	1.699869
276	2779	0	0	0	0	0	2.881723
277	2786	0	0	0	2	0	1.836337
278	2796	0	0	0	1	0	2.620357
279	2808	0	0	0	1	0	2.892381
280	2815	0	0	0	2	0	2.358688
281	2829	0	0	0	0	0	2.010097
282	2842	0	0	0	0	0	1.761312
283	2855	0	0	0	0	0	1.305796
284	2868	0	0	0	1	0	2.556410
285	2874	0	0	0	1	0	1.293071
286	2886	0	0	0	0	0	1.831283
287	2900	0	0	0	1	0	2.768075
288	2911	0	0	0	0	0	2.973339
289	2920	0	0	0	0	0	2.266141
290	2932	0	0	0	0	0	1.209125
291	2941	0	0	0	2	0	2.983147
292	2955	0	0	0	0	0	2.077157
293	2964	0	0	0	0	0	2.490892
294	2976	0	0	0	2	0	1.324949
295	2991	0	0	0	0	0	2.810193
296	2997	0	0	0	0	0	1.698138
297	3005	0	0	0	0	0	1.693427
298	3021	0	0	0	1	0	1.741538
299	3031	0	0	0	1	0	1.496665
300	3040	0	0	0	2	0	2.381429
301	3055	0	0	0	0	0	2.821727
302	3078	0	0	0	0	0	2.440435
303	3091	0	0	0	1	0	1.225635
304	3096	0	0	0	2	0	1.853912
305	3109	0	0	0	0	0	2.704487
306	3115	0	0	0	1	0	2.477229
307	3122	0	0	0	1	0	1.053861
308	3133	0	0	0	1	0	1.270720
309	3146	0	0	0	1	0	2.748162
310	3153	0	0	0	2	0	1.378569
311	3166	0	0	0	2	0	2.520630
312	3183	0	0	0	0	0	1.184441
313	3200	0	0	0	0	0	2.131313
314	3210	0	0	0	2	0	1.667043
315	3225	0	0	0	0	0	1.348040
316	3236	0	0	0	2	0	1.467374
317	3248	0	0	0	1	0	2.856330
318	3256	0	0	0	1	0	1.282981
319	3268	0	0	0	0	0	2.720667
320	3277	0	0	0	2	0	2.435529
321	3290	0	0	0	0	0	2.636691
322	3303	0	0	0	0	0	1.307302
323	3312	0	0	0	1	0	1.524516
324	3325	0	0	0	0	0	2.779227
325	3335	0	0	0	1	0	1.396383
326	3354	0	0	0	0	0	1.186176
327	3362	0	0	0	0	0	2.846744
328	3372	0	0	0	2	0	1.071514
329	3379	0	0	0	0	0	2.602024
330	3389	0	0	0	2	0	1.934939
331	3395	0	0	0	1	0	2.451688
332	3399	0	0	0	1	0	1.973998
333	3411	0	0	0	0	0	1.942305
334	3421	0	0	0	1	0	2.582243
335	3432	0	0	0	1	0	2.747724
336	3440	0	0	0	2	0	2.143235
337	3446	0	0	0	0	0	2.246004
338	3460	0	0	0	1	0	1.109893
339	3475	0	0	0	1	0	1.005620
340	3487	0	0	0	0	0	1.681348
341	3500	0	0	0	2	0	1.515646
342	3509	0	0	0	2	0	2.029144
343	3519	0	0	0	0	0	1.406283
344	3528	0	0	0	0	0	2.778376
345	3537	0	0	0	0	0	2.812466
346	3548	0	0	0	1	0	1.856592
347	3558	0	0	0	2	0	2.378128
348	3569	0	0	0	1	0	2.233406
349	3583	0	0	0	0	0	1.705404
350	3597	0	0	0	0	0	2.514792
351	3606	0	0	0	0	0	2.097097
352	3613	0	0	0	2	0	2.089012
353	3620	0	0	0	0	0	2.797838
354	3637	0	0	0	1	0	2.748092
355	3647	0	0	0	0	0	1.719000
356	3657	0	0	0	0	0	2.106945
357	3669	0	0	0	0	0	2.098104
358	3674	0	0	0	1	0	1.539219
359	3685	0	0	0	0	0	2.501804
360	3693	0	0	0	0	0	2.587884
361	3705	0	0	0	2	0	2.732397
362	3709	0	0	0	0	0	2.387031
363	3717	0	0	0	2	0	2.525786
364	3728	0	0	0	1	0	2.090965
365	3740	0	0	0	0	0	2.664811
366	3751	0	0	0	2	0	1.995048
367	3758	0	0	0	2	0	1.224911
368	3771	0	0	0	1	0	1.600403
369	3783	0	0	0	2	0	1.231417
370	3798	0	0	0	0	0	2.123572
371	3808	0	0	0	0	0	2.958218
372	3820	0	0	0	0	0	2.251000
373	3827	0	0	0	0	0	1.031063
374	3833	0	0	0	0	0	1.704689
375	3837	0	0	0	2	0	2.050257
376	3849	0	0	0	1	0	1.880230
377	3859	0	0	0	0	0	2.051202
378	3871	0	0	0	1	0	1.941301
379	3880	0	0	0	1	0	2.783932
380	3889	0	0	0	1	0	1.284500
381	3898	0	0	0	1	0	2.957796
382	3908	0	0	0	2	0	2.900918
383	3918	0	0	0	2	0	2.202878
384	3930	0	0	0	1	0	2.661514
385	3944	0	0	0	2	0	2.024918
386	3952	0	0	0	0	0	1.012091
387	3962	0	0	0	1	0	2.729977
388	3975	0	0	0	0	0	2.276680
389	3985	0	0	0	0	0	2.191419
390	3999	0	0	0	0	0	1.975998
391	4011	0	0	0	1	0	1.218302
392	4024	0	0	0	0	0	1.650727
393	4038	0	0	0	0	0	2.660303
394	4046	0	0	0	0	0	1.772818
395	4057	0	0	0	0	0	2.079234
396	4063	0	0	0	0	0	1.244363
397	4072	0	0	0	1	0	2.263253
398	4081	0	0	0	2	0	1.360814
399	4091	0	0	0	1	0	1.137450
400	4095	0	0	0	1	0	1.824577
401	4114	0	0	0	1	0	2.545766
402	4124	0	0	0	0	0	1.259237
403	4128	0	0	0	0	0	1.215989
404	4137	0	0	0	1	0	2.447085
405	4146	0	0	0	0	0	1.657215
406	4154	0	0	0	2	0	1.896635
407	4166	0	0	0	0	0	2.045575
408	4174	0	0	0	0	0	1.155239
409	4182	0	0	0	1	0	2.166926
410	4191	0	0	0	1	0	2.864570
411	4201	0	0	0	0	0	1.532671
412	4212	0	0	0	1	0	2.129024
413	4222	0	0	0	1	0	2.554549
414	4230	0	0	0	0	0	2.012123
415	4238	0	0	0	0	0	2.163260
416	4252	0	0	0	1	0	2.032878
417	4261	0	0	0	1	0	1.633069
418	4272	0	0	0	1	0	2.693808
419	4286	0	0	0	1	0	2.491776
420	4300	0	0	0	2	0	2.218390
421	4306	0	0	0	2	0	2.849651
422	4324	0	0	0	2	0	2.603859
423	4331	0	0	0	2	0	2.131742
424	4344	0	0	0	2	0	1.093603
425	4360	0	0	0	1	0	2.262260
426	4375	0	0	0	1	0	2.716945
427	4386	0	0	0	2	0	2.702023
428	4395	0	0	0	0	0	1.480746
429	4408	0	0	0	1	0	1.413927
430	4419	0	0	0	1	0	2.639018
431	4429	0	0	0	0	0	1.980595
432	4438	0	0	0	0	0	2.984423
433	4448	0	0	0	0	0	1.909740
434	4458	0	0	0	0	0	2.972535
435	4473	0	0	0	0	0	1.619892
436	4475	0	0	0	2	0	2.509026
437	4484	0	0	0	0	0	2.536573
438	4495	0	0	0	2	0	2.748107
439	4511	0	0	0	0	0	1.298868
440	4514	0	0	0	0	0	1.355781
441	4521	0	0	0	2	0	2.783416
442	4530	0	0	0	2	0	2.114444
443	4539	0	0	0	2	0	2.477889
444	4546	0	0	0	0	0	1.428300
445	4561	0	0	0	0	0	1.977800
446	4570	0	0	0	1	0	1.289648
447	4578	0	0	0	2	0	2.396723
448	4588	0	0	0	1	0	1.932093
449	4596	0	0	0	2	0	1.589566
450	4602	0	0	0	2	0	2.860917
451	4610	0	0	0	0	0	2.964538
452	4625	0	0	0	0	0	1.750078
453	4630	0	0	0	1	0	2.821398
454	4643	0	0	0	0	0	1.310239
455	4658	0	0	0	1	0	1.310205
456	4669	0	0	0	0	0	2.083556
457	4680	0	0	0	0	0	1.347236
458	4694	0	0	0	0	0	2.803270
459	4703	0	0	0	1	0	2.932402
460	4712	0	0	0	1	0	2.148561
461	4724	0	0	0	0	0	2.090763
462	4734	0	0	0	0	0	1.739605
463	4740	0	0	0	1	0	1.079509
464	4758	0	0	0	0	0	1.020216
465	4771	0	0	0	0	0	1.534260
466	4779	0	0	0	0	0	1.241533
467	4785	0	0	0	1	0	1.651062
468	4800	0	0	0	0	0	2.299419
469	4810	0	0	0	2	0	2.934713
470	4827	0	0	0	1	0	1.855810
471	4839	0	0	0	1	0	1.418493
472	4857	0	0	0	1	0	1.406177
473	4869	0	0	0	1	0	2.933305
474	4884	0	0	0	1	0	1.477768
475	4892	0	0	0	1	0	1.467864
476	4902	0	0	0	1	0	1.881394
477	4914	0	0	0	2	0	1.008006
478	4918	0	0	0	2	0	2.244422
479	4928	0	0	0	2	0	2.522736
480	4938	0	0	0	2	0	2.432513
481	4948	0	0	0	1	0	1.834670
482	4953	0	0	0	1	0	2.693746
483	4963	0	0	0	0	0	1.759818
484	4970	0	0	0	1	0	2.854283
485	4981	0	0	0	0	0	2.287381
486	4985	0	0	0	1	0	2.369317
487	4993	0	0	0	0	0	2.183647
488	5002	0	0	0	1	0	2.077607
489	5010	0	0	0	2	0	1.854467
490	5024	0	0	0	0	0	1.446630
491	5037	0	0	0	1	0	2.002656
492	5049	0	0	0	0	0	2.613309
493	5057	0	0	0	0	0	2.018193
494	5065	0	0	0	0	0	2.296818
495	5076	0	0	0	0	0	1.469400
496	5087	0	0	0	1	0	2.070197
497	5096	0	0	0	0	0	2.340744
498	5102	0	0	0	0	0	2.932102
499	5122	0	0	0	0	0	1.143690
500	5131	0	0	0	0	0	2.910220
501	5143	0	0	0	0	0	1.087503
502	5164	0	0	0	2	0	2.094032
503	5172	0	0	0	1	0	2.335982
504	5183	0	0	0	2	0	1.746660
505	5192	0	0	0	1	0	2.803834
506	5198	0	0	0	1	0	1.975367
507	5209	0	0	0	1	0	2.142653
508	5220	0	0	0	1	0	1.313700
509	5234	0	0	0	1	0	2.732928
510	5252	0	0	0	0	0	1.923074
511	5265	0	0	0	0	0	2.316651
512	5280	0	0	0	1	0	2.748329
513	5292	0	0	0	2	0	2.911854
514	5303	0	0	0	0	0	1.567043
515	5315	0	0	0	0	0	2.568181
516	5325	0	0	0	1	0	1.202648
517	5336	0	0	0	1	0	2.839760
518	5343	0	0	0	1	0	2.663164
519	5354	0	0	0	1	0	1.750467
520	5362	0	0	0	0	0	2.956136
521	5372	0	0	0	2	0	2.726801
522	5379	0	0	0	0	0	2.065117
523	5390	0	0	0	0	0	2.584394
524	5409	0	0	0	0	0	1.302824
525	5420	0	0	0	2	0	1.517226
526	5428	0	0	0	0	0	1.696999
527	5434	0	0	0	2	0	2.912340
528	5447	0	0	0	1	0	2.503994
529	5457	0	0	0	2	0	2.404061
530	5463	0	0	0	1	0	2.756232
531	5477	0	0	0	2	0	1.470725
532	5484	0	0	0	0	0	2.635046
533	5493	0	0	0	1	0	1.343224
534	5503	0	0	0	2	0	2.931243
535	5512	0	0	0	1	0	2.145762
536	5525	0	0	0	0	0	2.790617
537	5542	0	0	0	0	0	1.841173
538	5551	0	0	0	0	0	2.440083
539	5560	0	0	0	0	0	2.901049
540	5571	0	0	0	0	0	2.956998
541	5582	0	0	0	1	0	1.531004
542	5588	0	0	0	1	0	1.939717
543	5599	0	0	0	2	0	1.931467
544	5611	0	0	0	0	0	1.418106
545	5618	0	0	0	0	0	2.966679
546	5627	0	0	0	1	0	2.145366
547	5635	0	0	0	2	0	1.156816
548	5644	0	0	0	1	0	1.840787
549	5658	0	0	0	1	0	1.860444
550	5663	0	0	0	2	0	1.966255
551	5671	0	0	0	0	0	2.114355
552	5683	0	0	0	2	0	2.031545
553	5690	0	0	0	0	0	2.782943
554	5700	0	0	0	1	0	1.952942
555	5713	0	0	0	1	0	1.844368
556	5719	0	0	0	1	0	2.974444
557	5724	0	0	0	1	0	2.040172
558	5732	0	0	0	2	0	2.953890
559	5742	0	0	0	2	0	1.219593
560	5752	0	0	0	1	0	2.241342
561	5758	0	0	0	0	0	1.775369
562	5763	0	0	0	0	0	2.292399
563	5775	0	0	0	1	0	1.427478
564	5783	0	0	0	0	0	1.523829
565	5790	0	0	0	0	0	2.512696
566	5802	0	0	0	2	0	1.539839
567	5814	0	0	0	0	0	2.395876
568	5822	0	0	0	1	0	1.921980
569	5834	0	0	0	0	0	1.558234
570	5842	0	0	0	1	0	1.205686
571	5855	0	0	0	2	0	2.821335
572	5867	0	0	0	0	0	2.936185
573	5878	0	0	0	1	0	2.489952
574	5885	0	0	0	2	0	2.414103
575	5894	0	0	0	2	0	1.126744
576	5901	0	0	0	2	0	2.594554
577	5912	0	0	0	0	0	1.962899
578	5927	0	0	0	1	0	1.388596
579	5937	0	0	0	2	0	1.712431
580	5946	0	0	0	1	0	1.794849
581	5960	0	0	0	1	0	2.602104
582	5966	0	0	0	0	0	1.248551
583	5976	0	0	0	2	0	2.765735
584	5993	0	0	0	0	0	2.936599
585	6001	0	0	0	1	0	2.714085
586	6012	0	0	0	1	0	2.942560
587	6019	0	0	0	0	0	1.596469
588	6028	0	0	0	0	0	1.715984
589	6034	0	0	0	1	0	1.254994
590	6044	0	0	0	0	0	2.433092
591	6051	0	0	0	2	0	2.491621
592	6063	0	0	0	1	0	2.205950
593	6071	0	0	0	2	0	2.868479
594	6085	0	0	0	0	0	2.906685
595	6098	0	0	0	0	0	2.844396
596	6108	0	0	0	0	0	2.194310
597	6116	0	0	0	0	0	1.496265
598	6126	0	0	0	0	0	2.146137
599	6130	0	0	0	2	0	1.065906
600	6140	0	0	0	0	0	2.813806
601	6148	0	0	0	0	0	1.595524
602	6156	0	0	0	1	0	1.232393
603	6168	0	0	0	1	0	1.660600
604	6179	0	0	0	2	0	2.370096
605	6188	0	0	0	1	0	2.774984
606	6198	0	0	0	1	0	1.002007
607	6208	0	0	0	0	0	2.645720
608	6218	0	0	0	1	0	2.669021
609	6230	0	0	0	0	0	1.460508
610	6241	0	0	0	2	0	1.732611
611	6246	0	0	0	0	0	2.280180
612	6262	0	0	0	0	0	2.705319
613	6274	0	0	0	2	0	1.256579
614	6287	0	0	0	0	0	1.699696
615	6294	0	0	0	0	0	1.971268
616	6301	0	0	0	1	0	1.785381
617	6313	0	0	0	1	0	1.084593
618	6324	0	0	0	0	0	2.465375
619	6340	0	0	0	1	0	2.643709
620	6349	0	0	0	2	0	1.874589
621	6356	0	0	0	2	0	1.591108
622	6370	0	0	0	2	0	1.284886
623	6383	0	0	0	2	0	2.161873
624	6393	0	0	0	0	0	2.090550
625	6406	0	0	0	2	0	2.977599
626	6419	0	0	0	2	0	2.667419
627	6429	0	0	0	0	0	2.354318
628	6436	0	0	0	0	0	2.534563
629	6450	0	0	0	0	0	2.354289
630	6461	0	0	0	0	0	1.879403
631	6474	0	0	0	0	0	2.923711
632	6482	0	0	0	2	0	2.082737
633	6491	0	0	0	1	0	1.588874
634	6505	0	0	0	0	0	2.102723
635	6512	0	0	0	0	0	2.994379
636	6522	0	0	0	1	0	2.038826
637	6532	0	0	0	1	0	1.238070
638	6545	0	0	0	0	0	2.237832
639	6558	0	0	0	1	0	2.707132
640	6569	0	0	0	2	0	1.106478
641	6579	0	0	0	1	0	2.168481
642	6590	0	0	0	1	0	1.173323
643	6600	0	0	0	0	0	1.826321
644	6613	0	0	0	2	0	2.384056
645	6619	0	0	0	0	0	1.546224
646	6624	0	0	0	0	0	2.284092
647	6631	0	0	0	2	0	1.383042
648	6643	0	0	0	2	0	2.927667
649	6652	0	0	0	2	0	2.383341
650	6659	0	0	0	1	0	1.393774
651	6668	0	0	0	1	0	2.833553
652	6685	0	0	0	0	0	1.293788
653	6694	0	0	0	2	0	1.059364
654	6703	0	0	0	1	0	1.292154
655	6713	0	0	0	0	0	1.082707
656	6725	0	0	0	0	0	2.408624
657	6727	0	0	0	0	0	2.937322
658	6731	0	0	0	2	0	2.023122
659	6744	0	0	0	1	0	1.200585
660	6750	0	0	0	1	0	1.823999
661	6758	0	0	0	2	0	2.772769
662	6769	0	0	0	1	0	1.970605
663	6783	0	0	0	0	0	2.500243
664	6790	0	0	0	2	0	2.950560
665	6797	0	0	0	2	0	2.424276
666	6806	0	0	0	1	0	2.915773
667	6815	0	0	0	0	0	1.463874
668	6830	0	0	0	0	0	2.306651
669	6839	0	0	0	1	0	2.681934
670	6845	0	0	0	0	0	2.296856
671	6851	0	0	0	2	0	1.257893
672	6861	0	0	0	0	0	2.733528
673	6871	0	0	0	2	0	2.897084
674	6880	0	0	0	0	0	2.574881
675	6887	0	0	0	2	0	1.150976
676	6902	0	0	0	2	0	1.171593
677	6912	0	0	0	0	0	1.920824
678	6920	0	0	0	1	0	1.781710
679	6930	0	0	0	0	0	2.681919
680	6941	0	0	0	0	0	2.004792
681	6954	0	0	0	2	0	2.144101
682	6967	0	0	0	0	0	2.933401
683	6980	0	0	0	0	0	2.666480
684	6994	0	0	0	0	0	1.402701
685	7001	0	0	0	1	0	1.434219
686	7015	0	0	0	0	0	2.843740
687	7033	0	0	0	1	0	1.039888
688	7042	0	0	0	1	0	1.959985
689	7053	0	0	0	2	0	2.627154
690	7064	0	0	0	0	0	1.241977
691	7081	0	0	0	0	0	2.628456
692	7088	0	0	0	2	0	2.559358
693	7097	0	0	0	0	0	2.005289
694	7109	0	0	0	0	0	2.466493
695	7120	0	0	0	1	0	1.893528
696	7124	0	0	0	0	0	1.710672
697	7129	0	0	0	2	0	1.833698
698	7139	0	0	0	2	0	2.726478
699	7151	0	0	0	0	0	1.695665
700	7159	0	0	0	0	0	2.423192
701	7170	0	0	0	0	0	2.205915
702	7179	0	0	0	1	0	1.301727
703	7187	0	0	0	2	0	1.444156
704	7196	0	0	0	2	0	2.530285
705	7206	0	0	0	1	0	2.134995
706	7216	0	0	0	2	0	2.409263
707	7225	0	0	0	1	0	1.524682
708	7234	0	0	0	1	0	2.402075
709	7240	0	0	0	2	0	1.823153
710	7246	0	0	0	0	0	1.469835
711	7249	0	0	0	0	0	2.346913
712	7253	0	0	0	1	0	1.598488
713	7267	0	0	0	1	0	1.157961
714	7274	0	0	0	0	0	2.691811
715	7281	0	0	0	2	0	2.602740
716	7290	0	0	0	1	0	1.324966
717	7301	0	0	0	0	0	2.702229
718	7307	0	0	0	1	0	2.774419
719	7314	0	0	0	1	0	2.501519
720	7326	0	0	0	2	0	1.510684
721	7336	0	0	0	0	0	2.043890
722	7345	0	0	0	0	0	1.729594
723	7356	0	0	0	0	0	2.127153
724	7365	0	0	0	1	0	2.241857
725	7372	0	0	0	1	0	1.540198
726	7376	0	0	0	1	0	2.915706
727	7385	0	0	0	0	0	1.079052
728	7399	0	0	0	0	0	2.863933
729	7412	0	0	0	0	0	1.996829
730	7423	0	0	0	2	0	1.173405
731	7435	0	0	0	0	0	1.816852
732	7444	0	0	0	1	0	1.133086
733	7455	0	0	0	1	0	1.423835
734	7465	0	0	0	1	0	1.133253
735	7477	0	0	0	2	0	1.791625
736	7483	0	0	0	1	0	2.533947
737	7491	0	0	0	0	0	2.769481
738	7502	0	0	0	2	0	1.022909
739	7513	0	0	0	1	0	2.696307
740	7520	0	0	0	0	0	2.612826
741	7529	0	0	0	2	0	1.242301
742	7546	0	0	0	0	0	1.931646
743	7559	0	0	0	2	0	1.279349
744	7572	0	0	0	0	0	1.443371
745	7584	0	0	0	1	0	2.115522
746	7594	0	0	0	0	0	2.898544
747	7606	0	0	0	2	0	2.117401
748	7618	0	0	0	2	0	1.474323
749	7634	0	0	0	0	0	2.743728
750	7645	0	0	0	1	0	1.427136
751	7663	0	0	0	0	0	2.035230
752	7668	0	0	0	1	0	1.611900
753	7676	0	0	0	1	0	2.886739
754	7683	0	0	0	0	0	2.986902
755	7691	0	0	0	2	0	1.154244
756	7702	0	0	0	1	0	1.928966
757	7707	0	0	0	2	0	1.226771
758	7715	0	0	0	0	0	1.126712
759	7725	0	0	0	0	0	1.492723
760	7729	0	0	0	2	0	1.321631
761	7742	0	0	0	0	0	2.786842
762	7755	0	0	0	0	0	2.705208
763	7769	0	0	0	2	0	1.209814
764	7775	0	0	0	0	0	2.724496
765	7784	0	0	0	0	0	1.382506
766	7795	0	0	0	0	0	1.975469
767	7803	0	0	0	1	0	2.037331
768	7818	0	0	0	1	0	1.337574
769	7831	0	0	0	2	0	1.899107
770	7837	0	0	0	2	0	1.418236
771	7848	0	0	0	2	0	1.507787
772	7855	0	0	0	1	0	2.410062
773	7863	0	0	0	0	0	1.056705
774	7873	0	0	0	0	0	1.727067
775	7884	0	0	0	2	0	2.864517
776	7893	0	0	0	1	0	1.584579
777	7899	0	0	0	0	0	1.785794
778	7905	0	0	0	0	0	2.585566
779	7918	0	0	0	1	0	2.458215
780	7925	0	0	0	0	0	1.147471
781	7934	0	0	0	0	0	1.080470
782	7941	0	0	0	2	0	1.292441
783	7950	0	0	0	1	0	2.395285
784	7958	0	0	0	2	0	2.275741
785	7963	0	0	0	1	0	2.920709
786	7971	0	0	0	1	0	2.484436
787	7978	0	0	0	0	0	1.895885
788	7987	0	0	0	0	0	1.381829
789	7999	0	0	0	0	0	1.068980
790	8009	0	0	0	0	0	1.450059
791	8014	0	0	0	2	0	2.846699
792	8019	0	0	0	1	0	1.045741
793	8032	0	0	0	2	0	1.752394
794	8044	0	0	0	2	0	1.176472
795	8054	0	0	0	0	0	1.042470
796	8068	0	0	0	1	0	1.732895
797	8073	0	0	0	1	0	2.223217
798	8079	0	0	0	0	0	1.550765
799	8089	0	0	0	1	0	2.053113
800	8100	0	0	0	0	0	2.629370
801	8103	0	0	0	1	0	1.697770
802	8113	0	0	0	0	0	1.766100
803	8124	0	0	0	2	0	2.244422
804	8131	0	0	0	2	0	1.189442
805	8141	0	0	0	0	0	1.328226
806	8152	0	0	0	1	0	2.525292
807	8160	0	0	0	0	0	1.365219
808	8166	0	0	0	0	0	2.633800
809	8179	0	0	0	0	0	1.916602
810	8188	0	0	0	2	0	2.671839
811	8196	0	0	0	1	0	1.046983
812	8210	0	0	0	2	0	1.122502
813	8224	0	0	0	2	0	1.190839
814	8233	0	0	0	1	0	2.647278
815	8245	0	0	0	2	0	2.767560
816	8258	0	0	0	2	0	1.472394
817	8263	0	0	0	1	0	2.246216
818	8276	0	0	0	1	0	1.984912
819	8289	0	0	0	0	0	1.070310
820	8301	0	0	0	2	0	1.571391
821	8307	0	0	0	1	0	1.938213
822	8317	0	0	0	1	0	2.017477
823	8323	0	0	0	1	0	1.854922
824	8333	0	0	0	0	0	2.202943
825	8339	0	0	0	2	0	1.238012
826	8350	0	0	0	1	0	1.002598
827	8356	0	0	0	2	0	2.229596
828	8366	0	0	0	1	0	2.142224
829	8374	0	0	0	0	0	1.291246
830	8385	0	0	0	0	0	2.729776
831	8394	0	0	0	0	0	2.087182
832	8401	0	0	0	1	0	2.061235
833	8409	0	0	0	2	0	1.418036
834	8424	0	0	0	0	0	1.402005
835	8434	0	0	0	1	0	2.202585
836	8443	0	0	0	2	0	2.148003
837	8450	0	0	0	0	0	2.763551
838	8463	0	0	0	0	0	2.414448
839	8472	0	0	0	1	0	2.734493
840	8482	0	0	0	1	0	2.640290
841	8494	0	0	0	1	0	1.803676
842	8508	0	0	0	2	0	2.271636
843	8518	0	0	0	1	0	2.166671
844	8527	0	0	0	2	0	1.679620
845	8536	0	0	0	0	0	2.457762
846	8548	0	0	0	0	0	2.268656
847	8556	0	0	0	1	0	1.584695
848	8560	0	0	0	1	0	1.652098
849	8573	0	0	0	2	0	1.455774
850	8586	0	0	0	1	0	1.066035
851	8597	0	0	0	1	0	1.054272
852	8603	0	0	0	1	0	2.358696
853	8614	0	0	0	2	0	1.996786
854	8631	0	0	0	0	0	2.823463
855	8642	0	0	0	2	0	2.041670
856	8654	0	0	0	1	0	1.889419
857	8663	0	0	0	1	0	2.369308
858	8678	0	0	0	1	0	2.710932
859	8694	0	0	0	0	0	2.056516
860	8700	0	0	0	0	0	2.697307
861	8714	0	0	0	0	0	2.363081
862	8732	0	0	0	0	0	2.141019
863	8744	0	0	0	0	0	1.092357
864	8761	0	0	0	0	0	1.635130
865	8770	0	0	0	0	0	2.171344
866	8773	0	0	0	0	0	1.903584
867	8781	0	0	0	1	0	1.979852
868	8789	0	0	0	0	0	2.163701
869	8794	0	0	0	1	0	1.869578
870	8808	0	0	0	1	0	2.831977
871	8816	0	0	0	1	0	2.691188
872	8828	0	0	0	0	0	2.250886
873	8838	0	0	0	2	0	2.782709
874	8847	0	0	0	0	0	1.453326
875	8852	0	0	0	1	0	2.942360
876	8859	0	0	0	2	0	2.707571
877	8867	0	0	0	0	0	2.017615
878	8878	0	0	0	0	0	1.457187
879	8889	0	0	0	2	0	1.678386
880	8900	0	0	0	1	0	1.136985
881	8910	0	0	0	1	0	1.899021
882	8926	0	0	0	2	0	2.018764
883	8933	0	0	0	1	0	2.854911
884	8943	0	0	0	0	0	1.404248
885	8957	0	0	0	2	0	1.490238
886	8966	0	0	0	1	0	2.154551
887	8973	0	0	0	0	0	2.286605
888	8986	0	0	0	1	0	1.255710
889	8996	0	0	0	1	0	2.772796
890	9001	0	0	0	1	0	1.894380
891	9015	0	0	0	0	0	2.317770
892	9027	0	0	0	0	0	1.406045
893	9039	0	0	0	2	0	2.300226
894	9043	0	0	0	1	0	1.092668
895	9052	0	0	0	1	0	2.418501
896	9064	0	0	0	1	0	1.449071
897	9077	0	0	0	0	0	1.087961
898	9090	0	0	0	0	0	2.315022
899	9099	0	0	0	1	0	2.293956
900	9111	0	0	0	0	0	1.894341
901	9121	0	0	0	2	0	2.948155
902	9128	0	0	0	2	0	1.146584
903	9134	0	0	0	1	0	1.740514
904	9146	0	0	0	2	0	2.512656
905	9155	0	0	0	1	0	1.916334
906	9167	0	0	0	0	0	1.893908
907	9185	0	0	0	1	0	2.152950
908	9195	0	0	0	1	0	1.711074
909	9207	0	0	0	0	0	1.025467
910	9220	0	0	0	0	0	2.774514
911	9235	0	0	0	0	0	1.095202
912	9241	0	0	0	1	0	2.886551
913	9249	0	0	0	2	0	1.167325
914	9259	0	0	0	1	0	1.792436
915	9269	0	0	0	1	0	1.166132
916	9280	0	0	0	0	0	1.778651
917	9293	0	0	0	1	0	2.784543
918	9306	0	0	0	2	0	1.470415
919	9317	0	0	0	0	0	2.091975
920	9329	0	0	0	2	0	2.422020
921	9344	0	0	0	0	0	1.354930
922	9353	0	0	0	0	0	2.208476
923	9366	0	0	0	1	0	1.388702
924	9380	0	0	0	1	0	2.195835
925	9388	0	0	0	0	0	2.722543
926	9397	0	0	0	2	0	2.387326
927	9405	0	0	0	0	0	1.639256
928	9412	0	0	0	2	0	2.566294
929	9425	0	0	0	1	0	2.483462
930	9430	0	0	0	1	0	2.684715
931	9435	0	0	0	0	0	2.064396
932	9449	0	0	0	0	0	2.570658
933	9461	0	0	0	2	0	2.350086
934	9472	0	0	0	1	0	2.143194
935	9482	0	0	0	1	0	1.462638
936	9490	0	0	0	1	0	1.224751
937	9501	0	0	0	0	0	2.323441
938	9511	0	0	0	1	0	1.911660
939	9524	0	0	0	0	0	2.700481
940	9535	0	0	0	1	0	2.715371
941	9550	0	0	0	1	0	1.730844
942	9564	0	0	0	0	0	1.842102
943	9574	0	0	0	2	0	2.935697
944	9580	0	0	0	1	0	1.178953
945	9588	0	0	0	2	0	1.364306
946	9593	0	0	0	2	0	1.657888
947	9598	0	0	0	0	0	2.838350
948	9604	0	0	0	0	0	2.690236
949	9613	0	0	0	2	0	1.683960
950	9620	0	0	0	2	0	2.911496
951	9631	0	0	0	2	0	1.794865
952	9639	0	0	0	0	0	2.688996
953	9648	0	0	0	0	0	2.802365
954	9656	0	0	0	1	0	2.523674
955	9667	0	0	0	0	0	1.048758
956	9676	0	0	0	1	0	2.100161
957	9685	0	0	0	2	0	1.065208
958	9695	0	0	0	2	0	2.583156
959	9704	0	0	0	0	0	2.220298
960	9714	0	0	0	2	0	1.460096
961	9724	0	0	0	1	0	1.987265
962	9733	0	0	0	1	0	2.866202
963	9743	0	0	0	0	0	1.667564
964	9754	0	0	0	1	0	1.741437
965	9763	0	0	0	1	0	2.231017
966	9774	0	0	0	1	0	1.598941
967	9786	0	0	0	2	0	2.069961
968	9797	0	0	0	2	0	2.967517
969	9808	0	0	0	1	0	1.203269
970	9822	0	0	0	2	0	2.477700
971	9832	0	0	0	0	0	2.506179
972	9840	0	0	0	1	0	2.019550
973	9849	0	0	0	0	0	1.859917
974	9854	0	0	0	1	0	1.962976
975	9859	0	0	0	0	0	2.507679
976	9868	0	0	0	1	0	1.858333
977	9875	0	0	0	1	0	2.672826
978	9884	0	0	0	1	0	2.789507
979	9893	0	0	0	1	0	1.898614
980	9904	0	0	0	1	0	2.684105
981	9915	0	0	0	2	0	1.057477
982	9928	0	0	0	1	0	1.813595
983	9933	0	0	0	1	0	2.641454
984	9943	0	0	0	0	0	1.343419
985	9954	0	0	0	2	0	1.443164
986	9966	0	0	0	0	0	2.989447
987	9976	0	0	0	1	0	1.082429
988	9988	0	0	0	0	0	1.787319
989	9997	0	0	0	2	0	2.687272
990	10002	0	0	0	2	0	1.002586
991	10014	0	0	0	0	0	1.193358
992	10029	0	0	0	0	0	2.246852
993	10038	0	0	0	0	0	2.029270
994	10049	0	0	0	2	0	1.208177
995	10060	0	0	0	0	0	2.525009
996	10073	0	0	0	1	0	1.210783
997	10087	0	0	0	1	0	1.864441
998	10099	0	0	0	0	0	1.555943
999	10109	0	0	0	0	0	2.252807
