0	1	0	0	0	2	0	2.405882
1	13	0	0	0	0	0	2.487278
2	25	0	0	0	0	0	1.871106
3	34	0	0	0	2	0	2.448756
4	37	0	0	0	1	0	2.485412
5	44	0	0	0	0	0	2.821564
6	53	0	0	0	0	0	1.177575
7	54	0	0	0	1	0	1.942410
8	65	0	0	0	1	0	2.482760
9	74	0	0	0	1	0	1.139562
10	84	0	0	0	2	0	2.318921
11	97	0	0	0	1	0	2.051848
12	112	0	0	0	2	0	1.143944
13	123	0	0	0	2	0	1.679717
14	129	0	0	0	0	0	2.394232
15	139	0	0	0	0	0	1.165642
16	149	0	0	0	2	0	2.560083
17	158	0	0	0	0	0	1.900398
18	170	0	0	0	2	0	1.220359
19	176	0	0	0	2	0	2.758333
20	187	0	0	0	0	0	2.180463
21	198	0	0	0	2	0	2.972953
22	210	0	0	0	0	0	2.081894
23	218	0	0	0	2	0	1.517583
24	226	0	0	0	0	0	2.096406
25	235	0	0	0	0	0	1.719809
26	242	0	0	0	1	0	2.087080
27	253	0	0	0	1	0	1.056276
28	263	0	0	0	2	0	1.920938
29	272	0	0	0	1	0	1.860099
30	281	0	0	0	2	0	2.330502
31	290	0	0	0	0	0	2.738028
32	298	0	0	0	1	0	2.569956
33	311	0	0	0	0	0	2.697391
34	324	0	0	0	2	0	2.569092
35	335	0	0	0	0	0	1.670469
36	340	0	0	0	0	0	1.823087
37	352	0	0	0	1	0	1.204521
38	362	0	0	0	2	0	2.757181
39	369	0	0	0	0	0	1.963827
40	378	0	0	0	1	0	2.964019
41	393	0	0	0	1	0	1.076681
42	398	0	0	0	0	0	1.353658
43	410	0	0	0	1	0	1.938896
44	425	0	0	0	0	0	1.512111
45	436	0	0	0	1	0	1.467535
46	445	0	0	0	2	0	1.970810
47	454	0	0	0	1	0	2.582020
48	466	0	0	0	0	0	2.201561
49	482	0	0	0	2	0	1.049793
50	491	0	0	0	2	0	2.885050
51	497	0	0	0	2	0	2.887794
52	511	0	0	0	0	0	1.030978
53	522	0	0	0	2	0	2.396497
54	530	0	0	0	1	0	1.501932
55	546	0	0	0	1	0	1.443691
56	559	0	0	0	1	0	2.941581
57	567	0	0	0	0	0	1.082683
58	582	0	0	0	1	0	1.923273
59	589	0	0	0	1	0	2.384288
60	599	0	0	0	1	0	1.325827
61	608	0	0	0	0	0	2.078392
62	617	0	0	0	2	0	2.380012
63	624	0	0	0	2	0	1.800641
64	637	0	0	0	2	0	2.037670
65	646	0	0	0	2	0	2.660192
66	655	0	0	0	2	0	2.338675
67	664	0	0	0	0	0	1.896205
68	674	0	0	0	0	0	1.537304
69	681	0	0	0	0	0	1.019153
70	688	0	0	0	1	0	1.305577
71	695	0	0	0	0	0	2.360597
72	705	0	0	0	0	0	2.260894
73	717	0	0	0	1	0	1.360124
74	723	0	0	0	0	0	2.597186
75	734	0	0	0	0	0	2.484189
76	745	0	0	0	2	0	1.488668
77	760	0	0	0	0	0	2.581433
78	771	0	0	0	2	0	1.344505
79	780	0	0	0	0	0	2.979444
80	788	0	0	0	1	0	1.536044
81	791	0	0	0	1	0	2.899355
82	799	0	0	0	0	0	2.957171
83	810	0	0	0	0	0	1.740469
84	819	0	0	0	2	0	2.645746
85	828	0	0	0	1	0	2.174936
86	839	0	0	0	1	0	2.771727
87	849	0	0	0	0	0	2.377702
88	853	0	0	0	1	0	1.075545
89	867	0	0	0	1	0	1.788527
90	878	0	0	0	2	0	1.900938
91	887	0	0	0	1	0	1.738603
92	895	0	0	0	2	0	2.379915
93	899	0	0	0	1	0	1.204887
94	908	0	0	0	2	0	1.014158
95	920	0	0	0	0	0	2.845398
96	937	0	0	0	0	0	2.358801
97	947	0	0	0	1	0	2.893040
98	963	0	0	0	1	0	1.344322
99	975	0	0	0	2	0	2.249951
100	982	0	0	0	1	0	1.629079
101	988	0	0	0	1	0	1.787283
102	1000	0	0	0	2	0	2.085161
103	1006	0	0	0	0	0	1.783605
104	1021	0	0	0	0	0	1.242742
105	1033	0	0	0	0	0	2.059756
106	1038	0	0	0	0	0	1.718836
107	1053	0	0	0	0	0	2.708649
108	1058	0	0	0	1	0	2.610629
109	1066	0	0	0	1	0	1.769282
110	1084	0	0	0	2	0	2.164051
111	1100	0	0	0	1	0	2.330980
112	1111	0	0	0	0	0	2.169427
113	1120	0	0	0	2	0	1.636560
114	1125	0	0	0	0	0	1.472848
115	1132	0	0	0	2	0	1.324039
116	1140	0	0	0	2	0	2.365068
117	1147	0	0	0	2	0	2.367661
118	1157	0	0	0	2	0	2.709522
119	1169	0	0	0	0	0	1.466194
120	1176	0	0	0	1	0	1.426204
121	1191	0	0	0	1	0	1.490491
122	1198	0	0	0	2	0	2.397657
123	1205	0	0	0	1	0	1.527618
124	1218	0	0	0	2	0	1.085260
125	1231	0	0	0	0	0	1.084740
126	1242	0	0	0	2	0	1.371457
127	1254	0	0	0	0	0	1.304212
128	1262	0	0	0	2	0	2.776045
129	1276	0	0	0	2	0	2.131277
130	1293	0	0	0	1	0	2.619861
131	1307	0	0	0	2	0	2.870875
132	1317	0	0	0	2	0	1.671601
133	1328	0	0	0	2	0	2.107200
134	1337	0	0	0	0	0	2.961277
135	1346	0	0	0	1	0	2.476575
136	1360	0	0	0	1	0	1.712849
137	1368	0	0	0	2	0	1.388934
138	1389	0	0	0	0	0	1.213480
139	1405	0	0	0	1	0	2.797116
140	1417	0	0	0	2	0	2.909122
141	1432	0	0	0	0	0	2.713551
142	1444	0	0	0	2	0	1.541383
143	1454	0	0	0	1	0	2.562043
144	1471	0	0	0	0	0	2.412092
145	1480	0	0	0	0	0	1.564378
146	1491	0	0	0	1	0	2.342940
147	1499	0	0	0	2	0	2.112846
148	1505	0	0	0	1	0	2.241758
149	1512	0	0	0	1	0	2.439197
150	1521	0	0	0	0	0	1.171356
151	1530	0	0	0	1	0	2.864441
152	1542	0	0	0	2	0	2.008942
153	1554	0	0	0	0	0	2.002516
154	1566	0	0	0	0	0	1.372782
155	1571	0	0	0	2	0	2.205000
156	1580	0	0	0	0	0	2.583910
157	1589	0	0	0	0	0	2.880969
158	1605	0	0	0	0	0	1.400389
159	1620	0	0	0	1	0	1.918214
160	1627	0	0	0	1	0	1.565723
161	1635	0	0	0	2	0	1.962776
162	1640	0	0	0	1	0	2.980247
163	1648	0	0	0	1	0	1.289738
164	1658	0	0	0	1	0	1.998448
165	1667	0	0	0	0	0	1.067655
166	1677	0	0	0	1	0	1.973932
167	1690	0	0	0	1	0	1.430130
168	1704	0	0	0	1	0	1.825183
169	1717	0	0	0	2	0	1.372570
170	1728	0	0	0	1	0	1.869407
171	1738	0	0	0	1	0	1.224816
172	1745	0	0	0	2	0	1.152349
173	1755	0	0	0	0	0	2.193389
174	1763	0	0	0	1	0	1.909977
175	1773	0	0	0	1	0	1.714207
176	1782	0	0	0	1	0	2.170456
177	1787	0	0	0	0	0	2.621663
178	1797	0	0	0	0	0	2.180673
179	1813	0	0	0	0	0	2.089246
180	1821	0	0	0	1	0	1.786576
181	1834	0	0	0	2	0	1.444021
182	1845	0	0	0	2	0	2.926021
183	1859	0	0	0	0	0	1.241519
184	1871	0	0	0	0	0	1.393030
185	1879	0	0	0	1	0	1.753337
186	1889	0	0	0	0	0	1.527439
187	1899	0	0	0	2	0	2.299248
188	1908	0	0	0	1	0	1.949731
189	1917	0	0	0	1	0	2.879277
190	1926	0	0	0	0	0	2.006101
191	1935	0	0	0	2	0	1.895925
192	1947	0	0	0	2	0	1.511525
193	1955	0	0	0	1	0	2.833149
194	1964	0	0	0	2	0	2.150534
195	1977	0	0	0	2	0	2.462130
196	1988	0	0	0	1	0	1.835591
197	1999	0	0	0	2	0	1.244849
198	2011	0	0	0	0	0	1.120034
199	2027	0	0	0	1	0	2.286329
200	2037	0	0	0	1	0	1.116303
201	2047	0	0	0	0	0	2.479363
202	2058	0	0	0	0	0	2.600326
203	2066	0	0	0	1	0	1.631540
204	2076	0	0	0	1	0	2.766393
205	2082	0	0	0	2	0	2.914864
206	2089	0	0	0	1	0	2.791159
207	2100	0	0	0	0	0	1.565735
208	2114	0	0	0	2	0	2.860254
209	2125	0	0	0	0	0	1.855389
210	2138	0	0	0	2	0	1.640387
211	2146	0	0	0	2	0	1.001824
212	2154	0	0	0	2	0	2.383720
213	2163	0	0	0	2	0	1.712098
214	2169	0	0	0	0	0	1.228476
215	2183	0	0	0	1	0	1.325883
216	2196	0	0	0	1	0	2.757657
217	2206	0	0	0	2	0	2.051236
218	2218	0	0	0	0	0	2.505869
219	2228	0	0	0	2	0	1.071287
220	2241	0	0	0	0	0	1.626765
221	2254	0	0	0	1	0	1.178406
222	2266	0	0	0	0	0	2.622134
223	2272	0	0	0	2	0	2.469474
224	2279	0	0	0	2	0	2.553575
225	2291	0	0	0	0	0	2.024971
226	2298	0	0	0	2	0	2.345793
227	2305	0	0	0	2	0	2.351630
228	2317	0	0	0	2	0	2.287333
229	2331	0	0	0	0	0	2.272934
230	2339	0	0	0	0	0	1.594763
231	2347	0	0	0	0	0	2.369121
232	2361	0	0	0	0	0	2.075373
233	2367	0	0	0	2	0	2.313844
234	2375	0	0	0	1	0	1.716075
235	2382	0	0	0	0	0	2.048458
236	2391	0	0	0	0	0	1.225857
237	2405	0	0	0	2	0	1.039432
238	2414	0	0	0	0	0	2.054917
239	2427	0	0	0	0	0	2.132567
240	2441	0	0	0	1	0	2.127770
241	2453	0	0	0	1	0	2.680914
242	2463	0	0	0	2	0	1.793823
243	2475	0	0	0	0	0	2.850217
244	2483	0	0	0	2	0	2.562194
245	2493	0	0	0	2	0	1.158230
246	2502	0	0	0	1	0	2.964208
247	2513	0	0	0	2	0	1.737784
248	2521	0	0	0	0	0	2.530196
249	2532	0	0	0	0	0	2.847311
250	2543	0	0	0	2	0	2.760417
251	2547	0	0	0	0	0	2.896278
252	2556	0	0	0	0	0	1.433302
253	2564	0	0	0	0	0	1.993623
254	2568	0	0	0	1	0	2.046715
255	2581	0	0	0	2	0	1.146152
256	2593	0	0	0	2	0	2.316907
257	2605	0	0	0	1	0	2.904772
258	2609	0	0	0	2	0	2.261377
259	2618	0	0	0	1	0	1.674056
260	2631	0	0	0	1	0	2.415742
261	2641	0	0	0	0	0	1.081198
262	2649	0	0	0	0	0	1.039545
263	2662	0	0	0	1	0	1.366157
264	2679	0	0	0	2	0	1.374877
265	2689	0	0	0	1	0	1.781781
266	2696	0	0	0	1	0	1.635326
267	2706	0	0	0	1	0	1.161370
268	2716	0	0	0	1	0	2.399346
269	2727	0	0	0	2	0	2.404169
270	2734	0	0	0	1	0	2.308407
271	2746	0	0	0	0	0	1.239829
272	2755	0	0	0	0	0	2.879349
273	2768	0	0	0	2	0	2.020789
274	2781	0	0	0	1	0	2.514368
275	2794	0	0	0	2	0	1.922279
276	2811	0	0	0	0	0	2.402753
277	2823	0	0	0	0	0	1.919996
278	2832	0	0	0	1	0	1.211795
279	2843	0	0	0	0	0	1.808343
280	2850	0	0	0	0	0	1.556952
281	2861	0	0	0	0	0	2.218039
282	2879	0	0	0	2	0	1.687882
283	2891	0	0	0	2	0	2.399782
284	2903	0	0	0	0	0	1.347364
285	2912	0	0	0	0	0	1.577342
286	2917	0	0	0	1	0	1.235868
287	2923	0	0	0	1	0	1.639849
288	2931	0	0	0	0	0	2.694059
289	2939	0	0	0	0	0	1.659874
290	2949	0	0	0	0	0	1.211350
291	2960	0	0	0	0	0	2.764229
292	2968	0	0	0	2	0	2.399710
293	2976	0	0	0	0	0	2.157337
294	2985	0	0	0	2	0	2.403268
295	3001	0	0	0	1	0	1.512379
296	3015	0	0	0	0	0	2.266452
297	3027	0	0	0	2	0	1.300813
298	3037	0	0	0	1	0	2.776831
299	3051	0	0	0	0	0	2.093854
300	3065	0	0	0	2	0	2.656049
301	3071	0	0	0	1	0	1.771824
302	3078	0	0	0	0	0	1.681006
303	3086	0	0	0	0	0	2.262946
304	3098	0	0	0	0	0	2.538431
305	3103	0	0	0	0	0	2.021831
306	3112	0	0	0	0	0	1.635424
307	3116	0	0	0	1	0	2.781964
308	3130	0	0	0	0	0	2.381446
309	3131	0	0	0	0	0	2.645666
310	3140	0	0	0	1	0	2.382966
311	3152	0	0	0	2	0	2.150299
312	3157	0	0	0	1	0	1.165704
313	3166	0	0	0	2	0	2.117062
314	3177	0	0	0	0	0	2.404157
315	3185	0	0	0	2	0	2.374352
316	3194	0	0	0	1	0	2.604989
317	3200	0	0	0	0	0	1.331936
318	3214	0	0	0	0	0	1.195041
319	3222	0	0	0	0	0	1.888364
320	3233	0	0	0	1	0	2.071777
321	3238	0	0	0	1	0	1.956631
322	3251	0	0	0	1	0	1.307155
323	3257	0	0	0	1	0	1.523059
324	3268	0	0	0	1	0	1.761681
325	3273	0	0	0	2	0	1.426289
326	3282	0	0	0	0	0	1.029261
327	3300	0	0	0	0	0	1.837051
328	3306	0	0	0	0	0	2.150471
329	3314	0	0	0	0	0	1.746353
330	3325	0	0	0	0	0	1.718550
331	3330	0	0	0	0	0	1.723113
332	3335	0	0	0	1	0	2.531863
333	3348	0	0	0	0	0	2.825809
334	3358	0	0	0	1	0	1.867896
335	3374	0	0	0	2	0	1.196554
336	3380	0	0	0	1	0	1.833615
337	3392	0	0	0	0	0	2.414503
338	3404	0	0	0	0	0	2.721181
339	3420	0	0	0	0	0	2.135094
340	3428	0	0	0	0	0	2.301910
341	3437	0	0	0	1	0	2.604593
342	3450	0	0	0	0	0	2.193442
343	3460	0	0	0	2	0	1.234162
344	3472	0	0	0	2	0	2.843813
345	3479	0	0	0	0	0	2.426554
346	3493	0	0	0	0	0	1.356737
347	3504	0	0	0	0	0	1.239350
348	3513	0	0	0	1	0	2.406330
349	3528	0	0	0	1	0	1.052719
350	3541	0	0	0	0	0	2.066878
351	3551	0	0	0	0	0	2.520586
352	3557	0	0	0	1	0	1.370474
353	3565	0	0	0	1	0	2.923696
354	3577	0	0	0	2	0	1.703313
355	3589	0	0	0	1	0	2.471005
356	3596	0	0	0	1	0	1.653061
357	3602	0	0	0	2	0	1.278742
358	3609	0	0	0	1	0	2.185098
359	3620	0	0	0	2	0	1.522602
360	3631	0	0	0	2	0	2.037605
361	3638	0	0	0	0	0	2.448658
362	3647	0	0	0	1	0	1.478873
363	3656	0	0	0	2	0	2.660114
364	3664	0	0	0	0	0	1.818191
365	3674	0	0	0	0	0	1.820998
366	3680	0	0	0	0	0	2.865090
367	3693	0	0	0	2	0	1.784082
368	3712	0	0	0	1	0	1.992478
369	3719	0	0	0	0	0	1.211457
370	3727	0	0	0	2	0	2.576114
371	3740	0	0	0	0	0	1.388359
372	3750	0	0	0	2	0	1.252786
373	3762	0	0	0	0	0	1.362836
374	3770	0	0	0	0	0	1.952672
375	3779	0	0	0	0	0	2.866106
376	3793	0	0	0	0	0	1.529692
377	3803	0	0	0	1	0	2.300169
378	3808	0	0	0	0	0	1.416885
379	3820	0	0	0	2	0	2.286172
380	3831	0	0	0	2	0	2.960747
381	3841	0	0	0	0	0	2.507490
382	3850	0	0	0	2	0	2.446986
383	3858	0	0	0	0	0	1.149709
384	3872	0	0	0	0	0	2.539356
385	3880	0	0	0	1	0	1.319241
386	3887	0	0	0	1	0	2.960367
387	3894	0	0	0	0	0	2.115796
388	3907	0	0	0	1	0	1.064269
389	3918	0	0	0	0	0	2.990885
390	3927	0	0	0	2	0	2.418246
391	3941	0	0	0	1	0	2.383956
392	3950	0	0	0	1	0	2.336673
393	3965	0	0	0	0	0	2.755270
394	3978	0	0	0	1	0	1.299863
395	3988	0	0	0	1	0	2.788641
396	3997	0	0	0	2	0	2.042602
397	4001	0	0	0	1	0	2.926837
398	4008	0	0	0	0	0	2.225428
399	4019	0	0	0	0	0	2.930852
400	4026	0	0	0	2	0	1.254567
401	4040	0	0	0	1	0	2.772687
402	4044	0	0	0	1	0	1.873572
403	4052	0	0	0	2	0	2.810006
404	4060	0	0	0	2	0	1.944826
405	4072	0	0	0	0	0	2.230704
406	4081	0	0	0	1	0	1.533746
407	4089	0	0	0	0	0	2.383643
408	4098	0	0	0	2	0	2.080565
409	4110	0	0	0	1	0	1.041397
410	4121	0	0	0	1	0	2.552310
411	4133	0	0	0	1	0	2.574052
412	4143	0	0	0	1	0	2.614112
413	4150	0	0	0	0	0	2.119476
414	4159	0	0	0	1	0	1.239853
415	4166	0	0	0	1	0	1.514599
416	4172	0	0	0	2	0	1.262956
417	4183	0	0	0	0	0	2.445290
418	4195	0	0	0	2	0	2.177397
419	4205	0	0	0	0	0	2.523546
420	4215	0	0	0	2	0	1.474623
421	4226	0	0	0	0	0	2.448873
422	4232	0	0	0	2	0	2.830252
423	4239	0	0	0	1	0	1.955432
424	4246	0	0	0	2	0	1.579684
425	4254	0	0	0	1	0	2.002870
426	4267	0	0	0	1	0	1.013631
427	4271	0	0	0	1	0	1.654570
428	4277	0	0	0	1	0	1.852523
429	4285	0	0	0	2	0	2.832918
430	4291	0	0	0	0	0	2.526607
431	4296	0	0	0	0	0	1.188157
432	4308	0	0	0	0	0	2.590257
433	4317	0	0	0	0	0	1.606476
434	4324	0	0	0	1	0	2.046823
435	4329	0	0	0	0	0	2.856122
436	4338	0	0	0	0	0	1.265078
437	4345	0	0	0	0	0	1.807436
438	4355	0	0	0	1	0	1.866840
439	4375	0	0	0	0	0	2.523854
440	4382	0	0	0	2	0	1.819875
441	4392	0	0	0	1	0	1.307212
442	4402	0	0	0	0	0	2.559917
443	4411	0	0	0	1	0	1.192102
444	4424	0	0	0	0	0	2.323242
445	4430	0	0	0	1	0	2.193191
446	4439	0	0	0	0	0	1.316546
447	4450	0	0	0	2	0	1.956265
448	4460	0	0	0	0	0	1.557637
449	4468	0	0	0	0	0	1.298058
450	4478	0	0	0	1	0	2.701074
451	4493	0	0	0	2	0	2.241309
452	4503	0	0	0	0	0	1.367636
453	4513	0	0	0	1	0	1.910306
454	4522	0	0	0	2	0	2.824751
455	4536	0	0	0	1	0	2.690656
456	4544	0	0	0	0	0	2.510890
457	4558	0	0	0	2	0	2.299084
458	4569	0	0	0	1	0	2.709809
459	4576	0	0	0	1	0	2.595587
460	4582	0	0	0	2	0	1.789336
461	4587	0	0	0	2	0	1.817663
462	4590	0	0	0	0	0	2.868725
463	4600	0	0	0	0	0	2.532780
464	4609	0	0	0	1	0	1.416303
465	4620	0	0	0	0	0	2.566117
466	4628	0	0	0	0	0	1.838345
467	4636	0	0	0	0	0	1.498063
468	4652	0	0	0	1	0	2.352709
469	4662	0	0	0	0	0	1.269122
470	4674	0	0	0	1	0	1.771157
471	4684	0	0	0	0	0	2.678689
472	4689	0	0	0	1	0	2.298930
473	4701	0	0	0	0	0	2.191798
474	4711	0	0	0	2	0	2.549395
475	4721	0	0	0	0	0	2.694963
476	4729	0	0	0	0	0	1.821693
477	4739	0	0	0	1	0	2.246131
478	4749	0	0	0	0	0	2.924543
479	4762	0	0	0	2	0	2.414565
480	4773	0	0	0	1	0	1.014255
481	4784	0	0	0	1	0	2.424688
482	4795	0	0	0	2	0	1.887173
483	4803	0	0	0	2	0	1.769346
484	4814	0	0	0	1	0	2.981511
485	4823	0	0	0	0	0	1.348422
486	4833	0	0	0	1	0	2.560733
487	4842	0	0	0	2	0	2.129334
488	4851	0	0	0	0	0	1.353311
489	4862	0	0	0	1	0	1.942473
490	4869	0	0	0	0	0	1.492406
491	4881	0	0	0	1	0	2.792446
492	4887	0	0	0	1	0	2.660255
493	4894	0	0	0	2	0	2.964559
494	4898	0	0	0	1	0	1.238137
495	4904	0	0	0	2	0	1.897292
496	4914	0	0	0	0	0	2.508140
497	4921	0	0	0	1	0	1.909027
498	4936	0	0	0	1	0	2.598015
499	4945	0	0	0	0	0	1.927812
500	4955	0	0	0	1	0	2.167542
501	4970	0	0	0	0	0	2.088359
502	4979	0	0	0	0	0	1.368953
503	4987	0	0	0	0	0	1.308255
504	5001	0	0	0	1	0	1.098060
505	5011	0	0	0	1	0	2.287765
506	5025	0	0	0	0	0	2.572333
507	5036	0	0	0	0	0	2.773456
508	5048	0	0	0	0	0	2.137266
509	5054	0	0	0	0	0	2.588306
510	5069	0	0	0	2	0	1.541140
511	5077	0	0	0	2	0	1.010024
512	5084	0	0	0	1	0	2.419646
513	5101	0	0	0	2	0	2.657181
514	5108	0	0	0	1	0	2.491973
515	5119	0	0	0	0	0	1.905534
516	5130	0	0	0	0	0	1.246285
517	5135	0	0	0	1	0	2.074960
518	5150	0	0	0	0	0	1.520893
519	5161	0	0	0	0	0	1.937394
520	5171	0	0	0	1	0	2.266937
521	5180	0	0	0	1	0	1.001928
522	5187	0	0	0	2	0	1.934812
523	5198	0	0	0	2	0	2.725844
524	5207	0	0	0	0	0	1.339583
525	5214	0	0	0	0	0	2.014166
526	5220	0	0	0	0	0	1.646885
527	5227	0	0	0	1	0	1.745880
528	5238	0	0	0	2	0	1.220179
529	5247	0	0	0	2	0	1.667795
530	5253	0	0	0	2	0	2.016542
531	5262	0	0	0	2	0	1.433961
532	5280	0	0	0	1	0	1.008411
533	5287	0	0	0	1	0	1.108846
534	5297	0	0	0	0	0	2.043520
535	5309	0	0	0	2	0	1.910493
536	5320	0	0	0	1	0	1.997532
537	5329	0	0	0	1	0	1.876968
538	5339	0	0	0	0	0	1.322260
539	5345	0	0	0	1	0	1.470672
540	5361	0	0	0	2	0	1.910510
541	5377	0	0	0	0	0	1.182915
542	5389	0	0	0	2	0	1.297910
543	5400	0	0	0	1	0	1.675141
544	5414	0	0	0	0	0	1.971789
545	5421	0	0	0	1	0	1.679827
546	5422	0	0	0	2	0	1.704787
547	5441	0	0	0	0	0	2.292957
548	5450	0	0	0	0	0	2.519295
549	5457	0	0	0	2	0	2.904694
550	5468	0	0	0	0	0	2.386549
551	5474	0	0	0	0	0	2.231797
552	5480	0	0	0	2	0	2.442365
553	5487	0	0	0	2	0	1.953065
554	5499	0	0	0	0	0	2.489742
555	5503	0	0	0	1	0	2.391978
556	5512	0	0	0	0	0	2.673940
557	5528	0	0	0	0	0	1.982512
558	5542	0	0	0	1	0	1.063576
559	5547	0	0	0	0	0	2.137310
560	5565	0	0	0	0	0	1.871509
561	5570	0	0	0	0	0	1.282715
562	5582	0	0	0	1	0	2.804887
563	5597	0	0	0	0	0	2.446438
564	5607	0	0	0	0	0	2.316212
565	5614	0	0	0	1	0	1.457729
566	5625	0	0	0	1	0	2.781483
567	5635	0	0	0	0	0	1.285004
568	5638	0	0	0	1	0	1.845263
569	5650	0	0	0	0	0	2.784517
570	5655	0	0	0	1	0	2.573440
571	5671	0	0	0	0	0	2.122539
572	5678	0	0	0	0	0	1.614732
573	5688	0	0	0	2	0	1.347927
574	5699	0	0	0	1	0	1.997265
575	5710	0	0	0	0	0	2.534535
576	5720	0	0	0	0	0	1.639565
577	5730	0	0	0	1	0	2.017140
578	5738	0	0	0	0	0	2.960218
579	5749	0	0	0	1	0	1.988093
580	5763	0	0	0	0	0	1.005460
581	5772	0	0	0	1	0	1.398867
582	5783	0	0	0	1	0	2.400111
583	5796	0	0	0	2	0	1.451556
584	5807	0	0	0	0	0	1.506268
585	5816	0	0	0	1	0	2.053989
586	5828	0	0	0	0	0	2.486695
587	5834	0	0	0	2	0	2.478327
588	5842	0	0	0	2	0	1.011397
589	5857	0	0	0	1	0	2.149480
590	5865	0	0	0	1	0	1.029888
591	5881	0	0	0	0	0	2.524129
592	5893	0	0	0	0	0	2.914918
593	5896	0	0	0	0	0	2.007142
594	5906	0	0	0	1	0	1.247238
595	5912	0	0	0	1	0	1.951419
596	5917	0	0	0	2	0	2.577413
597	5938	0	0	0	0	0	2.906702
598	5951	0	0	0	2	0	1.224292
599	5959	0	0	0	0	0	2.375445
600	5965	0	0	0	1	0	2.144679
601	5973	0	0	0	1	0	2.105432
602	5984	0	0	0	1	0	1.380245
603	5995	0	0	0	1	0	2.583849
604	6001	0	0	0	2	0	2.064172
605	6012	0	0	0	0	0	2.818478
606	6025	0	0	0	2	0	2.381303
607	6033	0	0	0	1	0	1.392210
608	6039	0	0	0	2	0	2.868340
609	6052	0	0	0	1	0	2.769911
610	6069	0	0	0	1	0	2.085016
611	6082	0	0	0	2	0	2.819115
612	6091	0	0	0	0	0	1.371074
613	6105	0	0	0	0	0	1.141003
614	6118	0	0	0	2	0	2.580459
615	6128	0	0	0	1	0	2.195710
616	6137	0	0	0	0	0	1.040746
617	6148	0	0	0	2	0	2.602261
618	6157	0	0	0	1	0	2.358582
619	6164	0	0	0	0	0	2.321106
620	6172	0	0	0	0	0	1.639315
621	6182	0	0	0	1	0	2.343095
622	6191	0	0	0	1	0	1.956577
623	6201	0	0	0	1	0	2.394678
624	6207	0	0	0	0	0	2.664541
625	6221	0	0	0	0	0	1.013404
626	6228	0	0	0	0	0	2.392686
627	6239	0	0	0	2	0	2.379799
628	6249	0	0	0	0	0	2.881445
629	6265	0	0	0	1	0	2.121918
630	6273	0	0	0	2	0	1.476663
631	6282	0	0	0	0	0	2.090357
632	6293	0	0	0	1	0	1.068433
633	6297	0	0	0	1	0	2.791136
634	6303	0	0	0	2	0	2.842316
635	6307	0	0	0	0	0	2.286144
636	6317	0	0	0	0	0	2.941099
637	6326	0	0	0	2	0	2.188484
638	6336	0	0	0	1	0	2.420508
639	6346	0	0	0	0	0	1.505511
640	6357	0	0	0	0	0	1.213406
641	6366	0	0	0	2	0	2.629208
642	6375	0	0	0	2	0	1.572033
643	6381	0	0	0	0	0	2.412954
644	6386	0	0	0	0	0	1.292974
645	6396	0	0	0	0	0	1.792553
646	6403	0	0	0	1	0	1.107400
647	6416	0	0	0	1	0	1.278262
648	6425	0	0	0	0	0	1.907399
649	6436	0	0	0	2	0	2.353394
650	6449	0	0	0	0	0	1.937352
651	6457	0	0	0	2	0	1.298589
652	6469	0	0	0	2	0	1.780200
653	6476	0	0	0	2	0	2.338761
654	6485	0	0	0	0	0	2.368952
655	6497	0	0	0	0	0	1.535313
656	6509	0	0	0	0	0	1.851249
657	6517	0	0	0	1	0	2.709445
658	6520	0	0	0	1	0	1.489701
659	6531	0	0	0	0	0	2.073461
660	6545	0	0	0	1	0	1.582644
661	6553	0	0	0	2	0	2.493912
662	6568	0	0	0	0	0	1.897622
663	6583	0	0	0	2	0	1.862208
664	6593	0	0	0	0	0	2.178803
665	6603	0	0	0	2	0	2.689725
666	6612	0	0	0	1	0	2.681116
667	6619	0	0	0	0	0	2.094077
668	6628	0	0	0	2	0	2.117091
669	6640	0	0	0	2	0	2.170665
670	6646	0	0	0	1	0	2.760311
671	6660	0	0	0	0	0	2.099436
672	6667	0	0	0	0	0	1.817246
673	6679	0	0	0	0	0	2.485775
674	6691	0	0	0	0	0	1.517978
675	6697	0	0	0	0	0	1.206828
676	6706	0	0	0	1	0	2.344878
677	6713	0	0	0	0	0	1.039528
678	6724	0	0	0	1	0	1.569040
679	6736	0	0	0	1	0	2.840812
680	6745	0	0	0	1	0	2.208239
681	6756	0	0	0	2	0	2.608674
682	6768	0	0	0	0	0	2.340704
683	6777	0	0	0	0	0	2.184531
684	6785	0	0	0	1	0	1.478916
685	6798	0	0	0	0	0	1.592810
686	6816	0	0	0	2	0	1.061527
687	6823	0	0	0	0	0	2.736317
688	6831	0	0	0	2	0	2.326624
689	6836	0	0	0	2	0	2.322150
690	6842	0	0	0	2	0	1.796354
691	6855	0	0	0	1	0	1.331882
692	6863	0	0	0	2	0	2.422645
693	6873	0	0	0	2	0	1.966265
694	6882	0	0	0	1	0	2.824950
695	6897	0	0	0	1	0	2.177504
696	6913	0	0	0	1	0	1.713650
697	6919	0	0	0	0	0	1.114506
698	6927	0	0	0	1	0	1.474149
699	6939	0	0	0	2	0	1.909669
700	6952	0	0	0	0	0	1.591732
701	6957	0	0	0	1	0	2.280649
702	6971	0	0	0	1	0	1.075856
703	6980	0	0	0	1	0	2.794599
704	6986	0	0	0	2	0	2.922652
705	6997	0	0	0	2	0	1.977994
706	7006	0	0	0	1	0	2.167453
707	7021	0	0	0	1	0	2.835907
708	7026	0	0	0	0	0	2.022885
709	7038	0	0	0	2	0	2.297425
710	7047	0	0	0	0	0	1.500339
711	7062	0	0	0	2	0	2.839868
712	7065	0	0	0	0	0	1.924685
713	7075	0	0	0	1	0	2.095494
714	7084	0	0	0	0	0	2.536827
715	7093	0	0	0	2	0	1.727599
716	7104	0	0	0	2	0	2.260622
717	7113	0	0	0	1	0	2.197421
718	7119	0	0	0	2	0	1.274314
719	7127	0	0	0	1	0	2.817926
720	7135	0	0	0	2	0	2.150405
721	7143	0	0	0	1	0	2.068106
722	7154	0	0	0	0	0	2.902911
723	7164	0	0	0	0	0	2.077464
724	7176	0	0	0	1	0	2.558031
725	7180	0	0	0	0	0	2.169563
726	7189	0	0	0	2	0	2.089562
727	7197	0	0	0	2	0	1.031679
728	7209	0	0	0	0	0	1.110421
729	7214	0	0	0	1	0	2.799937
730	7229	0	0	0	0	0	1.009894
731	7244	0	0	0	2	0	2.332026
732	7255	0	0	0	0	0	2.046981
733	7261	0	0	0	0	0	2.230615
734	7268	0	0	0	2	0	2.677527
735	7279	0	0	0	0	0	1.310370
736	7291	0	0	0	0	0	1.107137
737	7300	0	0	0	0	0	1.235281
738	7313	0	0	0	1	0	1.530710
739	7323	0	0	0	2	0	1.016309
740	7333	0	0	0	2	0	2.989501
741	7346	0	0	0	1	0	1.950627
742	7356	0	0	0	2	0	1.739555
743	7364	0	0	0	0	0	1.280968
744	7377	0	0	0	0	0	1.670360
745	7385	0	0	0	2	0	2.444559
746	7389	0	0	0	1	0	2.331165
747	7399	0	0	0	2	0	2.590797
748	7409	0	0	0	2	0	2.420878
749	7419	0	0	0	1	0	2.095722
750	7429	0	0	0	0	0	1.433255
751	7437	0	0	0	2	0	1.583882
752	7447	0	0	0	1	0	1.615709
753	7452	0	0	0	0	0	1.431647
754	7460	0	0	0	1	0	2.109159
755	7473	0	0	0	0	0	1.206278
756	7489	0	0	0	0	0	1.892566
757	7507	0	0	0	2	0	1.257584
758	7520	0	0	0	0	0	1.333013
759	7526	0	0	0	1	0	2.229273
760	7538	0	0	0	2	0	1.746301
761	7547	0	0	0	1	0	1.893992
762	7561	0	0	0	1	0	2.004371
763	7569	0	0	0	0	0	1.124418
764	7581	0	0	0	1	0	2.484750
765	7594	0	0	0	0	0	1.762893
766	7606	0	0	0	0	0	1.269217
767	7614	0	0	0	2	0	1.110858
768	7620	0	0	0	2	0	1.523099
769	7633	0	0	0	1	0	1.036648
770	7640	0	0	0	1	0	1.667814
771	7651	0	0	0	0	0	1.406099
772	7658	0	0	0	2	0	1.202130
773	7669	0	0	0	2	0	1.795462
774	7679	0	0	0	2	0	1.467061
775	7691	0	0	0	2	0	2.887290
776	7704	0	0	0	2	0	1.500706
777	7718	0	0	0	0	0	2.638475
778	7726	0	0	0	0	0	1.891393
779	7736	0	0	0	1	0	2.680339
780	7748	0	0	0	1	0	2.101034
781	7760	0	0	0	0	0	2.586733
782	7773	0	0	0	0	0	2.721319
783	7780	0	0	0	2	0	1.120500
784	7788	0	0	0	0	0	2.215922
785	7794	0	0	0	1	0	1.116746
786	7806	0	0	0	0	0	2.029248
787	7817	0	0	0	1	0	1.845996
788	7829	0	0	0	1	0	2.824573
789	7841	0	0	0	0	0	1.297992
790	7850	0	0	0	1	0	2.495525
791	7858	0	0	0	1	0	1.163473
792	7871	0	0	0	2	0	2.195829
793	7878	0	0	0	1	0	2.596962
794	7891	0	0	0	1	0	2.491292
795	7902	0	0	0	2	0	1.363568
796	7911	0	0	0	0	0	1.976683
797	7919	0	0	0	0	0	2.599853
798	7929	0	0	0	2	0	1.343938
799	7937	0	0	0	1	0	2.732034
800	7949	0	0	0	0	0	2.800791
801	7956	0	0	0	1	0	2.218023
802	7963	0	0	0	0	0	1.389827
803	7971	0	0	0	1	0	2.518335
804	7980	0	0	0	1	0	2.399008
805	7988	0	0	0	0	0	1.498907
806	8003	0	0	0	1	0	1.705323
807	8018	0	0	0	1	0	1.518961
808	8026	0	0	0	0	0	2.578296
809	8030	0	0	0	1	0	1.774721
810	8041	0	0	0	1	0	2.788576
811	8049	0	0	0	2	0	2.720893
812	8062	0	0	0	2	0	1.158406
813	8079	0	0	0	0	0	1.822435
814	8089	0	0	0	2	0	2.833479
815	8093	0	0	0	1	0	1.407461
816	8102	0	0	0	2	0	1.661125
817	8111	0	0	0	1	0	2.623720
818	8117	0	0	0	0	0	1.141243
819	8132	0	0	0	0	0	1.038266
820	8136	0	0	0	0	0	2.612781
821	8149	0	0	0	1	0	1.360313
822	8161	0	0	0	1	0	1.444335
823	8166	0	0	0	2	0	2.060676
824	8175	0	0	0	0	0	2.806299
825	8183	0	0	0	0	0	1.172494
826	8195	0	0	0	2	0	1.522831
827	8203	0	0	0	0	0	2.833992
828	8219	0	0	0	0	0	2.705831
829	8229	0	0	0	2	0	1.482285
830	8234	0	0	0	0	0	2.895389
831	8250	0	0	0	2	0	2.745934
832	8258	0	0	0	2	0	2.251943
833	8262	0	0	0	1	0	1.803242
834	8275	0	0	0	2	0	2.918167
835	8284	0	0	0	1	0	2.995726
836	8294	0	0	0	0	0	2.534826
837	8303	0	0	0	0	0	2.240789
838	8311	0	0	0	0	0	2.632576
839	8322	0	0	0	1	0	1.288483
840	8332	0	0	0	0	0	2.983231
841	8339	0	0	0	0	0	1.505396
842	8348	0	0	0	1	0	2.575870
843	8357	0	0	0	2	0	2.353060
844	8371	0	0	0	1	0	1.659402
845	8386	0	0	0	1	0	2.328374
846	8395	0	0	0	1	0	2.767437
847	8405	0	0	0	1	0	1.637716
848	8419	0	0	0	0	0	2.562931
849	8433	0	0	0	0	0	1.684325
850	8439	0	0	0	2	0	1.040164
851	8452	0	0	0	0	0	2.243229
852	8464	0	0	0	0	0	1.653834
853	8476	0	0	0	0	0	1.716314
854	8483	0	0	0	1	0	1.491347
855	8494	0	0	0	1	0	2.785229
856	8505	0	0	0	1	0	1.770456
857	8516	0	0	0	1	0	2.969859
858	8524	0	0	0	1	0	2.217428
859	8537	0	0	0	1	0	1.218996
860	8544	0	0	0	0	0	2.456846
861	8549	0	0	0	1	0	1.826368
862	8563	0	0	0	2	0	1.073495
863	8576	0	0	0	1	0	1.450171
864	8586	0	0	0	1	0	1.759637
865	8596	0	0	0	0	0	1.920060
866	8607	0	0	0	2	0	1.927167
867	8613	0	0	0	1	0	1.315784
868	8621	0	0	0	1	0	1.326698
869	8629	0	0	0	1	0	1.592487
870	8641	0	0	0	0	0	2.401631
871	8649	0	0	0	1	0	1.737364
872	8660	0	0	0	1	0	2.105080
873	8670	0	0	0	0	0	1.080649
874	8681	0	0	0	0	0	2.017131
875	8687	0	0	0	2	0	1.573929
876	8697	0	0	0	1	0	1.079415
877	8705	0	0	0	1	0	2.301027
878	8715	0	0	0	2	0	1.876481
879	8724	0	0	0	0	0	1.368708
880	8730	0	0	0	1	0	1.462034
881	8740	0	0	0	0	0	2.196621
882	8754	0	0	0	1	0	2.815698
883	8763	0	0	0	0	0	1.973100
884	8775	0	0	0	2	0	2.385141
885	8779	0	0	0	2	0	2.543166
886	8787	0	0	0	0	0	2.232407
887	8795	0	0	0	2	0	2.223319
888	8808	0	0	0	1	0	2.485760
889	8814	0	0	0	1	0	2.237159
890	8822	0	0	0	1	0	1.696512
891	8833	0	0	0	1	0	2.320664
892	8838	0	0	0	0	0	2.935983
893	8850	0	0	0	0	0	1.615965
894	8858	0	0	0	1	0	2.810780
895	8873	0	0	0	1	0	1.280066
896	8881	0	0	0	2	0	1.943883
897	8894	0	0	0	1	0	1.729399
898	8903	0	0	0	1	0	2.952397
899	8912	0	0	0	1	0	1.939576
900	8917	0	0	0	0	0	1.283422
901	8922	0	0	0	1	0	2.385567
902	8932	0	0	0	1	0	1.983376
903	8942	0	0	0	2	0	1.181926
904	8952	0	0	0	1	0	2.061869
905	8963	0	0	0	0	0	1.640334
906	8972	0	0	0	0	0	2.491251
907	8980	0	0	0	1	0	2.694034
908	8987	0	0	0	0	0	1.549710
909	8992	0	0	0	1	0	1.934760
910	9002	0	0	0	2	0	2.217892
911	9015	0	0	0	0	0	2.861141
912	9026	0	0	0	2	0	1.061126
913	9036	0	0	0	1	0	2.633547
914	9046	0	0	0	2	0	2.551502
915	9053	0	0	0	2	0	2.200134
916	9059	0	0	0	2	0	1.122607
917	9073	0	0	0	2	0	2.551330
918	9085	0	0	0	1	0	1.709620
919	9099	0	0	0	2	0	2.083238
920	9107	0	0	0	2	0	2.909343
921	9119	0	0	0	2	0	2.884447
922	9128	0	0	0	2	0	1.329215
923	9137	0	0	0	0	0	2.179630
924	9146	0	0	0	0	0	2.051656
925	9155	0	0	0	0	0	2.756074
926	9164	0	0	0	0	0	2.572949
927	9176	0	0	0	0	0	2.446165
928	9187	0	0	0	1	0	1.105120
929	9193	0	0	0	1	0	2.502211
930	9202	0	0	0	1	0	1.577013
931	9208	0	0	0	1	0	2.612950
932	9218	0	0	0	2	0	2.995588
933	9229	0	0	0	1	0	1.708304
934	9239	0	0	0	0	0	2.933022
935	9244	0	0	0	1	0	1.731613
936	9253	0	0	0	0	0	2.744411
937	9260	0	0	0	0	0	1.462665
938	9268	0	0	0	0	0	1.580409
939	9277	0	0	0	0	0	1.647355
940	9289	0	0	0	0	0	2.598260
941	9301	0	0	0	0	0	1.651017
942	9314	0	0	0	2	0	2.666766
943	9327	0	0	0	1	0	1.706635
944	9340	0	0	0	1	0	2.404168
945	9349	0	0	0	1	0	2.310870
946	9362	0	0	0	1	0	2.626872
947	9373	0	0	0	1	0	1.474783
948	9382	0	0	0	0	0	2.405932
949	9402	0	0	0	0	0	2.129939
950	9414	0	0	0	0	0	1.730041
951	9421	0	0	0	0	0	1.115582
952	9438	0	0	0	0	0	2.171007
953	9445	0	0	0	0	0	1.225534
954	9450	0	0	0	1	0	1.458790
955	9461	0	0	0	1	0	1.922434
956	9471	0	0	0	0	0	2.372538
957	9480	0	0	0	0	0	2.382051
958	9486	0	0	0	2	0	1.397140
959	9492	0	0	0	0	0	1.522922
960	9504	0	0	0	0	0	2.261611
961	9511	0	0	0	0	0	2.190217
962	9520	0	0	0	0	0	2.921692
963	9530	0	0	0	1	0	2.451623
964	9537	0	0	0	1	0	1.488315
965	9549	0	0	0	0	0	1.964788
966	9559	0	0	0	0	0	2.612658
967	9567	0	0	0	1	0	1.176334
968	9578	0	0	0	1	0	2.118481
969	9586	0	0	0	0	0	2.019508
970	9592	0	0	0	0	0	1.526771
971	9597	0	0	0	2	0	2.238528
972	9604	0	0	0	2	0	2.805797
973	9613	0	0	0	0	0	2.895343
974	9619	0	0	0	2	0	1.213802
975	9631	0	0	0	0	0	1.165342
976	9646	0	0	0	0	0	2.060834
977	9654	0	0	0	0	0	1.527148
978	9662	0	0	0	2	0	2.039068
979	9670	0	0	0	0	0	1.002527
980	9681	0	0	0	0	0	1.547464
981	9686	0	0	0	2	0	2.403919
982	9696	0	0	0	0	0	1.687474
983	9705	0	0	0	1	0	2.569137
984	9715	0	0	0	1	0	1.274441
985	9720	0	0	0	0	0	2.262177
986	9733	0	0	0	0	0	2.454778
987	9740	0	0	0	0	0	1.224783
988	9753	0	0	0	2	0	1.954241
989	9765	0	0	0	0	0	1.040294
990	9779	0	0	0	2	0	1.005863
991	9789	0	0	0	0	0	1.112558
992	9798	0	0	0	1	0	2.550597
993	9810	0	0	0	1	0	1.241672
994	9819	0	0	0	2	0	2.637405
995	9829	0	0	0	2	0	1.226112
996	9835	0	0	0	0	0	1.972580
997	9842	0	0	0	0	0	2.489468
998	9851	0	0	0	1	0	2.953110
999	9859	0	0	0	1	0	2.481986
