0	1	0	0	0	0	0	2.862917
1	13	0	0	0	1	0	1.473657
2	27	0	0	0	1	0	2.384242
3	34	0	0	0	2	0	2.380591
4	42	0	0	0	1	0	1.356134
5	50	0	0	0	0	0	2.605260
6	60	0	0	0	1	0	2.513074
7	68	0	0	0	1	0	2.662944
8	72	0	0	0	0	0	2.307764
9	85	0	0	0	1	0	2.848473
10	101	0	0	0	2	0	1.475785
11	111	0	0	0	2	0	2.036259
12	119	0	0	0	1	0	2.456671
13	131	0	0	0	0	0	2.184088
14	143	0	0	0	1	0	2.855714
15	157	0	0	0	1	0	1.925932
16	166	0	0	0	2	0	2.268921
17	177	0	0	0	0	0	2.301740
18	183	0	0	0	0	0	2.298433
19	192	0	0	0	0	0	2.559539
20	203	0	0	0	1	0	1.164826
21	210	0	0	0	1	0	2.913051
22	221	0	0	0	2	0	2.488433
23	231	0	0	0	0	0	1.929034
24	241	0	0	0	2	0	1.753194
25	257	0	0	0	1	0	2.915224
26	268	0	0	0	0	0	2.323244
27	275	0	0	0	2	0	1.838529
28	290	0	0	0	1	0	2.417063
29	305	0	0	0	0	0	2.631043
30	315	0	0	0	1	0	1.514767
31	326	0	0	0	0	0	2.931152
32	334	0	0	0	2	0	1.353856
33	347	0	0	0	1	0	2.167119
34	357	0	0	0	0	0	2.751534
35	369	0	0	0	2	0	1.463235
36	378	0	0	0	0	0	1.907480
37	391	0	0	0	0	0	1.597345
38	398	0	0	0	1	0	2.195774
39	405	0	0	0	0	0	1.010529
40	414	0	0	0	0	0	1.890084
41	424	0	0	0	1	0	1.310223
42	432	0	0	0	2	0	2.307206
43	441	0	0	0	1	0	2.337702
44	449	0	0	0	1	0	2.585800
45	460	0	0	0	0	0	2.907215
46	463	0	0	0	0	0	2.227877
47	473	0	0	0	0	0	1.816707
48	487	0	0	0	2	0	2.975446
49	500	0	0	0	1	0	1.002527
50	515	0	0	0	1	0	1.457487
51	526	0	0	0	0	0	2.505154
52	533	0	0	0	0	0	2.058578
53	544	0	0	0	2	0	1.606192
54	552	0	0	0	0	0	2.077031
55	565	0	0	0	2	0	2.224287
56	580	0	0	0	0	0	1.963184
57	590	0	0	0	2	0	2.616967
58	602	0	0	0	1	0	1.024165
59	611	0	0	0	2	0	2.601840
60	628	0	0	0	0	0	2.981034
61	641	0	0	0	1	0	2.676515
62	650	0	0	0	1	0	1.619434
63	664	0	0	0	0	0	2.163648
64	674	0	0	0	1	0	1.476274
65	685	0	0	0	0	0	1.308848
66	693	0	0	0	2	0	2.124604
67	700	0	0	0	2	0	2.831022
68	710	0	0	0	1	0	2.025447
69	721	0	0	0	1	0	2.903653
70	733	0	0	0	0	0	1.476168
71	745	0	0	0	1	0	2.633077
72	751	0	0	0	0	0	2.684602
73	762	0	0	0	2	0	2.937948
74	775	0	0	0	2	0	2.730818
75	780	0	0	0	1	0	1.649012
76	794	0	0	0	1	0	1.599744
77	807	0	0	0	1	0	1.810892
78	818	0	0	0	1	0	1.099161
79	826	0	0	0	0	0	1.439999
80	840	0	0	0	1	0	2.835932
81	852	0	0	0	1	0	1.744447
82	865	0	0	0	0	0	1.670700
83	874	0	0	0	2	0	1.673268
84	878	0	0	0	2	0	2.358343
85	886	0	0	0	2	0	2.802957
86	894	0	0	0	0	0	2.231396
87	905	0	0	0	2	0	1.606844
88	923	0	0	0	2	0	2.546269
89	926	0	0	0	2	0	1.073837
90	935	0	0	0	2	0	2.791386
91	944	0	0	0	1	0	1.679952
92	957	0	0	0	0	0	1.416049
93	969	0	0	0	1	0	2.619113
94	976	0	0	0	2	0	2.452790
95	989	0	0	0	1	0	1.393354
96	1003	0	0	0	0	0	1.749655
97	1012	0	0	0	0	0	2.646296
98	1019	0	0	0	1	0	1.914299
99	1028	0	0	0	1	0	2.579110
100	1037	0	0	0	2	0	2.544383
101	1040	0	0	0	0	0	2.286286
102	1044	0	0	0	1	0	1.437896
103	1057	0	0	0	0	0	1.683814
104	1066	0	0	0	1	0	2.961990
105	1071	0	0	0	0	0	1.003241
106	1080	0	0	0	0	0	2.456579
107	1091	0	0	0	0	0	1.921749
108	1102	0	0	0	1	0	2.209643
109	1113	0	0	0	1	0	1.419421
110	1119	0	0	0	1	0	1.991083
111	1127	0	0	0	2	0	1.760559
112	1141	0	0	0	0	0	1.472298
113	1149	0	0	0	1	0	1.797000
114	1158	0	0	0	1	0	1.407932
115	1160	0	0	0	0	0	1.663436
116	1167	0	0	0	0	0	2.366471
117	1173	0	0	0	0	0	2.748432
118	1182	0	0	0	2	0	1.416163
119	1197	0	0	0	1	0	1.915934
120	1208	0	0	0	0	0	2.321582
121	1216	0	0	0	0	0	2.424492
122	1221	0	0	0	2	0	2.904617
123	1231	0	0	0	0	0	2.178006
124	1243	0	0	0	1	0	1.863771
125	1261	0	0	0	0	0	1.414703
126	1269	0	0	0	2	0	1.224155
127	1279	0	0	0	1	0	2.041782
128	1281	0	0	0	0	0	1.513882
129	1290	0	0	0	2	0	2.554751
130	1306	0	0	0	0	0	2.743501
131	1320	0	0	0	1	0	1.624514
132	1331	0	0	0	2	0	2.484076
133	1340	0	0	0	1	0	1.760083
134	1355	0	0	0	1	0	2.136350
135	1369	0	0	0	2	0	1.574867
136	1379	0	0	0	2	0	2.078874
137	1391	0	0	0	0	0	1.104951
138	1399	0	0	0	1	0	1.574847
139	1410	0	0	0	2	0	2.698205
140	1420	0	0	0	1	0	2.894447
141	1427	0	0	0	1	0	1.154654
142	1433	0	0	0	2	0	2.239386
143	1442	0	0	0	0	0	2.620942
144	1449	0	0	0	0	0	1.096321
145	1458	0	0	0	1	0	2.073455
146	1464	0	0	0	0	0	2.215781
147	1478	0	0	0	0	0	2.889769
148	1485	0	0	0	1	0	1.843851
149	1493	0	0	0	1	0	1.494191
150	1498	0	0	0	1	0	2.756723
151	1512	0	0	0	2	0	2.953030
152	1525	0	0	0	0	0	1.507603
153	1539	0	0	0	0	0	2.325059
154	1553	0	0	0	0	0	2.583405
155	1569	0	0	0	1	0	1.146412
156	1578	0	0	0	0	0	2.428782
157	1587	0	0	0	0	0	2.654670
158	1597	0	0	0	0	0	2.865859
159	1602	0	0	0	0	0	1.576230
160	1611	0	0	0	0	0	2.340533
161	1620	0	0	0	2	0	2.902271
162	1629	0	0	0	1	0	1.885956
163	1639	0	0	0	0	0	2.775665
164	1648	0	0	0	1	0	2.331481
165	1653	0	0	0	0	0	1.689753
166	1663	0	0	0	2	0	1.425350
167	1672	0	0	0	0	0	2.617146
168	1678	0	0	0	0	0	1.370092
169	1687	0	0	0	0	0	2.259036
170	1698	0	0	0	1	0	2.982182
171	1713	0	0	0	1	0	1.433978
172	1723	0	0	0	2	0	1.769078
173	1728	0	0	0	0	0	1.226868
174	1730	0	0	0	0	0	1.428289
175	1740	0	0	0	1	0	2.469663
176	1748	0	0	0	2	0	1.424445
177	1758	0	0	0	2	0	1.508416
178	1764	0	0	0	1	0	2.611345
179	1773	0	0	0	0	0	1.577083
180	1781	0	0	0	0	0	2.899821
181	1788	0	0	0	1	0	2.336283
182	1798	0	0	0	2	0	1.839498
183	1807	0	0	0	2	0	1.917069
184	1816	0	0	0	1	0	1.894055
185	1824	0	0	0	0	0	1.353861
186	1830	0	0	0	0	0	2.442900
187	1841	0	0	0	2	0	2.589954
188	1848	0	0	0	2	0	1.449693
189	1854	0	0	0	2	0	2.887975
190	1862	0	0	0	0	0	1.481032
191	1872	0	0	0	0	0	2.569396
192	1881	0	0	0	2	0	2.055338
193	1888	0	0	0	0	0	2.824815
194	1893	0	0	0	2	0	2.653492
195	1911	0	0	0	0	0	2.872850
196	1920	0	0	0	2	0	2.172641
197	1929	0	0	0	0	0	2.978218
198	1942	0	0	0	0	0	2.906724
199	1955	0	0	0	0	0	2.328254
200	1965	0	0	0	0	0	2.501842
201	1979	0	0	0	2	0	1.409671
202	1985	0	0	0	0	0	1.485719
203	1993	0	0	0	1	0	1.499064
204	2002	0	0	0	1	0	1.676575
205	2012	0	0	0	2	0	2.446541
206	2021	0	0	0	1	0	1.278623
207	2034	0	0	0	2	0	2.597268
208	2046	0	0	0	2	0	2.910891
209	2057	0	0	0	1	0	1.830838
210	2066	0	0	0	2	0	1.934193
211	2076	0	0	0	0	0	1.120777
212	2084	0	0	0	1	0	2.726872
213	2096	0	0	0	1	0	1.591976
214	2109	0	0	0	0	0	2.633159
215	2121	0	0	0	1	0	2.744474
216	2126	0	0	0	2	0	2.279784
217	2136	0	0	0	2	0	2.681988
218	2147	0	0	0	0	0	1.541041
219	2160	0	0	0	2	0	1.306635
220	2170	0	0	0	0	0	1.866746
221	2177	0	0	0	1	0	1.702404
222	2190	0	0	0	1	0	2.383006
223	2198	0	0	0	1	0	2.963890
224	2215	0	0	0	0	0	1.269871
225	2223	0	0	0	0	0	2.954440
226	2233	0	0	0	0	0	1.890447
227	2241	0	0	0	2	0	1.250535
228	2253	0	0	0	0	0	1.012919
229	2262	0	0	0	1	0	1.084326
230	2269	0	0	0	2	0	2.793008
231	2275	0	0	0	2	0	1.640807
232	2287	0	0	0	1	0	2.037395
233	2298	0	0	0	2	0	2.468489
234	2307	0	0	0	2	0	1.433154
235	2320	0	0	0	0	0	1.607966
236	2332	0	0	0	0	0	2.439466
237	2340	0	0	0	0	0	2.206275
238	2346	0	0	0	1	0	2.505663
239	2358	0	0	0	0	0	1.248519
240	2362	0	0	0	1	0	1.265684
241	2374	0	0	0	1	0	1.491348
242	2381	0	0	0	0	0	2.046290
243	2389	0	0	0	0	0	2.657382
244	2404	0	0	0	2	0	1.916598
245	2410	0	0	0	0	0	1.457098
246	2422	0	0	0	1	0	1.023357
247	2432	0	0	0	2	0	1.895158
248	2446	0	0	0	2	0	1.754490
249	2457	0	0	0	2	0	1.142394
250	2473	0	0	0	1	0	2.365504
251	2483	0	0	0	2	0	2.290567
252	2492	0	0	0	0	0	1.619987
253	2506	0	0	0	0	0	1.736769
254	2520	0	0	0	0	0	2.604804
255	2528	0	0	0	0	0	2.493963
256	2534	0	0	0	0	0	1.358685
257	2546	0	0	0	0	0	2.089418
258	2558	0	0	0	0	0	2.936695
259	2573	0	0	0	1	0	1.913437
260	2585	0	0	0	1	0	1.103970
261	2598	0	0	0	0	0	2.301301
262	2612	0	0	0	2	0	2.146238
263	2625	0	0	0	1	0	1.676176
264	2635	0	0	0	2	0	2.359603
265	2644	0	0	0	0	0	2.629675
266	2649	0	0	0	0	0	1.094357
267	2663	0	0	0	0	0	1.193115
268	2673	0	0	0	1	0	2.132224
269	2680	0	0	0	1	0	1.417347
270	2688	0	0	0	0	0	1.297004
271	2700	0	0	0	2	0	2.036879
272	2713	0	0	0	2	0	2.128318
273	2722	0	0	0	1	0	2.617614
274	2730	0	0	0	0	0	1.162148
275	2739	0	0	0	2	0	2.678517
276	2745	0	0	0	2	0	1.623819
277	2751	0	0	0	0	0	2.021413
278	2760	0	0	0	0	0	2.766457
279	2767	0	0	0	0	0	2.613439
280	2777	0	0	0	1	0	1.704755
281	2788	0	0	0	0	0	1.405908
282	2798	0	0	0	2	0	1.007465
283	2813	0	0	0	2	0	1.129414
284	2826	0	0	0	1	0	2.508523
285	2837	0	0	0	2	0	2.749596
286	2846	0	0	0	1	0	1.346598
287	2856	0	0	0	0	0	2.658213
288	2862	0	0	0	1	0	1.773860
289	2875	0	0	0	2	0	2.630233
290	2887	0	0	0	0	0	2.140771
291	2900	0	0	0	1	0	2.409442
292	2908	0	0	0	0	0	2.737549
293	2915	0	0	0	2	0	2.271328
294	2921	0	0	0	1	0	1.686955
295	2929	0	0	0	2	0	2.344034
296	2940	0	0	0	0	0	1.872238
297	2953	0	0	0	0	0	2.365925
298	2963	0	0	0	0	0	2.018210
299	2973	0	0	0	0	0	1.961316
300	2987	0	0	0	2	0	2.612591
301	2998	0	0	0	0	0	2.269040
302	3010	0	0	0	0	0	1.967540
303	3021	0	0	0	1	0	2.836411
304	3029	0	0	0	0	0	2.493266
305	3033	0	0	0	2	0	1.100254
306	3044	0	0	0	1	0	2.335890
307	3048	0	0	0	0	0	2.823995
308	3053	0	0	0	1	0	1.585982
309	3067	0	0	0	2	0	2.388306
310	3077	0	0	0	1	0	2.844408
311	3087	0	0	0	0	0	1.659042
312	3099	0	0	0	1	0	1.238117
313	3106	0	0	0	2	0	1.589097
314	3115	0	0	0	0	0	2.841396
315	3125	0	0	0	1	0	2.503537
316	3132	0	0	0	0	0	2.325116
317	3144	0	0	0	1	0	2.652731
318	3156	0	0	0	2	0	1.144595
319	3163	0	0	0	2	0	2.574567
320	3170	0	0	0	2	0	2.572881
321	3174	0	0	0	1	0	2.280307
322	3187	0	0	0	2	0	1.106288
323	3196	0	0	0	2	0	2.788371
324	3209	0	0	0	0	0	2.597886
325	3226	0	0	0	0	0	1.221786
326	3239	0	0	0	1	0	2.004105
327	3249	0	0	0	2	0	1.817082
328	3256	0	0	0	1	0	2.026641
329	3265	0	0	0	1	0	1.650993
330	3281	0	0	0	0	0	1.651453
331	3293	0	0	0	2	0	1.640612
332	3305	0	0	0	1	0	2.887511
333	3311	0	0	0	1	0	2.359689
334	3318	0	0	0	0	0	1.893558
335	3329	0	0	0	0	0	2.982384
336	3344	0	0	0	0	0	1.726421
337	3352	0	0	0	0	0	1.461559
338	3359	0	0	0	0	0	2.011795
339	3372	0	0	0	1	0	1.963108
340	3380	0	0	0	2	0	2.703806
341	3388	0	0	0	0	0	2.078297
342	3397	0	0	0	2	0	2.745624
343	3406	0	0	0	0	0	2.943902
344	3418	0	0	0	2	0	1.262230
345	3430	0	0	0	2	0	1.542002
346	3441	0	0	0	0	0	1.286757
347	3455	0	0	0	0	0	1.821611
348	3467	0	0	0	2	0	2.799293
349	3478	0	0	0	0	0	2.364400
350	3487	0	0	0	1	0	2.091497
351	3494	0	0	0	1	0	1.553466
352	3503	0	0	0	2	0	2.030614
353	3514	0	0	0	2	0	1.629228
354	3524	0	0	0	2	0	2.137679
355	3532	0	0	0	1	0	1.153853
356	3545	0	0	0	1	0	2.899536
357	3550	0	0	0	1	0	2.378832
358	3556	0	0	0	1	0	2.408825
359	3568	0	0	0	0	0	2.016154
360	3581	0	0	0	1	0	1.851812
361	3587	0	0	0	1	0	2.567252
362	3595	0	0	0	1	0	2.803086
363	3610	0	0	0	0	0	2.446825
364	3618	0	0	0	0	0	2.858158
365	3629	0	0	0	1	0	2.930644
366	3641	0	0	0	0	0	2.646665
367	3651	0	0	0	0	0	2.732645
368	3665	0	0	0	0	0	1.650140
369	3676	0	0	0	1	0	2.410948
370	3688	0	0	0	1	0	1.978174
371	3690	0	0	0	0	0	2.055627
372	3699	0	0	0	1	0	1.721602
373	3707	0	0	0	1	0	2.721725
374	3720	0	0	0	2	0	2.999896
375	3739	0	0	0	1	0	2.818346
376	3746	0	0	0	0	0	2.719077
377	3753	0	0	0	2	0	2.988847
378	3759	0	0	0	0	0	2.449266
379	3766	0	0	0	2	0	2.899628
380	3778	0	0	0	0	0	1.704332
381	3788	0	0	0	1	0	1.954876
382	3796	0	0	0	0	0	2.204727
383	3806	0	0	0	0	0	1.484499
384	3816	0	0	0	0	0	2.423419
385	3824	0	0	0	2	0	2.159167
386	3832	0	0	0	1	0	2.845594
387	3842	0	0	0	1	0	2.382236
388	3855	0	0	0	0	0	2.147926
389	3863	0	0	0	0	0	1.551488
390	3875	0	0	0	0	0	1.609077
391	3885	0	0	0	0	0	1.172504
392	3896	0	0	0	1	0	1.809023
393	3906	0	0	0	1	0	1.321720
394	3914	0	0	0	2	0	1.157419
395	3921	0	0	0	2	0	1.174279
396	3933	0	0	0	1	0	1.302944
397	3945	0	0	0	2	0	1.190078
398	3960	0	0	0	0	0	2.568327
399	3969	0	0	0	1	0	2.087831
400	3975	0	0	0	1	0	1.159537
401	3981	0	0	0	1	0	2.761620
402	3997	0	0	0	2	0	1.949706
403	4008	0	0	0	0	0	1.445397
404	4012	0	0	0	1	0	2.970419
405	4025	0	0	0	1	0	2.524667
406	4032	0	0	0	1	0	1.926488
407	4038	0	0	0	0	0	2.894958
408	4046	0	0	0	0	0	1.418925
409	4055	0	0	0	2	0	2.947656
410	4064	0	0	0	0	0	1.380777
411	4070	0	0	0	0	0	1.422621
412	4082	0	0	0	2	0	2.028065
413	4091	0	0	0	1	0	2.401835
414	4099	0	0	0	1	0	1.028431
415	4114	0	0	0	0	0	1.331273
416	4120	0	0	0	1	0	2.469527
417	4129	0	0	0	0	0	2.288786
418	4141	0	0	0	2	0	2.171287
419	4151	0	0	0	2	0	1.264954
420	4159	0	0	0	1	0	2.121277
421	4166	0	0	0	0	0	1.349331
422	4177	0	0	0	1	0	1.121622
423	4188	0	0	0	1	0	2.247172
424	4193	0	0	0	0	0	1.047702
425	4205	0	0	0	2	0	1.680630
426	4217	0	0	0	0	0	2.320235
427	4232	0	0	0	2	0	1.269462
428	4239	0	0	0	2	0	2.718389
429	4245	0	0	0	0	0	2.235342
430	4252	0	0	0	0	0	2.908153
431	4266	0	0	0	1	0	2.896358
432	4277	0	0	0	2	0	1.961577
433	4280	0	0	0	2	0	1.053516
434	4289	0	0	0	1	0	2.617571
435	4302	0	0	0	1	0	2.624162
436	4310	0	0	0	2	0	2.597957
437	4320	0	0	0	0	0	1.465443
438	4329	0	0	0	0	0	1.121577
439	4339	0	0	0	0	0	1.985285
440	4351	0	0	0	0	0	2.004223
441	4362	0	0	0	0	0	1.559168
442	4368	0	0	0	1	0	1.072740
443	4376	0	0	0	0	0	1.573005
444	4387	0	0	0	0	0	2.461798
445	4399	0	0	0	1	0	1.767549
446	4415	0	0	0	1	0	1.821532
447	4424	0	0	0	1	0	2.093274
448	4429	0	0	0	1	0	1.871561
449	4435	0	0	0	0	0	2.327679
450	4446	0	0	0	2	0	1.726584
451	4460	0	0	0	0	0	1.189550
452	4471	0	0	0	1	0	1.065910
453	4479	0	0	0	1	0	1.477285
454	4487	0	0	0	2	0	1.670847
455	4498	0	0	0	1	0	1.694299
456	4507	0	0	0	1	0	2.228270
457	4521	0	0	0	1	0	2.592996
458	4526	0	0	0	0	0	1.057939
459	4538	0	0	0	0	0	1.341488
460	4551	0	0	0	0	0	2.678986
461	4559	0	0	0	1	0	2.978585
462	4571	0	0	0	0	0	2.136644
463	4579	0	0	0	2	0	1.114740
464	4592	0	0	0	0	0	1.966389
465	4608	0	0	0	0	0	2.309161
466	4617	0	0	0	0	0	1.767218
467	4628	0	0	0	2	0	1.938518
468	4638	0	0	0	0	0	1.288504
469	4645	0	0	0	0	0	1.938752
470	4656	0	0	0	1	0	2.874547
471	4663	0	0	0	0	0	1.100114
472	4680	0	0	0	0	0	1.174620
473	4689	0	0	0	2	0	1.170806
474	4705	0	0	0	2	0	1.661677
475	4710	0	0	0	2	0	2.109030
476	4719	0	0	0	1	0	1.280414
477	4732	0	0	0	0	0	1.997362
478	4736	0	0	0	2	0	1.353147
479	4746	0	0	0	1	0	2.219329
480	4753	0	0	0	1	0	1.923590
481	4767	0	0	0	1	0	1.192511
482	4781	0	0	0	0	0	2.215643
483	4789	0	0	0	2	0	1.058897
484	4800	0	0	0	0	0	2.199555
485	4807	0	0	0	0	0	2.308466
486	4815	0	0	0	0	0	2.079929
487	4828	0	0	0	1	0	2.742215
488	4841	0	0	0	2	0	1.888319
489	4845	0	0	0	2	0	1.576181
490	4855	0	0	0	0	0	2.147289
491	4868	0	0	0	0	0	1.280630
492	4882	0	0	0	0	0	2.954789
493	4893	0	0	0	2	0	2.306409
494	4905	0	0	0	0	0	1.450231
495	4915	0	0	0	2	0	1.352644
496	4920	0	0	0	2	0	1.322809
497	4928	0	0	0	1	0	2.127942
498	4934	0	0	0	1	0	2.706564
499	4942	0	0	0	0	0	1.347177
500	4955	0	0	0	0	0	2.988534
501	4968	0	0	0	1	0	1.505182
502	4979	0	0	0	2	0	2.997234
503	4989	0	0	0	1	0	1.639312
504	5000	0	0	0	0	0	1.602221
505	5009	0	0	0	1	0	1.547639
506	5016	0	0	0	2	0	2.584594
507	5021	0	0	0	0	0	2.993503
508	5037	0	0	0	2	0	1.771726
509	5046	0	0	0	2	0	1.272410
510	5058	0	0	0	2	0	2.714884
511	5069	0	0	0	2	0	1.022740
512	5080	0	0	0	0	0	2.388486
513	5092	0	0	0	1	0	2.027767
514	5100	0	0	0	2	0	1.999480
515	5115	0	0	0	1	0	1.503179
516	5127	0	0	0	0	0	1.847330
517	5140	0	0	0	1	0	2.111864
518	5150	0	0	0	1	0	2.038993
519	5160	0	0	0	1	0	2.517038
520	5169	0	0	0	0	0	2.122178
521	5183	0	0	0	0	0	2.001703
522	5193	0	0	0	0	0	2.436243
523	5204	0	0	0	0	0	1.380588
524	5212	0	0	0	0	0	2.141145
525	5225	0	0	0	1	0	1.168146
526	5234	0	0	0	1	0	2.814236
527	5242	0	0	0	2	0	1.402224
528	5257	0	0	0	1	0	2.060053
529	5263	0	0	0	0	0	2.494285
530	5272	0	0	0	2	0	1.052098
531	5280	0	0	0	1	0	1.722027
532	5290	0	0	0	2	0	1.009253
533	5303	0	0	0	2	0	2.911011
534	5314	0	0	0	1	0	2.066612
535	5319	0	0	0	1	0	1.078279
536	5331	0	0	0	1	0	2.493650
537	5340	0	0	0	1	0	1.897319
538	5351	0	0	0	0	0	1.282790
539	5362	0	0	0	0	0	1.421787
540	5374	0	0	0	0	0	2.586720
541	5384	0	0	0	2	0	2.492475
542	5395	0	0	0	1	0	1.161789
543	5416	0	0	0	0	0	1.983150
544	5425	0	0	0	0	0	1.984325
545	5433	0	0	0	1	0	2.164793
546	5443	0	0	0	2	0	1.027734
547	5451	0	0	0	0	0	1.420478
548	5463	0	0	0	0	0	2.454889
549	5472	0	0	0	1	0	1.169960
550	5478	0	0	0	0	0	1.082728
551	5486	0	0	0	1	0	1.315371
552	5496	0	0	0	0	0	2.869594
553	5507	0	0	0	2	0	1.181638
554	5520	0	0	0	1	0	2.632092
555	5527	0	0	0	2	0	2.362100
556	5535	0	0	0	0	0	2.539809
557	5541	0	0	0	0	0	2.979454
558	5552	0	0	0	0	0	2.083260
559	5558	0	0	0	0	0	2.911280
560	5567	0	0	0	2	0	2.957799
561	5577	0	0	0	0	0	2.274914
562	5589	0	0	0	1	0	1.584653
563	5600	0	0	0	1	0	2.896268
564	5612	0	0	0	1	0	2.120771
565	5620	0	0	0	2	0	2.324773
566	5632	0	0	0	0	0	1.586553
567	5644	0	0	0	1	0	1.399761
568	5659	0	0	0	2	0	2.661716
569	5667	0	0	0	1	0	1.655207
570	5678	0	0	0	1	0	2.802023
571	5691	0	0	0	1	0	1.688882
572	5699	0	0	0	1	0	1.808259
573	5711	0	0	0	0	0	1.321945
574	5718	0	0	0	0	0	1.213088
575	5730	0	0	0	2	0	2.466013
576	5742	0	0	0	2	0	2.245514
577	5753	0	0	0	2	0	2.579324
578	5768	0	0	0	1	0	1.887921
579	5778	0	0	0	0	0	1.626195
580	5791	0	0	0	1	0	1.964104
581	5802	0	0	0	0	0	2.984377
582	5814	0	0	0	2	0	1.002384
583	5829	0	0	0	1	0	1.887720
584	5838	0	0	0	0	0	1.822021
585	5849	0	0	0	1	0	2.437381
586	5856	0	0	0	0	0	1.095899
587	5869	0	0	0	0	0	1.337383
588	5881	0	0	0	0	0	1.141289
589	5893	0	0	0	0	0	1.590874
590	5912	0	0	0	1	0	2.597421
591	5919	0	0	0	2	0	2.118726
592	5922	0	0	0	2	0	1.429705
593	5931	0	0	0	0	0	1.115010
594	5934	0	0	0	2	0	1.070908
595	5946	0	0	0	0	0	2.418172
596	5959	0	0	0	0	0	2.481573
597	5969	0	0	0	0	0	1.847664
598	5981	0	0	0	0	0	2.916208
599	5988	0	0	0	1	0	1.348919
600	5990	0	0	0	1	0	1.801004
601	6001	0	0	0	2	0	2.074488
602	6012	0	0	0	0	0	2.858251
603	6022	0	0	0	0	0	2.960552
604	6031	0	0	0	0	0	2.703337
605	6036	0	0	0	2	0	2.299693
606	6044	0	0	0	2	0	1.215634
607	6051	0	0	0	1	0	2.696672
608	6066	0	0	0	0	0	2.322133
609	6085	0	0	0	0	0	2.979937
610	6093	0	0	0	2	0	1.296278
611	6104	0	0	0	2	0	2.235261
612	6114	0	0	0	1	0	1.781263
613	6123	0	0	0	0	0	1.936668
614	6131	0	0	0	0	0	1.589194
615	6136	0	0	0	1	0	1.560864
616	6145	0	0	0	1	0	1.289059
617	6151	0	0	0	2	0	2.869676
618	6162	0	0	0	1	0	2.640100
619	6172	0	0	0	0	0	2.741619
620	6186	0	0	0	2	0	1.765107
621	6191	0	0	0	1	0	1.307986
622	6202	0	0	0	0	0	2.488981
623	6216	0	0	0	2	0	1.737798
624	6227	0	0	0	1	0	1.169446
625	6237	0	0	0	0	0	2.854835
626	6249	0	0	0	1	0	2.212136
627	6256	0	0	0	1	0	2.722921
628	6267	0	0	0	0	0	1.234854
629	6276	0	0	0	1	0	1.664144
630	6290	0	0	0	1	0	2.359709
631	6296	0	0	0	0	0	2.122553
632	6306	0	0	0	1	0	2.027165
633	6315	0	0	0	1	0	1.931794
634	6329	0	0	0	2	0	1.796994
635	6337	0	0	0	2	0	1.326101
636	6346	0	0	0	1	0	1.818810
637	6360	0	0	0	1	0	1.490754
638	6372	0	0	0	1	0	2.038606
639	6384	0	0	0	1	0	2.784498
640	6396	0	0	0	0	0	1.708367
641	6402	0	0	0	0	0	1.106491
642	6413	0	0	0	1	0	2.214131
643	6424	0	0	0	0	0	1.812552
644	6439	0	0	0	0	0	2.838420
645	6448	0	0	0	0	0	1.880930
646	6464	0	0	0	2	0	1.500947
647	6476	0	0	0	0	0	1.987529
648	6482	0	0	0	1	0	1.210353
649	6489	0	0	0	2	0	2.809519
650	6500	0	0	0	0	0	2.526646
651	6508	0	0	0	2	0	1.126841
652	6519	0	0	0	2	0	2.918091
653	6525	0	0	0	2	0	1.389375
654	6535	0	0	0	0	0	1.278491
655	6542	0	0	0	1	0	2.754886
656	6550	0	0	0	1	0	1.673395
657	6559	0	0	0	1	0	1.246153
658	6575	0	0	0	2	0	1.196080
659	6580	0	0	0	0	0	1.758031
660	6593	0	0	0	0	0	1.596151
661	6601	0	0	0	0	0	2.070148
662	6608	0	0	0	0	0	2.302575
663	6619	0	0	0	0	0	1.320598
664	6630	0	0	0	0	0	2.056011
665	6637	0	0	0	1	0	1.305808
666	6651	0	0	0	2	0	1.396090
667	6661	0	0	0	0	0	1.145667
668	6670	0	0	0	0	0	1.045294
669	6680	0	0	0	1	0	2.133576
670	6687	0	0	0	1	0	2.195011
671	6698	0	0	0	0	0	1.937965
672	6706	0	0	0	0	0	1.468929
673	6713	0	0	0	1	0	2.002035
674	6724	0	0	0	2	0	2.349833
675	6730	0	0	0	1	0	2.350744
676	6736	0	0	0	0	0	2.885698
677	6750	0	0	0	0	0	2.455642
678	6767	0	0	0	2	0	2.048105
679	6776	0	0	0	1	0	1.873440
680	6786	0	0	0	2	0	1.741167
681	6795	0	0	0	1	0	1.177932
682	6804	0	0	0	1	0	2.310575
683	6818	0	0	0	1	0	1.057189
684	6834	0	0	0	1	0	1.807147
685	6844	0	0	0	1	0	2.838941
686	6858	0	0	0	1	0	1.907457
687	6871	0	0	0	2	0	1.686091
688	6881	0	0	0	2	0	2.420994
689	6894	0	0	0	0	0	2.308247
690	6907	0	0	0	0	0	2.105880
691	6926	0	0	0	0	0	2.410046
692	6934	0	0	0	0	0	2.290891
693	6947	0	0	0	0	0	1.050990
694	6960	0	0	0	0	0	1.010942
695	6973	0	0	0	2	0	1.226757
696	6991	0	0	0	0	0	2.004244
697	7004	0	0	0	2	0	1.739493
698	7010	0	0	0	1	0	2.578169
699	7019	0	0	0	0	0	2.565566
700	7025	0	0	0	0	0	2.835261
701	7035	0	0	0	1	0	2.582263
702	7042	0	0	0	0	0	2.744539
703	7050	0	0	0	2	0	1.791017
704	7057	0	0	0	1	0	2.723732
705	7062	0	0	0	0	0	2.892518
706	7070	0	0	0	2	0	1.648118
707	7082	0	0	0	0	0	2.876232
708	7093	0	0	0	0	0	2.032502
709	7102	0	0	0	0	0	2.165031
710	7113	0	0	0	2	0	2.147262
711	7122	0	0	0	0	0	2.720360
712	7132	0	0	0	1	0	2.062257
713	7144	0	0	0	0	0	1.483529
714	7155	0	0	0	2	0	1.041364
715	7165	0	0	0	1	0	1.542909
716	7172	0	0	0	2	0	2.827105
717	7184	0	0	0	1	0	1.801410
718	7193	0	0	0	0	0	1.151913
719	7199	0	0	0	2	0	2.299610
720	7210	0	0	0	0	0	2.552746
721	7219	0	0	0	0	0	1.017202
722	7227	0	0	0	2	0	1.103023
723	7236	0	0	0	1	0	2.101101
724	7247	0	0	0	1	0	2.062424
725	7255	0	0	0	0	0	2.997934
726	7269	0	0	0	1	0	1.134389
727	7276	0	0	0	0	0	1.476032
728	7285	0	0	0	2	0	2.762356
729	7295	0	0	0	0	0	2.571531
730	7300	0	0	0	1	0	2.469121
731	7311	0	0	0	0	0	2.290389
732	7322	0	0	0	2	0	1.617596
733	7332	0	0	0	1	0	2.195282
734	7341	0	0	0	1	0	2.814464
735	7355	0	0	0	0	0	1.198873
736	7363	0	0	0	0	0	1.241028
737	7371	0	0	0	2	0	1.589046
738	7384	0	0	0	0	0	2.119159
739	7392	0	0	0	0	0	1.863869
740	7402	0	0	0	0	0	1.988208
741	7415	0	0	0	1	0	1.639438
742	7423	0	0	0	0	0	2.537917
743	7434	0	0	0	1	0	1.745903
744	7447	0	0	0	0	0	1.746925
745	7453	0	0	0	1	0	2.582347
746	7462	0	0	0	2	0	2.795077
747	7475	0	0	0	1	0	2.212221
748	7485	0	0	0	0	0	1.635188
749	7497	0	0	0	1	0	1.215892
750	7505	0	0	0	2	0	2.253942
751	7518	0	0	0	0	0	2.302085
752	7532	0	0	0	1	0	1.377522
753	7546	0	0	0	1	0	1.583278
754	7556	0	0	0	0	0	2.020453
755	7564	0	0	0	0	0	1.751471
756	7573	0	0	0	2	0	2.774265
757	7583	0	0	0	2	0	1.223225
758	7596	0	0	0	0	0	1.574382
759	7606	0	0	0	1	0	1.590092
760	7616	0	0	0	2	0	2.841886
761	7620	0	0	0	0	0	2.798886
762	7626	0	0	0	0	0	2.751480
763	7635	0	0	0	2	0	1.317264
764	7648	0	0	0	0	0	1.691520
765	7652	0	0	0	1	0	1.688712
766	7660	0	0	0	0	0	1.507714
767	7673	0	0	0	2	0	1.389554
768	7684	0	0	0	0	0	1.923277
769	7697	0	0	0	0	0	2.228042
770	7714	0	0	0	0	0	1.167718
771	7723	0	0	0	2	0	1.730514
772	7732	0	0	0	2	0	2.555868
773	7746	0	0	0	1	0	1.181695
774	7750	0	0	0	1	0	2.353900
775	7758	0	0	0	0	0	2.819408
776	7766	0	0	0	0	0	2.160565
777	7777	0	0	0	1	0	2.172448
778	7786	0	0	0	1	0	2.067280
779	7802	0	0	0	0	0	2.480247
780	7814	0	0	0	2	0	1.627242
781	7833	0	0	0	1	0	2.762207
782	7843	0	0	0	0	0	1.187226
783	7854	0	0	0	0	0	1.279821
784	7857	0	0	0	0	0	1.623272
785	7865	0	0	0	2	0	1.238031
786	7880	0	0	0	0	0	2.875569
787	7893	0	0	0	0	0	2.310151
788	7906	0	0	0	0	0	1.765002
789	7914	0	0	0	1	0	1.814504
790	7926	0	0	0	0	0	1.048748
791	7933	0	0	0	0	0	1.309620
792	7940	0	0	0	0	0	2.396006
793	7952	0	0	0	0	0	2.059386
794	7966	0	0	0	1	0	2.617024
795	7976	0	0	0	1	0	2.760438
796	7988	0	0	0	1	0	1.178342
797	7996	0	0	0	1	0	2.378448
798	8007	0	0	0	1	0	2.750312
799	8017	0	0	0	0	0	1.217209
800	8029	0	0	0	0	0	1.007182
801	8038	0	0	0	2	0	2.287947
802	8045	0	0	0	1	0	1.790020
803	8055	0	0	0	0	0	1.069267
804	8064	0	0	0	2	0	2.307385
805	8071	0	0	0	0	0	2.858273
806	8081	0	0	0	1	0	2.541340
807	8088	0	0	0	2	0	2.517150
808	8096	0	0	0	1	0	1.958152
809	8107	0	0	0	0	0	1.931625
810	8114	0	0	0	0	0	1.917817
811	8125	0	0	0	2	0	2.543969
812	8136	0	0	0	1	0	1.572288
813	8147	0	0	0	0	0	1.190000
814	8157	0	0	0	2	0	1.676926
815	8163	0	0	0	0	0	1.656339
816	8170	0	0	0	2	0	1.366270
817	8185	0	0	0	0	0	2.682287
818	8197	0	0	0	1	0	2.914542
819	8206	0	0	0	0	0	2.828038
820	8214	0	0	0	1	0	1.237277
821	8224	0	0	0	1	0	2.191008
822	8234	0	0	0	0	0	1.998851
823	8246	0	0	0	2	0	2.056812
824	8257	0	0	0	2	0	1.424277
825	8266	0	0	0	0	0	1.718270
826	8275	0	0	0	1	0	2.699230
827	8290	0	0	0	1	0	2.545498
828	8306	0	0	0	2	0	2.635521
829	8313	0	0	0	2	0	2.719613
830	8326	0	0	0	0	0	1.014983
831	8336	0	0	0	1	0	1.528813
832	8344	0	0	0	0	0	1.549049
833	8354	0	0	0	1	0	1.865710
834	8365	0	0	0	2	0	2.548065
835	8374	0	0	0	2	0	2.903498
836	8389	0	0	0	0	0	2.790282
837	8398	0	0	0	1	0	1.749755
838	8415	0	0	0	0	0	1.299070
839	8427	0	0	0	2	0	2.396376
840	8437	0	0	0	2	0	1.973301
841	8447	0	0	0	2	0	2.947660
842	8459	0	0	0	0	0	2.863423
843	8465	0	0	0	2	0	2.292878
844	8482	0	0	0	0	0	1.426025
845	8488	0	0	0	1	0	2.939790
846	8494	0	0	0	1	0	1.490514
847	8500	0	0	0	0	0	1.444464
848	8510	0	0	0	1	0	2.483930
849	8517	0	0	0	0	0	2.523453
850	8524	0	0	0	2	0	1.391071
851	8534	0	0	0	1	0	1.324060
852	8542	0	0	0	2	0	1.513430
853	8550	0	0	0	2	0	2.958031
854	8559	0	0	0	0	0	2.714674
855	8571	0	0	0	0	0	1.207637
856	8582	0	0	0	0	0	1.155191
857	8592	0	0	0	0	0	2.256565
858	8609	0	0	0	0	0	2.057257
859	8620	0	0	0	0	0	2.192788
860	8626	0	0	0	0	0	2.382772
861	8635	0	0	0	0	0	2.642192
862	8641	0	0	0	0	0	1.499861
863	8652	0	0	0	2	0	1.504828
864	8665	0	0	0	1	0	1.522802
865	8677	0	0	0	2	0	1.101849
866	8684	0	0	0	0	0	2.145468
867	8693	0	0	0	0	0	2.443940
868	8702	0	0	0	2	0	2.747021
869	8711	0	0	0	2	0	1.353779
870	8724	0	0	0	0	0	1.660592
871	8735	0	0	0	1	0	2.640759
872	8740	0	0	0	0	0	2.241940
873	8745	0	0	0	1	0	2.327559
874	8751	0	0	0	0	0	2.190492
875	8758	0	0	0	1	0	2.256764
876	8766	0	0	0	0	0	2.466166
877	8775	0	0	0	2	0	1.309211
878	8784	0	0	0	1	0	1.230363
879	8796	0	0	0	1	0	1.713553
880	8814	0	0	0	2	0	2.282233
881	8828	0	0	0	2	0	1.327475
882	8839	0	0	0	2	0	1.173339
883	8859	0	0	0	0	0	2.333255
884	8870	0	0	0	0	0	2.765254
885	8878	0	0	0	1	0	2.184010
886	8895	0	0	0	1	0	2.797159
887	8906	0	0	0	1	0	2.759894
888	8913	0	0	0	0	0	1.328778
889	8923	0	0	0	0	0	1.561070
890	8933	0	0	0	0	0	2.649557
891	8940	0	0	0	2	0	1.977011
892	8949	0	0	0	0	0	1.185625
893	8959	0	0	0	2	0	2.775261
894	8970	0	0	0	2	0	1.250746
895	8979	0	0	0	2	0	1.134882
896	8986	0	0	0	2	0	2.529518
897	8997	0	0	0	0	0	2.580123
898	9003	0	0	0	0	0	2.730638
899	9018	0	0	0	0	0	2.728082
900	9028	0	0	0	0	0	2.926236
901	9038	0	0	0	0	0	1.985691
902	9046	0	0	0	2	0	1.547207
903	9059	0	0	0	2	0	2.852722
904	9070	0	0	0	0	0	1.229797
905	9076	0	0	0	0	0	1.868924
906	9079	0	0	0	2	0	2.026866
907	9091	0	0	0	0	0	1.169791
908	9103	0	0	0	1	0	1.606908
909	9108	0	0	0	0	0	1.568581
910	9115	0	0	0	1	0	1.768362
911	9127	0	0	0	0	0	1.488486
912	9137	0	0	0	0	0	1.056427
913	9147	0	0	0	0	0	2.645524
914	9157	0	0	0	1	0	1.589032
915	9165	0	0	0	1	0	1.652206
916	9175	0	0	0	2	0	2.019055
917	9189	0	0	0	2	0	2.486738
918	9202	0	0	0	1	0	2.815149
919	9212	0	0	0	0	0	1.333066
920	9221	0	0	0	0	0	2.601559
921	9231	0	0	0	0	0	2.270183
922	9246	0	0	0	2	0	1.315951
923	9257	0	0	0	1	0	1.924487
924	9266	0	0	0	2	0	1.871053
925	9279	0	0	0	1	0	1.406394
926	9287	0	0	0	2	0	2.665393
927	9295	0	0	0	0	0	1.177566
928	9301	0	0	0	2	0	2.523038
929	9306	0	0	0	1	0	2.432446
930	9312	0	0	0	1	0	2.633873
931	9323	0	0	0	0	0	1.053554
932	9330	0	0	0	1	0	2.677180
933	9337	0	0	0	1	0	2.051960
934	9345	0	0	0	0	0	1.030614
935	9353	0	0	0	2	0	1.842941
936	9361	0	0	0	0	0	1.357864
937	9369	0	0	0	0	0	2.602250
938	9375	0	0	0	2	0	1.745889
939	9380	0	0	0	1	0	1.395688
940	9393	0	0	0	2	0	2.120229
941	9406	0	0	0	2	0	2.687874
942	9418	0	0	0	2	0	1.587109
943	9424	0	0	0	1	0	2.874359
944	9430	0	0	0	1	0	2.195150
945	9440	0	0	0	1	0	2.138514
946	9449	0	0	0	2	0	1.356655
947	9458	0	0	0	1	0	2.868630
948	9465	0	0	0	2	0	2.161178
949	9477	0	0	0	0	0	1.049446
950	9487	0	0	0	2	0	1.866502
951	9498	0	0	0	1	0	2.213904
952	9508	0	0	0	2	0	1.361834
953	9517	0	0	0	2	0	1.626245
954	9524	0	0	0	1	0	1.931623
955	9528	0	0	0	2	0	1.149021
956	9540	0	0	0	1	0	1.684833
957	9550	0	0	0	0	0	1.204453
958	9560	0	0	0	0	0	1.885445
959	9565	0	0	0	2	0	1.250848
960	9574	0	0	0	1	0	2.733109
961	9587	0	0	0	0	0	1.966100
962	9602	0	0	0	0	0	1.003374
963	9610	0	0	0	1	0	1.522113
964	9617	0	0	0	0	0	2.574276
965	9629	0	0	0	0	0	2.190477
966	9638	0	0	0	1	0	1.213657
967	9652	0	0	0	2	0	2.001681
968	9657	0	0	0	2	0	2.156798
969	9664	0	0	0	2	0	2.424898
970	9678	0	0	0	0	0	1.201669
971	9688	0	0	0	1	0	1.607340
972	9696	0	0	0	1	0	1.329785
973	9710	0	0	0	2	0	2.956113
974	9720	0	0	0	1	0	2.360683
975	9728	0	0	0	2	0	2.738646
976	9739	0	0	0	1	0	1.228515
977	9748	0	0	0	0	0	2.186945
978	9760	0	0	0	2	0	1.482568
979	9769	0	0	0	0	0	2.276560
980	9779	0	0	0	0	0	2.618368
981	9795	0	0	0	0	0	1.374493
982	9806	0	0	0	0	0	1.758839
983	9819	0	0	0	2	0	2.133240
984	9830	0	0	0	1	0	1.123942
985	9842	0	0	0	0	0	1.662567
986	9845	0	0	0	1	0	1.898137
987	9859	0	0	0	0	0	2.515485
988	9871	0	0	0	2	0	1.719064
989	9879	0	0	0	0	0	2.394318
990	9890	0	0	0	2	0	2.792095
991	9905	0	0	0	0	0	2.645503
992	9913	0	0	0	0	0	2.920644
993	9924	0	0	0	0	0	1.620891
994	9938	0	0	0	2	0	1.268357
995	9949	0	0	0	1	0	1.437319
996	9959	0	0	0	1	0	1.318253
997	9968	0	0	0	2	0	1.124816
998	9982	0	0	0	1	0	1.858689
999	9998	0	0	0	2	0	2.676671
