0	1	0	0	0	1	0	2.487836
1	12	0	0	0	1	0	1.334038
2	19	0	0	0	0	0	1.824074
3	27	0	0	0	1	0	1.008065
4	37	0	0	0	0	0	1.879349
5	49	0	0	0	2	0	1.674409
6	56	0	0	0	2	0	1.859724
7	66	0	0	0	0	0	2.883550
8	77	0	0	0	0	0	1.848441
9	85	0	0	0	0	0	1.720478
10	100	0	0	0	1	0	2.901458
11	111	0	0	0	0	0	1.672455
12	117	0	0	0	0	0	1.197115
13	129	0	0	0	2	0	2.301256
14	135	0	0	0	1	0	1.638063
15	144	0	0	0	0	0	1.059091
16	160	0	0	0	1	0	2.011701
17	170	0	0	0	2	0	2.024464
18	178	0	0	0	1	0	2.297272
19	189	0	0	0	1	0	1.579052
20	194	0	0	0	1	0	2.259933
21	206	0	0	0	1	0	2.586767
22	216	0	0	0	2	0	2.623907
23	225	0	0	0	0	0	1.093956
24	240	0	0	0	0	0	1.248273
25	247	0	0	0	2	0	2.305688
26	256	0	0	0	2	0	2.219409
27	266	0	0	0	1	0	2.740198
28	279	0	0	0	1	0	2.594580
29	291	0	0	0	1	0	2.530609
30	305	0	0	0	0	0	1.662627
31	314	0	0	0	0	0	1.478469
32	325	0	0	0	1	0	2.312174
33	336	0	0	0	1	0	2.987816
34	342	0	0	0	0	0	1.513458
35	358	0	0	0	1	0	2.768452
36	367	0	0	0	1	0	1.427205
37	379	0	0	0	0	0	2.349443
38	391	0	0	0	1	0	1.418714
39	404	0	0	0	1	0	1.483460
40	418	0	0	0	0	0	1.264160
41	437	0	0	0	2	0	2.662271
42	441	0	0	0	1	0	2.350248
43	449	0	0	0	0	0	2.525207
44	455	0	0	0	0	0	2.488404
45	464	0	0	0	1	0	2.877900
46	473	0	0	0	2	0	1.752787
47	480	0	0	0	1	0	2.124766
48	485	0	0	0	0	0	1.018300
49	494	0	0	0	0	0	1.730662
50	508	0	0	0	2	0	2.840904
51	520	0	0	0	2	0	1.608958
52	527	0	0	0	2	0	1.621593
53	540	0	0	0	0	0	2.502715
54	549	0	0	0	1	0	2.346281
55	560	0	0	0	0	0	1.400564
56	569	0	0	0	1	0	2.971251
57	580	0	0	0	1	0	2.277751
58	588	0	0	0	1	0	1.060264
59	598	0	0	0	2	0	2.913369
60	609	0	0	0	2	0	1.367676
61	617	0	0	0	0	0	1.085811
62	631	0	0	0	0	0	2.546244
63	643	0	0	0	2	0	1.061150
64	648	0	0	0	1	0	2.618344
65	659	0	0	0	2	0	1.731285
66	663	0	0	0	2	0	2.168424
67	673	0	0	0	0	0	2.356967
68	682	0	0	0	0	0	1.646357
69	696	0	0	0	0	0	2.455308
70	705	0	0	0	0	0	1.267281
71	721	0	0	0	0	0	2.346434
72	731	0	0	0	0	0	1.355040
73	737	0	0	0	1	0	1.643345
74	745	0	0	0	1	0	2.736558
75	756	0	0	0	1	0	2.123081
76	765	0	0	0	1	0	1.680816
77	775	0	0	0	1	0	2.162550
78	793	0	0	0	0	0	2.693047
79	801	0	0	0	1	0	1.290609
80	810	0	0	0	1	0	2.685899
81	823	0	0	0	1	0	2.719819
82	830	0	0	0	2	0	2.001327
83	842	0	0	0	1	0	1.152018
84	849	0	0	0	0	0	1.674605
85	853	0	0	0	2	0	2.915370
86	862	0	0	0	0	0	1.274876
87	872	0	0	0	1	0	2.724374
88	883	0	0	0	1	0	2.541615
89	895	0	0	0	1	0	2.786863
90	906	0	0	0	1	0	1.373488
91	915	0	0	0	2	0	2.669165
92	922	0	0	0	2	0	2.759704
93	927	0	0	0	2	0	1.191351
94	938	0	0	0	2	0	2.025254
95	946	0	0	0	0	0	2.879759
96	953	0	0	0	0	0	2.486150
97	967	0	0	0	0	0	2.012850
98	984	0	0	0	2	0	2.816827
99	998	0	0	0	2	0	1.544438
100	1011	0	0	0	0	0	1.650991
101	1018	0	0	0	2	0	1.403767
102	1028	0	0	0	0	0	2.149199
103	1036	0	0	0	0	0	2.242328
104	1045	0	0	0	1	0	2.326499
105	1053	0	0	0	2	0	2.138269
106	1063	0	0	0	2	0	2.800720
107	1071	0	0	0	2	0	2.994669
108	1082	0	0	0	0	0	1.882664
109	1089	0	0	0	2	0	1.157754
110	1103	0	0	0	2	0	1.110546
111	1110	0	0	0	0	0	1.426941
112	1116	0	0	0	2	0	1.826756
113	1131	0	0	0	0	0	1.311318
114	1141	0	0	0	0	0	2.032646
115	1149	0	0	0	0	0	2.665344
116	1162	0	0	0	0	0	1.124782
117	1175	0	0	0	0	0	1.685835
118	1181	0	0	0	0	0	2.072878
119	1188	0	0	0	1	0	1.827526
120	1199	0	0	0	1	0	2.736641
121	1212	0	0	0	1	0	1.173712
122	1222	0	0	0	1	0	2.807904
123	1233	0	0	0	0	0	1.398920
124	1245	0	0	0	0	0	1.138112
125	1253	0	0	0	0	0	1.050733
126	1261	0	0	0	1	0	1.016543
127	1278	0	0	0	0	0	2.521690
128	1289	0	0	0	0	0	2.579026
129	1292	0	0	0	1	0	1.005376
130	1303	0	0	0	0	0	2.345180
131	1308	0	0	0	2	0	1.249429
132	1319	0	0	0	0	0	2.121889
133	1324	0	0	0	1	0	2.111759
134	1340	0	0	0	2	0	2.461368
135	1353	0	0	0	1	0	2.497213
136	1362	0	0	0	0	0	1.357565
137	1366	0	0	0	0	0	2.843141
138	1375	0	0	0	0	0	2.948613
139	1390	0	0	0	2	0	2.556643
140	1404	0	0	0	0	0	1.824984
141	1418	0	0	0	1	0	2.864185
142	1426	0	0	0	2	0	2.101184
143	1437	0	0	0	2	0	2.362738
144	1443	0	0	0	2	0	1.960165
145	1452	0	0	0	1	0	1.926110
146	1458	0	0	0	0	0	1.925918
147	1465	0	0	0	0	0	2.084370
148	1477	0	0	0	0	0	1.087302
149	1485	0	0	0	0	0	2.007591
150	1496	0	0	0	1	0	1.672765
151	1513	0	0	0	2	0	1.819463
152	1520	0	0	0	1	0	2.621400
153	1525	0	0	0	0	0	1.886477
154	1538	0	0	0	1	0	2.013617
155	1552	0	0	0	0	0	1.140931
156	1568	0	0	0	1	0	1.319152
157	1574	0	0	0	0	0	2.564823
158	1583	0	0	0	0	0	2.399635
159	1597	0	0	0	1	0	2.402614
160	1603	0	0	0	1	0	2.579134
161	1617	0	0	0	2	0	2.274378
162	1630	0	0	0	0	0	1.737773
163	1643	0	0	0	0	0	2.091208
164	1654	0	0	0	0	0	2.446442
165	1667	0	0	0	1	0	2.264844
166	1675	0	0	0	1	0	1.043626
167	1685	0	0	0	0	0	1.140353
168	1697	0	0	0	0	0	2.398167
169	1712	0	0	0	2	0	2.765680
170	1720	0	0	0	0	0	1.799535
171	1731	0	0	0	1	0	2.324717
172	1740	0	0	0	2	0	2.205409
173	1748	0	0	0	1	0	2.542796
174	1757	0	0	0	2	0	2.699617
175	1763	0	0	0	1	0	1.636036
176	1772	0	0	0	0	0	2.278163
177	1778	0	0	0	0	0	1.551916
178	1787	0	0	0	0	0	2.541667
179	1801	0	0	0	1	0	1.334715
180	1805	0	0	0	1	0	2.938654
181	1810	0	0	0	0	0	2.026247
182	1820	0	0	0	2	0	1.416958
183	1831	0	0	0	1	0	2.732187
184	1844	0	0	0	1	0	2.858411
185	1850	0	0	0	2	0	2.809247
186	1854	0	0	0	2	0	2.725625
187	1865	0	0	0	2	0	2.926698
188	1877	0	0	0	1	0	2.977289
189	1883	0	0	0	1	0	2.277033
190	1896	0	0	0	2	0	2.228543
191	1902	0	0	0	0	0	2.410955
192	1910	0	0	0	0	0	2.098647
193	1915	0	0	0	0	0	2.029390
194	1927	0	0	0	0	0	1.294392
195	1942	0	0	0	0	0	1.340096
196	1958	0	0	0	2	0	1.431344
197	1970	0	0	0	1	0	1.611763
198	1979	0	0	0	0	0	2.021706
199	1999	0	0	0	2	0	2.059340
200	2010	0	0	0	0	0	1.490344
201	2020	0	0	0	1	0	1.114255
202	2025	0	0	0	0	0	2.255789
203	2037	0	0	0	0	0	2.120355
204	2042	0	0	0	0	0	2.250749
205	2052	0	0	0	2	0	2.346587
206	2064	0	0	0	1	0	1.043906
207	2074	0	0	0	0	0	1.620868
208	2081	0	0	0	0	0	2.629389
209	2087	0	0	0	0	0	1.611136
210	2099	0	0	0	0	0	2.900824
211	2111	0	0	0	1	0	2.437108
212	2117	0	0	0	0	0	1.246235
213	2125	0	0	0	1	0	1.745162
214	2137	0	0	0	0	0	1.666078
215	2142	0	0	0	1	0	2.867393
216	2154	0	0	0	0	0	1.158353
217	2158	0	0	0	0	0	2.264585
218	2178	0	0	0	0	0	2.112786
219	2186	0	0	0	2	0	2.680245
220	2196	0	0	0	1	0	1.243994
221	2204	0	0	0	1	0	1.032578
222	2216	0	0	0	1	0	1.456952
223	2221	0	0	0	1	0	1.615761
224	2235	0	0	0	1	0	2.538397
225	2246	0	0	0	2	0	2.519250
226	2262	0	0	0	1	0	1.898416
227	2267	0	0	0	0	0	1.107239
228	2278	0	0	0	2	0	2.757483
229	2286	0	0	0	1	0	1.870853
230	2295	0	0	0	0	0	1.506689
231	2310	0	0	0	0	0	2.155335
232	2317	0	0	0	2	0	1.931046
233	2327	0	0	0	2	0	2.089612
234	2338	0	0	0	1	0	1.751387
235	2354	0	0	0	2	0	2.167120
236	2359	0	0	0	1	0	2.683399
237	2373	0	0	0	2	0	1.344129
238	2383	0	0	0	1	0	2.770178
239	2392	0	0	0	2	0	2.590935
240	2403	0	0	0	1	0	1.417535
241	2416	0	0	0	2	0	1.150804
242	2424	0	0	0	0	0	1.227850
243	2429	0	0	0	0	0	1.894908
244	2434	0	0	0	1	0	1.897140
245	2448	0	0	0	2	0	1.900624
246	2457	0	0	0	0	0	1.772754
247	2464	0	0	0	1	0	1.671882
248	2475	0	0	0	0	0	2.862594
249	2481	0	0	0	2	0	2.457675
250	2489	0	0	0	1	0	2.137371
251	2498	0	0	0	0	0	2.145677
252	2511	0	0	0	1	0	2.515170
253	2520	0	0	0	2	0	1.702801
254	2533	0	0	0	0	0	2.324333
255	2547	0	0	0	0	0	1.918162
256	2552	0	0	0	0	0	2.003536
257	2562	0	0	0	0	0	1.478873
258	2571	0	0	0	1	0	2.451410
259	2586	0	0	0	2	0	2.678632
260	2598	0	0	0	1	0	1.031391
261	2611	0	0	0	0	0	2.016376
262	2623	0	0	0	0	0	2.788921
263	2627	0	0	0	2	0	2.280073
264	2638	0	0	0	1	0	1.579442
265	2648	0	0	0	1	0	1.438415
266	2658	0	0	0	1	0	1.024114
267	2666	0	0	0	0	0	2.019937
268	2669	0	0	0	0	0	2.770013
269	2677	0	0	0	1	0	1.044520
270	2685	0	0	0	0	0	2.434392
271	2694	0	0	0	2	0	1.357164
272	2700	0	0	0	0	0	1.963641
273	2712	0	0	0	0	0	2.481674
274	2724	0	0	0	1	0	1.806169
275	2732	0	0	0	2	0	2.834268
276	2746	0	0	0	1	0	2.466593
277	2756	0	0	0	2	0	1.475900
278	2771	0	0	0	0	0	2.534070
279	2779	0	0	0	0	0	1.503696
280	2787	0	0	0	2	0	1.842453
281	2793	0	0	0	0	0	2.687714
282	2804	0	0	0	2	0	1.185155
283	2812	0	0	0	0	0	2.849945
284	2822	0	0	0	1	0	2.384887
285	2830	0	0	0	2	0	1.114313
286	2843	0	0	0	2	0	1.956385
287	2851	0	0	0	2	0	1.914639
288	2857	0	0	0	1	0	1.467949
289	2871	0	0	0	0	0	2.067723
290	2885	0	0	0	0	0	1.392596
291	2896	0	0	0	0	0	1.473957
292	2905	0	0	0	0	0	1.328182
293	2915	0	0	0	2	0	2.744194
294	2929	0	0	0	2	0	1.002064
295	2935	0	0	0	0	0	2.681234
296	2940	0	0	0	0	0	2.220119
297	2950	0	0	0	0	0	1.642835
298	2963	0	0	0	2	0	1.969318
299	2971	0	0	0	1	0	2.969581
300	2980	0	0	0	2	0	2.688145
301	2993	0	0	0	0	0	2.559400
302	3001	0	0	0	0	0	2.940512
303	3012	0	0	0	0	0	2.795120
304	3021	0	0	0	2	0	1.604900
305	3039	0	0	0	2	0	2.176020
306	3049	0	0	0	0	0	2.342747
307	3060	0	0	0	1	0	1.571676
308	3071	0	0	0	0	0	2.338706
309	3084	0	0	0	1	0	2.177906
310	3093	0	0	0	0	0	1.592974
311	3103	0	0	0	1	0	1.426362
312	3117	0	0	0	1	0	1.365785
313	3127	0	0	0	2	0	1.596397
314	3133	0	0	0	0	0	1.968144
315	3143	0	0	0	1	0	1.865911
316	3148	0	0	0	0	0	1.404013
317	3165	0	0	0	2	0	1.538833
318	3173	0	0	0	1	0	1.185011
319	3179	0	0	0	0	0	2.810495
320	3185	0	0	0	2	0	1.483010
321	3197	0	0	0	2	0	1.595150
322	3209	0	0	0	2	0	1.620872
323	3218	0	0	0	0	0	1.888359
324	3226	0	0	0	1	0	2.141804
325	3244	0	0	0	0	0	2.383271
326	3258	0	0	0	2	0	2.293994
327	3271	0	0	0	0	0	1.094093
328	3285	0	0	0	1	0	1.426401
329	3296	0	0	0	2	0	2.260237
330	3316	0	0	0	2	0	1.565182
331	3325	0	0	0	0	0	1.029381
332	3335	0	0	0	1	0	2.212232
333	3347	0	0	0	1	0	1.054249
334	3355	0	0	0	0	0	1.350551
335	3361	0	0	0	0	0	1.706038
336	3375	0	0	0	1	0	1.296731
337	3384	0	0	0	0	0	1.465377
338	3392	0	0	0	0	0	2.783651
339	3401	0	0	0	2	0	2.590259
340	3413	0	0	0	2	0	2.063109
341	3420	0	0	0	1	0	1.795173
342	3429	0	0	0	0	0	2.212814
343	3432	0	0	0	2	0	1.681817
344	3441	0	0	0	2	0	2.798579
345	3454	0	0	0	1	0	2.531244
346	3464	0	0	0	2	0	1.745723
347	3469	0	0	0	0	0	2.846028
348	3476	0	0	0	1	0	2.370993
349	3482	0	0	0	0	0	2.505627
350	3488	0	0	0	1	0	1.060426
351	3502	0	0	0	2	0	2.518399
352	3516	0	0	0	2	0	1.474697
353	3525	0	0	0	1	0	2.550191
354	3536	0	0	0	1	0	2.633239
355	3550	0	0	0	0	0	2.865647
356	3566	0	0	0	1	0	2.630685
357	3576	0	0	0	0	0	1.222346
358	3585	0	0	0	2	0	2.734724
359	3593	0	0	0	0	0	1.594219
360	3604	0	0	0	2	0	1.061070
361	3617	0	0	0	0	0	1.700458
362	3625	0	0	0	0	0	1.541764
363	3633	0	0	0	1	0	1.797221
364	3643	0	0	0	2	0	2.521078
365	3650	0	0	0	2	0	2.063885
366	3662	0	0	0	2	0	1.131680
367	3682	0	0	0	0	0	2.021195
368	3688	0	0	0	0	0	1.197807
369	3704	0	0	0	0	0	2.445165
370	3709	0	0	0	2	0	1.353530
371	3722	0	0	0	0	0	2.986011
372	3729	0	0	0	0	0	2.137780
373	3739	0	0	0	1	0	2.021650
374	3750	0	0	0	1	0	1.319440
375	3761	0	0	0	2	0	1.829728
376	3775	0	0	0	1	0	1.083758
377	3785	0	0	0	0	0	1.827253
378	3800	0	0	0	1	0	1.906242
379	3814	0	0	0	1	0	2.691718
380	3827	0	0	0	1	0	1.689306
381	3838	0	0	0	2	0	2.959433
382	3844	0	0	0	0	0	2.020497
383	3854	0	0	0	0	0	1.347196
384	3868	0	0	0	2	0	2.489720
385	3882	0	0	0	1	0	1.081308
386	3893	0	0	0	0	0	2.987607
387	3898	0	0	0	2	0	1.839302
388	3908	0	0	0	0	0	1.858738
389	3918	0	0	0	2	0	2.780641
390	3924	0	0	0	1	0	1.199229
391	3931	0	0	0	1	0	1.175572
392	3945	0	0	0	2	0	1.410128
393	3958	0	0	0	0	0	2.444662
394	3971	0	0	0	2	0	1.076395
395	3984	0	0	0	2	0	2.826405
396	3993	0	0	0	1	0	2.758577
397	4003	0	0	0	2	0	1.004592
398	4016	0	0	0	2	0	2.585645
399	4023	0	0	0	0	0	1.699543
400	4030	0	0	0	0	0	1.791450
401	4043	0	0	0	1	0	1.214898
402	4053	0	0	0	2	0	1.955897
403	4065	0	0	0	2	0	1.152227
404	4077	0	0	0	2	0	1.825539
405	4081	0	0	0	1	0	2.295272
406	4090	0	0	0	2	0	1.391153
407	4103	0	0	0	2	0	1.196941
408	4108	0	0	0	0	0	2.539888
409	4118	0	0	0	0	0	2.326237
410	4132	0	0	0	1	0	2.247706
411	4144	0	0	0	1	0	2.993600
412	4152	0	0	0	1	0	2.523353
413	4167	0	0	0	1	0	1.857462
414	4175	0	0	0	1	0	1.343123
415	4184	0	0	0	2	0	2.470056
416	4198	0	0	0	1	0	1.319569
417	4206	0	0	0	1	0	1.879267
418	4217	0	0	0	2	0	2.988454
419	4228	0	0	0	1	0	1.505867
420	4238	0	0	0	0	0	1.212148
421	4252	0	0	0	0	0	2.306525
422	4265	0	0	0	2	0	2.964569
423	4274	0	0	0	2	0	1.596408
424	4287	0	0	0	0	0	1.646705
425	4299	0	0	0	1	0	1.191853
426	4308	0	0	0	1	0	2.058258
427	4317	0	0	0	1	0	2.004497
428	4327	0	0	0	0	0	1.035163
429	4335	0	0	0	1	0	2.735900
430	4343	0	0	0	2	0	1.806252
431	4352	0	0	0	2	0	1.037668
432	4363	0	0	0	0	0	2.645045
433	4373	0	0	0	2	0	1.584282
434	4384	0	0	0	0	0	2.007604
435	4394	0	0	0	1	0	2.740552
436	4402	0	0	0	0	0	1.078395
437	4406	0	0	0	0	0	1.412288
438	4421	0	0	0	0	0	1.939170
439	4429	0	0	0	1	0	2.198930
440	4435	0	0	0	1	0	1.517805
441	4444	0	0	0	0	0	1.143501
442	4449	0	0	0	1	0	1.069617
443	4459	0	0	0	0	0	2.819506
444	4467	0	0	0	2	0	1.250631
445	4473	0	0	0	2	0	2.706114
446	4484	0	0	0	1	0	2.656011
447	4493	0	0	0	0	0	1.419892
448	4504	0	0	0	0	0	1.877024
449	4514	0	0	0	2	0	2.015861
450	4525	0	0	0	0	0	2.342271
451	4539	0	0	0	0	0	1.068400
452	4550	0	0	0	0	0	1.500775
453	4562	0	0	0	1	0	1.603963
454	4575	0	0	0	0	0	1.974373
455	4584	0	0	0	1	0	1.258709
456	4594	0	0	0	0	0	1.648825
457	4602	0	0	0	1	0	2.202977
458	4612	0	0	0	1	0	1.925663
459	4619	0	0	0	1	0	2.852045
460	4633	0	0	0	0	0	2.718025
461	4642	0	0	0	2	0	2.329853
462	4648	0	0	0	1	0	1.725197
463	4658	0	0	0	1	0	2.549103
464	4666	0	0	0	1	0	1.385853
465	4677	0	0	0	1	0	1.243050
466	4687	0	0	0	0	0	1.861246
467	4695	0	0	0	1	0	1.318837
468	4700	0	0	0	0	0	2.028111
469	4708	0	0	0	1	0	2.928236
470	4723	0	0	0	0	0	1.218144
471	4731	0	0	0	1	0	1.415640
472	4744	0	0	0	0	0	1.664225
473	4760	0	0	0	0	0	2.033515
474	4766	0	0	0	0	0	2.343016
475	4772	0	0	0	0	0	2.843359
476	4784	0	0	0	2	0	1.240657
477	4792	0	0	0	2	0	1.190922
478	4797	0	0	0	1	0	1.114045
479	4810	0	0	0	1	0	1.887053
480	4815	0	0	0	1	0	2.525805
481	4828	0	0	0	0	0	2.372572
482	4837	0	0	0	1	0	1.495756
483	4851	0	0	0	0	0	2.396131
484	4861	0	0	0	0	0	1.677660
485	4867	0	0	0	0	0	2.314717
486	4871	0	0	0	2	0	2.566011
487	4880	0	0	0	0	0	1.080367
488	4889	0	0	0	1	0	1.060762
489	4898	0	0	0	2	0	1.432858
490	4905	0	0	0	0	0	2.048701
491	4915	0	0	0	0	0	2.626316
492	4927	0	0	0	1	0	2.495556
493	4930	0	0	0	0	0	2.381618
494	4939	0	0	0	1	0	1.833605
495	4945	0	0	0	1	0	1.237371
496	4950	0	0	0	2	0	2.835965
497	4955	0	0	0	1	0	1.490633
498	4963	0	0	0	2	0	1.520213
499	4973	0	0	0	0	0	1.952815
500	4983	0	0	0	0	0	2.716675
501	4991	0	0	0	2	0	2.029938
502	5002	0	0	0	0	0	2.308245
503	5014	0	0	0	0	0	2.215819
504	5024	0	0	0	2	0	2.786178
505	5039	0	0	0	0	0	1.362336
506	5051	0	0	0	0	0	1.787653
507	5065	0	0	0	2	0	2.302785
508	5076	0	0	0	0	0	1.098656
509	5086	0	0	0	1	0	2.289309
510	5091	0	0	0	1	0	2.761797
511	5101	0	0	0	0	0	2.041926
512	5107	0	0	0	1	0	1.502268
513	5117	0	0	0	0	0	1.638577
514	5123	0	0	0	1	0	1.846986
515	5132	0	0	0	1	0	2.805155
516	5139	0	0	0	2	0	1.827799
517	5150	0	0	0	0	0	2.480930
518	5162	0	0	0	1	0	2.844916
519	5170	0	0	0	0	0	2.980519
520	5180	0	0	0	1	0	1.320597
521	5191	0	0	0	1	0	2.913852
522	5198	0	0	0	0	0	1.386599
523	5206	0	0	0	1	0	2.234395
524	5214	0	0	0	1	0	2.838858
525	5230	0	0	0	0	0	2.033591
526	5242	0	0	0	2	0	2.055968
527	5252	0	0	0	2	0	2.741952
528	5261	0	0	0	2	0	2.582178
529	5272	0	0	0	1	0	2.096859
530	5283	0	0	0	1	0	2.238809
531	5293	0	0	0	0	0	2.724704
532	5300	0	0	0	1	0	2.584483
533	5311	0	0	0	2	0	1.126390
534	5322	0	0	0	2	0	1.566244
535	5329	0	0	0	0	0	1.690225
536	5337	0	0	0	1	0	1.860666
537	5342	0	0	0	1	0	2.865221
538	5348	0	0	0	1	0	2.006675
539	5353	0	0	0	1	0	1.383683
540	5364	0	0	0	1	0	2.285554
541	5373	0	0	0	0	0	2.474086
542	5388	0	0	0	1	0	2.991204
543	5400	0	0	0	0	0	2.339176
544	5410	0	0	0	0	0	1.156579
545	5420	0	0	0	1	0	2.290400
546	5423	0	0	0	2	0	1.545794
547	5440	0	0	0	1	0	1.750558
548	5447	0	0	0	1	0	2.385623
549	5457	0	0	0	1	0	1.295906
550	5463	0	0	0	0	0	2.461923
551	5473	0	0	0	0	0	2.204274
552	5484	0	0	0	2	0	2.436808
553	5493	0	0	0	2	0	1.546126
554	5500	0	0	0	2	0	2.766622
555	5512	0	0	0	0	0	1.937153
556	5525	0	0	0	0	0	2.091313
557	5534	0	0	0	0	0	2.285067
558	5538	0	0	0	1	0	2.260369
559	5547	0	0	0	0	0	1.599397
560	5561	0	0	0	2	0	1.399010
561	5572	0	0	0	2	0	2.898016
562	5588	0	0	0	1	0	1.821120
563	5597	0	0	0	1	0	1.752803
564	5607	0	0	0	0	0	2.819456
565	5615	0	0	0	1	0	1.587323
566	5624	0	0	0	2	0	2.746628
567	5635	0	0	0	2	0	1.158038
568	5644	0	0	0	0	0	2.686773
569	5652	0	0	0	2	0	2.339507
570	5665	0	0	0	2	0	2.499924
571	5673	0	0	0	1	0	2.453577
572	5687	0	0	0	2	0	1.674553
573	5698	0	0	0	0	0	2.154056
574	5712	0	0	0	1	0	1.231262
575	5721	0	0	0	2	0	1.062750
576	5728	0	0	0	0	0	2.938920
577	5737	0	0	0	0	0	1.405568
578	5747	0	0	0	0	0	1.213250
579	5756	0	0	0	2	0	1.747590
580	5769	0	0	0	2	0	1.304495
581	5785	0	0	0	2	0	1.345886
582	5792	0	0	0	2	0	1.076039
583	5802	0	0	0	0	0	1.931761
584	5808	0	0	0	0	0	2.459178
585	5818	0	0	0	2	0	2.424912
586	5829	0	0	0	1	0	2.766115
587	5837	0	0	0	1	0	2.574101
588	5846	0	0	0	1	0	1.133937
589	5857	0	0	0	0	0	1.705991
590	5868	0	0	0	2	0	2.889661
591	5876	0	0	0	2	0	1.083957
592	5895	0	0	0	1	0	2.186895
593	5908	0	0	0	2	0	1.019594
594	5919	0	0	0	1	0	2.334859
595	5924	0	0	0	2	0	1.952144
596	5934	0	0	0	0	0	2.458774
597	5941	0	0	0	1	0	1.601376
598	5952	0	0	0	0	0	1.537989
599	5962	0	0	0	2	0	1.955386
600	5978	0	0	0	0	0	2.193074
601	5990	0	0	0	0	0	1.750976
602	6003	0	0	0	1	0	2.082670
603	6010	0	0	0	2	0	1.862709
604	6020	0	0	0	0	0	2.245148
605	6033	0	0	0	1	0	1.461249
606	6039	0	0	0	1	0	1.573762
607	6046	0	0	0	2	0	2.521607
608	6057	0	0	0	1	0	2.710351
609	6068	0	0	0	0	0	2.353245
610	6077	0	0	0	2	0	2.197879
611	6087	0	0	0	1	0	2.548746
612	6092	0	0	0	1	0	1.751734
613	6102	0	0	0	0	0	1.882882
614	6110	0	0	0	1	0	1.873950
615	6121	0	0	0	1	0	1.184117
616	6128	0	0	0	0	0	1.238295
617	6138	0	0	0	2	0	1.802600
618	6150	0	0	0	1	0	2.451131
619	6161	0	0	0	1	0	1.317827
620	6171	0	0	0	0	0	1.108678
621	6179	0	0	0	2	0	1.713346
622	6191	0	0	0	2	0	1.215786
623	6200	0	0	0	1	0	2.802895
624	6217	0	0	0	0	0	2.494265
625	6223	0	0	0	1	0	1.624757
626	6232	0	0	0	1	0	1.146513
627	6237	0	0	0	0	0	2.518308
628	6244	0	0	0	1	0	2.341519
629	6251	0	0	0	0	0	1.154134
630	6263	0	0	0	0	0	1.911539
631	6275	0	0	0	1	0	1.806810
632	6286	0	0	0	0	0	1.590922
633	6293	0	0	0	0	0	2.346545
634	6296	0	0	0	2	0	2.936389
635	6306	0	0	0	0	0	2.605600
636	6312	0	0	0	1	0	1.815429
637	6320	0	0	0	1	0	1.139636
638	6326	0	0	0	2	0	2.099828
639	6334	0	0	0	0	0	2.406358
640	6343	0	0	0	1	0	1.412469
641	6354	0	0	0	2	0	2.316041
642	6363	0	0	0	0	0	2.665820
643	6370	0	0	0	2	0	1.213541
644	6380	0	0	0	2	0	2.842084
645	6386	0	0	0	0	0	2.425401
646	6400	0	0	0	0	0	2.147608
647	6412	0	0	0	1	0	2.247000
648	6426	0	0	0	1	0	1.526178
649	6431	0	0	0	1	0	1.436272
650	6445	0	0	0	0	0	2.295111
651	6450	0	0	0	1	0	2.211371
652	6459	0	0	0	1	0	1.898400
653	6472	0	0	0	1	0	1.571983
654	6479	0	0	0	1	0	1.035015
655	6487	0	0	0	0	0	1.781761
656	6500	0	0	0	1	0	2.436978
657	6511	0	0	0	1	0	1.147180
658	6517	0	0	0	2	0	1.430675
659	6528	0	0	0	2	0	2.628981
660	6537	0	0	0	2	0	2.896232
661	6544	0	0	0	0	0	1.143968
662	6553	0	0	0	1	0	2.178998
663	6564	0	0	0	2	0	2.592244
664	6572	0	0	0	0	0	1.730250
665	6581	0	0	0	1	0	1.529407
666	6594	0	0	0	0	0	1.595313
667	6605	0	0	0	0	0	2.743397
668	6614	0	0	0	0	0	1.113296
669	6623	0	0	0	0	0	1.804838
670	6632	0	0	0	1	0	2.224380
671	6638	0	0	0	1	0	2.784391
672	6651	0	0	0	1	0	2.800912
673	6661	0	0	0	2	0	1.939764
674	6669	0	0	0	0	0	2.414488
675	6677	0	0	0	1	0	2.067167
676	6687	0	0	0	1	0	2.323203
677	6694	0	0	0	0	0	2.330203
678	6707	0	0	0	2	0	1.335169
679	6714	0	0	0	1	0	1.864277
680	6721	0	0	0	0	0	2.353799
681	6736	0	0	0	2	0	2.098847
682	6742	0	0	0	0	0	2.310792
683	6753	0	0	0	0	0	1.888033
684	6761	0	0	0	0	0	1.402555
685	6770	0	0	0	0	0	2.889371
686	6781	0	0	0	1	0	1.130242
687	6797	0	0	0	2	0	1.562147
688	6812	0	0	0	1	0	2.332267
689	6821	0	0	0	1	0	1.871276
690	6831	0	0	0	0	0	1.808155
691	6839	0	0	0	1	0	2.039137
692	6845	0	0	0	0	0	2.708189
693	6858	0	0	0	1	0	2.994309
694	6864	0	0	0	2	0	2.489741
695	6875	0	0	0	2	0	1.924735
696	6886	0	0	0	2	0	1.828698
697	6897	0	0	0	0	0	2.796942
698	6905	0	0	0	1	0	2.572865
699	6916	0	0	0	0	0	1.269763
700	6922	0	0	0	0	0	1.692474
701	6932	0	0	0	0	0	1.065378
702	6945	0	0	0	1	0	1.172865
703	6951	0	0	0	2	0	1.815847
704	6962	0	0	0	0	0	1.934089
705	6972	0	0	0	2	0	2.942079
706	6989	0	0	0	0	0	1.906982
707	6997	0	0	0	0	0	2.152002
708	7005	0	0	0	0	0	1.007342
709	7017	0	0	0	0	0	2.808170
710	7026	0	0	0	1	0	2.418764
711	7036	0	0	0	0	0	1.192922
712	7044	0	0	0	0	0	2.229491
713	7056	0	0	0	0	0	2.839264
714	7065	0	0	0	1	0	1.910273
715	7074	0	0	0	0	0	1.845074
716	7089	0	0	0	1	0	2.533037
717	7094	0	0	0	0	0	2.104403
718	7103	0	0	0	0	0	1.121320
719	7113	0	0	0	0	0	2.916057
720	7121	0	0	0	0	0	2.359887
721	7130	0	0	0	0	0	2.260968
722	7140	0	0	0	0	0	1.658435
723	7147	0	0	0	2	0	2.260477
724	7159	0	0	0	0	0	2.061404
725	7171	0	0	0	0	0	2.550956
726	7185	0	0	0	0	0	2.653870
727	7197	0	0	0	0	0	1.198841
728	7206	0	0	0	1	0	1.982813
729	7212	0	0	0	2	0	2.578650
730	7232	0	0	0	1	0	1.256115
731	7244	0	0	0	0	0	2.707683
732	7253	0	0	0	0	0	2.998730
733	7264	0	0	0	2	0	2.302122
734	7271	0	0	0	1	0	1.433706
735	7280	0	0	0	1	0	1.327570
736	7288	0	0	0	2	0	1.925794
737	7306	0	0	0	2	0	2.135359
738	7315	0	0	0	2	0	1.108267
739	7324	0	0	0	0	0	2.851860
740	7340	0	0	0	2	0	1.174309
741	7344	0	0	0	1	0	1.494376
742	7355	0	0	0	2	0	2.004984
743	7368	0	0	0	1	0	1.935625
744	7378	0	0	0	0	0	1.125561
745	7389	0	0	0	0	0	2.485068
746	7400	0	0	0	0	0	2.859218
747	7408	0	0	0	1	0	1.781048
748	7418	0	0	0	2	0	2.354962
749	7425	0	0	0	2	0	2.702278
750	7439	0	0	0	1	0	2.739055
751	7448	0	0	0	1	0	1.825179
752	7458	0	0	0	0	0	1.221618
753	7462	0	0	0	0	0	1.586806
754	7471	0	0	0	2	0	2.181220
755	7481	0	0	0	2	0	2.066265
756	7490	0	0	0	2	0	2.792897
757	7498	0	0	0	2	0	2.014984
758	7508	0	0	0	1	0	1.931370
759	7512	0	0	0	0	0	1.524866
760	7519	0	0	0	0	0	2.374123
761	7530	0	0	0	1	0	2.735256
762	7539	0	0	0	2	0	2.315948
763	7548	0	0	0	1	0	1.114929
764	7554	0	0	0	0	0	2.434321
765	7566	0	0	0	0	0	2.707831
766	7576	0	0	0	0	0	2.263028
767	7592	0	0	0	1	0	2.025706
768	7601	0	0	0	0	0	1.131224
769	7609	0	0	0	1	0	1.687851
770	7619	0	0	0	0	0	1.547445
771	7629	0	0	0	0	0	2.884317
772	7637	0	0	0	0	0	2.192841
773	7641	0	0	0	2	0	2.478002
774	7649	0	0	0	2	0	2.675424
775	7665	0	0	0	2	0	2.910669
776	7675	0	0	0	1	0	2.668804
777	7693	0	0	0	0	0	1.809047
778	7706	0	0	0	2	0	1.112446
779	7715	0	0	0	2	0	1.933964
780	7727	0	0	0	2	0	1.975877
781	7737	0	0	0	0	0	2.977242
782	7748	0	0	0	0	0	1.763238
783	7759	0	0	0	1	0	2.555482
784	7784	0	0	0	1	0	1.940780
785	7792	0	0	0	1	0	1.100354
786	7801	0	0	0	2	0	1.100466
787	7805	0	0	0	1	0	1.734016
788	7815	0	0	0	1	0	2.015986
789	7821	0	0	0	0	0	2.877746
790	7829	0	0	0	2	0	2.844164
791	7838	0	0	0	1	0	1.289361
792	7847	0	0	0	2	0	1.948592
793	7865	0	0	0	1	0	2.137806
794	7877	0	0	0	2	0	1.971932
795	7892	0	0	0	2	0	2.885289
796	7904	0	0	0	1	0	2.585710
797	7913	0	0	0	1	0	2.336222
798	7934	0	0	0	1	0	1.162530
799	7943	0	0	0	2	0	1.195859
800	7949	0	0	0	1	0	1.124059
801	7961	0	0	0	1	0	1.494576
802	7968	0	0	0	2	0	2.191727
803	7977	0	0	0	1	0	2.408353
804	7982	0	0	0	1	0	1.622457
805	8005	0	0	0	0	0	1.509463
806	8020	0	0	0	0	0	1.980039
807	8030	0	0	0	0	0	2.702990
808	8037	0	0	0	1	0	2.487362
809	8051	0	0	0	0	0	1.445601
810	8060	0	0	0	0	0	2.511671
811	8070	0	0	0	2	0	2.661449
812	8079	0	0	0	1	0	1.872177
813	8087	0	0	0	1	0	2.907094
814	8093	0	0	0	0	0	1.321682
815	8107	0	0	0	0	0	2.056720
816	8116	0	0	0	2	0	1.212563
817	8122	0	0	0	1	0	2.889676
818	8135	0	0	0	0	0	1.822076
819	8148	0	0	0	0	0	1.025748
820	8157	0	0	0	2	0	2.378438
821	8166	0	0	0	0	0	1.724311
822	8182	0	0	0	1	0	1.352727
823	8191	0	0	0	0	0	2.212278
824	8196	0	0	0	1	0	1.440770
825	8206	0	0	0	2	0	2.010136
826	8214	0	0	0	1	0	1.805664
827	8220	0	0	0	1	0	2.413065
828	8227	0	0	0	0	0	1.168561
829	8238	0	0	0	2	0	2.234683
830	8247	0	0	0	1	0	1.807288
831	8263	0	0	0	2	0	2.010437
832	8272	0	0	0	1	0	1.338704
833	8278	0	0	0	2	0	2.983817
834	8289	0	0	0	2	0	2.354129
835	8296	0	0	0	0	0	2.072096
836	8304	0	0	0	1	0	2.647183
837	8312	0	0	0	2	0	1.059426
838	8324	0	0	0	0	0	1.011816
839	8331	0	0	0	0	0	1.991715
840	8343	0	0	0	0	0	2.444724
841	8349	0	0	0	1	0	1.882512
842	8356	0	0	0	2	0	1.966529
843	8362	0	0	0	1	0	1.568953
844	8369	0	0	0	1	0	2.596878
845	8380	0	0	0	0	0	1.371985
846	8387	0	0	0	1	0	2.950994
847	8398	0	0	0	0	0	1.546469
848	8411	0	0	0	1	0	1.048084
849	8422	0	0	0	0	0	2.277916
850	8429	0	0	0	1	0	1.261713
851	8443	0	0	0	1	0	1.377914
852	8449	0	0	0	1	0	1.350829
853	8453	0	0	0	1	0	1.533186
854	8460	0	0	0	2	0	1.137261
855	8472	0	0	0	2	0	2.603825
856	8483	0	0	0	0	0	2.943014
857	8489	0	0	0	0	0	2.960491
858	8498	0	0	0	1	0	2.069322
859	8506	0	0	0	1	0	2.438068
860	8520	0	0	0	2	0	1.301411
861	8527	0	0	0	1	0	1.466642
862	8540	0	0	0	2	0	1.944195
863	8548	0	0	0	2	0	1.072776
864	8560	0	0	0	0	0	2.836201
865	8568	0	0	0	2	0	2.588598
866	8581	0	0	0	2	0	1.402065
867	8591	0	0	0	1	0	2.923783
868	8597	0	0	0	1	0	1.213179
869	8603	0	0	0	2	0	2.282069
870	8615	0	0	0	1	0	1.122169
871	8629	0	0	0	0	0	1.178201
872	8637	0	0	0	2	0	1.332679
873	8648	0	0	0	0	0	2.552131
874	8654	0	0	0	0	0	1.405511
875	8665	0	0	0	0	0	1.489697
876	8673	0	0	0	1	0	1.176674
877	8687	0	0	0	2	0	2.417436
878	8696	0	0	0	2	0	1.758453
879	8706	0	0	0	0	0	1.247806
880	8717	0	0	0	1	0	2.163414
881	8725	0	0	0	1	0	2.766988
882	8732	0	0	0	1	0	1.436443
883	8735	0	0	0	2	0	2.522608
884	8741	0	0	0	2	0	2.558670
885	8747	0	0	0	0	0	1.681889
886	8763	0	0	0	0	0	1.496089
887	8770	0	0	0	2	0	1.944286
888	8779	0	0	0	1	0	2.986970
889	8792	0	0	0	2	0	1.693463
890	8804	0	0	0	0	0	1.501831
891	8810	0	0	0	1	0	2.713488
892	8820	0	0	0	2	0	1.795074
893	8832	0	0	0	2	0	1.690784
894	8839	0	0	0	0	0	2.473395
895	8851	0	0	0	2	0	1.979108
896	8862	0	0	0	0	0	1.796519
897	8873	0	0	0	0	0	2.327695
898	8881	0	0	0	1	0	1.496418
899	8889	0	0	0	1	0	1.515867
900	8897	0	0	0	2	0	1.668111
901	8911	0	0	0	0	0	2.075319
902	8920	0	0	0	1	0	2.915692
903	8926	0	0	0	0	0	2.521910
904	8938	0	0	0	0	0	2.446103
905	8944	0	0	0	2	0	1.093784
906	8956	0	0	0	0	0	2.954648
907	8964	0	0	0	0	0	2.205371
908	8970	0	0	0	2	0	2.263389
909	8983	0	0	0	1	0	1.887155
910	8998	0	0	0	2	0	1.324474
911	9009	0	0	0	2	0	1.738761
912	9016	0	0	0	1	0	2.897003
913	9025	0	0	0	1	0	1.235643
914	9041	0	0	0	1	0	2.277290
915	9048	0	0	0	1	0	1.580614
916	9054	0	0	0	2	0	1.827503
917	9064	0	0	0	0	0	1.514047
918	9074	0	0	0	2	0	1.584532
919	9084	0	0	0	0	0	2.025929
920	9098	0	0	0	2	0	1.531699
921	9114	0	0	0	0	0	2.603675
922	9123	0	0	0	1	0	2.955344
923	9134	0	0	0	0	0	1.381780
924	9147	0	0	0	0	0	2.573768
925	9159	0	0	0	1	0	2.004701
926	9168	0	0	0	0	0	2.653688
927	9178	0	0	0	1	0	1.317249
928	9189	0	0	0	2	0	1.323077
929	9197	0	0	0	1	0	1.167592
930	9208	0	0	0	0	0	1.366660
931	9217	0	0	0	0	0	2.588392
932	9230	0	0	0	0	0	1.908106
933	9241	0	0	0	2	0	1.241496
934	9247	0	0	0	1	0	2.110471
935	9257	0	0	0	1	0	1.961134
936	9266	0	0	0	0	0	2.887269
937	9274	0	0	0	2	0	2.843526
938	9286	0	0	0	0	0	1.035274
939	9295	0	0	0	2	0	2.725904
940	9307	0	0	0	1	0	2.802570
941	9318	0	0	0	2	0	1.589746
942	9326	0	0	0	1	0	1.826193
943	9339	0	0	0	2	0	1.408913
944	9352	0	0	0	0	0	2.573550
945	9367	0	0	0	0	0	2.597393
946	9377	0	0	0	2	0	2.061057
947	9382	0	0	0	0	0	1.792043
948	9391	0	0	0	1	0	2.304400
949	9401	0	0	0	2	0	2.182658
950	9408	0	0	0	0	0	2.452748
951	9423	0	0	0	1	0	1.646367
952	9433	0	0	0	2	0	1.367190
953	9443	0	0	0	2	0	1.570563
954	9461	0	0	0	1	0	2.638265
955	9467	0	0	0	1	0	2.144065
956	9477	0	0	0	1	0	1.092662
957	9481	0	0	0	2	0	1.137747
958	9487	0	0	0	1	0	2.596566
959	9496	0	0	0	1	0	1.792198
960	9507	0	0	0	0	0	2.892234
961	9514	0	0	0	0	0	2.263334
962	9517	0	0	0	1	0	1.493889
963	9526	0	0	0	0	0	1.492006
964	9535	0	0	0	2	0	2.499181
965	9543	0	0	0	0	0	1.625884
966	9554	0	0	0	0	0	1.833249
967	9568	0	0	0	1	0	1.008546
968	9575	0	0	0	1	0	2.995300
969	9586	0	0	0	2	0	1.828785
970	9591	0	0	0	1	0	1.234906
971	9598	0	0	0	1	0	1.016231
972	9607	0	0	0	2	0	1.762506
973	9620	0	0	0	2	0	2.299926
974	9638	0	0	0	0	0	1.037402
975	9655	0	0	0	0	0	1.548484
976	9670	0	0	0	0	0	1.430567
977	9677	0	0	0	1	0	1.744706
978	9688	0	0	0	0	0	1.282946
979	9699	0	0	0	1	0	1.349684
980	9711	0	0	0	0	0	1.127580
981	9719	0	0	0	2	0	2.069381
982	9732	0	0	0	0	0	2.821453
983	9743	0	0	0	2	0	1.750987
984	9751	0	0	0	0	0	1.428546
985	9761	0	0	0	1	0	1.492395
986	9773	0	0	0	2	0	1.086599
987	9781	0	0	0	0	0	2.303821
988	9792	0	0	0	2	0	1.281805
989	9796	0	0	0	1	0	1.617120
990	9806	0	0	0	0	0	2.101962
991	9818	0	0	0	1	0	2.628566
992	9826	0	0	0	1	0	2.460266
993	9833	0	0	0	2	0	2.090950
994	9847	0	0	0	2	0	2.012625
995	9863	0	0	0	2	0	1.724471
996	9874	0	0	0	0	0	1.852372
997	9886	0	0	0	0	0	1.229576
998	9894	0	0	0	1	0	1.864630
999	9904	0	0	0	2	0	1.752832
