0	1	0	0	0	0	0	2.089011
1	6	0	0	0	0	0	2.770893
2	19	0	0	0	2	0	1.429538
3	30	0	0	0	1	0	2.325559
4	35	0	0	0	1	0	2.855425
5	49	0	0	0	2	0	2.194931
6	59	0	0	0	1	0	1.995519
7	67	0	0	0	0	0	2.615918
8	78	0	0	0	2	0	2.257138
9	96	0	0	0	1	0	2.336350
10	109	0	0	0	2	0	2.342501
11	125	0	0	0	1	0	2.980579
12	133	0	0	0	2	0	2.094305
13	143	0	0	0	1	0	1.216378
14	155	0	0	0	0	0	2.655672
15	162	0	0	0	0	0	2.438744
16	170	0	0	0	0	0	1.713661
17	179	0	0	0	0	0	1.130329
18	187	0	0	0	2	0	2.359457
19	199	0	0	0	2	0	1.823123
20	212	0	0	0	2	0	2.401315
21	220	0	0	0	2	0	2.263807
22	235	0	0	0	2	0	1.556088
23	243	0	0	0	0	0	2.447187
24	250	0	0	0	1	0	1.820641
25	258	0	0	0	1	0	1.010573
26	266	0	0	0	1	0	2.435764
27	278	0	0	0	1	0	1.067030
28	282	0	0	0	0	0	2.479230
29	290	0	0	0	0	0	2.349335
30	299	0	0	0	1	0	2.629278
31	302	0	0	0	0	0	2.408068
32	308	0	0	0	1	0	1.456601
33	316	0	0	0	1	0	2.204413
34	327	0	0	0	0	0	1.977065
35	341	0	0	0	0	0	2.629981
36	347	0	0	0	1	0	1.358092
37	362	0	0	0	2	0	1.156918
38	371	0	0	0	0	0	1.642376
39	382	0	0	0	0	0	2.071605
40	394	0	0	0	1	0	1.780954
41	406	0	0	0	0	0	2.112925
42	417	0	0	0	0	0	1.048097
43	431	0	0	0	2	0	1.680775
44	442	0	0	0	2	0	2.227336
45	449	0	0	0	0	0	2.343453
46	457	0	0	0	2	0	1.467870
47	462	0	0	0	1	0	2.314248
48	469	0	0	0	1	0	1.012917
49	480	0	0	0	0	0	2.923332
50	492	0	0	0	0	0	2.868618
51	502	0	0	0	0	0	2.250088
52	515	0	0	0	2	0	2.331551
53	526	0	0	0	2	0	1.669095
54	541	0	0	0	0	0	1.709906
55	548	0	0	0	1	0	1.274626
56	558	0	0	0	1	0	2.373828
57	568	0	0	0	1	0	2.443276
58	581	0	0	0	0	0	1.550000
59	595	0	0	0	2	0	1.173230
60	609	0	0	0	0	0	2.662301
61	617	0	0	0	0	0	1.646490
62	628	0	0	0	2	0	1.533868
63	634	0	0	0	2	0	2.781033
64	646	0	0	0	0	0	2.592400
65	650	0	0	0	0	0	1.945033
66	660	0	0	0	1	0	2.468913
67	665	0	0	0	2	0	2.522133
68	678	0	0	0	1	0	2.261610
69	692	0	0	0	1	0	2.329722
70	713	0	0	0	0	0	1.798072
71	719	0	0	0	1	0	1.447615
72	732	0	0	0	0	0	2.391276
73	741	0	0	0	0	0	2.677151
74	753	0	0	0	2	0	2.986015
75	760	0	0	0	0	0	2.545205
76	771	0	0	0	0	0	2.698172
77	783	0	0	0	1	0	1.912788
78	795	0	0	0	1	0	1.503301
79	803	0	0	0	0	0	1.482626
80	813	0	0	0	0	0	1.774097
81	826	0	0	0	1	0	2.246331
82	837	0	0	0	1	0	2.149417
83	844	0	0	0	0	0	2.814906
84	857	0	0	0	2	0	2.911893
85	864	0	0	0	1	0	1.150284
86	876	0	0	0	1	0	1.804705
87	895	0	0	0	1	0	2.248983
88	902	0	0	0	0	0	1.926394
89	915	0	0	0	1	0	1.386938
90	924	0	0	0	1	0	2.803845
91	931	0	0	0	0	0	1.839415
92	943	0	0	0	1	0	1.140139
93	951	0	0	0	1	0	1.239884
94	968	0	0	0	0	0	1.919683
95	971	0	0	0	0	0	2.771936
96	982	0	0	0	1	0	2.741675
97	989	0	0	0	2	0	1.297814
98	1004	0	0	0	1	0	1.962484
99	1014	0	0	0	2	0	1.997297
100	1024	0	0	0	0	0	2.731974
101	1032	0	0	0	0	0	2.964587
102	1041	0	0	0	0	0	1.142750
103	1051	0	0	0	2	0	2.657741
104	1058	0	0	0	2	0	1.186708
105	1067	0	0	0	2	0	2.715669
106	1076	0	0	0	0	0	2.789828
107	1084	0	0	0	1	0	1.107357
108	1104	0	0	0	1	0	2.581043
109	1113	0	0	0	1	0	1.714188
110	1123	0	0	0	1	0	2.989417
111	1132	0	0	0	1	0	1.180828
112	1143	0	0	0	1	0	1.534752
113	1152	0	0	0	2	0	1.200606
114	1161	0	0	0	2	0	1.993297
115	1182	0	0	0	1	0	1.824718
116	1192	0	0	0	0	0	2.845153
117	1204	0	0	0	0	0	1.859307
118	1212	0	0	0	0	0	2.116163
119	1226	0	0	0	0	0	2.542116
120	1237	0	0	0	2	0	1.524102
121	1242	0	0	0	0	0	2.865967
122	1250	0	0	0	2	0	1.407127
123	1261	0	0	0	1	0	1.287719
124	1272	0	0	0	1	0	2.747629
125	1283	0	0	0	2	0	2.706538
126	1291	0	0	0	2	0	2.936384
127	1313	0	0	0	0	0	1.178841
128	1324	0	0	0	1	0	1.731723
129	1338	0	0	0	2	0	1.557514
130	1346	0	0	0	1	0	1.653512
131	1358	0	0	0	0	0	1.751690
132	1368	0	0	0	1	0	1.816636
133	1378	0	0	0	0	0	1.991099
134	1392	0	0	0	2	0	1.932821
135	1404	0	0	0	1	0	1.828509
136	1416	0	0	0	1	0	1.393834
137	1423	0	0	0	1	0	2.418622
138	1433	0	0	0	1	0	1.010232
139	1443	0	0	0	0	0	2.749705
140	1453	0	0	0	0	0	2.351229
141	1467	0	0	0	1	0	1.804223
142	1475	0	0	0	1	0	1.289513
143	1481	0	0	0	1	0	1.341853
144	1498	0	0	0	2	0	2.161850
145	1504	0	0	0	1	0	2.742799
146	1515	0	0	0	0	0	1.909419
147	1527	0	0	0	0	0	1.506862
148	1544	0	0	0	2	0	2.394436
149	1556	0	0	0	2	0	1.688304
150	1563	0	0	0	2	0	2.930581
151	1567	0	0	0	1	0	2.645368
152	1580	0	0	0	0	0	2.698634
153	1588	0	0	0	0	0	1.497505
154	1598	0	0	0	2	0	1.329700
155	1608	0	0	0	2	0	1.942847
156	1617	0	0	0	1	0	1.043486
157	1629	0	0	0	2	0	2.567999
158	1644	0	0	0	0	0	2.695228
159	1654	0	0	0	2	0	2.156896
160	1661	0	0	0	0	0	1.510517
161	1671	0	0	0	0	0	1.409603
162	1682	0	0	0	1	0	2.605844
163	1695	0	0	0	1	0	1.915875
164	1705	0	0	0	2	0	2.330795
165	1712	0	0	0	1	0	2.783426
166	1716	0	0	0	1	0	2.102276
167	1726	0	0	0	0	0	2.681180
168	1735	0	0	0	1	0	1.938759
169	1745	0	0	0	1	0	1.885244
170	1752	0	0	0	1	0	2.270342
171	1757	0	0	0	1	0	2.445281
172	1765	0	0	0	1	0	1.214283
173	1773	0	0	0	2	0	2.866863
174	1788	0	0	0	2	0	1.744873
175	1798	0	0	0	1	0	1.010164
176	1806	0	0	0	2	0	2.405533
177	1814	0	0	0	0	0	2.840400
178	1821	0	0	0	2	0	2.821629
179	1833	0	0	0	1	0	1.743653
180	1843	0	0	0	0	0	2.294779
181	1855	0	0	0	0	0	2.405586
182	1865	0	0	0	0	0	1.721443
183	1875	0	0	0	2	0	1.940984
184	1887	0	0	0	2	0	1.561715
185	1898	0	0	0	1	0	2.913336
186	1908	0	0	0	0	0	2.938693
187	1920	0	0	0	2	0	1.681274
188	1932	0	0	0	2	0	2.709076
189	1941	0	0	0	1	0	1.717327
190	1947	0	0	0	0	0	1.862922
191	1965	0	0	0	2	0	1.656380
192	1978	0	0	0	2	0	1.507302
193	1994	0	0	0	1	0	1.021532
194	2001	0	0	0	1	0	1.114947
195	2012	0	0	0	1	0	1.118340
196	2018	0	0	0	0	0	2.815139
197	2028	0	0	0	2	0	1.307620
198	2038	0	0	0	2	0	2.276962
199	2049	0	0	0	0	0	2.661925
200	2054	0	0	0	0	0	1.347752
201	2058	0	0	0	2	0	1.604785
202	2071	0	0	0	0	0	2.878307
203	2083	0	0	0	1	0	1.382599
204	2092	0	0	0	0	0	2.984525
205	2102	0	0	0	0	0	2.428959
206	2109	0	0	0	2	0	1.726063
207	2121	0	0	0	0	0	2.281372
208	2127	0	0	0	1	0	1.935285
209	2137	0	0	0	2	0	2.509431
210	2148	0	0	0	2	0	2.747463
211	2158	0	0	0	2	0	1.944161
212	2169	0	0	0	1	0	1.505111
213	2174	0	0	0	0	0	2.151756
214	2184	0	0	0	0	0	2.825081
215	2190	0	0	0	0	0	2.086800
216	2200	0	0	0	0	0	1.850250
217	2206	0	0	0	1	0	2.054123
218	2221	0	0	0	0	0	1.379695
219	2236	0	0	0	1	0	1.536039
220	2244	0	0	0	0	0	1.240485
221	2252	0	0	0	1	0	1.355952
222	2265	0	0	0	2	0	2.538822
223	2273	0	0	0	1	0	1.296396
224	2286	0	0	0	1	0	1.650206
225	2297	0	0	0	1	0	1.715198
226	2309	0	0	0	0	0	1.609714
227	2324	0	0	0	2	0	1.148891
228	2333	0	0	0	0	0	2.640350
229	2341	0	0	0	0	0	1.361053
230	2352	0	0	0	1	0	2.972925
231	2361	0	0	0	1	0	1.823717
232	2370	0	0	0	1	0	2.518215
233	2380	0	0	0	2	0	2.934725
234	2391	0	0	0	1	0	1.455846
235	2404	0	0	0	0	0	2.066103
236	2417	0	0	0	1	0	2.194455
237	2428	0	0	0	0	0	2.566964
238	2438	0	0	0	2	0	2.465004
239	2448	0	0	0	0	0	2.823858
240	2454	0	0	0	1	0	1.152959
241	2464	0	0	0	1	0	1.199768
242	2472	0	0	0	0	0	1.908447
243	2484	0	0	0	1	0	1.784108
244	2490	0	0	0	2	0	1.978506
245	2495	0	0	0	1	0	2.316721
246	2509	0	0	0	1	0	1.885556
247	2521	0	0	0	0	0	1.535258
248	2539	0	0	0	1	0	2.319953
249	2545	0	0	0	0	0	2.619333
250	2559	0	0	0	2	0	2.969439
251	2572	0	0	0	0	0	1.610755
252	2581	0	0	0	2	0	2.899234
253	2590	0	0	0	0	0	2.373697
254	2608	0	0	0	0	0	2.330542
255	2619	0	0	0	0	0	1.419972
256	2632	0	0	0	2	0	2.357188
257	2646	0	0	0	1	0	1.751902
258	2652	0	0	0	1	0	1.753006
259	2661	0	0	0	0	0	2.000850
260	2671	0	0	0	0	0	2.856488
261	2687	0	0	0	0	0	2.292845
262	2694	0	0	0	1	0	1.133638
263	2710	0	0	0	2	0	2.897082
264	2716	0	0	0	1	0	1.517903
265	2721	0	0	0	1	0	1.451945
266	2727	0	0	0	1	0	1.765312
267	2738	0	0	0	0	0	1.652458
268	2751	0	0	0	0	0	2.680348
269	2756	0	0	0	2	0	2.313986
270	2769	0	0	0	0	0	2.377229
271	2789	0	0	0	1	0	1.023037
272	2798	0	0	0	1	0	2.451178
273	2811	0	0	0	2	0	1.570099
274	2823	0	0	0	1	0	1.163907
275	2837	0	0	0	0	0	2.211108
276	2849	0	0	0	0	0	2.028424
277	2859	0	0	0	1	0	1.501410
278	2871	0	0	0	1	0	1.165325
279	2884	0	0	0	1	0	2.340121
280	2894	0	0	0	2	0	2.645132
281	2908	0	0	0	1	0	2.049797
282	2918	0	0	0	0	0	1.164872
283	2929	0	0	0	1	0	1.889590
284	2939	0	0	0	0	0	1.597649
285	2946	0	0	0	1	0	1.619591
286	2960	0	0	0	1	0	2.375388
287	2969	0	0	0	0	0	1.222226
288	2977	0	0	0	1	0	2.912009
289	2988	0	0	0	1	0	2.197741
290	2996	0	0	0	1	0	2.080272
291	3002	0	0	0	0	0	2.416090
292	3007	0	0	0	2	0	2.498041
293	3016	0	0	0	1	0	2.459762
294	3022	0	0	0	0	0	2.198336
295	3024	0	0	0	2	0	2.231666
296	3033	0	0	0	0	0	1.011697
297	3046	0	0	0	1	0	1.303739
298	3055	0	0	0	0	0	1.760251
299	3069	0	0	0	2	0	2.061580
300	3082	0	0	0	1	0	1.521713
301	3089	0	0	0	1	0	1.517878
302	3100	0	0	0	1	0	2.073112
303	3108	0	0	0	0	0	2.638594
304	3119	0	0	0	1	0	1.784422
305	3127	0	0	0	1	0	1.674503
306	3138	0	0	0	0	0	1.519946
307	3155	0	0	0	0	0	2.349175
308	3168	0	0	0	1	0	2.663599
309	3178	0	0	0	0	0	2.628544
310	3188	0	0	0	2	0	1.584130
311	3195	0	0	0	2	0	1.175489
312	3211	0	0	0	2	0	2.452419
313	3227	0	0	0	1	0	1.579792
314	3236	0	0	0	0	0	1.447196
315	3248	0	0	0	2	0	2.652282
316	3258	0	0	0	1	0	1.814640
317	3275	0	0	0	0	0	2.309658
318	3286	0	0	0	1	0	2.359561
319	3293	0	0	0	0	0	1.876360
320	3303	0	0	0	2	0	2.057794
321	3317	0	0	0	2	0	1.984135
322	3325	0	0	0	1	0	1.071474
323	3337	0	0	0	2	0	2.817852
324	3349	0	0	0	0	0	2.683030
325	3358	0	0	0	1	0	1.865346
326	3363	0	0	0	0	0	1.596465
327	3370	0	0	0	0	0	1.888085
328	3386	0	0	0	1	0	1.043944
329	3406	0	0	0	1	0	1.824295
330	3425	0	0	0	0	0	1.290716
331	3435	0	0	0	1	0	1.964921
332	3451	0	0	0	1	0	2.364788
333	3462	0	0	0	1	0	1.563428
334	3470	0	0	0	0	0	1.199435
335	3483	0	0	0	0	0	2.057230
336	3493	0	0	0	1	0	2.811318
337	3502	0	0	0	1	0	1.981644
338	3513	0	0	0	0	0	2.917383
339	3520	0	0	0	0	0	1.282135
340	3536	0	0	0	2	0	2.704444
341	3551	0	0	0	1	0	1.768439
342	3557	0	0	0	0	0	2.649609
343	3566	0	0	0	1	0	2.800374
344	3573	0	0	0	2	0	2.800526
345	3582	0	0	0	0	0	1.097260
346	3598	0	0	0	0	0	1.342859
347	3607	0	0	0	0	0	2.351963
348	3618	0	0	0	0	0	1.434229
349	3630	0	0	0	0	0	1.949218
350	3636	0	0	0	2	0	2.773290
351	3647	0	0	0	2	0	2.964238
352	3651	0	0	0	1	0	1.506198
353	3658	0	0	0	2	0	2.470643
354	3664	0	0	0	2	0	1.675424
355	3673	0	0	0	0	0	2.803572
356	3682	0	0	0	0	0	2.720433
357	3689	0	0	0	0	0	2.022470
358	3701	0	0	0	0	0	1.597769
359	3712	0	0	0	0	0	1.490274
360	3725	0	0	0	2	0	2.524279
361	3735	0	0	0	2	0	2.990502
362	3749	0	0	0	2	0	1.853862
363	3758	0	0	0	2	0	2.479147
364	3770	0	0	0	2	0	1.429786
365	3777	0	0	0	1	0	2.905214
366	3785	0	0	0	0	0	1.962660
367	3795	0	0	0	2	0	2.413443
368	3802	0	0	0	2	0	1.239205
369	3811	0	0	0	2	0	2.357330
370	3821	0	0	0	0	0	2.049953
371	3830	0	0	0	1	0	2.021518
372	3840	0	0	0	0	0	1.040464
373	3850	0	0	0	2	0	2.756400
374	3860	0	0	0	1	0	2.969699
375	3877	0	0	0	0	0	1.480889
376	3884	0	0	0	1	0	2.387229
377	3897	0	0	0	1	0	2.031579
378	3903	0	0	0	0	0	1.765902
379	3912	0	0	0	0	0	2.024427
380	3922	0	0	0	1	0	1.756372
381	3936	0	0	0	1	0	2.735027
382	3949	0	0	0	1	0	2.924629
383	3955	0	0	0	1	0	2.831379
384	3963	0	0	0	1	0	1.925917
385	3977	0	0	0	0	0	2.883670
386	3988	0	0	0	1	0	1.508208
387	4000	0	0	0	1	0	1.519966
388	4006	0	0	0	0	0	1.941411
389	4013	0	0	0	1	0	1.370314
390	4024	0	0	0	1	0	2.296948
391	4033	0	0	0	2	0	2.245592
392	4047	0	0	0	0	0	1.206747
393	4056	0	0	0	1	0	2.034275
394	4061	0	0	0	0	0	2.207325
395	4069	0	0	0	0	0	2.155681
396	4082	0	0	0	0	0	1.784559
397	4091	0	0	0	0	0	2.056618
398	4100	0	0	0	2	0	2.385300
399	4110	0	0	0	2	0	1.009811
400	4119	0	0	0	1	0	1.287481
401	4124	0	0	0	0	0	2.268263
402	4132	0	0	0	0	0	2.973676
403	4144	0	0	0	1	0	1.444184
404	4153	0	0	0	2	0	1.436187
405	4157	0	0	0	0	0	2.919383
406	4168	0	0	0	0	0	2.374662
407	4180	0	0	0	2	0	1.189252
408	4188	0	0	0	0	0	2.394732
409	4198	0	0	0	1	0	2.757006
410	4210	0	0	0	1	0	1.300500
411	4218	0	0	0	1	0	2.781585
412	4224	0	0	0	2	0	2.935290
413	4232	0	0	0	0	0	1.686243
414	4241	0	0	0	0	0	2.865822
415	4249	0	0	0	2	0	1.399945
416	4260	0	0	0	2	0	1.172282
417	4265	0	0	0	2	0	2.691040
418	4275	0	0	0	0	0	2.476185
419	4283	0	0	0	2	0	1.469129
420	4294	0	0	0	0	0	2.040186
421	4302	0	0	0	0	0	1.486303
422	4314	0	0	0	2	0	1.053073
423	4325	0	0	0	2	0	2.947242
424	4338	0	0	0	1	0	2.203085
425	4347	0	0	0	0	0	2.027929
426	4363	0	0	0	1	0	1.577453
427	4371	0	0	0	2	0	1.636217
428	4383	0	0	0	2	0	1.260838
429	4402	0	0	0	0	0	1.836617
430	4411	0	0	0	0	0	1.373364
431	4418	0	0	0	0	0	2.158561
432	4428	0	0	0	0	0	1.460470
433	4442	0	0	0	2	0	1.252768
434	4452	0	0	0	1	0	1.979639
435	4460	0	0	0	0	0	2.077271
436	4465	0	0	0	0	0	1.465046
437	4470	0	0	0	2	0	1.517627
438	4481	0	0	0	2	0	2.424264
439	4487	0	0	0	0	0	1.579691
440	4499	0	0	0	1	0	2.740912
441	4510	0	0	0	1	0	2.208429
442	4517	0	0	0	0	0	1.763825
443	4531	0	0	0	1	0	1.342392
444	4544	0	0	0	1	0	1.630372
445	4552	0	0	0	1	0	2.493586
446	4560	0	0	0	1	0	2.331981
447	4570	0	0	0	1	0	1.317838
448	4583	0	0	0	1	0	1.142198
449	4594	0	0	0	1	0	1.281246
450	4601	0	0	0	1	0	2.204111
451	4617	0	0	0	2	0	2.950979
452	4633	0	0	0	0	0	2.008152
453	4643	0	0	0	2	0	1.428704
454	4653	0	0	0	0	0	1.159877
455	4667	0	0	0	0	0	2.404754
456	4682	0	0	0	0	0	2.191266
457	4688	0	0	0	0	0	1.096865
458	4703	0	0	0	1	0	1.757768
459	4716	0	0	0	1	0	2.434812
460	4725	0	0	0	2	0	1.964614
461	4734	0	0	0	1	0	2.720540
462	4746	0	0	0	1	0	1.861148
463	4751	0	0	0	1	0	1.846910
464	4758	0	0	0	1	0	2.930591
465	4770	0	0	0	0	0	2.091832
466	4773	0	0	0	2	0	2.407903
467	4780	0	0	0	1	0	2.343849
468	4787	0	0	0	1	0	2.417298
469	4801	0	0	0	2	0	2.052514
470	4814	0	0	0	0	0	1.829186
471	4824	0	0	0	1	0	1.488227
472	4833	0	0	0	1	0	2.238067
473	4841	0	0	0	0	0	2.842531
474	4852	0	0	0	2	0	1.644010
475	4860	0	0	0	0	0	1.272876
476	4878	0	0	0	2	0	1.222717
477	4888	0	0	0	1	0	2.825512
478	4899	0	0	0	2	0	2.399101
479	4913	0	0	0	1	0	2.085682
480	4924	0	0	0	2	0	2.166500
481	4933	0	0	0	0	0	1.845666
482	4943	0	0	0	2	0	1.074159
483	4952	0	0	0	0	0	2.860132
484	4959	0	0	0	0	0	1.632288
485	4976	0	0	0	2	0	1.550503
486	4984	0	0	0	0	0	2.019534
487	4991	0	0	0	0	0	2.230645
488	5001	0	0	0	0	0	2.280703
489	5012	0	0	0	2	0	2.927475
490	5025	0	0	0	0	0	1.605772
491	5036	0	0	0	0	0	1.280209
492	5041	0	0	0	2	0	1.671326
493	5053	0	0	0	0	0	1.640271
494	5063	0	0	0	0	0	2.033954
495	5068	0	0	0	2	0	2.782965
496	5078	0	0	0	1	0	2.979138
497	5089	0	0	0	0	0	2.030375
498	5098	0	0	0	0	0	1.280525
499	5111	0	0	0	2	0	2.146887
500	5118	0	0	0	0	0	1.681973
501	5122	0	0	0	1	0	2.714971
502	5134	0	0	0	2	0	1.734108
503	5143	0	0	0	1	0	1.977450
504	5149	0	0	0	0	0	1.287528
505	5163	0	0	0	0	0	2.308352
506	5176	0	0	0	1	0	1.312799
507	5190	0	0	0	0	0	2.523584
508	5197	0	0	0	0	0	1.766221
509	5206	0	0	0	1	0	2.439810
510	5212	0	0	0	0	0	1.630034
511	5219	0	0	0	0	0	2.503393
512	5228	0	0	0	0	0	1.905553
513	5240	0	0	0	1	0	1.910673
514	5248	0	0	0	2	0	2.378885
515	5256	0	0	0	2	0	1.942478
516	5263	0	0	0	1	0	1.151953
517	5278	0	0	0	2	0	1.026846
518	5290	0	0	0	1	0	2.797801
519	5299	0	0	0	0	0	1.745522
520	5305	0	0	0	2	0	1.797484
521	5315	0	0	0	0	0	1.559458
522	5325	0	0	0	1	0	1.311654
523	5337	0	0	0	2	0	1.725397
524	5348	0	0	0	2	0	1.440959
525	5361	0	0	0	1	0	1.492292
526	5377	0	0	0	1	0	1.662363
527	5386	0	0	0	2	0	1.930310
528	5397	0	0	0	0	0	1.326508
529	5403	0	0	0	1	0	2.131482
530	5415	0	0	0	0	0	1.492119
531	5425	0	0	0	0	0	2.090392
532	5435	0	0	0	0	0	1.641272
533	5447	0	0	0	0	0	2.878868
534	5452	0	0	0	1	0	2.780627
535	5461	0	0	0	1	0	1.634079
536	5471	0	0	0	1	0	2.747576
537	5479	0	0	0	1	0	2.433917
538	5492	0	0	0	0	0	2.216685
539	5503	0	0	0	2	0	2.862103
540	5514	0	0	0	1	0	1.809980
541	5524	0	0	0	0	0	1.690351
542	5531	0	0	0	1	0	2.006608
543	5542	0	0	0	1	0	1.664305
544	5548	0	0	0	1	0	1.574115
545	5557	0	0	0	0	0	1.114922
546	5566	0	0	0	1	0	1.229205
547	5579	0	0	0	1	0	2.068916
548	5584	0	0	0	1	0	1.660903
549	5593	0	0	0	2	0	1.802965
550	5602	0	0	0	1	0	1.240626
551	5614	0	0	0	2	0	2.771368
552	5621	0	0	0	1	0	2.954651
553	5633	0	0	0	0	0	2.102128
554	5641	0	0	0	0	0	2.939196
555	5649	0	0	0	0	0	1.906814
556	5658	0	0	0	0	0	1.497273
557	5668	0	0	0	1	0	2.372938
558	5678	0	0	0	2	0	1.464118
559	5693	0	0	0	2	0	1.097322
560	5702	0	0	0	1	0	2.404032
561	5713	0	0	0	2	0	1.876367
562	5724	0	0	0	0	0	2.604719
563	5738	0	0	0	1	0	1.230361
564	5749	0	0	0	1	0	1.632160
565	5760	0	0	0	0	0	1.590742
566	5768	0	0	0	2	0	1.740188
567	5774	0	0	0	0	0	1.828075
568	5781	0	0	0	0	0	1.288317
569	5792	0	0	0	1	0	1.337602
570	5801	0	0	0	1	0	1.838033
571	5810	0	0	0	1	0	1.599588
572	5814	0	0	0	2	0	1.312620
573	5829	0	0	0	1	0	1.983736
574	5842	0	0	0	0	0	2.277241
575	5847	0	0	0	2	0	2.767251
576	5859	0	0	0	2	0	1.568686
577	5865	0	0	0	2	0	2.910751
578	5876	0	0	0	1	0	1.862364
579	5885	0	0	0	0	0	1.084427
580	5891	0	0	0	1	0	1.379905
581	5903	0	0	0	2	0	2.989424
582	5915	0	0	0	0	0	1.684352
583	5923	0	0	0	2	0	1.419340
584	5932	0	0	0	2	0	1.296517
585	5942	0	0	0	2	0	1.255078
586	5952	0	0	0	1	0	2.201837
587	5960	0	0	0	1	0	2.634066
588	5966	0	0	0	0	0	1.924704
589	5974	0	0	0	2	0	2.537869
590	5985	0	0	0	1	0	2.570882
591	5998	0	0	0	1	0	1.427776
592	6005	0	0	0	0	0	1.984918
593	6010	0	0	0	0	0	1.847027
594	6021	0	0	0	0	0	1.244464
595	6030	0	0	0	1	0	2.809390
596	6039	0	0	0	1	0	1.132546
597	6054	0	0	0	2	0	2.954121
598	6062	0	0	0	2	0	1.102190
599	6075	0	0	0	1	0	1.865069
600	6083	0	0	0	1	0	1.580361
601	6093	0	0	0	0	0	1.086099
602	6109	0	0	0	0	0	2.981871
603	6119	0	0	0	0	0	1.580298
604	6127	0	0	0	0	0	1.865115
605	6138	0	0	0	2	0	1.113564
606	6146	0	0	0	1	0	1.092897
607	6158	0	0	0	1	0	2.371797
608	6169	0	0	0	0	0	2.861018
609	6184	0	0	0	1	0	1.422922
610	6198	0	0	0	0	0	2.141937
611	6212	0	0	0	1	0	1.397968
612	6220	0	0	0	2	0	1.180438
613	6231	0	0	0	0	0	2.173700
614	6240	0	0	0	1	0	2.797092
615	6248	0	0	0	1	0	1.347134
616	6257	0	0	0	2	0	2.078903
617	6269	0	0	0	1	0	2.194235
618	6275	0	0	0	1	0	1.327197
619	6286	0	0	0	0	0	2.402493
620	6302	0	0	0	1	0	2.957991
621	6314	0	0	0	2	0	2.564574
622	6324	0	0	0	0	0	1.650016
623	6330	0	0	0	1	0	1.199236
624	6341	0	0	0	0	0	2.059260
625	6350	0	0	0	0	0	2.474552
626	6358	0	0	0	0	0	2.254503
627	6365	0	0	0	2	0	1.531659
628	6373	0	0	0	0	0	2.260142
629	6382	0	0	0	0	0	2.542141
630	6393	0	0	0	0	0	1.242726
631	6399	0	0	0	1	0	2.942256
632	6412	0	0	0	0	0	1.726831
633	6420	0	0	0	0	0	1.578323
634	6424	0	0	0	0	0	1.077029
635	6436	0	0	0	0	0	1.088065
636	6444	0	0	0	2	0	1.724994
637	6455	0	0	0	0	0	1.080713
638	6462	0	0	0	2	0	2.527020
639	6470	0	0	0	1	0	1.924932
640	6480	0	0	0	0	0	1.697371
641	6489	0	0	0	0	0	2.986274
642	6504	0	0	0	0	0	2.189609
643	6518	0	0	0	1	0	1.487816
644	6528	0	0	0	0	0	2.054593
645	6539	0	0	0	0	0	1.687033
646	6547	0	0	0	0	0	2.732270
647	6556	0	0	0	1	0	2.269208
648	6567	0	0	0	2	0	1.492081
649	6581	0	0	0	0	0	2.728086
650	6589	0	0	0	0	0	1.379718
651	6596	0	0	0	0	0	1.404968
652	6603	0	0	0	1	0	2.368409
653	6612	0	0	0	2	0	2.920058
654	6619	0	0	0	0	0	1.259150
655	6627	0	0	0	1	0	2.444945
656	6636	0	0	0	1	0	1.951996
657	6650	0	0	0	2	0	1.034805
658	6666	0	0	0	0	0	2.225031
659	6675	0	0	0	2	0	2.782816
660	6684	0	0	0	1	0	2.250302
661	6691	0	0	0	1	0	2.870215
662	6696	0	0	0	2	0	2.584809
663	6703	0	0	0	1	0	2.120918
664	6711	0	0	0	2	0	2.056863
665	6718	0	0	0	0	0	2.469674
666	6728	0	0	0	1	0	1.447416
667	6738	0	0	0	0	0	1.715082
668	6747	0	0	0	0	0	1.353386
669	6757	0	0	0	1	0	1.889348
670	6769	0	0	0	1	0	2.247899
671	6787	0	0	0	1	0	1.126410
672	6796	0	0	0	2	0	2.511154
673	6804	0	0	0	0	0	1.591742
674	6814	0	0	0	1	0	2.855989
675	6825	0	0	0	1	0	1.358487
676	6839	0	0	0	0	0	1.786271
677	6844	0	0	0	1	0	1.871610
678	6850	0	0	0	0	0	2.883713
679	6859	0	0	0	0	0	1.314660
680	6877	0	0	0	2	0	2.892536
681	6887	0	0	0	1	0	1.997062
682	6895	0	0	0	1	0	1.033204
683	6904	0	0	0	1	0	1.369371
684	6921	0	0	0	1	0	2.925622
685	6927	0	0	0	2	0	1.961106
686	6936	0	0	0	1	0	1.920769
687	6946	0	0	0	1	0	1.756607
688	6952	0	0	0	2	0	1.503425
689	6965	0	0	0	1	0	2.386252
690	6977	0	0	0	0	0	2.187905
691	6985	0	0	0	0	0	2.158687
692	6997	0	0	0	1	0	2.168811
693	7007	0	0	0	0	0	1.803088
694	7017	0	0	0	1	0	2.182434
695	7028	0	0	0	2	0	2.363713
696	7038	0	0	0	1	0	1.816599
697	7048	0	0	0	0	0	2.988507
698	7061	0	0	0	0	0	2.594520
699	7073	0	0	0	1	0	2.988024
700	7084	0	0	0	2	0	1.058367
701	7099	0	0	0	0	0	2.053448
702	7106	0	0	0	2	0	2.099676
703	7118	0	0	0	0	0	2.708207
704	7125	0	0	0	0	0	2.470781
705	7136	0	0	0	0	0	1.243388
706	7145	0	0	0	1	0	1.384516
707	7154	0	0	0	2	0	1.680435
708	7169	0	0	0	0	0	1.002756
709	7173	0	0	0	0	0	1.235193
710	7187	0	0	0	0	0	2.692404
711	7201	0	0	0	1	0	1.266926
712	7209	0	0	0	2	0	1.955821
713	7215	0	0	0	2	0	2.792293
714	7227	0	0	0	1	0	2.145714
715	7239	0	0	0	1	0	1.941704
716	7247	0	0	0	2	0	1.141371
717	7259	0	0	0	1	0	2.665483
718	7267	0	0	0	2	0	1.270648
719	7281	0	0	0	1	0	1.460291
720	7294	0	0	0	2	0	2.620662
721	7304	0	0	0	2	0	1.939668
722	7317	0	0	0	2	0	2.575995
723	7326	0	0	0	0	0	1.698453
724	7340	0	0	0	1	0	2.110131
725	7351	0	0	0	0	0	2.993463
726	7359	0	0	0	2	0	1.712163
727	7371	0	0	0	2	0	1.082828
728	7381	0	0	0	1	0	1.093968
729	7396	0	0	0	2	0	1.340101
730	7407	0	0	0	2	0	1.809252
731	7417	0	0	0	1	0	2.559789
732	7422	0	0	0	0	0	2.645159
733	7427	0	0	0	0	0	1.165039
734	7441	0	0	0	1	0	1.827636
735	7456	0	0	0	0	0	2.103730
736	7464	0	0	0	0	0	2.236709
737	7476	0	0	0	0	0	2.611090
738	7483	0	0	0	2	0	1.907307
739	7488	0	0	0	0	0	2.128118
740	7502	0	0	0	1	0	1.508714
741	7511	0	0	0	0	0	1.741499
742	7528	0	0	0	0	0	1.093399
743	7536	0	0	0	1	0	2.520236
744	7552	0	0	0	1	0	1.814303
745	7563	0	0	0	1	0	2.121313
746	7570	0	0	0	0	0	2.382970
747	7575	0	0	0	0	0	2.740646
748	7586	0	0	0	0	0	2.859824
749	7602	0	0	0	0	0	1.011152
750	7606	0	0	0	1	0	1.654922
751	7613	0	0	0	0	0	2.411794
752	7621	0	0	0	2	0	2.221438
753	7633	0	0	0	0	0	2.659848
754	7646	0	0	0	0	0	2.425476
755	7658	0	0	0	1	0	2.628455
756	7662	0	0	0	0	0	1.262248
757	7672	0	0	0	1	0	1.039016
758	7677	0	0	0	0	0	2.041588
759	7683	0	0	0	2	0	2.363933
760	7689	0	0	0	2	0	2.346150
761	7693	0	0	0	1	0	2.797491
762	7705	0	0	0	1	0	1.277747
763	7715	0	0	0	1	0	1.432075
764	7723	0	0	0	1	0	1.425515
765	7737	0	0	0	2	0	2.085703
766	7745	0	0	0	0	0	2.516369
767	7754	0	0	0	1	0	1.954221
768	7765	0	0	0	2	0	2.010351
769	7778	0	0	0	1	0	1.592064
770	7785	0	0	0	0	0	1.827480
771	7793	0	0	0	0	0	1.225312
772	7803	0	0	0	1	0	2.527059
773	7812	0	0	0	1	0	1.826120
774	7825	0	0	0	1	0	2.642732
775	7833	0	0	0	1	0	1.791196
776	7846	0	0	0	1	0	2.392827
777	7854	0	0	0	1	0	1.830593
778	7866	0	0	0	1	0	1.845141
779	7873	0	0	0	0	0	2.296294
780	7880	0	0	0	2	0	1.195207
781	7887	0	0	0	2	0	1.196800
782	7900	0	0	0	1	0	1.712867
783	7916	0	0	0	1	0	1.964847
784	7924	0	0	0	1	0	1.612587
785	7935	0	0	0	0	0	2.081564
786	7941	0	0	0	1	0	1.000233
787	7946	0	0	0	0	0	2.630841
788	7955	0	0	0	1	0	1.012404
789	7968	0	0	0	2	0	1.186511
790	7984	0	0	0	0	0	2.517094
791	7990	0	0	0	1	0	2.350303
792	7999	0	0	0	1	0	2.483629
793	8014	0	0	0	1	0	1.194819
794	8034	0	0	0	0	0	2.915948
795	8042	0	0	0	0	0	2.072531
796	8055	0	0	0	1	0	1.750269
797	8067	0	0	0	1	0	1.465533
798	8075	0	0	0	0	0	2.172542
799	8085	0	0	0	2	0	2.881648
800	8093	0	0	0	2	0	2.184914
801	8099	0	0	0	0	0	2.909822
802	8111	0	0	0	0	0	1.281682
803	8117	0	0	0	2	0	2.827554
804	8125	0	0	0	0	0	2.373558
805	8133	0	0	0	0	0	1.562425
806	8141	0	0	0	2	0	1.185352
807	8156	0	0	0	2	0	2.635164
808	8166	0	0	0	0	0	2.742456
809	8179	0	0	0	2	0	2.352367
810	8189	0	0	0	2	0	2.761191
811	8197	0	0	0	1	0	2.164136
812	8206	0	0	0	0	0	2.758001
813	8216	0	0	0	1	0	1.255654
814	8223	0	0	0	0	0	2.621942
815	8231	0	0	0	0	0	1.469452
816	8238	0	0	0	1	0	2.879749
817	8245	0	0	0	0	0	2.853065
818	8259	0	0	0	2	0	1.020240
819	8268	0	0	0	0	0	1.393680
820	8278	0	0	0	0	0	2.159895
821	8285	0	0	0	0	0	2.835978
822	8295	0	0	0	2	0	2.772233
823	8303	0	0	0	2	0	1.452288
824	8313	0	0	0	0	0	1.070963
825	8325	0	0	0	2	0	1.544207
826	8338	0	0	0	2	0	1.944549
827	8345	0	0	0	1	0	1.022260
828	8350	0	0	0	2	0	1.242873
829	8354	0	0	0	0	0	1.778929
830	8360	0	0	0	0	0	2.512076
831	8368	0	0	0	1	0	2.627230
832	8375	0	0	0	0	0	2.034211
833	8381	0	0	0	1	0	1.014703
834	8393	0	0	0	2	0	1.396259
835	8402	0	0	0	0	0	2.552438
836	8412	0	0	0	0	0	1.045664
837	8424	0	0	0	2	0	1.061290
838	8432	0	0	0	0	0	2.234479
839	8440	0	0	0	1	0	2.307688
840	8448	0	0	0	2	0	2.633284
841	8457	0	0	0	1	0	2.972457
842	8462	0	0	0	2	0	2.489342
843	8470	0	0	0	0	0	2.941942
844	8486	0	0	0	0	0	2.585910
845	8493	0	0	0	2	0	1.043189
846	8500	0	0	0	0	0	2.783232
847	8507	0	0	0	0	0	1.685787
848	8515	0	0	0	1	0	1.603919
849	8521	0	0	0	0	0	2.557868
850	8531	0	0	0	2	0	2.941316
851	8541	0	0	0	0	0	1.914156
852	8554	0	0	0	1	0	1.312367
853	8569	0	0	0	2	0	2.908183
854	8579	0	0	0	2	0	1.153891
855	8596	0	0	0	0	0	2.120455
856	8603	0	0	0	0	0	2.352082
857	8612	0	0	0	0	0	2.793320
858	8621	0	0	0	2	0	1.466431
859	8632	0	0	0	2	0	2.614287
860	8642	0	0	0	0	0	1.015815
861	8656	0	0	0	2	0	2.183093
862	8661	0	0	0	1	0	1.743350
863	8667	0	0	0	2	0	2.730798
864	8678	0	0	0	0	0	1.160139
865	8690	0	0	0	1	0	1.427632
866	8700	0	0	0	0	0	1.085716
867	8712	0	0	0	2	0	2.180053
868	8727	0	0	0	0	0	2.771935
869	8741	0	0	0	2	0	2.095840
870	8749	0	0	0	2	0	1.459456
871	8755	0	0	0	0	0	2.496067
872	8761	0	0	0	0	0	1.178131
873	8766	0	0	0	0	0	2.994988
874	8780	0	0	0	1	0	1.888583
875	8788	0	0	0	0	0	1.444824
876	8800	0	0	0	1	0	1.706901
877	8815	0	0	0	0	0	2.458047
878	8830	0	0	0	0	0	2.384047
879	8836	0	0	0	2	0	2.088822
880	8854	0	0	0	0	0	1.130238
881	8864	0	0	0	1	0	1.449612
882	8873	0	0	0	2	0	1.961099
883	8883	0	0	0	1	0	2.977067
884	8891	0	0	0	2	0	2.405697
885	8901	0	0	0	0	0	2.400882
886	8910	0	0	0	2	0	2.083075
887	8922	0	0	0	0	0	2.804359
888	8931	0	0	0	0	0	2.358054
889	8953	0	0	0	0	0	1.210590
890	8967	0	0	0	0	0	2.976255
891	8975	0	0	0	1	0	1.670864
892	8987	0	0	0	0	0	2.477509
893	8997	0	0	0	0	0	2.139543
894	9011	0	0	0	1	0	2.387762
895	9022	0	0	0	1	0	1.382305
896	9032	0	0	0	0	0	1.550804
897	9044	0	0	0	0	0	2.978974
898	9059	0	0	0	2	0	2.846870
899	9069	0	0	0	0	0	2.926425
900	9080	0	0	0	0	0	2.313481
901	9092	0	0	0	2	0	1.467493
902	9102	0	0	0	0	0	1.884528
903	9114	0	0	0	0	0	1.742717
904	9120	0	0	0	2	0	1.037050
905	9134	0	0	0	1	0	2.656107
906	9136	0	0	0	1	0	1.044714
907	9150	0	0	0	0	0	2.909771
908	9164	0	0	0	1	0	1.709325
909	9174	0	0	0	0	0	2.827423
910	9184	0	0	0	2	0	1.352886
911	9196	0	0	0	1	0	1.415953
912	9208	0	0	0	1	0	1.466234
913	9215	0	0	0	1	0	2.464830
914	9226	0	0	0	2	0	2.388807
915	9232	0	0	0	1	0	2.643861
916	9249	0	0	0	1	0	2.630875
917	9259	0	0	0	0	0	1.432924
918	9265	0	0	0	2	0	2.854366
919	9273	0	0	0	2	0	2.253256
920	9283	0	0	0	2	0	1.840184
921	9293	0	0	0	2	0	1.591404
922	9303	0	0	0	0	0	2.177781
923	9314	0	0	0	0	0	1.076823
924	9326	0	0	0	1	0	1.428074
925	9336	0	0	0	0	0	2.619296
926	9348	0	0	0	1	0	1.032794
927	9360	0	0	0	1	0	1.219372
928	9368	0	0	0	0	0	1.158004
929	9374	0	0	0	2	0	2.695559
930	9385	0	0	0	1	0	1.758464
931	9396	0	0	0	1	0	1.660198
932	9403	0	0	0	1	0	2.868255
933	9413	0	0	0	0	0	2.267161
934	9425	0	0	0	1	0	2.599635
935	9429	0	0	0	0	0	1.902727
936	9436	0	0	0	1	0	1.832543
937	9441	0	0	0	1	0	2.433797
938	9452	0	0	0	0	0	1.616261
939	9467	0	0	0	1	0	2.089259
940	9478	0	0	0	1	0	1.680214
941	9484	0	0	0	2	0	2.742012
942	9494	0	0	0	1	0	1.690605
943	9502	0	0	0	1	0	2.992228
944	9511	0	0	0	1	0	2.111711
945	9524	0	0	0	2	0	2.437860
946	9531	0	0	0	0	0	1.614537
947	9535	0	0	0	2	0	1.272617
948	9539	0	0	0	1	0	1.845024
949	9554	0	0	0	1	0	1.186123
950	9566	0	0	0	1	0	2.549170
951	9574	0	0	0	1	0	2.774349
952	9584	0	0	0	0	0	2.453066
953	9598	0	0	0	1	0	2.763099
954	9610	0	0	0	2	0	1.781273
955	9620	0	0	0	0	0	1.935662
956	9637	0	0	0	1	0	2.845563
957	9645	0	0	0	2	0	2.543769
958	9651	0	0	0	2	0	1.249653
959	9666	0	0	0	1	0	1.121218
960	9676	0	0	0	1	0	1.854022
961	9684	0	0	0	1	0	2.206531
962	9691	0	0	0	1	0	2.838942
963	9704	0	0	0	1	0	1.619509
964	9714	0	0	0	0	0	1.815393
965	9725	0	0	0	0	0	1.026231
966	9730	0	0	0	0	0	2.154749
967	9739	0	0	0	2	0	2.033489
968	9753	0	0	0	2	0	2.096249
969	9762	0	0	0	1	0	2.959289
970	9774	0	0	0	2	0	1.711868
971	9786	0	0	0	0	0	1.034200
972	9795	0	0	0	1	0	2.668297
973	9804	0	0	0	0	0	1.304765
974	9815	0	0	0	0	0	2.935830
975	9822	0	0	0	0	0	2.673204
976	9830	0	0	0	1	0	1.954747
977	9836	0	0	0	2	0	1.394996
978	9850	0	0	0	1	0	1.266569
979	9859	0	0	0	2	0	2.414488
980	9866	0	0	0	2	0	1.024878
981	9879	0	0	0	1	0	2.646907
982	9884	0	0	0	2	0	1.054926
983	9895	0	0	0	1	0	1.701999
984	9906	0	0	0	1	0	2.351226
985	9913	0	0	0	1	0	1.783881
986	9921	0	0	0	0	0	2.935624
987	9932	0	0	0	0	0	1.652020
988	9940	0	0	0	0	0	1.476837
989	9946	0	0	0	0	0	2.659729
990	9950	0	0	0	1	0	1.321911
991	9960	0	0	0	2	0	2.317408
992	9972	0	0	0	1	0	2.852750
993	9982	0	0	0	0	0	2.766879
994	9991	0	0	0	0	0	2.679304
995	10000	0	0	0	1	0	1.405417
996	10015	0	0	0	2	0	2.971451
997	10021	0	0	0	1	0	2.532155
998	10026	0	0	0	2	0	1.121017
999	10032	0	0	0	1	0	1.834286
