0	1	0	0	0	1	0	1.643046
1	7	0	0	0	1	0	1.016676
2	16	0	0	0	0	0	1.716595
3	27	0	0	0	2	0	2.110359
4	36	0	0	0	0	0	2.647602
5	45	0	0	0	1	0	2.356785
6	55	0	0	0	0	0	1.196635
7	61	0	0	0	0	0	1.734005
8	72	0	0	0	0	0	1.543230
9	83	0	0	0	1	0	2.840742
10	91	0	0	0	1	0	1.019815
11	97	0	0	0	0	0	2.861779
12	116	0	0	0	1	0	2.246524
13	131	0	0	0	1	0	2.482681
14	138	0	0	0	1	0	1.059893
15	150	0	0	0	0	0	2.776765
16	159	0	0	0	1	0	2.843373
17	168	0	0	0	0	0	1.200009
18	182	0	0	0	1	0	2.379056
19	195	0	0	0	1	0	2.150759
20	205	0	0	0	0	0	2.353336
21	209	0	0	0	1	0	1.754913
22	219	0	0	0	0	0	1.656130
23	227	0	0	0	0	0	1.203686
24	238	0	0	0	1	0	1.517970
25	247	0	0	0	0	0	2.451152
26	261	0	0	0	0	0	1.462174
27	273	0	0	0	1	0	1.084259
28	279	0	0	0	0	0	2.905901
29	290	0	0	0	1	0	2.807906
30	300	0	0	0	1	0	2.212968
31	310	0	0	0	1	0	1.764134
32	325	0	0	0	1	0	1.478078
33	331	0	0	0	1	0	2.071397
34	339	0	0	0	2	0	2.654450
35	347	0	0	0	0	0	2.874838
36	352	0	0	0	0	0	2.089346
37	368	0	0	0	0	0	2.494608
38	382	0	0	0	0	0	2.824631
39	394	0	0	0	1	0	1.622643
40	398	0	0	0	1	0	2.729386
41	407	0	0	0	0	0	2.164675
42	413	0	0	0	1	0	1.790289
43	425	0	0	0	1	0	2.852753
44	438	0	0	0	0	0	2.834748
45	444	0	0	0	0	0	1.796166
46	450	0	0	0	0	0	1.513772
47	464	0	0	0	0	0	1.830939
48	476	0	0	0	0	0	2.947676
49	487	0	0	0	0	0	2.243040
50	494	0	0	0	2	0	2.867787
51	504	0	0	0	2	0	2.175256
52	512	0	0	0	0	0	2.920359
53	522	0	0	0	1	0	1.759224
54	530	0	0	0	1	0	2.895540
55	539	0	0	0	0	0	2.847274
56	545	0	0	0	2	0	1.065580
57	552	0	0	0	1	0	2.012631
58	560	0	0	0	1	0	1.772686
59	569	0	0	0	2	0	2.251647
60	576	0	0	0	1	0	1.257419
61	590	0	0	0	0	0	2.002970
62	600	0	0	0	0	0	1.252435
63	606	0	0	0	1	0	1.483892
64	613	0	0	0	1	0	1.768737
65	618	0	0	0	1	0	1.761421
66	632	0	0	0	0	0	1.336780
67	643	0	0	0	2	0	1.584162
68	653	0	0	0	0	0	1.998173
69	658	0	0	0	0	0	2.403445
70	672	0	0	0	1	0	1.422620
71	683	0	0	0	0	0	2.785085
72	691	0	0	0	0	0	1.655514
73	704	0	0	0	0	0	2.824196
74	712	0	0	0	2	0	2.143884
75	725	0	0	0	0	0	1.449328
76	733	0	0	0	1	0	1.536693
77	745	0	0	0	0	0	2.919750
78	752	0	0	0	2	0	2.429440
79	763	0	0	0	2	0	2.013438
80	774	0	0	0	0	0	2.914785
81	785	0	0	0	2	0	1.001267
82	797	0	0	0	1	0	1.448142
83	809	0	0	0	1	0	2.175766
84	817	0	0	0	2	0	1.943366
85	829	0	0	0	1	0	2.646480
86	842	0	0	0	0	0	2.132383
87	849	0	0	0	0	0	2.466655
88	855	0	0	0	1	0	2.661926
89	865	0	0	0	2	0	1.490883
90	875	0	0	0	1	0	2.205172
91	888	0	0	0	1	0	1.062211
92	894	0	0	0	2	0	1.064972
93	907	0	0	0	0	0	2.465889
94	920	0	0	0	0	0	1.748855
95	929	0	0	0	0	0	1.682606
96	935	0	0	0	0	0	1.028563
97	955	0	0	0	1	0	2.123507
98	963	0	0	0	0	0	1.551599
99	971	0	0	0	1	0	2.311011
100	975	0	0	0	2	0	1.805189
101	983	0	0	0	1	0	2.456753
102	991	0	0	0	0	0	2.050787
103	995	0	0	0	1	0	1.242805
104	1000	0	0	0	0	0	1.857003
105	1007	0	0	0	0	0	1.037266
106	1011	0	0	0	1	0	1.232920
107	1016	0	0	0	0	0	2.980660
108	1027	0	0	0	0	0	2.200236
109	1040	0	0	0	0	0	2.321087
110	1050	0	0	0	2	0	2.356652
111	1071	0	0	0	1	0	2.221715
112	1081	0	0	0	2	0	1.917544
113	1091	0	0	0	0	0	1.892281
114	1098	0	0	0	0	0	1.321692
115	1107	0	0	0	2	0	1.149142
116	1116	0	0	0	1	0	1.021111
117	1129	0	0	0	0	0	2.069983
118	1141	0	0	0	1	0	1.762412
119	1147	0	0	0	0	0	1.760326
120	1156	0	0	0	0	0	2.554606
121	1164	0	0	0	2	0	1.350426
122	1177	0	0	0	2	0	2.209996
123	1184	0	0	0	2	0	1.198288
124	1192	0	0	0	0	0	1.781191
125	1199	0	0	0	1	0	2.707560
126	1206	0	0	0	1	0	2.660002
127	1215	0	0	0	1	0	1.667078
128	1225	0	0	0	0	0	2.852298
129	1233	0	0	0	2	0	2.767258
130	1241	0	0	0	2	0	2.722971
131	1249	0	0	0	0	0	1.524624
132	1253	0	0	0	2	0	2.628971
133	1266	0	0	0	1	0	1.086798
134	1275	0	0	0	1	0	1.140911
135	1291	0	0	0	1	0	1.648312
136	1303	0	0	0	2	0	2.646268
137	1312	0	0	0	1	0	2.367698
138	1320	0	0	0	0	0	2.793262
139	1331	0	0	0	0	0	1.123198
140	1339	0	0	0	0	0	2.678590
141	1351	0	0	0	1	0	2.816092
142	1361	0	0	0	2	0	2.757418
143	1376	0	0	0	0	0	1.420111
144	1391	0	0	0	2	0	1.696455
145	1399	0	0	0	1	0	1.908140
146	1410	0	0	0	0	0	2.204309
147	1418	0	0	0	2	0	2.606072
148	1430	0	0	0	1	0	2.183413
149	1437	0	0	0	0	0	1.698744
150	1441	0	0	0	2	0	1.912391
151	1449	0	0	0	1	0	2.378960
152	1458	0	0	0	2	0	1.448877
153	1466	0	0	0	2	0	2.332138
154	1473	0	0	0	1	0	1.227030
155	1487	0	0	0	1	0	2.914745
156	1499	0	0	0	0	0	1.102842
157	1504	0	0	0	0	0	1.451323
158	1514	0	0	0	1	0	2.627266
159	1525	0	0	0	0	0	2.482970
160	1538	0	0	0	2	0	2.785693
161	1552	0	0	0	1	0	1.258404
162	1558	0	0	0	0	0	2.425730
163	1567	0	0	0	0	0	1.916639
164	1578	0	0	0	0	0	1.817931
165	1589	0	0	0	1	0	2.270516
166	1597	0	0	0	0	0	1.922707
167	1606	0	0	0	0	0	2.420771
168	1618	0	0	0	0	0	1.132406
169	1628	0	0	0	1	0	1.850874
170	1639	0	0	0	1	0	2.699373
171	1645	0	0	0	0	0	1.356493
172	1648	0	0	0	1	0	1.638326
173	1658	0	0	0	2	0	1.302291
174	1673	0	0	0	0	0	2.768498
175	1682	0	0	0	2	0	2.733402
176	1691	0	0	0	2	0	2.105144
177	1700	0	0	0	0	0	2.088033
178	1708	0	0	0	2	0	2.288142
179	1721	0	0	0	1	0	1.888883
180	1729	0	0	0	0	0	1.589002
181	1741	0	0	0	2	0	2.300888
182	1752	0	0	0	0	0	1.403503
183	1762	0	0	0	0	0	1.345723
184	1769	0	0	0	1	0	1.459686
185	1776	0	0	0	1	0	1.972422
186	1786	0	0	0	0	0	2.798676
187	1791	0	0	0	2	0	2.041288
188	1802	0	0	0	1	0	2.151583
189	1813	0	0	0	1	0	2.756825
190	1827	0	0	0	0	0	1.339986
191	1834	0	0	0	0	0	1.686758
192	1845	0	0	0	0	0	2.055545
193	1853	0	0	0	0	0	1.872076
194	1861	0	0	0	2	0	2.052992
195	1873	0	0	0	2	0	1.416222
196	1879	0	0	0	1	0	1.232283
197	1888	0	0	0	2	0	2.423882
198	1902	0	0	0	2	0	2.411791
199	1915	0	0	0	1	0	1.328415
200	1927	0	0	0	0	0	2.024628
201	1943	0	0	0	1	0	2.199802
202	1950	0	0	0	0	0	2.210431
203	1961	0	0	0	1	0	2.694842
204	1972	0	0	0	2	0	1.955323
205	1976	0	0	0	2	0	1.760374
206	1989	0	0	0	1	0	1.843396
207	1996	0	0	0	0	0	1.309534
208	2007	0	0	0	1	0	1.246820
209	2020	0	0	0	0	0	2.943396
210	2031	0	0	0	2	0	1.288146
211	2039	0	0	0	0	0	2.870071
212	2048	0	0	0	1	0	2.990059
213	2056	0	0	0	1	0	2.051613
214	2066	0	0	0	0	0	2.400457
215	2081	0	0	0	2	0	2.496276
216	2091	0	0	0	0	0	1.311492
217	2103	0	0	0	1	0	2.644782
218	2111	0	0	0	1	0	1.537434
219	2122	0	0	0	0	0	1.141030
220	2131	0	0	0	2	0	1.212397
221	2144	0	0	0	0	0	2.091520
222	2163	0	0	0	1	0	2.465158
223	2177	0	0	0	0	0	1.388853
224	2185	0	0	0	1	0	1.734684
225	2196	0	0	0	1	0	2.555641
226	2206	0	0	0	0	0	2.267947
227	2214	0	0	0	2	0	1.103883
228	2225	0	0	0	0	0	2.487333
229	2231	0	0	0	0	0	1.830087
230	2240	0	0	0	1	0	1.460561
231	2247	0	0	0	2	0	2.403381
232	2263	0	0	0	1	0	1.858351
233	2278	0	0	0	0	0	1.035901
234	2290	0	0	0	1	0	1.630873
235	2304	0	0	0	1	0	2.598590
236	2318	0	0	0	2	0	2.699427
237	2324	0	0	0	0	0	2.776779
238	2334	0	0	0	0	0	1.140181
239	2342	0	0	0	2	0	2.036452
240	2351	0	0	0	1	0	1.408988
241	2358	0	0	0	2	0	1.545936
242	2365	0	0	0	0	0	2.317367
243	2373	0	0	0	0	0	1.713339
244	2381	0	0	0	0	0	2.785466
245	2393	0	0	0	1	0	2.934205
246	2403	0	0	0	1	0	1.655830
247	2409	0	0	0	0	0	1.261835
248	2424	0	0	0	2	0	1.397001
249	2433	0	0	0	1	0	2.598762
250	2442	0	0	0	0	0	1.008149
251	2455	0	0	0	0	0	2.837559
252	2460	0	0	0	0	0	1.178512
253	2473	0	0	0	2	0	1.496165
254	2479	0	0	0	1	0	2.179373
255	2486	0	0	0	0	0	1.962818
256	2496	0	0	0	0	0	2.402143
257	2507	0	0	0	1	0	2.765293
258	2511	0	0	0	0	0	1.156153
259	2524	0	0	0	1	0	1.062054
260	2537	0	0	0	1	0	1.313085
261	2542	0	0	0	2	0	2.369806
262	2551	0	0	0	0	0	1.635599
263	2563	0	0	0	2	0	1.968815
264	2575	0	0	0	0	0	1.405354
265	2585	0	0	0	1	0	2.576089
266	2595	0	0	0	1	0	1.079610
267	2603	0	0	0	0	0	2.615343
268	2614	0	0	0	0	0	2.960068
269	2621	0	0	0	2	0	2.253966
270	2627	0	0	0	2	0	1.533487
271	2638	0	0	0	0	0	1.207620
272	2648	0	0	0	1	0	1.822302
273	2661	0	0	0	1	0	2.694900
274	2669	0	0	0	1	0	2.538753
275	2677	0	0	0	0	0	1.139328
276	2693	0	0	0	2	0	2.430828
277	2707	0	0	0	1	0	1.069085
278	2714	0	0	0	2	0	1.315932
279	2725	0	0	0	1	0	1.568371
280	2733	0	0	0	1	0	1.425163
281	2746	0	0	0	0	0	2.894458
282	2756	0	0	0	1	0	1.813815
283	2766	0	0	0	2	0	2.361747
284	2783	0	0	0	0	0	1.034418
285	2791	0	0	0	2	0	1.011201
286	2799	0	0	0	0	0	1.254915
287	2819	0	0	0	1	0	1.167702
288	2827	0	0	0	0	0	2.514854
289	2835	0	0	0	1	0	1.452526
290	2844	0	0	0	0	0	2.042771
291	2848	0	0	0	1	0	2.598675
292	2857	0	0	0	0	0	2.490042
293	2867	0	0	0	2	0	2.352473
294	2880	0	0	0	0	0	1.154783
295	2888	0	0	0	0	0	1.302324
296	2901	0	0	0	1	0	2.371187
297	2915	0	0	0	2	0	2.440980
298	2928	0	0	0	1	0	1.127047
299	2944	0	0	0	1	0	2.389456
300	2958	0	0	0	0	0	1.482174
301	2968	0	0	0	2	0	2.938687
302	2977	0	0	0	2	0	2.966615
303	2986	0	0	0	1	0	2.388262
304	2991	0	0	0	2	0	2.898525
305	3000	0	0	0	2	0	2.036160
306	3016	0	0	0	1	0	1.940493
307	3027	0	0	0	0	0	2.042353
308	3032	0	0	0	0	0	2.410824
309	3043	0	0	0	2	0	1.361839
310	3051	0	0	0	0	0	1.463767
311	3060	0	0	0	0	0	1.141772
312	3068	0	0	0	1	0	2.290312
313	3087	0	0	0	0	0	1.723202
314	3099	0	0	0	1	0	2.802189
315	3111	0	0	0	2	0	1.561689
316	3122	0	0	0	1	0	2.012906
317	3127	0	0	0	0	0	2.410754
318	3139	0	0	0	0	0	2.922934
319	3146	0	0	0	0	0	1.064301
320	3156	0	0	0	2	0	1.287381
321	3167	0	0	0	1	0	2.634946
322	3177	0	0	0	2	0	2.705670
323	3187	0	0	0	2	0	2.989596
324	3200	0	0	0	2	0	2.839197
325	3211	0	0	0	0	0	2.409256
326	3224	0	0	0	0	0	2.002097
327	3236	0	0	0	0	0	2.988908
328	3241	0	0	0	2	0	2.810667
329	3258	0	0	0	0	0	1.594422
330	3267	0	0	0	0	0	2.729629
331	3275	0	0	0	1	0	2.698462
332	3284	0	0	0	1	0	1.439608
333	3294	0	0	0	2	0	2.919682
334	3309	0	0	0	2	0	2.526946
335	3318	0	0	0	1	0	2.159925
336	3326	0	0	0	0	0	2.854780
337	3333	0	0	0	0	0	1.552003
338	3340	0	0	0	1	0	1.293948
339	3347	0	0	0	0	0	1.491439
340	3354	0	0	0	1	0	2.506313
341	3367	0	0	0	2	0	2.802339
342	3385	0	0	0	1	0	2.521288
343	3398	0	0	0	1	0	2.953474
344	3410	0	0	0	0	0	2.822098
345	3419	0	0	0	0	0	1.929349
346	3433	0	0	0	2	0	2.836916
347	3445	0	0	0	1	0	2.557707
348	3457	0	0	0	0	0	2.502473
349	3465	0	0	0	1	0	2.594151
350	3473	0	0	0	0	0	2.897039
351	3486	0	0	0	1	0	1.698520
352	3493	0	0	0	0	0	2.633540
353	3500	0	0	0	0	0	1.407770
354	3512	0	0	0	0	0	2.010804
355	3522	0	0	0	1	0	2.281841
356	3526	0	0	0	1	0	1.630136
357	3538	0	0	0	1	0	1.057787
358	3545	0	0	0	1	0	2.553701
359	3560	0	0	0	2	0	1.928545
360	3569	0	0	0	1	0	1.776742
361	3577	0	0	0	0	0	1.827920
362	3583	0	0	0	1	0	1.780542
363	3592	0	0	0	2	0	2.074216
364	3600	0	0	0	1	0	2.628623
365	3608	0	0	0	1	0	2.970710
366	3615	0	0	0	1	0	2.260401
367	3629	0	0	0	0	0	2.352477
368	3638	0	0	0	2	0	1.798941
369	3647	0	0	0	2	0	2.893741
370	3653	0	0	0	2	0	2.128315
371	3662	0	0	0	0	0	1.008976
372	3673	0	0	0	0	0	1.338064
373	3683	0	0	0	2	0	2.636866
374	3693	0	0	0	0	0	2.858857
375	3697	0	0	0	2	0	1.826134
376	3710	0	0	0	1	0	2.468047
377	3719	0	0	0	2	0	2.621511
378	3729	0	0	0	1	0	1.844234
379	3743	0	0	0	0	0	1.638688
380	3750	0	0	0	0	0	1.599024
381	3759	0	0	0	0	0	1.622282
382	3770	0	0	0	1	0	2.406982
383	3783	0	0	0	0	0	1.586663
384	3798	0	0	0	1	0	1.569097
385	3805	0	0	0	0	0	1.365086
386	3814	0	0	0	2	0	2.256472
387	3826	0	0	0	1	0	2.873392
388	3833	0	0	0	1	0	1.273631
389	3843	0	0	0	0	0	1.010892
390	3854	0	0	0	0	0	1.013719
391	3859	0	0	0	0	0	2.058855
392	3873	0	0	0	1	0	2.974219
393	3882	0	0	0	1	0	2.540355
394	3896	0	0	0	1	0	1.831477
395	3906	0	0	0	2	0	2.476210
396	3917	0	0	0	0	0	2.445264
397	3926	0	0	0	0	0	2.999040
398	3934	0	0	0	0	0	1.490014
399	3942	0	0	0	1	0	2.717129
400	3958	0	0	0	2	0	2.574125
401	3968	0	0	0	0	0	2.189316
402	3974	0	0	0	1	0	1.571679
403	3988	0	0	0	0	0	1.059277
404	4004	0	0	0	0	0	2.288977
405	4013	0	0	0	0	0	1.119635
406	4016	0	0	0	2	0	2.377387
407	4030	0	0	0	1	0	1.530279
408	4039	0	0	0	0	0	2.199823
409	4048	0	0	0	0	0	1.230251
410	4064	0	0	0	0	0	1.260252
411	4072	0	0	0	1	0	2.888849
412	4081	0	0	0	0	0	2.738327
413	4092	0	0	0	2	0	2.215664
414	4108	0	0	0	1	0	1.907526
415	4118	0	0	0	0	0	2.383009
416	4128	0	0	0	0	0	2.007199
417	4137	0	0	0	0	0	2.036568
418	4152	0	0	0	1	0	2.344508
419	4164	0	0	0	0	0	1.204650
420	4178	0	0	0	1	0	2.627887
421	4191	0	0	0	2	0	2.627938
422	4200	0	0	0	2	0	2.263657
423	4206	0	0	0	1	0	1.509263
424	4212	0	0	0	2	0	1.905112
425	4225	0	0	0	1	0	2.282681
426	4237	0	0	0	1	0	2.118180
427	4251	0	0	0	1	0	2.856873
428	4264	0	0	0	1	0	2.497800
429	4272	0	0	0	1	0	1.530975
430	4277	0	0	0	2	0	1.673527
431	4281	0	0	0	1	0	2.499581
432	4289	0	0	0	2	0	1.198452
433	4297	0	0	0	0	0	2.341819
434	4309	0	0	0	1	0	1.988960
435	4315	0	0	0	1	0	1.428850
436	4326	0	0	0	2	0	2.781125
437	4341	0	0	0	0	0	1.423172
438	4351	0	0	0	1	0	1.885272
439	4357	0	0	0	0	0	1.367246
440	4371	0	0	0	0	0	2.099345
441	4380	0	0	0	0	0	2.341821
442	4384	0	0	0	2	0	1.983523
443	4399	0	0	0	1	0	2.762777
444	4409	0	0	0	1	0	1.895248
445	4415	0	0	0	0	0	2.288462
446	4423	0	0	0	0	0	1.325429
447	4435	0	0	0	0	0	2.013346
448	4447	0	0	0	2	0	1.388782
449	4455	0	0	0	0	0	2.796243
450	4465	0	0	0	0	0	2.440382
451	4476	0	0	0	1	0	1.949083
452	4482	0	0	0	1	0	2.950286
453	4491	0	0	0	0	0	2.707647
454	4497	0	0	0	1	0	1.730428
455	4505	0	0	0	2	0	2.923743
456	4514	0	0	0	0	0	1.570272
457	4524	0	0	0	1	0	2.788194
458	4535	0	0	0	0	0	2.434383
459	4543	0	0	0	2	0	2.006639
460	4554	0	0	0	0	0	2.035936
461	4561	0	0	0	1	0	1.195801
462	4575	0	0	0	1	0	2.985816
463	4577	0	0	0	2	0	1.604431
464	4590	0	0	0	1	0	2.393466
465	4600	0	0	0	2	0	2.341881
466	4608	0	0	0	0	0	1.878526
467	4620	0	0	0	2	0	2.784524
468	4625	0	0	0	0	0	1.483048
469	4642	0	0	0	1	0	2.859371
470	4651	0	0	0	1	0	1.280739
471	4658	0	0	0	2	0	1.846496
472	4672	0	0	0	1	0	1.898465
473	4689	0	0	0	1	0	2.420166
474	4692	0	0	0	2	0	1.174378
475	4701	0	0	0	0	0	1.056348
476	4710	0	0	0	2	0	1.354538
477	4720	0	0	0	1	0	2.394378
478	4731	0	0	0	2	0	1.189213
479	4741	0	0	0	1	0	2.127825
480	4751	0	0	0	2	0	1.006457
481	4760	0	0	0	0	0	1.265490
482	4767	0	0	0	1	0	1.854009
483	4776	0	0	0	1	0	2.722300
484	4786	0	0	0	2	0	1.578009
485	4795	0	0	0	0	0	1.151565
486	4813	0	0	0	0	0	1.366710
487	4820	0	0	0	2	0	2.793717
488	4825	0	0	0	0	0	1.220779
489	4828	0	0	0	1	0	2.082279
490	4835	0	0	0	1	0	2.384857
491	4848	0	0	0	2	0	1.164448
492	4864	0	0	0	1	0	2.616854
493	4871	0	0	0	0	0	2.727890
494	4881	0	0	0	1	0	2.101988
495	4889	0	0	0	1	0	2.132614
496	4903	0	0	0	0	0	2.161649
497	4919	0	0	0	1	0	1.067619
498	4927	0	0	0	0	0	2.635048
499	4941	0	0	0	1	0	1.346984
500	4949	0	0	0	1	0	1.062798
501	4954	0	0	0	1	0	2.063229
502	4966	0	0	0	0	0	1.194773
503	4980	0	0	0	1	0	1.355896
504	4995	0	0	0	1	0	1.966763
505	5006	0	0	0	0	0	1.201753
506	5020	0	0	0	2	0	1.117215
507	5032	0	0	0	0	0	2.067685
508	5040	0	0	0	0	0	1.447543
509	5049	0	0	0	1	0	1.446002
510	5061	0	0	0	0	0	1.190886
511	5072	0	0	0	1	0	2.688652
512	5083	0	0	0	0	0	2.204790
513	5090	0	0	0	0	0	2.593310
514	5100	0	0	0	0	0	1.576512
515	5109	0	0	0	0	0	1.732405
516	5117	0	0	0	2	0	1.212553
517	5131	0	0	0	1	0	2.383666
518	5143	0	0	0	0	0	1.039461
519	5154	0	0	0	0	0	1.400716
520	5167	0	0	0	1	0	2.549711
521	5191	0	0	0	1	0	1.871302
522	5203	0	0	0	1	0	1.529937
523	5213	0	0	0	1	0	1.142469
524	5223	0	0	0	0	0	2.436790
525	5239	0	0	0	2	0	2.514885
526	5245	0	0	0	0	0	2.509370
527	5258	0	0	0	2	0	1.581892
528	5266	0	0	0	2	0	1.800072
529	5285	0	0	0	1	0	2.798956
530	5292	0	0	0	0	0	2.925530
531	5298	0	0	0	0	0	2.242591
532	5307	0	0	0	1	0	1.813367
533	5317	0	0	0	0	0	1.832632
534	5327	0	0	0	2	0	2.656282
535	5338	0	0	0	1	0	1.251079
536	5343	0	0	0	1	0	1.818777
537	5349	0	0	0	2	0	2.476591
538	5361	0	0	0	2	0	2.292205
539	5377	0	0	0	2	0	1.713162
540	5386	0	0	0	0	0	1.185466
541	5394	0	0	0	1	0	2.900001
542	5401	0	0	0	0	0	2.545419
543	5414	0	0	0	2	0	1.326510
544	5424	0	0	0	0	0	2.836585
545	5434	0	0	0	2	0	1.652156
546	5444	0	0	0	2	0	2.505629
547	5453	0	0	0	2	0	1.609557
548	5466	0	0	0	2	0	2.347605
549	5481	0	0	0	0	0	2.759237
550	5491	0	0	0	1	0	1.245167
551	5504	0	0	0	1	0	1.355106
552	5515	0	0	0	0	0	1.960358
553	5525	0	0	0	2	0	1.590857
554	5532	0	0	0	2	0	2.389073
555	5541	0	0	0	2	0	1.791797
556	5551	0	0	0	0	0	1.313914
557	5563	0	0	0	0	0	2.464792
558	5576	0	0	0	1	0	1.826326
559	5588	0	0	0	2	0	2.198585
560	5605	0	0	0	1	0	1.380527
561	5615	0	0	0	1	0	1.297681
562	5619	0	0	0	0	0	1.192637
563	5630	0	0	0	0	0	1.878765
564	5636	0	0	0	1	0	2.188695
565	5647	0	0	0	2	0	1.778709
566	5659	0	0	0	2	0	2.899888
567	5678	0	0	0	2	0	2.371008
568	5691	0	0	0	0	0	1.668659
569	5708	0	0	0	1	0	2.085048
570	5719	0	0	0	1	0	2.333336
571	5733	0	0	0	1	0	2.598989
572	5746	0	0	0	0	0	2.782008
573	5752	0	0	0	1	0	2.427810
574	5757	0	0	0	1	0	1.862907
575	5771	0	0	0	2	0	2.923883
576	5779	0	0	0	0	0	2.262893
577	5789	0	0	0	1	0	1.385568
578	5799	0	0	0	2	0	2.901463
579	5805	0	0	0	1	0	2.158185
580	5819	0	0	0	2	0	2.914969
581	5829	0	0	0	0	0	1.416982
582	5836	0	0	0	2	0	2.019331
583	5842	0	0	0	0	0	1.682373
584	5851	0	0	0	2	0	2.996965
585	5858	0	0	0	1	0	1.352180
586	5861	0	0	0	0	0	1.539815
587	5870	0	0	0	2	0	1.873785
588	5882	0	0	0	1	0	1.818880
589	5890	0	0	0	1	0	2.201426
590	5899	0	0	0	0	0	2.220010
591	5910	0	0	0	1	0	2.255156
592	5918	0	0	0	0	0	2.604546
593	5926	0	0	0	1	0	1.460818
594	5932	0	0	0	2	0	1.702735
595	5938	0	0	0	1	0	2.518993
596	5946	0	0	0	2	0	2.688300
597	5953	0	0	0	2	0	2.110545
598	5957	0	0	0	2	0	2.156734
599	5969	0	0	0	2	0	1.495528
600	5984	0	0	0	2	0	1.211974
601	5996	0	0	0	0	0	2.639408
602	6002	0	0	0	1	0	1.376820
603	6013	0	0	0	2	0	1.206217
604	6021	0	0	0	1	0	1.555410
605	6030	0	0	0	2	0	1.287305
606	6041	0	0	0	0	0	2.325786
607	6048	0	0	0	0	0	1.933745
608	6059	0	0	0	0	0	2.496751
609	6071	0	0	0	0	0	1.916266
610	6083	0	0	0	0	0	1.350476
611	6094	0	0	0	1	0	2.714350
612	6100	0	0	0	2	0	2.424869
613	6108	0	0	0	2	0	1.501364
614	6114	0	0	0	1	0	2.626208
615	6125	0	0	0	0	0	1.796367
616	6133	0	0	0	2	0	1.364020
617	6143	0	0	0	0	0	1.868983
618	6151	0	0	0	1	0	2.185040
619	6164	0	0	0	0	0	1.131071
620	6174	0	0	0	0	0	1.908502
621	6183	0	0	0	2	0	1.737344
622	6192	0	0	0	2	0	1.872752
623	6203	0	0	0	1	0	1.919272
624	6212	0	0	0	1	0	2.337723
625	6221	0	0	0	0	0	1.830839
626	6228	0	0	0	0	0	1.917614
627	6233	0	0	0	0	0	2.286348
628	6244	0	0	0	1	0	2.047584
629	6252	0	0	0	0	0	2.358059
630	6267	0	0	0	0	0	1.713299
631	6271	0	0	0	1	0	2.325279
632	6284	0	0	0	0	0	1.833406
633	6298	0	0	0	0	0	2.614500
634	6312	0	0	0	0	0	2.874780
635	6319	0	0	0	0	0	1.169654
636	6332	0	0	0	0	0	1.786427
637	6341	0	0	0	0	0	2.050887
638	6349	0	0	0	1	0	2.896777
639	6362	0	0	0	0	0	1.820848
640	6368	0	0	0	0	0	1.739367
641	6380	0	0	0	0	0	1.002810
642	6388	0	0	0	1	0	1.325526
643	6393	0	0	0	0	0	2.132385
644	6402	0	0	0	0	0	1.924750
645	6417	0	0	0	0	0	2.328828
646	6429	0	0	0	0	0	2.140988
647	6435	0	0	0	2	0	1.725249
648	6442	0	0	0	1	0	1.950593
649	6456	0	0	0	2	0	2.002060
650	6461	0	0	0	1	0	2.010722
651	6476	0	0	0	1	0	2.885080
652	6488	0	0	0	1	0	1.362478
653	6502	0	0	0	1	0	2.315668
654	6509	0	0	0	0	0	2.663922
655	6514	0	0	0	2	0	1.744963
656	6523	0	0	0	0	0	2.389631
657	6531	0	0	0	2	0	1.515539
658	6543	0	0	0	2	0	2.409035
659	6551	0	0	0	1	0	2.117703
660	6568	0	0	0	0	0	1.999603
661	6582	0	0	0	1	0	2.768033
662	6597	0	0	0	2	0	1.748272
663	6602	0	0	0	1	0	1.773726
664	6613	0	0	0	1	0	2.458895
665	6622	0	0	0	1	0	1.678559
666	6629	0	0	0	1	0	1.602370
667	6634	0	0	0	1	0	1.016758
668	6649	0	0	0	0	0	2.972607
669	6665	0	0	0	0	0	1.366695
670	6676	0	0	0	2	0	1.019869
671	6683	0	0	0	2	0	2.671497
672	6693	0	0	0	0	0	2.324389
673	6703	0	0	0	2	0	2.304070
674	6715	0	0	0	0	0	1.742926
675	6728	0	0	0	0	0	1.565707
676	6744	0	0	0	2	0	1.101240
677	6753	0	0	0	0	0	1.490513
678	6756	0	0	0	2	0	1.458776
679	6770	0	0	0	2	0	1.956620
680	6777	0	0	0	0	0	1.986107
681	6785	0	0	0	1	0	2.557957
682	6793	0	0	0	2	0	1.557251
683	6803	0	0	0	0	0	1.346467
684	6813	0	0	0	0	0	1.241272
685	6817	0	0	0	2	0	2.905591
686	6826	0	0	0	1	0	1.084384
687	6838	0	0	0	2	0	1.167285
688	6849	0	0	0	0	0	1.669831
689	6854	0	0	0	0	0	2.001056
690	6866	0	0	0	0	0	1.278666
691	6880	0	0	0	1	0	2.502261
692	6894	0	0	0	1	0	1.439876
693	6905	0	0	0	2	0	2.839784
694	6914	0	0	0	1	0	1.475709
695	6930	0	0	0	0	0	2.806547
696	6937	0	0	0	2	0	1.510857
697	6946	0	0	0	0	0	2.191010
698	6953	0	0	0	0	0	2.863762
699	6964	0	0	0	1	0	1.501721
700	6976	0	0	0	1	0	2.471582
701	6986	0	0	0	2	0	1.793213
702	6998	0	0	0	0	0	1.138113
703	7015	0	0	0	2	0	1.830669
704	7026	0	0	0	0	0	1.174952
705	7035	0	0	0	0	0	1.913888
706	7043	0	0	0	2	0	2.613184
707	7058	0	0	0	0	0	1.374079
708	7077	0	0	0	2	0	2.687087
709	7087	0	0	0	2	0	1.010983
710	7097	0	0	0	0	0	1.302389
711	7105	0	0	0	0	0	2.547410
712	7118	0	0	0	0	0	2.304004
713	7122	0	0	0	0	0	1.129423
714	7144	0	0	0	0	0	1.370132
715	7150	0	0	0	0	0	1.267405
716	7164	0	0	0	2	0	2.726832
717	7178	0	0	0	2	0	1.832798
718	7188	0	0	0	2	0	2.752587
719	7194	0	0	0	2	0	2.156030
720	7206	0	0	0	0	0	1.044184
721	7220	0	0	0	1	0	1.695714
722	7229	0	0	0	0	0	1.612882
723	7243	0	0	0	1	0	1.235563
724	7255	0	0	0	1	0	2.403543
725	7264	0	0	0	1	0	1.592529
726	7274	0	0	0	0	0	2.609068
727	7280	0	0	0	0	0	1.964019
728	7294	0	0	0	1	0	2.848390
729	7302	0	0	0	2	0	1.125944
730	7316	0	0	0	2	0	1.298401
731	7322	0	0	0	0	0	2.837344
732	7329	0	0	0	0	0	2.535985
733	7333	0	0	0	1	0	2.532439
734	7344	0	0	0	0	0	1.657372
735	7352	0	0	0	2	0	2.085737
736	7362	0	0	0	1	0	2.731423
737	7373	0	0	0	2	0	1.207614
738	7381	0	0	0	2	0	1.888388
739	7392	0	0	0	0	0	2.460833
740	7403	0	0	0	1	0	2.935933
741	7412	0	0	0	0	0	1.616076
742	7424	0	0	0	0	0	2.048672
743	7440	0	0	0	0	0	1.537725
744	7453	0	0	0	2	0	2.212658
745	7460	0	0	0	1	0	2.443602
746	7470	0	0	0	0	0	2.497963
747	7483	0	0	0	0	0	2.102573
748	7497	0	0	0	0	0	2.090229
749	7505	0	0	0	1	0	2.213519
750	7515	0	0	0	2	0	1.628471
751	7526	0	0	0	0	0	2.379272
752	7536	0	0	0	0	0	1.161633
753	7547	0	0	0	2	0	2.588437
754	7554	0	0	0	2	0	2.895247
755	7563	0	0	0	0	0	1.485606
756	7576	0	0	0	1	0	2.952043
757	7583	0	0	0	2	0	2.903626
758	7590	0	0	0	1	0	2.304374
759	7595	0	0	0	1	0	1.002676
760	7606	0	0	0	1	0	1.124476
761	7623	0	0	0	1	0	2.968176
762	7630	0	0	0	0	0	2.371119
763	7645	0	0	0	2	0	2.869291
764	7655	0	0	0	0	0	1.995129
765	7665	0	0	0	2	0	2.406007
766	7682	0	0	0	2	0	1.187662
767	7696	0	0	0	1	0	2.071516
768	7705	0	0	0	1	0	1.265184
769	7715	0	0	0	1	0	1.657054
770	7725	0	0	0	1	0	2.707959
771	7731	0	0	0	1	0	2.353832
772	7742	0	0	0	1	0	1.210750
773	7756	0	0	0	2	0	2.327384
774	7771	0	0	0	0	0	2.241460
775	7783	0	0	0	1	0	2.165634
776	7796	0	0	0	2	0	1.543510
777	7814	0	0	0	1	0	1.873051
778	7826	0	0	0	1	0	2.256828
779	7836	0	0	0	2	0	1.785072
780	7848	0	0	0	1	0	1.671300
781	7853	0	0	0	2	0	2.543984
782	7862	0	0	0	0	0	1.782396
783	7872	0	0	0	1	0	1.548169
784	7881	0	0	0	2	0	1.429740
785	7896	0	0	0	0	0	1.322355
786	7910	0	0	0	2	0	1.711621
787	7923	0	0	0	1	0	2.549581
788	7932	0	0	0	0	0	1.739862
789	7939	0	0	0	1	0	2.586836
790	7946	0	0	0	0	0	1.093180
791	7952	0	0	0	1	0	1.383370
792	7959	0	0	0	1	0	1.425581
793	7972	0	0	0	0	0	2.590932
794	7989	0	0	0	2	0	2.748715
795	8001	0	0	0	1	0	2.894058
796	8006	0	0	0	1	0	2.432969
797	8021	0	0	0	1	0	1.553109
798	8028	0	0	0	1	0	1.325995
799	8040	0	0	0	1	0	2.016809
800	8053	0	0	0	2	0	2.282607
801	8061	0	0	0	0	0	1.831346
802	8072	0	0	0	0	0	2.016859
803	8084	0	0	0	0	0	1.049897
804	8093	0	0	0	0	0	2.257843
805	8104	0	0	0	1	0	2.882158
806	8110	0	0	0	2	0	2.088475
807	8118	0	0	0	2	0	2.420306
808	8126	0	0	0	2	0	2.750700
809	8129	0	0	0	0	0	2.336486
810	8141	0	0	0	0	0	1.962735
811	8152	0	0	0	0	0	2.300747
812	8162	0	0	0	0	0	2.894506
813	8174	0	0	0	0	0	2.526409
814	8181	0	0	0	2	0	1.744624
815	8193	0	0	0	0	0	2.978891
816	8199	0	0	0	1	0	2.551566
817	8213	0	0	0	2	0	1.174268
818	8226	0	0	0	2	0	2.396580
819	8235	0	0	0	1	0	2.958363
820	8238	0	0	0	0	0	2.446454
821	8247	0	0	0	2	0	2.954033
822	8260	0	0	0	2	0	2.864469
823	8270	0	0	0	0	0	2.603344
824	8277	0	0	0	0	0	1.761588
825	8292	0	0	0	2	0	2.087917
826	8300	0	0	0	0	0	1.476389
827	8313	0	0	0	2	0	1.359973
828	8328	0	0	0	1	0	2.291778
829	8341	0	0	0	1	0	2.597799
830	8353	0	0	0	2	0	1.294845
831	8364	0	0	0	1	0	1.665523
832	8374	0	0	0	2	0	2.541179
833	8391	0	0	0	0	0	2.938672
834	8397	0	0	0	0	0	2.907898
835	8404	0	0	0	1	0	1.706701
836	8409	0	0	0	0	0	1.217239
837	8419	0	0	0	0	0	2.527987
838	8428	0	0	0	0	0	1.059251
839	8438	0	0	0	0	0	2.561731
840	8452	0	0	0	1	0	2.371914
841	8461	0	0	0	0	0	1.452534
842	8473	0	0	0	0	0	1.104338
843	8477	0	0	0	2	0	1.221834
844	8485	0	0	0	0	0	1.331429
845	8497	0	0	0	0	0	2.177748
846	8513	0	0	0	2	0	1.739682
847	8524	0	0	0	1	0	1.568797
848	8532	0	0	0	0	0	1.839362
849	8542	0	0	0	2	0	1.947957
850	8554	0	0	0	1	0	1.852945
851	8569	0	0	0	2	0	1.000780
852	8580	0	0	0	1	0	1.345495
853	8593	0	0	0	2	0	2.751560
854	8599	0	0	0	1	0	2.822318
855	8607	0	0	0	2	0	2.319358
856	8614	0	0	0	0	0	2.330597
857	8629	0	0	0	0	0	1.332423
858	8644	0	0	0	0	0	1.684811
859	8656	0	0	0	0	0	2.679537
860	8669	0	0	0	1	0	1.914403
861	8679	0	0	0	0	0	1.684252
862	8692	0	0	0	0	0	2.654608
863	8699	0	0	0	1	0	2.366650
864	8710	0	0	0	0	0	2.759050
865	8725	0	0	0	0	0	1.739706
866	8736	0	0	0	1	0	2.015317
867	8748	0	0	0	0	0	1.803124
868	8761	0	0	0	0	0	2.631112
869	8770	0	0	0	1	0	2.558533
870	8784	0	0	0	1	0	1.147117
871	8798	0	0	0	2	0	1.768780
872	8812	0	0	0	0	0	2.876055
873	8817	0	0	0	2	0	2.573280
874	8831	0	0	0	2	0	1.082290
875	8837	0	0	0	2	0	2.734512
876	8843	0	0	0	2	0	2.707696
877	8849	0	0	0	1	0	1.741521
878	8857	0	0	0	0	0	2.404786
879	8862	0	0	0	0	0	1.536853
880	8867	0	0	0	2	0	2.085679
881	8882	0	0	0	1	0	2.904209
882	8891	0	0	0	0	0	1.993221
883	8901	0	0	0	2	0	1.698212
884	8914	0	0	0	0	0	1.770740
885	8925	0	0	0	0	0	2.033123
886	8930	0	0	0	1	0	1.804721
887	8936	0	0	0	0	0	2.416129
888	8948	0	0	0	0	0	2.199771
889	8958	0	0	0	0	0	1.840457
890	8968	0	0	0	0	0	1.017724
891	8977	0	0	0	2	0	2.645976
892	8991	0	0	0	1	0	1.409465
893	9000	0	0	0	1	0	2.962797
894	9012	0	0	0	2	0	2.672624
895	9022	0	0	0	0	0	2.297996
896	9035	0	0	0	0	0	2.578618
897	9050	0	0	0	1	0	2.529808
898	9064	0	0	0	0	0	2.954690
899	9076	0	0	0	2	0	1.484375
900	9088	0	0	0	1	0	1.677398
901	9093	0	0	0	0	0	1.680874
902	9098	0	0	0	1	0	2.263584
903	9106	0	0	0	2	0	1.301584
904	9117	0	0	0	0	0	2.368153
905	9129	0	0	0	1	0	1.545582
906	9138	0	0	0	0	0	2.568383
907	9145	0	0	0	1	0	1.144252
908	9155	0	0	0	0	0	2.014710
909	9164	0	0	0	0	0	2.584542
910	9174	0	0	0	1	0	1.390602
911	9186	0	0	0	2	0	1.518570
912	9189	0	0	0	2	0	2.872655
913	9196	0	0	0	0	0	2.446078
914	9207	0	0	0	1	0	2.937050
915	9219	0	0	0	0	0	1.116312
916	9232	0	0	0	2	0	2.016987
917	9240	0	0	0	1	0	2.443795
918	9247	0	0	0	0	0	1.812867
919	9254	0	0	0	1	0	1.323972
920	9262	0	0	0	0	0	1.817568
921	9270	0	0	0	1	0	1.311379
922	9285	0	0	0	0	0	1.451382
923	9293	0	0	0	0	0	2.647040
924	9303	0	0	0	1	0	2.861152
925	9312	0	0	0	2	0	1.766342
926	9319	0	0	0	1	0	2.660605
927	9325	0	0	0	2	0	1.122558
928	9331	0	0	0	1	0	2.682011
929	9338	0	0	0	0	0	1.293653
930	9344	0	0	0	1	0	1.441858
931	9353	0	0	0	2	0	1.804026
932	9365	0	0	0	1	0	1.061029
933	9371	0	0	0	2	0	2.476451
934	9378	0	0	0	2	0	2.351878
935	9392	0	0	0	0	0	2.055461
936	9398	0	0	0	1	0	2.132784
937	9414	0	0	0	2	0	2.152229
938	9422	0	0	0	2	0	2.258050
939	9428	0	0	0	0	0	1.464955
940	9437	0	0	0	0	0	1.357486
941	9442	0	0	0	2	0	2.326246
942	9450	0	0	0	2	0	2.889805
943	9462	0	0	0	2	0	2.920818
944	9477	0	0	0	1	0	1.865364
945	9487	0	0	0	0	0	1.660491
946	9496	0	0	0	1	0	2.422514
947	9504	0	0	0	1	0	1.168419
948	9512	0	0	0	0	0	1.342000
949	9526	0	0	0	2	0	1.756126
950	9541	0	0	0	0	0	2.734769
951	9548	0	0	0	0	0	1.095498
952	9556	0	0	0	1	0	1.149690
953	9573	0	0	0	2	0	1.348729
954	9583	0	0	0	1	0	1.339655
955	9592	0	0	0	0	0	2.983620
956	9609	0	0	0	1	0	1.046965
957	9619	0	0	0	1	0	1.190296
958	9629	0	0	0	0	0	1.536171
959	9637	0	0	0	1	0	1.766601
960	9647	0	0	0	2	0	2.175239
961	9656	0	0	0	2	0	1.203942
962	9672	0	0	0	1	0	1.656737
963	9684	0	0	0	2	0	1.594652
964	9698	0	0	0	0	0	2.494138
965	9708	0	0	0	1	0	1.707073
966	9717	0	0	0	1	0	2.288918
967	9724	0	0	0	2	0	1.372456
968	9734	0	0	0	1	0	2.109917
969	9740	0	0	0	1	0	1.759350
970	9749	0	0	0	0	0	2.785710
971	9759	0	0	0	0	0	1.546485
972	9768	0	0	0	0	0	1.367919
973	9774	0	0	0	1	0	2.139820
974	9783	0	0	0	1	0	1.783004
975	9795	0	0	0	2	0	1.162837
976	9809	0	0	0	0	0	2.939808
977	9820	0	0	0	1	0	2.536434
978	9826	0	0	0	0	0	2.121131
979	9833	0	0	0	1	0	2.035900
980	9840	0	0	0	0	0	1.036868
981	9851	0	0	0	0	0	2.858805
982	9867	0	0	0	0	0	1.597207
983	9883	0	0	0	1	0	1.401765
984	9894	0	0	0	2	0	2.621208
985	9902	0	0	0	0	0	1.595191
986	9912	0	0	0	2	0	2.307335
987	9929	0	0	0	1	0	2.804603
988	9933	0	0	0	2	0	1.277294
989	9945	0	0	0	0	0	2.261578
990	9951	0	0	0	1	0	2.524057
991	9958	0	0	0	1	0	1.239969
992	9970	0	0	0	0	0	2.613256
993	9982	0	0	0	1	0	1.300655
994	9992	0	0	0	1	0	1.896818
995	10008	0	0	0	2	0	1.895884
996	10019	0	0	0	0	0	2.004926
997	10037	0	0	0	1	0	1.512862
998	10045	0	0	0	0	0	2.792147
999	10055	0	0	0	1	0	2.952699
