#service 0
0 5
0 1000000
1 100.000000
2 52.500000
3 36.666667
4 28.750000
5 24.000000
#service 1
1 12
0 1000000
5 240.000000
6 208.333333
7 185.714286
8 168.750000
9 155.555556
10 145.000000
11 136.363636
12 129.166667
13 123.076923
14 117.857143
15 113.333333
16 109.375000
#service 2
2 16
0 1000000
15 566.666667
16 546.875000
17 529.411765
18 513.888889
19 500.000000
20 487.500000
21 476.190476
22 465.909091
23 456.521739
24 447.916667
25 440.000000
26 432.692308
27 425.925926
28 419.642857
29 413.793103
30 408.333333
